 0
0 3.08816258227241
1 2.5406971707993513
2 3.0250345258886187
3 3.067010877109237
4 3.117326964610834
5 1.4729414822680178
6 1.124768622844857
7 0.7051576316628895
8 0.9644592753284532
9 1.2327285859470072
10 0.934637654054015
11 1.2327305998067613
12 0.8309355247206097
13 0.8743393327364305
14 0.9489407859072166
15 0.8895874827777119
16 0.5151242463903782
17 0.2070586712426731
18 0.10181040298463573
19 0.01185599691264983
20 0.07454380410008744
21 0.02091843161775753
22 0.051604006564312604
23 0.13496966383333636
24 0.2508402138460228
25 0.09563112074115249
26 0.2261127228407056
27 0.3318496259824246
28 2.390557991362349
29 4.342167319443736
30 3.660437060060901
31 4.032190099213659
32 3.954141038387758
33 5.01369252088525
34 4.692087741504515
35 4.022199255795145
36 4.170458517523334
37 5.26561345446162
38 4.949244614094108
39 5.022266735821937
40 3.8514149770086155
41 3.0106651673303944
42 2.9916622135734476
43 2.4046010742066506
44 2.6763341876473445
45 2.403534791089465
46 3.16513648963653
47 3.445652028384785
48 2.09077452235143
49 1.1525986018582954
50 1.9345247666399126
51 1.8905322255321906
52 1.5416402525236976
53 1.3673427303963637
54 2.001374612328095
55 1.4316107971190284
56 1.4807794213664087
57 2.7620447693124452
58 2.763034122889569
59 2.8122031212175136
60 2.3140953464834646
61 2.8282031573909325
62 3.0053616092210684
63 3.0611462012841906
64 2.5631286858301294
65 1.85385540361769
66 2.139619818746195
67 2.4750504312030412
68 2.1679261950431146
69 1.002573081166963
70 0.8424817376463302
71 0.8138989790966322
72 0.7263630816160556
73 0.668207810729208
74 0.19993784986070456
75 0.14054917581890486
76 0.36426459164050135
77 0.5464165607459333
78 0.8133746725029051
79 0.8614161429086948
80 0.3254339727777959
81 0.2402756035087336
82 0.20358631428733742
83 0.01289222736856343
84 0.020721287645314355
85 0.0044221358059893115
86 0.13781588024810143
87 0.23717471163761786
88 0.23179037663439375
89 0.3514261700995461
90 0.7286382468844773
91 1.2882849846429052
92 3.0185624154603525
93 4.57141569902082
94 4.768233961727773
95 5.723020923526558
96 6.8276593361524975
97 6.851544551811117
98 6.124063927752752
99 5.47652333870682
100 6.885948677969134
101 7.13657344722929
102 6.1871591280989815
103 6.249815647479045
104 4.2249895223372675
105 2.9065434684923934
106 2.422019124153598
107 2.4158853864910212
108 2.2319031385747397
109 1.6994510705474803
110 2.0782345124347112
111 2.5262720735548077
112 1.8689397428329906
113 1.053237343356999
114 1.2809854612525455
115 1.6022588387155174
116 1.4146343739083052
117 1.8102118094321864
118 2.6566098492340102
119 2.0912545308355326
120 2.362079478434827
121 3.165046188144127
122 2.5666374826338885
123 2.2767997499921524
124 2.2742779144989314
125 2.8339108601406835
126 2.130803658414796
127 3.0603698305980496
128 2.2457851789119565
129 1.4306106324989147
130 1.9542730628832805
131 1.2888991963207728
132 1.7107271442635303
133 0.6337016598938238
134 0.2566666680191419
135 0.05715690071208512
136 0.31016987635968274
137 0.6619796275205616
138 0.19496704055462538
139 0.16199453191965282
140 0.13022305102888498
141 0.15640522037645188
142 0.07757033853236575
143 0.1772508338949493
144 0.047526801927622014
145 0.13557637469165656
146 0.20969765124187922
147 0.00762022386328652
148 0.00013537001446228272
149 0.06223125505406688
150 0.2850226948798725
151 0.8118579025179888
152 0.9976261280524558
153 1.0610602673692557
154 1.1622183136369801
155 1.8015003757946784
156 3.2175366460501795
157 4.630298603554566
158 6.815051081809567
159 9.714996762463054
160 12.908011809781533
161 12.705713298661234
162 10.177579010525264
163 9.955534062314959
164 10.893758092913165
165 8.9748873520625
166 7.531332856134733
167 6.55566946044782
168 3.962826777524981
169 2.80825013443835
170 2.300641277695726
171 2.2075790015162693
172 1.8214488488269138
173 1.2277232839910515
174 1.234478309909223
175 1.8229655567754777
176 1.4146148098710518
177 0.939797265433343
178 1.5628977289746624
179 1.7155329290265007
180 1.4274559561555684
181 1.4337976862519914
182 1.8300717157791213
183 2.3226562770718253
184 2.661557154914488
185 2.991993301138459
186 2.2760501872937486
187 1.4458216642736605
188 1.5197251313024938
189 1.79949237029786
190 2.6162974351589483
191 2.9717704083771648
192 1.5440022952275614
193 0.7561996221408687
194 1.298541237267914
195 0.6994475580020694
196 0.7422549590965699
197 1.4059985784472369
198 0.6782973020516011
199 0.49079995387356384
200 0.7266194115323529
201 0.8412312980926515
202 0.465443461364015
203 0.9499015676618243
204 0.9889631466645749
205 0.7434446537761782
206 0.21123570381957532
207 0.07145712519322675
208 0.08057651682848256
209 0.4554594448279707
210 0.1157071171312683
211 0.0944726533827767
212 0.09677257992524135
213 0.537911450816021
214 1.6425402964176046
215 1.5915798378418924
216 1.3528853391395472
217 1.1095433675853257
218 1.638262242436118
219 1.9256880990240135
220 2.9702542621670736
221 4.802902132945756
222 7.834629318972349
223 12.11711937580171
224 14.610091415647535
225 10.715889557948426
226 8.494406388174795
227 8.920828616599803
228 7.73684612632792
229 8.037121764280753
230 7.784708462218221
231 6.444668653826478
232 4.623053019968029
233 4.156112911987967
234 3.8476667689412993
235 3.678024910631626
236 2.691439708507224
237 1.395730152775491
238 1.600150978106174
239 1.9681092254530468
240 1.1512866531629258
241 0.4937671038644399
242 0.6114467264101335
243 0.8336756798902518
244 0.6084177907855008
245 0.5761744732596388
246 1.096701232098481
247 1.6837507390635265
248 2.7556500558891015
249 3.3201637529952284
250 2.7664568871880637
251 1.64034785063507
252 1.9451680830939102
253 2.4409817188263814
254 3.992382343024713
255 5.314927307687505
256 1.5614949334256218
257 0.35913548619105734
258 0.5817917608826204
259 0.8535031595948024
260 0.3160013688942157
261 1.705913472883667
262 1.0050250971128463
263 0.9953400364384696
264 1.6258598196686822
265 1.856609981866056
266 1.6510642764473953
267 3.43123631548336
268 2.954698773906397
269 2.0324771728582602
270 1.7065920136677553
271 1.010393761416161
272 0.3242763880756847
273 0.6508883716703989
274 0.21239667369724174
275 0.0032039645154808955
276 0.22009129947694364
277 1.2313184988589598
278 1.937661315893558
279 1.346980316314145
280 1.445849262679099
281 1.6998083126432313
282 2.121857238544906
283 2.4044384446960723
284 3.9625244735747147
285 5.235086405971212
286 6.23674060486607
287 8.473455257430796
288 10.147615634483625
289 9.132022435590505
290 7.983237784902693
291 7.530741495641417
292 6.664685467839609
293 8.63933862228991
294 8.19278905060363
295 7.732472849482466
296 7.14052670065136
297 7.740673960907758
298 6.195246353478625
299 5.903075293499374
300 3.250895464162126
301 2.434181478295743
302 2.1166173492241582
303 1.6552364295776565
304 0.8793489707951639
305 0.2318226541733469
306 0.22266173381620488
307 0.21180529290500155
308 0.17073033720566236
309 0.0943877683012152
310 0.5570118576146769
311 0.9383217808136767
312 2.0633751353843337
313 2.818562773272975
314 2.972263734152656
315 2.6420249153677546
316 4.4339545718533095
317 5.258125804244125
318 5.233580191660155
319 6.208541600751374
320 1.7053544648885475
321 1.2541049362563905
322 0.814058577961621
323 0.9619676416573022
324 0.370411936028026
325 1.869547540272474
326 2.435682665077626
327 3.3430476620888907
328 3.187976417943341
329 3.959887888743422
330 4.317325833919035
331 5.524611515880021
332 4.110231750746101
333 5.082770264607011
334 4.037024302080677
335 2.427967924605362
336 0.8375472585023154
337 0.6433062290731855
338 0.24592243616826098
339 0.3079930019129645
340 0.24584657692133896
341 0.08042204214302524
342 0.32017161039575814
343 0.7674009074185182
344 1.4348214520182758
345 1.251461914123976
346 1.4724278659441494
347 4.0005068236198
348 5.688383850025198
349 6.020219619024283
350 4.822766619975008
351 5.744589745652915
352 7.681050632433438
353 9.67529014943247
354 7.398090178742433
355 6.531497064318267
356 6.515742818716912
357 8.045056816197102
358 9.273598248336155
359 10.946800336874118
360 13.261961059626207
361 11.096478119810998
362 8.105235213806104
363 5.246503228867667
364 4.857859275762358
365 4.340221593713274
366 3.605124638821013
367 3.3363397989486603
368 1.903309392659187
369 0.7940747094193146
370 0.36163679404568466
371 0.13269166476565564
372 0.09141500440840833
373 0.03875155093892068
374 0.26383427101078816
375 0.72478470763442
376 1.3057477120008902
377 3.0270605540914732
378 3.4420481974443433
379 3.1668023356035877
380 4.503045511517074
381 5.559043541610752
382 6.320069189957686
383 6.386063423243133
384 1.44006212969035
385 2.002354104548417
386 1.995651652517764
387 0.5325349477096367
388 0.052489513294274606
389 0.7815739800231142
390 3.2843777466455006
391 4.285254902830646
392 4.5219935916763365
393 5.047484268003475
394 5.871563573261405
395 6.749564308026365
396 5.108932788358065
397 5.521255007685393
398 3.9496685090612886
399 2.323190614176267
400 1.0644570672147953
401 0.5993967063962561
402 0.4003912065892825
403 0.18530315448719656
404 0.05948190272041381
405 0.0010355623515226813
406 0.43784043438811504
407 1.412682708950755
408 1.5777970571655167
409 0.9677230311642481
410 1.9612691293292956
411 3.4991500728718377
412 7.387854764212575
413 7.742174767069049
414 5.855093666049627
415 4.896605512948247
416 5.1938444061713005
417 5.8747213785600865
418 4.387396077422362
419 4.494500626268071
420 6.544885931036511
421 7.871195307233651
422 9.053548343809855
423 10.214723070005379
424 9.730010384649802
425 8.61269244411385
426 7.567098842349357
427 5.192986965967732
428 3.6856952293687093
429 4.572661116437243
430 3.899214880435525
431 5.3984428580701485
432 3.355148958822111
433 1.591253429945576
434 0.6204049807384834
435 0.40612546113158454
436 0.14708546101749265
437 0.1384168355789917
438 0.08491378664597808
439 0.1940074652587838
440 0.6931762489859152
441 1.2927821757203624
442 1.8847945277587956
443 2.3890461335908513
444 3.0544548538760194
445 3.3982826521756833
446 3.568435757736757
447 4.394372696546829
448 1.337050834950798
449 1.6975045673641709
450 3.4116543041216367
451 1.3311950001483355
452 0.10271228335674604
453 0.39570002588869674
454 1.1833412495310256
455 2.742178474431957
456 3.298245357181071
457 4.293002572348346
458 4.409729048310402
459 5.240416717079012
460 4.379626822395907
461 5.076300742331119
462 3.587182721019601
463 3.2560462645562125
464 3.3458819023697415
465 2.6405759507618263
466 0.7496223353062124
467 0.11522127653855131
468 0.005627219765101218
469 0.0447685973113919
470 0.3817201081419338
471 1.2860870024806343
472 1.4246962141976383
473 1.4249253334222178
474 2.741157158390497
475 3.874882453244369
476 5.5916565100016955
477 7.900442762212777
478 5.28411155658866
479 4.370558174140235
480 3.597099500473389
481 2.778905382675464
482 3.2613218504045967
483 3.8692443507181484
484 6.144243018925891
485 8.483912862585825
486 10.039028085391548
487 9.820781686085809
488 7.8801960968137115
489 6.6279900566970085
490 6.046367484346976
491 3.6404033265983173
492 2.740691711784696
493 1.9929998160694722
494 3.325844179481845
495 5.279521260022759
496 5.168017257944219
497 2.3358499704620215
498 0.9628640025582231
499 0.8865442560441483
500 0.13443887165774424
501 0.19891614383060585
502 0.15097651561592879
503 0.0907004787431733
504 0.1898679065225642
505 0.4397679830527468
506 0.7046227137712443
507 0.7006961374918981
508 2.0136265352454266
509 2.6878979969650194
510 1.7852152159403478
511 2.3170193297098716
512 1.4254800568149335
513 2.0663318442375584
514 3.672809375804859
515 3.6073845305081615
516 0.4703083269585114
517 0.08520477865205782
518 0.19104179875204158
519 1.034122275042955
520 2.1477336426666738
521 2.4996127006929436
522 1.9058504274267642
523 2.4549437100618237
524 3.015923089220245
525 3.4799699872258576
526 3.3238074987773008
527 3.486217194389496
528 3.516297191764457
529 2.5887026600956387
530 1.2596855921421026
531 0.13075098909066118
532 0.005356580283605981
533 0.01998598586295161
534 0.2803041473017988
535 0.7455108430911147
536 0.8952021134993545
537 1.8717645784496046
538 3.618975369552867
539 2.8833665695142012
540 5.746788116427908
541 6.472586624155194
542 4.91496711850636
543 3.538612338705169
544 2.3796878403693267
545 2.2883875405177494
546 2.697169132265742
547 3.8256673025386463
548 6.469577343657032
549 7.553801973394027
550 7.194039746373651
551 7.314535617810761
552 8.438739227670402
553 6.476485069029051
554 5.052828243858955
555 2.5957459240663243
556 1.6509454313975684
557 1.3619962491743736
558 1.404974069692197
559 3.347716831370065
560 4.780902755387743
561 2.149717692651682
562 1.1300763926173871
563 0.9335854755769218
564 0.18558865454611487
565 0.17788505382977093
566 0.2166836022265466
567 0.13243883521337943
568 0.08035664436132516
569 0.1154509486850515
570 0.17838825245856563
571 0.3934104089070758
572 1.4637003510790685
573 1.5696815173939656
574 1.420414121590921
575 1.5244375571393172
576 1.1494747119243602
577 1.3475497640664602
578 2.399822915031392
579 3.195098040481649
580 1.3587463844651755
581 0.08207718935624407
582 0.2136236433001299
583 0.2597788025343573
584 0.22950104614976324
585 0.33027014490049017
586 0.31760104869587696
587 0.9900247834333029
588 1.1778071008033242
589 1.6745098799037583
590 2.4341380088843025
591 3.136827192973685
592 2.7111041754616183
593 1.7246118063240772
594 0.4494573270387208
595 0.02255997373731927
596 0.027887430063690426
597 0.06347071078265924
598 0.06261942255344578
599 0.18438142701244736
600 0.057647480217938765
601 0.4122374008363584
602 1.8282560725859454
603 2.591843038792122
604 4.9133402946316105
605 5.844875308022902
606 6.2927990088810954
607 4.644803548925309
608 2.5312736750777085
609 2.2768755188806713
610 1.8309933025323684
611 2.4466176519152274
612 4.281657082100705
613 4.578118214015745
614 5.744687310022147
615 7.545916134894874
616 6.426622450187086
617 3.757590376913425
618 2.1051769008532326
619 1.1076285980019225
620 0.8351943235929487
621 0.4061813912911935
622 0.734234745863306
623 2.3014624162098207
624 2.551270726333278
625 1.4380091421423498
626 0.9809210450044629
627 0.7909003889464736
628 0.41648401829861365
629 0.3183636961032505
630 0.07351316126627676
631 0.018815217457133365
632 0.03260573446739599
633 0.03356199599782043
634 0.2285506593071279
635 0.07233280511912822
636 0.5749767672423844
637 0.8733579911168668
638 0.9364023884824292
639 0.9411506291390702
640 1.0860853644960249
641 1.441364903706465
642 1.9296190358246466
643 1.7109009893427038
644 1.2697327405279357
645 0.09392575690455975
646 0.7766824362841682
647 1.1574441558840838
648 0.41834083688137735
649 0.045203486652757134
650 0.0007773467042740819
651 0.27267021796705004
652 0.44965207180385974
653 0.5878954051509051
654 0.7636266515248752
655 1.9028754923229194
656 1.5401075702057652
657 1.110984167356657
658 0.1452563489889198
659 0.04630665932659426
660 0.0028375290864988295
661 0.06559279717371955
662 0.015059464752043948
663 0.04902296355730684
664 0.1366199430317603
665 0.28095388261463006
666 1.601187268727061
667 1.8120268152375
668 5.134211339288783
669 6.224930652780653
670 5.16756314874688
671 3.026367273709541
672 1.8823424501768393
673 1.0787146496901545
674 1.3218311479181208
675 1.289938518194387
676 2.2834392015194056
677 3.5901965341749964
678 5.625317509504127
679 6.856476210189305
680 5.3138698529722195
681 4.610462909613371
682 3.164221759981017
683 2.0251500021338527
684 1.0064802029067503
685 0.4542444589243472
686 0.9137850235344638
687 2.088404313449019
688 1.4365418862798072
689 0.8509752427904542
690 0.3562920478986266
691 0.2431381257548368
692 0.07710201061683646
693 0.00685105929936989
694 0.0326552262238055
695 0.22344858248707733
696 0.049522915514601654
697 0.2631656707052926
698 0.006745768720676938
699 0.00022498756381768466
700 0.4161901974370976
701 0.4999073923647955
702 0.35482096978175715
703 0.7119747941038375
704 1.3060537887601866
705 1.4449424623948712
706 1.4436866893583582
707 1.3034329864409246
708 0.6221269354016878
709 0.20978850471534233
710 0.0365836023091358
711 0.6761761741350639
712 1.887577537942981
713 1.2594760172769923
714 0.4627569991183179
715 0.04030504714519036
716 0.017903889323227368
717 2.3190828693167737e-05
718 0.11141380643825051
719 0.6519850546059285
720 1.1097828190775723
721 0.6147751002213944
722 0.050245998540677926
723 0.022277670598035502
724 0.007176577023064592
725 0.10402765039889891
726 0.07970900371634379
727 0.03995308815437267
728 0.004600315541916546
729 0.515916701063479
730 1.3484730672985923
731 2.0891068994966653
732 6.413323527751374
733 6.575346576135142
734 4.660981062959172
735 2.789983726273285
736 1.7386715932069483
737 1.5756276937863054
738 2.651690950958174
739 1.8634297708518945
740 2.6066537451016694
741 5.220199561616721
742 5.256780188820956
743 4.907887708514642
744 2.9362955716102115
745 2.423467529939744
746 2.848227579466656
747 2.680822425206955
748 1.870805747826163
749 0.6496475883683095
750 0.19124663047419205
751 0.8395196230739768
752 0.45166244269614786
753 0.022646648156644463
754 0.01000227901076642
755 0.012306661540265015
756 0.003920573167169354
757 0.07714630622435535
758 0.0050257521372330275
759 0.149447877075646
760 0.4156952664790341
761 0.5873280578376278
762 0.21033368338274153
763 0.03586174337925312
764 0.04718144553829221
765 0.15824234977251672
766 0.07288509919723835
767 0.4803647217075147
768 1.0026279026074796
769 0.9171411779164712
770 1.3143282668005387
771 1.4241909949050728
772 0.21730906250717424
773 0.00121112164335089
774 0.09232387934239342
775 0.6952946948442151
776 2.2553113354131544
777 2.2502760403420337
778 1.601015266477327
779 0.6782682033590969
780 0.728127273577016
781 0.6285036706635578
782 0.07479260928037282
783 0.00693023258304955
784 0.161880998696721
785 0.1207980791283214
786 0.0028321174215427255
787 0.03145252230644808
788 0.006544943473535136
789 0.06467295244763994
790 0.14219085729011147
791 0.14088254124199787
792 0.016456660967742814
793 0.24605171888450078
794 0.5228247612634491
795 0.7633567204868165
796 2.466844449614457
797 3.0987560762842357
798 2.080997635015084
799 2.752063409012956
800 2.4878527021317907
801 1.7804362731059895
802 2.1992390798578243
803 1.1532454384222723
804 1.775643275902823
805 2.987734963753399
806 2.3610400551785466
807 3.513002973673204
808 3.278117941523856
809 2.421283992842793
810 2.8854189886873693
811 3.6808830330040454
812 2.627890036254192
813 1.3771133234282598
814 0.9779542560732736
815 1.382053804588349
816 0.45403672938316747
817 0.19362197366575726
818 0.004875573099152252
819 0.004517300201315157
820 0.046393509221003895
821 0.13555760968588493
822 0.026735546320112828
823 0.21151494747495442
824 0.3971928579485558
825 0.7196607119842805
826 0.5536303342827865
827 0.22371800021515423
828 0.11446959503573695
829 0.06646875718746105
830 0.00027305063683654514
831 0.1432703163658191
832 1.2211545108363964
833 0.5452207642875356
834 0.6263483597171181
835 0.5066325537573765
836 0.035700045127829316
837 0.4920096623896154
838 0.8977229932843597
839 1.7850523346681475
840 4.056231587767524
841 3.461532799641234
842 5.2106272431597835
843 4.186313515734313
844 3.4630327089635564
845 2.020667094099592
846 0.797936124693466
847 0.603874852889222
848 0.06775823600197833
849 0.008003097646155373
850 0.22746342201291908
851 0.4623071160016244
852 3.0498456346709795e-05
853 0.06787041646419946
854 0.19579216280633838
855 0.04551372290247854
856 0.0014277185126227024
857 0.27694910821663143
858 0.9899073904103781
859 0.8501122004007972
860 2.2239395079873705
861 2.0827099583732163
862 1.7607318763931792
863 1.4676012356735288
864 1.4969084253748608
865 0.69908999569089
866 0.610712221410111
867 0.2460379541130441
868 0.8057432102657951
869 0.7325884164318889
870 0.08502596693760167
871 0.43251770368615877
872 1.4027982847221077
873 1.7281908277407314
874 2.481325781863261
875 1.9404694722110443
876 1.0094112925463588
877 0.7622316113305682
878 0.564107418327757
879 0.4651475918902538
880 0.16645810096497662
881 0.0001405283606535395
882 0.00712835680152683
883 0.0033328874608198437
884 0.27300324891375677
885 0.298073724637728
886 0.970922006559116
887 0.5795674953790525
888 0.6195387459576785
889 0.6938525826110988
890 1.0246666116912355
891 0.6173698643068364
892 0.3711080599887364
893 0.5977013961210249
894 0.5355173166375105
895 0.12211381813441685
896 0.7469032914132255
897 0.23559125104056233
898 0.30971401057382414
899 0.07417221447248898
900 0.03991655652704078
901 0.9572290917151182
902 2.0710799021418085
903 4.081400446671605
904 4.611843269645027
905 5.86094304974804
906 9.136848873068207
907 8.939499108602034
908 6.345776640665007
909 5.334994245301103
910 3.426418260867483
911 2.1098244807752913
912 0.6339584593876645
913 0.15598310324348957
914 0.5625809922283413
915 0.21049970141471722
916 0.03989741609142792
917 0.005367728784226706
918 0.016050371416983494
919 0.008681958878093626
920 0.11518023749891261
921 0.4396325451794117
922 1.3665985098113682
923 1.0204730594387292
924 0.878912020699047
925 1.4438200225140714
926 1.3639237626015215
927 1.015366278892505
928 0.8886123765865627
929 0.7737756838720321
930 0.8010682910418061
931 0.5385541212787535
932 0.988847293302334
933 0.353179233885928
934 0.3769763676314038
935 0.25660404916774554
936 0.0030240583337991364
937 0.07271392376110615
938 0.4665787152604337
939 0.33195120420702623
940 0.05532824223917307
941 0.004517000118277461
942 0.03598058436277975
943 0.0610342710669766
944 0.4835808892099932
945 0.4662412616329251
946 0.48997769195528124
947 0.12067996272661806
948 0.4781003746301903
949 0.331216871357095
950 0.28871676756602227
951 0.4182383775342248
952 1.88520253068972
953 1.8172772927782643
954 1.2963369855645872
955 0.793942029324451
956 0.8075583555145999
957 0.842535858473125
958 0.9805335224202866
959 0.23462104373625697
960 0.8977149096708723
961 0.4627081080917996
962 0.16202897108810435
963 0.02239910132233704
964 0.003312583236571419
965 0.5122119821203895
966 2.558267811622527
967 3.5970865461146073
968 4.75597214617595
969 5.918938131428824
970 9.215619656182541
971 11.13904325462579
972 11.76164996146151
973 9.434946335916283
974 9.061935560955169
975 6.057871804217593
976 3.7593366395782666
977 2.349987501714101
978 1.5181596526528618
979 1.061631336774767
980 0.48026551974692827
981 0.2138284125277028
982 0.1045910288066552
983 0.35034382875241693
984 0.48643582463716084
985 1.4767480775113941
986 3.3083774168336877
987 2.6414733047527217
988 2.0637529143522726
989 1.0311494136766834
990 0.9792835270574074
991 1.238776879269404
992 1.5290798859070658
993 0.9179296835337679
994 1.1053698615201923
995 1.281722681591004
996 2.3533765761822774
997 0.3407239451778251
998 0.4744588495941185
999 1.0374234166968948
1000 0.6233539701170042
1001 0.22818140769313114
1002 0.011314977644545253
1003 0.030592121251003804
1004 0.19864487359957464
1005 0.05124990736078964
1006 0.11865306868869821
1007 0.0022408800425078317
1008 0.11507030011456583
1009 0.2549627139577367
1010 0.11369878359142464
1011 0.06348630210772918
1012 0.19882846056136955
1013 0.19859590355899115
1014 0.1527295244518102
1015 1.4158374924117076
1016 3.026301590929339
1017 2.4167335648505825
1018 1.2675982627759508
1019 0.5790085427710537
1020 0.6288986436460732
1021 1.3924291776574038
1022 1.12531099749379
1023 0.20294509427636215
1024 0.3639243807699032
1025 0.1356989863483894
1026 0.004831030306992086
1027 0.023797179595025527
1028 0.24157818028440944
1029 0.8972877067352183
1030 1.4792946575110033
1031 2.7852817888693697
1032 5.865426655536287
1033 8.522951654795229
1034 9.387713878003813
1035 14.68740720962751
1036 16.314248955748123
1037 15.135005312034231
1038 13.276599225838561
1039 9.394326636371481
1040 6.949424150341822
1041 5.045083906089809
1042 3.548397462894393
1043 1.7187296608947498
1044 0.7901660496506623
1045 0.4199604933398566
1046 0.1155420711715562
1047 0.31716757028014286
1048 0.8990313578284239
1049 0.7602955819153517
1050 1.0141041480029305
1051 0.38026447917945355
1052 0.1276667885785603
1053 0.1096046372505908
1054 0.2963696585995959
1055 1.0110359954297785
1056 0.8783378287849549
1057 0.3910429357807126
1058 0.6225963659068746
1059 1.2036140067900851
1060 2.486888502657915
1061 0.3032616149326081
1062 0.077631425319606
1063 0.5517270155597056
1064 0.2143403709235522
1065 0.3684454204048633
1066 0.12216436518883166
1067 0.0026607862083710943
1068 0.037326106229004626
1069 0.12966938440252884
1070 0.129698572969286
1071 0.0023660145414043715
1072 0.1103362127488745
1073 0.18404951201262618
1074 0.019974945723216855
1075 0.10075816069627735
1076 0.10325588859337353
1077 0.6440403760967336
1078 0.4222064440904979
1079 0.8610356474919854
1080 2.1519061763361846
1081 2.2471266989586796
1082 1.2699016779981334
1083 1.2886383518932576
1084 0.99330258324439
1085 0.8481474029058587
1086 0.6855534790967336
1087 0.03824320148792596
1088 0.2653075985900717
1089 0.09111058966486177
1090 0.04928810234938121
1091 0.120226391952422
1092 0.5528683784238496
1093 2.112754743161269
1094 2.510390109191888
1095 3.2055557529452
1096 5.983158280593857
1097 13.941287061152728
1098 14.579363231633579
1099 13.43068146851606
1100 20.075549374785968
1101 23.434089887352986
1102 17.34198078340761
1103 13.27212172298526
1104 11.586422112370885
1105 8.085530055017617
1106 4.638437989794666
1107 2.663861185706011
1108 2.174880264111725
1109 1.448273515643479
1110 1.0733990784808662
1111 1.064859573119052
1112 1.9537901392818842
1113 1.9974593677183585
1114 1.3155011447388856
1115 0.5044884089966969
1116 0.3144243343233461
1117 0.30069370522857425
1118 0.851660577344769
1119 2.448029120882134
1120 1.5666103506081168
1121 0.7018279643428531
1122 1.292221603696021
1123 5.355909864155546
1124 5.699451380530266
1125 0.513435817088787
1126 0.17119426688993752
1127 0.52669546474353
1128 0.34110536753217147
1129 0.37988003837444884
1130 0.9433605410691774
1131 0.4507131407541861
1132 0.06519695054745897
1133 0.027140024607369174
1134 0.131171018898364
1135 0.08688265474134882
1136 0.5330389143397569
1137 0.9564729743154041
1138 1.0701427857588188
1139 1.6179201800113747
1140 1.744382460833848
1141 1.7998860749288916
1142 1.1306558793708297
1143 0.6556442595290729
1144 1.19235589458444
1145 1.7320492540964374
1146 1.163009363412806
1147 1.3107907367752374
1148 1.8601988534825282
1149 0.9510469084927264
1150 0.3913136022843768
1151 0.059978829993309536
1152 0.21998616502763046
1153 0.13335166942913154
1154 0.00777690307627984
1155 0.24249130193527985
1156 0.8068878590164346
1157 3.475903468299833
1158 6.13448826841937
1159 6.882010307304061
1160 8.671727699969253
1161 10.614753303912728
1162 14.295340390561451
1163 14.677077628890496
1164 21.06614640092052
1165 24.941179555981307
1166 23.407269656061533
1167 21.943581465505854
1168 19.73800191714076
1169 13.931317577532784
1170 9.986797270726994
1171 7.965899686109917
1172 6.9077503986838495
1173 4.331395995513121
1174 3.159903301321665
1175 1.8451531258799128
1176 2.152343480668672
1177 2.2742296260122323
1178 3.2463858725524113
1179 2.129708776541051
1180 2.2664653243760062
1181 2.0607526023263647
1182 3.1672506495870665
1183 3.745927927553129
1184 3.397847092472561
1185 2.2380194500080526
1186 4.154771170148492
1187 8.125685937544763
1188 8.35717168601811
1189 3.4286088478224532
1190 1.512252955488687e-07
1191 0.5349038358733035
1192 0.8954614401556437
1193 0.36843525607068717
1194 0.233633081589602
1195 0.6127170457039949
1196 0.08810095627548196
1197 0.008939404963062982
1198 0.12122472009233773
1199 0.08305660506382587
1200 0.7245169312493289
1201 1.3882432685066406
1202 1.8924238645836162
1203 3.429816619423685
1204 4.287158587115817
1205 4.554848175725278
1206 3.1400382439789825
1207 1.8564907440382719
1208 1.1496776275966165
1209 1.0798673905861198
1210 0.7041645967302909
1211 0.6700234695327605
1212 0.9108509908878898
1213 0.34614780889846347
1214 0.18879384139867864
1215 0.001250612692713521
1216 0.13957641793824574
1217 0.1439527343780726
1218 0.032457951120256213
1219 0.0774079065208192
1220 1.7645068425380177
1221 4.5654145131796575
1222 8.955842506095387
1223 10.534344021831672
1224 12.287704436489008
1225 12.078540880954943
1226 14.827708608519119
1227 14.764356599247748
1228 17.24804937116575
1229 21.27700896710366
1230 22.587992331175414
1231 30.33552917459347
1232 24.653635916147454
1233 19.856701443527253
1234 19.608517360574407
1235 14.825640272952755
1236 10.088533691943518
1237 5.386863108527649
1238 3.6507850297486653
1239 2.7556526567436137
1240 3.75100028372957
1241 2.6897437384238376
1242 2.711866943013767
1243 2.5465488556320537
1244 3.5812616772997408
1245 4.981677434996979
1246 4.289998513661887
1247 4.089374538990999
1248 5.38971493996267
1249 6.785430557371812
1250 9.990194881436365
1251 8.940115966745973
1252 4.35443435578011
1253 3.9597826838369534
1254 2.1010794832249617
1255 0.1373589640505013
1256 0.27297352978007905
1257 0.19657776053506976
1258 0.14470487171542318
1259 0.9460663092171825
1260 0.43024962063194383
1261 0.022009372797567747
1262 0.1856760767319904
1263 0.793099695263242
1264 1.2624857296279148
1265 3.1994253257201364
1266 4.400568747308262
1267 5.341335073922468
1268 6.461704864064579
1269 8.132420037983993
1270 5.706212209935202
1271 4.915681684737922
1272 3.1232867421367563
1273 1.5553162874106903
1274 1.030868253290852
1275 1.0414033341987352
1276 0.7144359957998965
1277 0.08915320944263412
1278 0.0475213708484426
1279 0.11768081811748614
1280 0.0032908907030897256
1281 0.00022742189471697743
1282 0.07280328877210436
1283 0.4584590350099415
1284 3.2467482219651944
1285 6.480010692712944
1286 10.956225512889649
1287 13.080731652673173
1288 14.278685467588103
1289 12.865562991801857
1290 12.068193430552634
1291 12.454328381696568
1292 14.295208966456999
1293 17.951048830959127
1294 23.89685861689863
1295 29.068085341017547
1296 36.19972143130559
1297 31.264051687354733
1298 26.220209208696446
1299 18.721474297520036
1300 11.641427857093358
1301 8.622334150926454
1302 7.812404988934332
1303 4.574808925254734
1304 3.1700968147631094
1305 2.005087968997238
1306 1.3546814794154798
1307 1.377322472013997
1308 2.5934939072804393
1309 3.3563388419182836
1310 3.2458000834022056
1311 4.823144784134863
1312 7.529282283890471
1313 9.977492293620086
1314 15.362239844255608
1315 12.528968574399558
1316 6.940888741087145
1317 5.009175599764869
1318 5.557586716101609
1319 0.9657668514769054
1320 0.09677473510365146
1321 0.006798886367442902
1322 0.00015007413771983932
1323 0.7857269559457861
1324 0.5824829729581531
1325 0.23609901033899539
1326 0.7436973834808726
1327 1.454894991771
1328 2.8703316759421127
1329 3.533075868279714
1330 4.1121353795285485
1331 4.793921198553736
1332 6.2076784595103485
1333 9.242445860536408
1334 7.97836123588205
1335 5.9471376431450675
1336 3.463395192509746
1337 2.0182785833653765
1338 1.4050506874736828
1339 1.519041453932046
1340 0.9324343887111675
1341 0.09390840499269151
1342 0.001989299175019036
1343 0.2671963153925563
1344 0.0017525592329531495
1345 0.05783637793049211
1346 0.2112865650952726
1347 1.1647119431320903
1348 5.307573454516165
1349 7.478170327654353
1350 11.906669976180005
1351 14.91297913590199
1352 14.844662602357765
1353 13.104241487229894
1354 14.554933282396947
1355 14.777910408190023
1356 18.395120056923652
1357 26.141532897160715
1358 27.12323990390544
1359 31.04871052342862
1360 45.00217909978677
1361 47.0963522280287
1362 40.23926556419188
1363 29.176904460942843
1364 16.20192161404665
1365 13.792215143884315
1366 12.974953377433586
1367 8.221304887407983
1368 2.077477920722606
1369 0.9751434882296547
1370 1.0158106866306218
1371 0.7462583534164581
1372 1.6285069641838983
1373 1.855832598563586
1374 2.646688950193538
1375 4.400197221547481
1376 7.082100927247637
1377 10.217953562322693
1378 16.465617316633455
1379 17.76944709610666
1380 12.14939195501878
1381 7.822211752015232
1382 6.292705352086641
1383 2.081191206410757
1384 1.6503457659048084
1385 0.4944230512758301
1386 0.09890824032277122
1387 0.0010557779470785214
1388 0.013886882847203815
1389 0.06598180095814776
1390 0.5231665668668368
1391 1.4195363091623698
1392 2.19821997407679
1393 3.662549569188737
1394 4.414772142880111
1395 4.5085343215396385
1396 4.317620834862785
1397 7.862657235477071
1398 9.172958953538737
1399 10.195226659735678
1400 4.755091107543806
1401 2.2855494434994528
1402 1.064398350544192
1403 1.6520066379471423
1404 1.3526172809205943
1405 0.4034820014456666
1406 0.003949770251781845
1407 0.142610838689341
1408 0.007516990948455795
1409 0.14076719011368968
1410 0.6660950455130553
1411 2.1332836556852297
1412 6.5063071285868075
1413 9.867473721208528
1414 10.339644040218898
1415 15.699900370042004
1416 16.280437239982476
1417 15.990136687776646
1418 16.677926572491593
1419 17.125018262608656
1420 20.98201221442277
1421 35.19292212938727
1422 37.7345107269613
1423 39.81888992851497
1424 43.341980153734205
1425 53.05283796512301
1426 49.207412326752696
1427 33.9901769643272
1428 20.25415392025707
1429 13.69959330977364
1430 11.298543260396855
1431 6.961294136912824
1432 2.8756941613409133
1433 1.8122474935145116
1434 1.6138038053525223
1435 1.505252999046558
1436 1.648186080322756
1437 3.1873014121096914
1438 4.480549351030615
1439 6.080647948014223
1440 7.244636566756811
1441 10.39603396801862
1442 12.740450657023624
1443 14.235645531205643
1444 10.09046150959826
1445 7.632946683382834
1446 4.609882939487697
1447 1.8151347861309852
1448 4.291392886649095
1449 2.623224443243483
1450 0.44177552580379814
1451 0.18567464904362896
1452 0.1648888075112565
1453 0.028020379294419268
1454 0.00038947121181374884
1455 0.20713633516998534
1456 0.6673150184250524
1457 1.7834201178813933
1458 3.591083612318908
1459 3.0457936589760193
1460 4.509485416880839
1461 6.376196226740273
1462 7.996932219053417
1463 9.627895771951207
1464 7.394204820879077
1465 3.922172666284226
1466 2.3046085502631595
1467 1.4950507929563388
1468 1.5330003626829944
1469 0.9061306223726936
1470 0.1593100670073296
1471 0.0009929721611852875
1472 0.05927474192150579
1473 0.37986318344650893
1474 2.169246958599374
1475 4.440600297327608
1476 8.40713649940471
1477 12.018420942443326
1478 13.11910079199006
1479 18.19684128710484
1480 18.81428937501249
1481 18.81558298694589
1482 17.666019128685083
1483 21.350879778944005
1484 27.816492684459742
1485 38.78160711253124
1486 50.68170024549551
1487 51.977286694004746
1488 49.697062285735676
1489 58.73349375519491
1490 42.13189074402766
1491 31.309666498957274
1492 20.433954513199104
1493 11.702622344705118
1494 8.841406964032652
1495 6.484120579999639
1496 4.045938574792542
1497 5.397610273365847
1498 4.4480447151016005
1499 1.9130549931417111
1500 0.7096837068612489
1501 2.6060878476422893
1502 3.4938749091683574
1503 5.090754559933745
1504 5.592117313287683
1505 7.341301492619623
1506 6.987602540282351
1507 6.817550273580983
1508 8.178774263635468
1509 7.419525678626928
1510 5.163354828144597
1511 3.12379254506807
1512 3.5432227020396225
1513 3.014073492488545
1514 0.6756979717074362
1515 0.3261814692948526
1516 0.09041065618432934
1517 0.012744326353775358
1518 0.0002112319322334024
1519 0.10991917707567965
1520 0.45417405787034143
1521 1.0409644826341429
1522 2.7214169370503782
1523 4.415341938381496
1524 5.813699216182642
1525 5.685109943283986
1526 7.029567720609079
1527 8.518918035678473
1528 8.03322209667033
1529 5.630432808345279
1530 4.6929697994987505
1531 3.962770291196152
1532 2.2852966164115314
1533 0.9432296533067742
1534 0.2553077977830308
1535 0.14824815204793543
1536 0.20503580137249688
1537 0.6345757373200688
1538 2.801289911348077
1539 4.921903376821963
1540 8.480385925426022
1541 10.9936244445134
1542 14.280981000395927
1543 16.989248426604913
1544 19.233550196713878
1545 19.172285382530774
1546 18.932688698412697
1547 25.83432759828414
1548 35.147982319647895
1549 46.074174523840064
1550 52.13131721549929
1551 57.00077736515102
1552 58.08522638522545
1553 61.512182223626326
1554 46.724756597130856
1555 33.140575154241425
1556 22.450785312508916
1557 13.277755117407
1558 9.572000847770257
1559 6.491777117208821
1560 5.7161666529689885
1561 6.474411202261398
1562 6.90959856867195
1563 3.1678352613501493
1564 0.5257200584106754
1565 0.6150419191531418
1566 2.6967313851537265
1567 3.371336890411977
1568 5.273937047348097
1569 7.898697731061237
1570 7.227704849168109
1571 5.624830341887752
1572 8.412805685898686
1573 9.337175585998931
1574 4.626429170259197
1575 3.6926477633205206
1576 3.2828753141356595
1577 3.0084957746984755
1578 1.8107602073980857
1579 0.6382415099840358
1580 0.20158125826990922
1581 0.10830714564546048
1582 0.00063943503594459
1583 0.14387119737246587
1584 0.4032449884460688
1585 1.238986130789514
1586 3.1446710599569494
1587 4.549218218061385
1588 6.861678469844244
1589 8.518418226674804
1590 7.636002629406672
1591 7.43256869102873
1592 8.465064295507332
1593 7.905552616709399
1594 5.161823485725731
1595 3.9425225658761605
1596 2.420367556231803
1597 1.3655986102578468
1598 0.35427210702375167
1599 0.19137364240181656
1600 0.6702262057617552
1601 1.5872783227591258
1602 3.6388553445516303
1603 5.846868969216657
1604 8.33477483071234
1605 10.976522763017348
1606 15.33959517001223
1607 17.731920175988808
1608 19.581475069511413
1609 20.304533062010364
1610 19.489136635810063
1611 26.382759353564357
1612 38.788850282028065
1613 49.99330524513225
1614 58.595046360211896
1615 56.82706679319941
1616 55.334163615294614
1617 54.79085308211985
1618 47.32256786615544
1619 37.345749144417226
1620 28.612230897950678
1621 18.416761237573184
1622 12.848557929274559
1623 9.392680349092446
1624 8.361635661384652
1625 8.152471559867429
1626 5.926305328318724
1627 3.3455140193233928
1628 1.6657160929332113
1629 1.324889036759706
1630 3.0507271139826373
1631 4.784948395260364
1632 7.440229575511613
1633 8.44086554011675
1634 6.503697376531827
1635 5.205203140132195
1636 6.968857270287704
1637 11.03251113787248
1638 8.828861837364688
1639 7.39431287797544
1640 5.27943152019382
1641 3.5135289907959586
1642 2.0151517354854938
1643 0.3766909671129593
1644 0.02686758801211432
1645 0.0011795531792149372
1646 0.6478338713502424
1647 1.1413709206888838
1648 2.089309874720384
1649 3.9209927206646014
1650 5.452903001190771
1651 7.170621839467107
1652 9.418527998877217
1653 11.71758275592975
1654 10.294593005112592
1655 9.659870413259355
1656 9.986608990258452
1657 10.24093488862375
1658 6.415783849254842
1659 6.425762689879156
1660 4.246377621130761
1661 2.0070369676573225
1662 1.440919030410747
1663 0.5939597013409172
1664 0.4142155393998384
1665 1.4248148027645973
1666 3.7547954710262346
1667 5.133018945666049
1668 6.35910029202235
1669 11.290397503626718
1670 15.38829020173134
1671 17.582360522711546
1672 18.898818606164443
1673 19.45791497137443
1674 20.459195750021667
1675 27.08946198880027
1676 41.4045104042046
1677 52.23549242895673
1678 63.098410362375446
1679 62.09277147587594
1680 58.49438945702741
1681 57.32709188438028
1682 55.62695015551167
1683 42.74412163416508
1684 38.24507018036161
1685 27.364531761699315
1686 18.678157946660406
1687 14.78217988606135
1688 12.713264518759187
1689 11.470560560706238
1690 7.836994022245452
1691 5.835367661371378
1692 5.03288902424441
1693 5.446142422738288
1694 7.072728252837127
1695 9.453660348605677
1696 11.081256638316832
1697 10.53933438771703
1698 7.716784894209283
1699 6.205008651591194
1700 6.338244566672317
1701 8.84855331077943
1702 8.183469972789243
1703 5.030653771612443
1704 4.95537876130897
1705 3.1932068166264456
1706 1.4529834871081355
1707 0.13286298985766395
1708 0.01354678678147145
1709 0.38356803979520887
1710 1.462746826406113
1711 2.429450246287191
1712 3.980632624500201
1713 5.599887162605482
1714 7.350765336471924
1715 11.943431106189214
1716 14.00716256772684
1717 13.422212207471919
1718 11.171308490593539
1719 9.208320982791017
1720 8.921491406198776
1721 9.974789272304836
1722 8.7374363555919
1723 7.54334004905733
1724 4.4058468713945995
1725 2.8176522476134918
1726 2.2133133044058546
1727 1.77544218092059
1728 0.8448845349344998
1729 1.645664356340773
1730 3.0498676091414287
1731 5.443250276246705
1732 6.365711626813277
1733 10.233268042993304
1734 13.48874120207594
1735 17.62125904239357
1736 18.313257693177984
1737 20.26382720926485
1738 22.472787107916552
1739 27.854141940303435
1740 37.26703566584528
1741 48.20131370868228
1742 54.036026753567164
1743 61.90378254132398
1744 65.48468099384591
1745 64.75792343688273
1746 60.41934536342598
1747 48.51750761603873
1748 41.90129228824717
1749 32.78739816988535
1750 22.500819583866008
1751 17.9602437949016
1752 13.541412900993114
1753 11.599456404058001
1754 10.87792918301335
1755 12.036678178522358
1756 10.673917384652487
1757 10.015530731130601
1758 10.774102638410955
1759 12.065395647004536
1760 14.002139739891815
1761 12.046941461140003
1762 10.807024045259968
1763 8.120468622854194
1764 8.15595395673992
1765 7.4970193108172305
1766 6.814049272150466
1767 4.20861785868655
1768 1.6048439206624812
1769 0.2941854152340967
1770 0.2578038962008912
1771 0.00021607914017745093
1772 0.006214165719689214
1773 0.4545650205509281
1774 1.3273899934462765
1775 2.6418264056899443
1776 4.346411028457981
1777 6.016531856013304
1778 8.005466227290238
1779 10.866271591714819
1780 11.536304406085037
1781 13.25215861805894
1782 9.31701631972823
1783 9.379709853246318
1784 7.637317082686043
1785 6.112646847958481
1786 7.723362730636756
1787 7.767159199614851
1788 6.272747947417482
1789 3.4719503421267164
1790 2.038826871559309
1791 0.7940727107231987
1792 2.1740178495979876
1793 2.5351559184310037
1794 3.515156882967519
1795 5.6569783448883415
1796 5.910676054935627
1797 9.33277894291715
1798 12.409339724073952
1799 15.959349001150374
1800 18.835501119594305
1801 21.435911667300207
1802 22.093637146210643
1803 28.343045044366253
1804 38.12049891028436
1805 43.260599428394876
1806 47.29953494772729
1807 56.85663953653239
1808 68.20307853712397
1809 71.527752160577
1810 65.35696032913452
1811 56.8897524451649
1812 46.76967957250379
1813 40.62435647873703
1814 28.448000116598475
1815 22.02028755945699
1816 18.47470589583777
1817 16.484175015778494
1818 13.680485710348991
1819 14.783908598405532
1820 11.915849833769311
1821 13.043341192238566
1822 12.47125209068961
1823 14.818618149286612
1824 17.015496529463952
1825 10.298223966236101
1826 7.887242532459417
1827 4.6692025651192415
1828 4.971814020279328
1829 3.1682877228372166
1830 1.9093515574776476
1831 1.2568642766832254
1832 0.35446638832513916
1833 0.018343749829672743
1834 0.11372425834288513
1835 0.35164874273179947
1836 0.7129673418003809
1837 0.8902305951535635
1838 0.8688438072733382
1839 1.4608404713734962
1840 4.043631655249891
1841 4.934038800010737
1842 5.495453991880119
1843 6.811176045629423
1844 7.118316724524276
1845 8.929137115861083
1846 9.021331127371154
1847 7.585414169290378
1848 5.88717757619497
1849 5.609133216758256
1850 7.372202762093947
1851 8.205132376515904
1852 7.761092494799745
1853 4.927582135409594
1854 1.3582565684849712
1855 0.564111337884995
1856 2.1319193359821162
1857 2.744213516808015
1858 4.835563222222392
1859 6.1415692047000165
1860 7.892162018191115
1861 9.556638535651382
1862 13.525472336858694
1863 15.854609154216856
1864 20.805260238644532
1865 24.569849854039056
1866 25.28125373650392
1867 31.95615131304676
1868 41.623977827531554
1869 48.49196337801862
1870 54.86012765832609
1871 63.58501173148984
1872 68.8799069355144
1873 64.89900573528293
1874 63.692482453338485
1875 58.45805626030683
1876 54.27416897803247
1877 44.20736134328624
1878 34.599113545894795
1879 28.829723246547843
1880 27.266473101417848
1881 20.176478468137574
1882 20.21011549582578
1883 17.71413728964582
1884 18.841576577224224
1885 19.109787473837518
1886 17.138930734269994
1887 18.159293237047404
1888 18.1651089811825
1889 12.042600645112051
1890 6.390509188206622
1891 3.025170842608301
1892 1.3760138633766528
1893 0.4504758839902507
1894 0.09213685739757857
1895 0.006382504160779815
1896 0.15473289443597013
1897 1.259568771873558
1898 1.708462341906485
1899 2.8968996950628596
1900 5.105350339149164
1901 3.9397952382125005
1902 2.842432244025943
1903 3.4451532013746804
1904 5.491816159769214
1905 5.410553412581476
1906 4.778858221904373
1907 5.449026326526128
1908 5.301928719204754
1909 6.381959208470696
1910 7.125347791609948
1911 6.391910925307258
1912 7.5440284802005575
1913 6.01090987001421
1914 7.024707860154927
1915 8.424260486453251
1916 8.060241158129147
1917 7.221727294914873
1918 2.972600140153204
1919 0.5881992010147106
1920 2.069605382274482
1921 2.8607882170249077
1922 5.1399694472913655
1923 6.813011888809753
1924 8.797369918437262
1925 11.121251207319245
1926 15.067688148689841
1927 18.905389705156367
1928 21.21158790974583
1929 22.518303634334817
1930 23.94967699437413
1931 31.656245812315184
1932 41.47174121570872
1933 50.533412995987554
1934 56.95191502608295
1935 72.64138552628869
1936 77.21307123960314
1937 80.4326801584258
1938 73.9256892135906
1939 64.30245025999577
1940 61.414195845631795
1941 50.39967878930146
1942 42.823168045022655
1943 37.76520071734521
1944 31.674124971430796
1945 27.302794191100766
1946 27.096194632141138
1947 23.50999369375532
1948 21.579333837289948
1949 22.20725108871866
1950 20.093003304477016
1951 19.964285308816464
1952 19.49184619111023
1953 12.713314042213826
1954 6.078678356983099
1955 3.1394329658565088
1956 1.5490246232774851
1957 0.2922440154292699
1958 0.00033015573277439005
1959 0.28929399892068675
1960 1.0152362721073749
1961 2.847117846501372
1962 4.407123325902901
1963 7.2689449412415605
1964 9.589546211665951
1965 9.207460779847537
1966 7.181324567109787
1967 6.184133595387269
1968 5.339622461550201
1969 4.453599961939597
1970 3.5396597935231684
1971 4.227587231289029
1972 5.108268656937074
1973 6.67819868586418
1974 4.808732985442933
1975 3.732767196526616
1976 7.310680898649445
1977 8.937235857361692
1978 9.271533806195078
1979 8.461217808510506
1980 7.518776677687
1981 9.568497428446149
1982 4.46232739382164
1983 1.0465417244199187
1984 2.0178197965399165
1985 2.3486728933904426
1986 4.5926308565267115
1987 6.148360399349849
1988 7.390950126804016
1989 10.610664382787332
1990 15.629770564498417
1991 20.046369198638843
1992 21.74980624027503
1993 24.55380218872287
1994 25.341554239282065
1995 32.93428666381271
1996 42.8243571209758
1997 49.97128261060417
1998 58.479909520994816
1999 67.75006632805784
2000 80.13911137987955
2001 85.26437863628757
2002 80.23125285658062
2003 75.47991707888599
2004 68.29257955349792
2005 57.81465897758162
2006 47.69396959581386
2007 41.878676094080475
2008 33.62250023608617
2009 30.83038264954508
2010 28.865709689494082
2011 25.924662494936165
2012 24.011362058426617
2013 20.980931819602326
2014 20.32131507336803
2015 17.986073476406933
2016 13.5918048952496
2017 9.872191717802187
2018 4.838818959920406
2019 1.7740847534051591
2020 0.9228379969979458
2021 0.5484421031886303
2022 0.015054241530912895
2023 0.21820278157442569
2024 1.1330615583446477
2025 2.4688580987707747
2026 3.9481387282087224
2027 6.847227962148716
2028 9.790238473398997
2029 11.94001869137588
2030 12.832237236795365
2031 9.341618343988259
2032 6.405272122813972
2033 4.388972994834258
2034 3.5833814484249498
2035 3.7433207671639246
2036 4.240070237108095
2037 6.9921493955576075
2038 4.024834507055518
2039 1.7854472237094574
2040 5.449853012777544
2041 10.317806345866574
2042 9.141093502878416
2043 5.4546960237093405
2044 7.319373967506208
2045 11.394840166802762
2046 7.410083174754123
2047 1.9436982842851882
2048 1.4256218805382022
2049 2.4143565576549633
2050 5.000250176174575
2051 5.426133099529082
2052 6.764439358080578
2053 10.17366392478327
2054 14.678410931098467
2055 19.56779830895426
2056 20.52669931643531
2057 22.01048039804484
2058 22.572570254649445
2059 28.29400577415759
2060 37.741775816217405
2061 51.29684905450263
2062 59.24211767859883
2063 62.08463810115021
2064 76.96543508894493
2065 78.86804756883623
2066 72.05082418260527
2067 61.094593445452496
2068 57.78049289780054
2069 50.25045910381845
2070 43.8828940908754
2071 39.235960898715255
2072 38.01992229061026
2073 45.31379592010124
2074 42.8676274357572
2075 35.98222840594488
2076 26.013381752446286
2077 22.548457868422805
2078 21.706061507401703
2079 17.04409698032806
2080 13.50066127018934
2081 9.992381096625245
2082 5.473295405008938
2083 2.0952746181217807
2084 0.8656148287183458
2085 0.4442575909031727
2086 0.28365576424591527
2087 0.0019334097821916048
2088 0.28824802065569116
2089 1.082214963848458
2090 2.818257266114606
2091 3.8079403680592243
2092 7.045877380036267
2093 13.486623401309274
2094 13.907258068813874
2095 11.134325228352374
2096 9.524614400091505
2097 6.765564708545963
2098 5.760835975526345
2099 5.5206042917906455
2100 3.672113726295539
2101 5.061261084204239
2102 5.796781104499988
2103 4.921595065869334
2104 6.536310612160776
2105 9.11319092847029
2106 6.8581265652777565
2107 5.100106851098226
2108 6.936895015644737
2109 12.076441372485213
2110 9.439939359231657
2111 2.720769287408603
2112 1.5605945946358
2113 1.8111221881487267
2114 3.7504329466370945
2115 4.816123720457286
2116 7.667607084590883
2117 11.632995151327627
2118 16.43792219821695
2119 19.95020614099838
2120 20.662074177079482
2121 20.913475479518098
2122 19.786076992034126
2123 27.72764935335318
2124 38.86715554397645
2125 50.532179575595926
2126 56.92258540982163
2127 62.78954576675525
2128 79.63557890950233
2129 86.90312975898891
2130 78.10002869674382
2131 64.3402887088496
2132 55.2961289718893
2133 54.73474736275464
2134 56.8229547628874
2135 53.079756337102424
2136 45.892270188109244
2137 43.87769274493878
2138 44.26464000807682
2139 38.84948302864127
2140 34.38875251703923
2141 28.458069394478084
2142 25.598009705378974
2143 22.67364545357026
2144 17.57407720763607
2145 11.64143514663039
2146 6.035274464834616
2147 2.7472895900834158
2148 2.5133383586146616
2149 1.1754411964236755
2150 0.2951586673115447
2151 0.0540315876564581
2152 0.08760374566143166
2153 0.77458864928417
2154 2.031356957249397
2155 3.596177667846988
2156 5.788814398276101
2157 10.378525339244709
2158 11.09933323470986
2159 10.325232686592697
2160 10.237080326545222
2161 8.344071245157858
2162 7.196338897071602
2163 7.8504243752767255
2164 5.003492722677979
2165 4.423197844096629
2166 7.0415926023663555
2167 7.470803624093816
2168 8.690889462029325
2169 7.122519281536562
2170 7.159342645627203
2171 4.605743014909901
2172 6.4585357834773305
2173 12.176581621579807
2174 8.052482941303126
2175 2.73810997165004
2176 2.160206403020901
2177 1.410087037387772
2178 2.610860552111676
2179 4.663503292965486
2180 7.550408126143477
2181 11.480720245986724
2182 16.107275592802935
2183 20.555439118518613
2184 20.407032942689852
2185 20.95970565880989
2186 20.440735946956863
2187 26.86281426834636
2188 39.950574079009996
2189 51.33708427464252
2190 56.38964203871704
2191 64.00450103088731
2192 74.79200732251599
2193 82.67412934085891
2194 80.75290240212058
2195 67.69184302922233
2196 53.953765119358344
2197 55.6821813291678
2198 52.6009033121668
2199 54.40415653627702
2200 46.69444197810986
2201 39.25308021160652
2202 35.35151046166078
2203 35.469766510204636
2204 33.991036778454344
2205 28.113423707067675
2206 21.318326900462075
2207 17.723668924879153
2208 13.463805039755483
2209 10.81027045284763
2210 7.716035988810617
2211 3.7320421406639834
2212 2.2423791894926492
2213 1.0812501474182694
2214 0.3313654317553438
2215 3.0420097858348432e-05
2216 0.5303467130202967
2217 1.5687293298839238
2218 2.3204762182687597
2219 4.284903647629987
2220 6.324607880969813
2221 9.455894277278398
2222 9.170453110309282
2223 8.551807147629448
2224 9.406950782649218
2225 10.428408312221961
2226 7.9263836697560865
2227 8.606621711592155
2228 6.955238476676531
2229 7.346772826828073
2230 6.253972537746155
2231 5.838256372285282
2232 7.176479878704166
2233 5.347829860702354
2234 6.965347223921236
2235 5.390941944950768
2236 9.1808991034587
2237 12.139882316440568
2238 5.1957092187843505
2239 1.5738609154696512
2240 1.734336741429268
2241 2.0507195257916497
2242 2.8973536242859725
2243 4.292480027453885
2244 7.396492140511015
2245 11.65176489820428
2246 17.32160303461956
2247 21.413643537940725
2248 21.48223519268054
2249 22.378649119219492
2250 20.481654133812672
2251 26.497026165331516
2252 41.03641160653157
2253 51.604482809406306
2254 55.170156370255974
2255 60.21664712604089
2256 65.59112959183327
2257 73.29890229020367
2258 78.18833213233087
2259 65.25788642929128
2260 58.61950195972015
2261 50.44552766651539
2262 48.550880960195016
2263 45.64513650292314
2264 39.14331733240448
2265 34.634494560691806
2266 30.193570863495083
2267 29.391814806023362
2268 24.15371068243106
2269 18.878083222465634
2270 13.296864187523946
2271 11.755405003336351
2272 11.322851189632031
2273 10.073875133211818
2274 7.449500031398776
2275 3.317461588535619
2276 2.0393388941826864
2277 1.0121627778032436
2278 0.4350257509714334
2279 0.059770283630835835
2280 0.17753484739664338
2281 1.398635336832426
2282 2.0506761970668106
2283 3.017994267693704
2284 4.330752802114267
2285 6.1584364640656295
2286 6.840732255156555
2287 5.987314145752487
2288 7.6572120551192215
2289 9.045928194928152
2290 7.644518610648075
2291 9.31125412926987
2292 11.06429358147292
2293 12.367636441705631
2294 6.168790178856936
2295 4.8550875450565485
2296 5.3688611065960865
2297 5.539909053715488
2298 7.071855623498491
2299 7.340127470350989
2300 9.45078201907331
2301 10.95160019967457
2302 4.52377788531153
2303 1.8107506685346766
2304 1.8218274870103162
2305 3.479934310301879
2306 4.275694172699498
2307 4.374227752766741
2308 7.154441198885468
2309 11.869158650098514
2310 17.558203316982638
2311 21.78092986716541
2312 22.307351988384966
2313 22.015508719994383
2314 20.34408701587578
2315 26.42210478932991
2316 39.40582090243138
2317 54.29419169991128
2318 56.677917474796786
2319 60.72563707491413
2320 74.50210519448228
2321 81.89628493046193
2322 83.36398647827662
2323 70.68379038761711
2324 63.82158194884845
2325 50.5344492546441
2326 40.13609998535661
2327 36.38963297719067
2328 32.46002014118132
2329 29.311895339289492
2330 24.871799412086382
2331 20.515591328204668
2332 15.315644791810035
2333 14.306605124897038
2334 11.48674379094369
2335 8.490451373519717
2336 8.710688219023744
2337 8.826090427265388
2338 6.270749710743773
2339 3.676891210505486
2340 2.817230446197214
2341 2.1157176096464747
2342 1.2254501944670433
2343 0.23737666938445126
2344 0.2013633000334466
2345 1.169849086464917
2346 2.2067151566504837
2347 4.451536086862672
2348 6.212242211620897
2349 5.236785364719072
2350 6.20381956700855
2351 6.3491063490171875
2352 5.719510101587484
2353 7.137624925014469
2354 8.35167750428412
2355 15.369630608859639
2356 18.124687697457443
2357 14.429987703065983
2358 7.778453383980393
2359 6.860495206218534
2360 6.195442632396219
2361 8.359080416921627
2362 9.672919858790332
2363 10.02547518237051
2364 10.427570933522894
2365 7.664248289108929
2366 3.7696256684868836
2367 1.554456937545514
2368 1.7952343406345956
2369 3.7270650740229603
2370 5.583107177775589
2371 5.401444670735991
2372 7.620472890885807
2373 12.023122563973569
2374 16.861923057663148
2375 21.412993098086318
2376 21.770392891254502
2377 21.876983990529126
2378 22.023948890328548
2379 25.98865608762884
2380 39.145128965086364
2381 54.85161470591817
2382 59.69902397331632
2383 61.03501933134597
2384 69.11465581591283
2385 83.03662391054083
2386 78.38421904565843
2387 65.6514112054301
2388 61.785251489813305
2389 47.05597135095814
2390 32.88417662006301
2391 28.55940714411766
2392 24.66780046010329
2393 19.93450075774145
2394 17.676487946549027
2395 16.79643881358326
2396 14.179106091357253
2397 12.376966778009066
2398 10.958873156342747
2399 8.891580348718241
2400 7.173387362157716
2401 7.156691668071948
2402 6.788147890118817
2403 4.034023672986349
2404 3.009774096900545
2405 2.603167756468576
2406 0.9971213275472951
2407 0.32718370434737326
2408 0.00038361104753143615
2409 0.1179846283377287
2410 0.7299297816093714
2411 1.8014041891483132
2412 4.3857820034876855
2413 4.652482347620908
2414 5.556698964556405
2415 6.519112119715759
2416 7.729462460058878
2417 9.425687207965941
2418 13.810472574452417
2419 22.702115123917835
2420 23.05853597728022
2421 19.915943162073425
2422 13.539859050738867
2423 11.235064732184432
2424 9.322824754766287
2425 11.57069153537869
2426 12.375887117941973
2427 12.878263480374331
2428 10.283402358432802
2429 5.597562224748864
2430 2.17927696232282
2431 0.8587781641176706
2432 1.0230074160401654
2433 2.5484093391028497
2434 4.92912121371505
2435 5.505961630189443
2436 7.754817414365533
2437 13.213607908252174
2438 17.137544913227583
2439 21.393652244499243
2440 22.983794166597132
2441 24.07935388011029
2442 23.87972392143604
2443 26.12681003196628
2444 40.761243831077664
2445 53.040087161235064
2446 56.26700565809817
2447 61.922638704636654
2448 68.82163103937481
2449 73.87501114391394
2450 72.40256530908536
2451 58.959086606399914
2452 54.53152257664743
2453 39.32345368095962
2454 24.256584963490134
2455 19.275279754859646
2456 16.29380418117328
2457 18.66075275271397
2458 15.5927923184377
2459 13.079515820681843
2460 9.531774469579515
2461 8.347477087284275
2462 8.023696760716524
2463 9.098391481915085
2464 8.080865129842858
2465 6.129457063227755
2466 4.301598836564571
2467 4.351830633302486
2468 3.8269959359176333
2469 3.202569066948065
2470 1.108319795905171
2471 0.0907422453162101
2472 0.010126283086004719
2473 0.023558027993262343
2474 0.03514942625613903
2475 0.688646066008698
2476 3.179458997792758
2477 4.383237961834579
2478 5.643412944417463
2479 6.269755022754277
2480 9.083557969276724
2481 15.68838659345628
2482 21.023214043530505
2483 22.897750548428363
2484 20.060416947877208
2485 21.208157001593005
2486 14.786546201658537
2487 14.410030586064897
2488 11.756348177730146
2489 13.426174678562003
2490 13.214595324756246
2491 10.305626329125905
2492 8.865631876987484
2493 4.555758909778942
2494 1.3268341904645458
2495 0.40844795018794977
2496 0.7958907378643201
2497 2.1234153062372454
2498 4.731740092374527
2499 5.117696271821797
2500 9.122658592313282
2501 13.003090337756081
2502 17.67968150962042
2503 20.10988507256998
2504 21.741473985314208
2505 24.206181344737896
2506 24.83066099676472
2507 27.860135533929906
2508 39.43026095026986
2509 45.54815807534646
2510 56.00414617910532
2511 60.99374471298403
2512 72.33061587803806
2513 81.34952610981493
2514 67.96141094164649
2515 55.40015047834115
2516 50.903431869938025
2517 37.00380079929749
2518 20.374583310190566
2519 15.10303808520176
2520 13.965853722254836
2521 17.757660482485882
2522 14.891750996613517
2523 10.503679282405528
2524 7.565764999037868
2525 7.85825893089371
2526 8.390990907179926
2527 7.985869957289397
2528 9.45554368080449
2529 8.084935275398442
2530 4.809558589052083
2531 3.522722719801768
2532 4.510554889280636
2533 4.240958191051124
2534 3.1267429679598484
2535 2.3048281646731543
2536 0.7864775282693045
2537 0.14141963072416353
2538 0.03800815156604085
2539 0.7557995353166784
2540 3.0487666064749916
2541 2.310162409299134
2542 4.27675251240398
2543 5.469212400208815
2544 9.67035743908809
2545 17.745091192338485
2546 22.075175702643882
2547 22.6757714072493
2548 19.59118823941107
2549 21.567886993597494
2550 19.42946973688844
2551 16.899640721582934
2552 18.110092411616787
2553 14.00552962930425
2554 11.754506266296627
2555 8.444827375180422
2556 7.617118480658741
2557 4.265441146109998
2558 1.9782701363145656
2559 0.3984690308910158
2560 0.08309421208618416
2561 0.9882495606060538
2562 4.133407681985333
2563 4.749640139471154
2564 8.007249184364102
2565 11.923154003281834
2566 15.779058068886425
2567 18.59347527258038
2568 19.826183277890006
2569 22.92116422512371
2570 23.70472831117457
2571 26.75035651550541
2572 36.96544566951077
2573 44.00096391674607
2574 55.18957027577628
2575 61.740342131915874
2576 68.2057429658378
2577 70.37981018361698
2578 61.41765121211711
2579 51.93993199216957
2580 41.31751073820866
2581 29.594108720204282
2582 18.632846308761053
2583 12.559351668832436
2584 8.833962741823234
2585 8.732206542592051
2586 6.6037108221101155
2587 5.4797672921416405
2588 5.7023046133113455
2589 6.498929152277612
2590 9.007304622285762
2591 9.413888896792079
2592 8.692813093963279
2593 8.744126717798837
2594 5.405413610535712
2595 5.151668704913826
2596 7.518202464506248
2597 8.519178246372979
2598 7.145706425337382
2599 6.472764592935392
2600 3.2949781921149364
2601 0.9943921378178269
2602 1.0018777643361971
2603 0.05260443344864737
2604 1.9501363993576462
2605 2.262944202352744
2606 3.456166150387464
2607 5.7511328519039795
2608 9.239460919397812
2609 15.128857554864984
2610 15.496158189543651
2611 20.1543612851047
2612 18.629477810998125
2613 19.143356230277085
2614 15.56315767413393
2615 13.538759285871233
2616 16.58448518990566
2617 14.007974176899664
2618 13.020332438579759
2619 8.74966214436841
2620 6.430289210779093
2621 3.1100101166162335
2622 1.3507764818204475
2623 0.22284498354947332
2624 0.08191592161162493
2625 0.36632784960158987
2626 2.2645953806010666
2627 4.040544098222231
2628 8.149629055403539
2629 11.870919171969252
2630 14.73033443290894
2631 17.612537187255665
2632 18.596868551709473
2633 19.6776306728985
2634 20.97603693699746
2635 28.66763640115318
2636 33.82580061789917
2637 44.118355876956365
2638 52.70224682260293
2639 57.68582552385854
2640 61.81806705180634
2641 60.588353537274465
2642 52.55772696882635
2643 47.480159730905186
2644 38.65395863855123
2645 24.738230229598248
2646 14.46693616736638
2647 10.878051158449857
2648 7.21802034509725
2649 6.768166794974404
2650 4.035448160578628
2651 3.8205872672324377
2652 4.0609232112835345
2653 5.515677838285621
2654 9.991551402829622
2655 11.403305012328937
2656 12.758917354699662
2657 11.928678573691267
2658 9.879139115195075
2659 7.526023044834937
2660 7.234920495453655
2661 7.807984482064568
2662 6.3618483672555675
2663 5.441677661909586
2664 3.2231757390166753
2665 1.3955267009545516
2666 1.120624185757289
2667 0.0679982472684739
2668 1.0930816156490004
2669 2.20150931107567
2670 4.016177688701384
2671 5.578487463362803
2672 8.02386241586617
2673 10.752985981593943
2674 12.788413287050313
2675 15.890179533273287
2676 12.236714536317328
2677 14.23041719390235
2678 13.461602381384923
2679 12.109132152086204
2680 12.384901133796625
2681 14.509803445472365
2682 12.359683143642284
2683 10.010650375550041
2684 4.434253525583622
2685 1.8681555582637992
2686 2.041307663566218
2687 0.5871260993064626
2688 0.14638156859141158
2689 0.020540805966283715
2690 1.302791671306768
2691 4.271141996192786
2692 8.86728073511189
2693 11.935118159854934
2694 13.21641091624962
2695 14.358057021845688
2696 14.223159189898114
2697 16.98175153282812
2698 19.134292677266174
2699 27.48543481761927
2700 30.717875813221795
2701 37.10939092327929
2702 44.774327987174544
2703 50.617484201222325
2704 55.58000877051324
2705 51.42748983204552
2706 44.23883118650315
2707 39.64103374991296
2708 39.74452614787243
2709 25.920825846451045
2710 12.669050659319996
2711 6.882923591817839
2712 4.254641959452761
2713 4.497463551402941
2714 3.7656030643263128
2715 2.418158829237463
2716 3.276826558531001
2717 5.883737534135177
2718 10.699471060879281
2719 10.487772523941139
2720 11.793641288303954
2721 11.793396405188156
2722 15.424832448837194
2723 12.337311871275743
2724 9.563011168332153
2725 9.634758668312246
2726 6.114316415692802
2727 2.6822329855614897
2728 3.614433405048129
2729 2.4098407809932767
2730 1.2529733054835843
2731 0.19958641233245977
2732 0.6619767895322277
2733 1.8126791633642914
2734 2.9201081889313705
2735 5.0026739944966
2736 6.142068252615931
2737 5.966291385919751
2738 7.214216574820172
2739 7.579682614228372
2740 10.834574888735299
2741 13.712932992203259
2742 11.928679912686876
2743 11.616417950390531
2744 11.027004511640852
2745 10.449475519117225
2746 9.996078897167349
2747 7.5714919758536325
2748 4.212070064766398
2749 2.8267356729735535
2750 1.8027554475493328
2751 0.5341831849634986
2752 0.568630248113472
2753 0.07870470111458505
2754 0.3263099882621416
2755 2.79492979085418
2756 7.8520050110323405
2757 9.976335083508557
2758 10.101202296960698
2759 12.708450967075624
2760 15.590722677540294
2761 15.05075825572065
2762 15.254912773073261
2763 21.696947667492324
2764 24.913654487671927
2765 32.293762649536205
2766 36.637581189830016
2767 40.24900225986429
2768 45.6944296852483
2769 45.726428777583855
2770 42.44010399762644
2771 33.54511942053172
2772 31.733634616427665
2773 24.334466850827354
2774 12.791876866673192
2775 6.1779933292571725
2776 3.118730565748889
2777 2.1960460755223403
2778 3.4546578654386546
2779 2.6203677098563003
2780 3.237953549116299
2781 6.006299639366678
2782 8.62714838757967
2783 12.824092033704193
2784 14.865842931119259
2785 13.757131733946249
2786 19.250347302954204
2787 16.69881824180938
2788 13.693232535122746
2789 10.38509501167782
2790 9.05574795193144
2791 5.539929383336667
2792 4.5513640520132475
2793 1.5622776624029675
2794 0.8585985779353679
2795 0.4291572585594281
2796 0.20856147458290022
2797 1.8969255500266053
2798 1.992332144062124
2799 3.9255311489021363
2800 4.014652928215301
2801 3.4568958502783986
2802 4.366191504337529
2803 4.677555475697451
2804 6.595874861760737
2805 7.835510508087334
2806 10.783568196651409
2807 11.025114521462593
2808 10.83127386968043
2809 8.505597651276062
2810 9.130862043170085
2811 6.603940079524034
2812 3.8756587246293686
2813 2.914722033483668
2814 1.696665030747592
2815 0.46400031117049834
2816 0.5231218151791963
2817 0.26646563131556983
2818 0.1804538318031857
2819 1.9193533046024605
2820 5.31257215902097
2821 8.06819886096304
2822 7.875483120627531
2823 9.42505896424496
2824 11.446436370286532
2825 10.599703366455026
2826 10.563784344202766
2827 15.439478340050904
2828 19.677863247721408
2829 27.391474066516068
2830 34.392100032401636
2831 36.17776922172844
2832 42.31925660858884
2833 43.79084808848118
2834 34.66926481450714
2835 31.19065707667625
2836 25.575172051652284
2837 19.12097009391569
2838 12.776760264865317
2839 5.463884535105626
2840 3.4895682691096064
2841 1.4428387114907693
2842 3.175640496444846
2843 4.122621894001443
2844 3.7069262729640604
2845 6.710421768920905
2846 9.886149196880426
2847 16.260308024963717
2848 19.088809006887583
2849 18.904193372901055
2850 16.077608337687774
2851 14.369352727224245
2852 15.271945361947393
2853 7.217226752504227
2854 3.235316654902622
2855 4.366912515545037
2856 2.9159571982467822
2857 0.6641510891596596
2858 0.28171864792990603
2859 0.7464449110502799
2860 0.006771533964637485
2861 0.3652771179876662
2862 1.150833038913699
2863 1.7236002435904172
2864 1.762088499969911
2865 3.158449792257172
2866 3.054384718935062
2867 3.2728657829542174
2868 5.4897130268507235
2869 5.359983424693461
2870 9.628917983177555
2871 10.891693073446657
2872 10.211126107867914
2873 9.128313826004712
2874 8.016962927596527
2875 5.880416967261685
2876 4.098327686585473
2877 2.4074829548289998
2878 0.7088263722281983
2879 0.4340278341273918
2880 0.6703621779716602
2881 0.29365727917683115
2882 0.20760613222153915
2883 1.1978868543411825
2884 3.9627892577222275
2885 6.067439155778029
2886 5.978805764877179
2887 7.449290166043041
2888 8.146869262505827
2889 6.832389404795944
2890 6.616791006976932
2891 10.26929801003901
2892 19.64517438873871
2893 21.086583113576665
2894 28.7294070665464
2895 33.80338796949916
2896 40.01571773770306
2897 41.31679320275449
2898 33.124199496983145
2899 27.61169317238727
2900 23.739120295216416
2901 18.259905524532574
2902 11.183237196890847
2903 6.48883389019868
2904 3.1713651259892814
2905 1.809130195973306
2906 4.621895903046409
2907 4.748342084008328
2908 6.7771634592301515
2909 9.91500015060063
2910 11.116227581784571
2911 17.534517782705073
2912 18.817755859708537
2913 22.57169074002218
2914 21.250623451925804
2915 10.953660762553248
2916 14.7986399519413
2917 5.420616412983043
2918 2.573294569740353
2919 3.523441120209264
2920 1.4766755600511419
2921 0.19939280591831351
2922 0.04849767909548829
2923 0.5067176324152591
2924 0.23254375952696935
2925 0.011368680628178366
2926 0.1803852341503156
2927 0.8817698028507465
2928 1.0652961624798818
2929 2.804962354160748
2930 4.327882024142317
2931 5.547673257214226
2932 6.628862593764401
2933 7.628610453674045
2934 11.855528466065559
2935 15.32478316126798
2936 11.185849882476225
2937 10.325680066395527
2938 6.078929692307502
2939 3.986496625930231
2940 3.20598544934418
2941 1.7213366193104946
2942 0.9437330521056925
2943 0.39388837517186415
2944 0.05337669185418706
2945 0.00031117114729318406
2946 0.24302133475000226
2947 0.6346581956386774
2948 2.3196154787444345
2949 4.430586720747505
2950 4.461960432054397
2951 5.490200681660704
2952 6.066951589527803
2953 5.375468687547525
2954 6.937123997051026
2955 10.395032372162312
2956 16.80650600172072
2957 22.52056108777203
2958 27.88273327779318
2959 28.48200226861159
2960 27.024022208988267
2961 30.1883440248877
2962 26.359334222695985
2963 25.34073889259813
2964 24.552752569723662
2965 17.976233020330028
2966 14.628647481996488
2967 7.792971632916541
2968 3.8947780023395397
2969 3.7536584695909343
2970 3.2348707026629926
2971 4.540075408802949
2972 9.564132399941304
2973 10.837103695465556
2974 10.131718950705991
2975 14.863391654376837
2976 15.462284437440877
2977 17.28414265754836
2978 17.675219094897184
2979 11.841908358412581
2980 10.614800241662348
2981 9.033906644922684
2982 6.384643142885793
2983 3.4052455276023617
2984 1.3484487448324973
2985 0.3067077621308274
2986 0.11055966556527083
2987 0.07035381409935244
2988 0.010349947202003041
2989 0.00216874057832909
2990 0.1196380115499679
2991 0.6720288485712755
2992 1.5952645353420827
2993 4.55894192578131
2994 6.30475609551061
2995 9.605472033714873
2996 13.146317842821833
2997 15.472395069522337
2998 13.863887549933722
2999 16.24882897182696
3000 15.437221601216612
3001 10.062580775080368
3002 7.272065985889183
3003 3.1933925543023163
3004 2.883323696788883
3005 1.5143272062145077
3006 1.3551616478573316
3007 0.6239300583714977
3008 0.07835274766091745
3009 0.08441737360798036
3010 0.2858861710791239
3011 0.8325801182127328
3012 1.484639194278821
3013 2.8805198850969904
3014 2.870503015672475
3015 3.575545614872925
3016 3.1486917565733514
3017 4.568329456543935
3018 8.904108395950823
3019 11.319792173842925
3020 17.389995911073633
3021 19.591514100768194
3022 21.306734488881684
3023 21.868886245879345
3024 20.857752098522838
3025 18.99817147878553
3026 16.486496112625048
3027 18.94254397269771
3028 14.76185216479991
3029 12.529907773609342
3030 10.643199530464539
3031 5.100974668011382
3032 4.505625842116283
3033 2.6403298593449
3034 1.8205889227503955
3035 4.3309632917283185
3036 6.96979303651406
3037 6.562367881926677
3038 6.15861921549054
3039 10.183360237226028
3040 11.448938145061254
3041 12.98414561840985
3042 11.401285195412441
3043 9.792583085066722
3044 8.058065145442209
3045 10.113776819253749
3046 5.541539513233312
3047 3.1818538480282696
3048 1.5044053844675596
3049 1.9665148814921356
3050 1.372082820858587
3051 0.5824827579225501
3052 0.08968270029892085
3053 0.006856525798809179
3054 0.6295291956248388
3055 1.3393745985831391
3056 3.180271500263248
3057 5.010764997839981
3058 5.72226428908566
3059 9.924064795938914
3060 11.571903808964684
3061 15.715289375701737
3062 13.62205634901101
3063 14.378073169636917
3064 13.918674504544505
3065 10.978350150910373
3066 6.480335022244883
3067 5.322645182057566
3068 2.8686988092841648
3069 2.6074002933941025
3070 2.9218346918088716
3071 1.17136828035434
3072 0.08215040225358834
3073 0.056181946605110514
3074 0.29781693768269957
3075 0.8979022705007197
3076 1.3395288647107013
3077 1.8448959247476062
3078 1.8621753191769665
3079 1.7340970723255111
3080 2.4227561736865164
3081 6.283753128256542
3082 11.363125673289327
3083 13.87796980658387
3084 14.729964911935463
3085 12.852082552472863
3086 12.277371385301299
3087 12.729797894062363
3088 13.021554259354236
3089 13.381312380148708
3090 12.201067303750477
3091 9.999978101014607
3092 8.364638009971465
3093 6.944292478293127
3094 6.4494817748081275
3095 5.446850659079324
3096 4.820062869923638
3097 1.9060605958334804
3098 1.710703521829334
3099 1.4725543711980618
3100 2.2452213023594894
3101 2.3301417264997037
3102 1.7800088786770067
3103 3.437870587704371
3104 6.105581074980117
3105 5.0624577494788205
3106 4.767297271337247
3107 5.573093530890427
3108 6.467036901620492
3109 4.178620913108837
3110 2.5443396279702095
3111 1.6819747702861036
3112 1.6595947779816398
3113 1.9351559264840283
3114 1.1941742747688733
3115 0.41595748757078016
3116 0.38675296374181034
3117 0.014890988059966736
3118 0.11010010969161084
3119 1.2672519756049563
3120 4.021067979999973
3121 4.952942241734179
3122 8.418051215747882
3123 11.119265059754799
3124 14.453158489504636
3125 17.586075580300108
3126 12.455694253939175
3127 12.213661316978417
3128 10.6723140076998
3129 8.925722893713415
3130 6.714641439529727
3131 5.904456936375209
3132 3.899842981232589
3133 2.5527287559784955
3134 2.5614556185041613
3135 1.5650714473009482
3136 0.002227708123273101
3137 7.962585074741489e-07
3138 0.1394783102644147
3139 0.864942592046344
3140 0.7141189604012591
3141 1.2520131197997733
3142 1.1753669823941975
3143 1.1499341399618639
3144 3.419368060726734
3145 8.351921441745516
3146 11.22145099161305
3147 13.664437006072108
3148 11.642013556515597
3149 9.025949148570016
3150 7.798627683429902
3151 6.857126827562506
3152 7.449877221481084
3153 10.600597489411234
3154 10.142881115088295
3155 7.915401281175561
3156 5.901589083332149
3157 4.993982376775709
3158 6.534575482253372
3159 7.339423443264352
3160 5.371069801648359
3161 3.079641932757832
3162 2.566088140051198
3163 2.2283991558710188
3164 1.708483637959677
3165 1.9793905247131722
3166 2.1785881743091533
3167 3.1020674151850867
3168 5.366860536261805
3169 5.274225938525099
3170 3.72649060301307
3171 4.171816924113402
3172 2.609451857561818
3173 1.3484043009013595
3174 1.7675694266927158
3175 1.1455443375272871
3176 1.2769008103432111
3177 0.8834139902980376
3178 0.7248384512932098
3179 0.5300691065942574
3180 0.7044916194861874
3181 0.021412311134482817
3182 0.3654032401055679
3183 1.0191421762239237
3184 2.4010457395158946
3185 2.2843162612926697
3186 4.575834420664574
3187 9.935014147272351
3188 11.47126497936131
3189 16.518684034708315
3190 11.655426610942685
3191 11.239402608616352
3192 8.62656581360986
3193 8.882622685956836
3194 8.555237397687375
3195 5.055366585838518
3196 2.8846221842766
3197 1.8495389949397916
3198 1.4328108469975867
3199 0.7499014724769268
3200 0.001429009589024054
3201 0.010246082583135205
3202 0.03194965746575179
3203 0.2912025596389201
3204 0.15841605648308435
3205 0.5882497354702855
3206 1.9420934783444923
3207 2.707204211211118
3208 4.662335113626339
3209 8.819710923971158
3210 10.757689259998205
3211 8.224440721547634
3212 8.187237271185552
3213 8.126935601029027
3214 5.287016577435825
3215 3.0002951586503923
3216 2.2087709587289632
3217 4.278084466801674
3218 4.814803504523902
3219 4.605254958034685
3220 2.628961949065721
3221 3.409748755529499
3222 5.120299256560172
3223 4.079083805634348
3224 4.947517402922825
3225 5.339052441852858
3226 3.4479674032656322
3227 2.853402971785092
3228 2.6305425141359478
3229 2.2687422135626987
3230 2.9812581117663086
3231 3.145122774444622
3232 4.108617593376877
3233 5.784024074697609
3234 4.313397790844497
3235 3.4921899126268863
3236 1.9551236571636426
3237 0.24168647277719188
3238 0.11747877171863243
3239 0.18150266117915864
3240 0.5629963991495598
3241 0.8193835948483399
3242 1.1028935761780043
3243 0.5933185594144864
3244 0.30644223639980633
3245 0.007503984246776706
3246 0.6434599397581082
3247 1.1331431519382298
3248 1.4989934305069088
3249 1.3809547004078602
3250 2.6679085659796136
3251 6.501705489206209
3252 8.904607737645835
3253 11.201287016854444
3254 10.263447286519908
3255 9.627783700793067
3256 8.559777483138834
3257 7.318391270129958
3258 5.997228544793491
3259 4.951398442269211
3260 2.5292186718835556
3261 2.1893674405442236
3262 1.2745649075234713
3263 0.8101882197594021
3264 0.0010600380789962261
3265 0.011779783103761772
3266 0.06337230595857181
3267 0.05975205167011694
3268 0.02277180393130752
3269 0.575428444414522
3270 2.920650269516322
3271 5.338170408702824
3272 6.369563269892144
3273 11.305343535263253
3274 8.912984235431953
3275 6.002170889675907
3276 5.153768117221087
3277 3.7768491559205457
3278 2.313743721727752
3279 1.0473073119881766
3280 0.5529217598028203
3281 0.35343718282083375
3282 0.7763687227382716
3283 0.48196588195172096
3284 0.47113559238297215
3285 0.2683779597598422
3286 1.735944798786668
3287 2.327227242829186
3288 4.089019394301896
3289 4.544422479388379
3290 3.64335815825435
3291 4.416796835923762
3292 3.1133121707849623
3293 2.816790501167149
3294 3.1287676923200336
3295 4.091630829015109
3296 5.865024465617564
3297 6.191551926661638
3298 6.0991731975390415
3299 4.3143326065759595
3300 1.983469113535898
3301 0.35031064105768517
3302 0.401451315965403
3303 0.07867563155526834
3304 0.39855151037664616
3305 0.4330290579076678
3306 0.30813851713894475
3307 0.22956446871617345
3308 0.16120343261997624
3309 0.03617966823827327
3310 2.41562542440007e-05
3311 0.23407127888167928
3312 0.2178607803070942
3313 0.31463519746342405
3314 1.0363511250475748
3315 3.128024351942238
3316 6.407334564758645
3317 6.711581971284292
3318 7.375305532994971
3319 7.494323943475056
3320 9.74411105880283
3321 9.615713267576709
3322 5.8948706774066055
3323 4.224850710986019
3324 4.54560314298371
3325 3.5192500684866905
3326 1.8280921435363153
3327 1.0770032891420562
3328 0.00098707207105246
3329 0.040845742692967354
3330 0.22916682224602417
3331 0.25502146331949127
3332 0.006949584799497462
3333 1.1397328303379899
3334 3.6472347708867705
3335 6.832920838455612
3336 8.31828510269597
3337 6.810151128048368
3338 7.611446999638183
3339 6.456104167132898
3340 2.995509907985741
3341 1.8853234077657215
3342 1.189021793984104
3343 0.20153964449909403
3344 0.025611144548455908
3345 0.00582075618167712
3346 0.057671543573471325
3347 0.03971492854867906
3348 0.059577099743498854
3349 0.18368916001408792
3350 0.3431332887015047
3351 0.5608766499769136
3352 2.5315211325131504
3353 2.8807173199216236
3354 3.376611035404982
3355 3.6888345977410313
3356 2.660007705346861
3357 4.476229323708899
3358 3.63438553383241
3359 6.082655353136605
3360 5.861556492479276
3361 5.974706642872028
3362 6.16750249782794
3363 5.7669720006382255
3364 2.7286259137144735
3365 1.0273553798609578
3366 0.5701475266766826
3367 0.4552235846176773
3368 0.16409238776224674
3369 0.023261342983301115
3370 0.013701567644785233
3371 0.07794766276831973
3372 0.06285256641754002
3373 0.012802350542334393
3374 3.309707914815122e-05
3375 0.276235592078647
3376 0.07088300606793896
3377 0.28111741525195805
3378 0.5194363091701453
3379 1.8396126113265727
3380 3.1439298371108926
3381 4.101862315994044
3382 5.4014820736720655
3383 7.761864525383479
3384 10.669396247900643
3385 10.352294825707597
3386 7.075866221102248
3387 3.9478166395366054
3388 4.685096899189354
3389 4.505372268472743
3390 2.85212838917611
3391 1.2529940394423147
3392 0.0757945035637302
3393 0.08109303845307446
3394 0.30888916989703036
3395 0.2705897399345099
3396 0.04567335972573808
3397 0.5026079386737886
3398 2.4401867548867813
3399 6.624640702311103
3400 4.785118293279587
3401 3.1095873695637617
3402 4.578515359175682
3403 4.924033274038545
3404 3.2027894730374458
3405 1.234332601257195
3406 0.4177290597278282
3407 0.0017797824316781233
3408 0.02089274780965321
3409 0.1363411738490122
3410 0.1590823498609924
3411 0.009583056687756273
3412 0.23669089171290483
3413 0.1478558430079316
3414 0.36853895994571845
3415 1.051195393760995
3416 2.14974574867289
3417 1.8963901357285247
3418 3.0787072556060777
3419 4.701857034052262
3420 7.303847689097824
3421 6.57733371989487
3422 5.496220850932714
3423 4.722302714142004
3424 4.297307373403519
3425 5.234409019160246
3426 5.233967984155317
3427 4.502590974485837
3428 2.7490086609994244
3429 1.563366550315064
3430 1.5516727001164403
3431 1.4799130802347567
3432 1.8861122043717469
3433 0.7548369870053883
3434 0.1222287014446557
3435 0.015860086899673567
3436 0.05349728816614941
3437 0.002361326682662874
3438 0.0001055157927873912
3439 0.34251361545638637
3440 0.5463383865891424
3441 0.7532625024097827
3442 1.6671159361484909
3443 1.8587743357689142
3444 2.6178940182048924
3445 4.189139664968826
3446 4.559346766330912
3447 7.417635148420937
3448 9.545120493308723
3449 8.121531042880102
3450 7.924057875286939
3451 5.093052679988464
3452 4.630709357756123
3453 6.324218405762766
3454 5.0762376926991335
3455 2.548948382977312
3456 0.19440323165326737
3457 0.2209660202201318
3458 0.27970575431448447
3459 0.04606782119455465
3460 0.0034308383123023037
3461 0.10896791934478409
3462 1.7802330367187225
3463 4.860453033881929
3464 2.150598611448371
3465 2.216627407215843
3466 2.780958313606024
3467 2.786580087228256
3468 1.8752152689988708
3469 0.6068546311020382
3470 0.05962865548229008
3471 0.12571467119853488
3472 0.15283476137489385
3473 0.3983078014377851
3474 0.19041263705797937
3475 0.019333981994270426
3476 0.07502222346275704
3477 0.3874381304549207
3478 0.4709742347686882
3479 1.4300201412612368
3480 2.036782519651917
3481 2.573755292149935
3482 4.090712232985681
3483 6.85806060062204
3484 8.190201359509004
3485 6.6389638167004215
3486 5.344034827002185
3487 3.888027206034651
3488 3.2661753025956033
3489 2.9821855357264875
3490 4.562883765727562
3491 3.853188802040961
3492 4.45385173384206
3493 5.232833241299504
3494 4.47559623396236
3495 3.1651545101982523
3496 2.5291040076711067
3497 2.0727840242646205
3498 1.2734483104399428
3499 0.3355401242848293
3500 0.009104492926571499
3501 0.07276144938990906
3502 0.0018125359311322133
3503 0.41615691666075
3504 1.1430848097919775
3505 0.7126497151557543
3506 1.0839958190063452
3507 1.195985352523218
3508 2.402032524812781
3509 3.580511608644606
3510 4.62406243655372
3511 8.211017114155942
3512 7.194023498143437
3513 6.917104648323246
3514 6.094100965162164
3515 5.8481154226816106
3516 3.476349118433006
3517 4.4605967843808605
3518 4.626721891217592
3519 2.902945691997179
3520 0.5442594067180136
3521 0.7078763087853825
3522 0.41550363831855297
3523 0.22931591746670063
3524 0.11604838490617016
3525 0.4736555745881822
3526 1.4937958611520612
3527 1.4727350072712386
3528 1.7694600557550935
3529 1.5764884602516247
3530 1.4024484990619905
3531 1.2042966433272657
3532 0.9983935605958325
3533 0.17982380737423434
3534 0.00015082022504871214
3535 0.32381052208975547
3536 0.8098903990465859
3537 0.4577907022674098
3538 0.08663083218073481
3539 1.5732206905689956e-06
3540 0.04037380264887008
3541 0.09844762923742888
3542 0.8483219042609818
3543 2.2915103807838606
3544 1.9904294819646928
3545 2.2581126686310036
3546 4.943239207480621
3547 6.850068992886998
3548 7.848948370009927
3549 6.8118399676208785
3550 4.980750026759453
3551 3.2836565619143445
3552 2.1916071839025713
3553 2.328060777393125
3554 3.263142010553499
3555 3.6846884606834176
3556 6.8175659406727185
3557 7.501266428852509
3558 6.904521691405474
3559 3.482491025512845
3560 2.058590395229636
3561 1.8309086792258669
3562 1.2243109504919822
3563 0.9351857799260743
3564 0.5435627882805515
3565 0.23456692368831444
3566 0.018725055492539354
3567 0.12274973261043189
3568 0.5941364460654022
3569 0.7294107451773998
3570 1.4863419598954994
3571 1.5397078846595584
3572 2.7783028905792344
3573 3.799007431619035
3574 3.9144225984776657
3575 4.227453589515591
3576 4.157095376937521
3577 7.303354329253278
3578 5.9644322229778375
3579 5.1491664351494695
3580 4.278193977942138
3581 3.075968707126336
3582 3.2201469639735687
3583 1.8804067067990333
3584 0.3754925073355113
3585 0.7085614968567869
3586 0.42875757304431533
3587 0.823221745618076
3588 0.020199464295444874
3589 0.6424824671043412
3590 1.0704528746462638
3591 0.6597893874969313
3592 0.9992197873347575
3593 0.7220578064843209
3594 0.6881016548440336
3595 0.3250974061738795
3596 0.16914992217318517
3597 0.013623947645911417
3598 0.0006934725174389674
3599 0.07434400942588809
3600 0.46217527533224023
3601 0.467209719681683
3602 0.195903588280432
3603 0.006925284800133956
3604 0.009143716243513811
3605 0.22724131220990157
3606 0.36496082677224795
3607 0.9733278150876341
3608 1.9178188844591444
3609 3.4836682347343504
3610 5.667516413329245
3611 8.363633546176942
3612 9.24514140328665
3613 7.421299920272985
3614 4.263895568070102
3615 3.4690121032531036
3616 2.0764233641504886
3617 2.49238622725189
3618 3.049285179074182
3619 3.5060493458302444
3620 4.030977499128508
3621 5.387849720183886
3622 5.856791316001578
3623 6.145891875358749
3624 5.1015799437559775
3625 2.9200533494496996
3626 2.1745540699327077
3627 1.6565245592127598
3628 1.492297443672884
3629 0.302122708566984
3630 0.002743396133710765
3631 0.09650395458679666
3632 0.43091359731548967
3633 1.4121832475266338
3634 2.589811335569619
3635 1.0068764245418824
3636 3.236966804487465
3637 3.4170064284793407
3638 1.6443318593504497
3639 1.1761618722396077
3640 2.222720629788623
3641 3.5753256987855684
3642 5.626061089894799
3643 2.9982203881756906
3644 2.0553575410822753
3645 1.7728466049448968
3646 1.0900853317417436
3647 1.1426112307692446
3648 0.4172295189058876
3649 0.8020351658503315
3650 0.24034959314249285
3651 0.233797449858503
3652 0.06359260468572274
3653 0.47231848347899313
3654 0.7868913142987174
3655 0.5962329169580005
3656 0.33779988120421267
3657 0.00810595685817706
3658 0.00016046117363718095
3659 0.050787880994194595
3660 0.0002761622673751684
3661 0.06708562078560873
3662 0.09133947813282967
3663 0.015131389777415882
3664 0.022559217430326968
3665 0.12716537900244224
3666 0.06404925184990577
3667 0.05383736208143956
3668 0.02654430454915829
3669 0.05821448463761802
3670 0.23133220948533473
3671 1.0289091517134685
3672 1.5939780071227887
3673 5.405700187094554
3674 7.232539150572557
3675 9.193126224508914
3676 8.69951790378333
3677 6.377763233941998
3678 4.500034854244503
3679 3.8685721110244935
3680 2.429107876658929
3681 2.2876461073555285
3682 5.177321144704713
3683 4.72166600911586
3684 5.485824964627884
3685 5.360159200472983
3686 5.138741296225122
3687 6.608580429262802
3688 6.661389965214795
3689 6.257222648475429
3690 4.282217525499762
3691 2.2534213690272784
3692 0.9657284571401128
3693 0.16932719192641835
3694 0.0021384184624757044
3695 0.15562059838158943
3696 0.46342005815035553
3697 0.9225331028118845
3698 2.43287921522313
3699 0.9852766561518858
3700 1.9237374884223497
3701 1.1963390342878375
3702 1.321601269724891
3703 2.4104735077197765
3704 3.0253287244313283
3705 3.0709699454606425
3706 3.8933655189904544
3707 3.379356529773223
3708 3.2443559001891225
3709 1.7250418842569395
3710 1.4661513637151462
3711 1.008793460756685
3712 0.3244616201613144
3713 0.31030649901781204
3714 0.2544940066792544
3715 0.09724078992111243
3716 0.7141962190298053
3717 0.9581473994549756
3718 0.7198370400425476
3719 1.0606312084722096
3720 0.5944686209825812
3721 0.22423580166543497
3722 0.032817700411708735
3723 0.07111421998476015
3724 0.25996753445942195
3725 0.23803668688560312
3726 0.02543171360477818
3727 0.0032483298037874297
3728 0.005488985051127893
3729 0.03998197659420082
3730 0.07688229460454674
3731 0.08519804109223683
3732 0.13531830250704532
3733 0.22929336997790156
3734 1.083333128939368
3735 2.548523747180675
3736 2.900863939604168
3737 4.2870846339152
3738 6.926172901652643
3739 7.68340961888734
3740 9.970877163590455
3741 6.5562119889481245
3742 6.224112732602175
3743 2.87179882046648
3744 1.8668604923495575
3745 1.8884123132937518
3746 2.9191901379616163
3747 3.3582465988369763
3748 3.161010409434665
3749 2.7625443457823353
3750 2.605869581037785
3751 3.540567199311856
3752 3.264033317154735
3753 2.083273400048387
3754 0.9709797363209111
3755 0.5128181527699035
3756 0.1551088378973736
3757 0.1581958680863336
3758 0.0908292862970686
3759 0.047814766797860495
3760 0.3699886839661743
3761 0.5983454159881925
3762 2.2321572227020305
3763 1.5199539593169837
3764 1.5970719582096313
3765 2.024039820500164
3766 2.11877657745776
3767 2.6520262573279467
3768 2.6811630966468782
3769 2.472083006825374
3770 2.987788433596183
3771 3.1420486034551742
3772 2.3277290336499266
3773 2.093041384855689
3774 1.876770315021556
3775 0.931184593669428
3776 0.19380390017043117
3777 0.26657261980238345
3778 0.16876399259757566
3779 0.29881228279968786
3780 1.24236578919608
3781 2.548456385743604
3782 1.8053234711550816
3783 1.7310014266688492
3784 1.0918872953394816
3785 0.21228766794447151
3786 0.13949886683529789
3787 0.006502157025478513
3788 0.151516531028798
3789 0.18906092228900445
3790 0.0027449792772314394
3791 0.0519521385881659
3792 0.051683263810084715
3793 0.01586491668952817
3794 0.15049934860241418
3795 0.02878820155775765
3796 0.012540748173704855
3797 1.1994586886015988
3798 1.6778754644848637
3799 2.013391044511063
3800 2.5331527518076213
3801 4.8541657819786606
3802 6.123046124990396
3803 5.176235355937102
3804 5.5240226548280145
3805 4.8222550518200755
3806 4.894381658336804
3807 1.9716918943162327
3808 0.596424508469872
3809 0.6254322530009633
3810 0.7571508015667369
3811 1.1710917366450044
3812 1.6503450562872382
3813 1.8574864467870027
3814 1.6511264605302243
3815 1.0258575394209148
3816 0.16981698460875966
3817 0.07034943752230537
3818 0.0572905795146915
3819 0.010547241240566219
3820 0.14984034750435987
3821 0.05759630960411133
3822 0.07720902409176594
3823 0.3189662600895626
3824 0.10353593185939977
3825 0.505514355577997
3826 1.783194562880735
3827 1.4726201165809962
3828 2.508795591095718
3829 3.5626285850799535
3830 2.966864316141107
3831 3.1575201901540138
3832 2.3605855259644635
3833 2.277560171537851
3834 3.4139713408814245
3835 2.8524267288551752
3836 2.3932420549621893
3837 3.077364320326984
3838 2.3738826330064335
3839 1.0418177528089858
3840 0.21009548656418317
3841 0.1762647697316126
3842 0.04994371816047317
3843 0.13171742655182256
3844 0.64503136002366
3845 1.7663924910664333
3846 1.9319740447103921
3847 2.291537601716315
3848 1.886613312623898
3849 0.8529029494432417
3850 0.2965379162606797
3851 0.00464424779744417
3852 0.03854872198786066
3853 0.38752727013314375
3854 0.5991324047923061
3855 0.15411582965425055
3856 0.19807287209895277
3857 0.17565832948290275
3858 0.27812432175073676
3859 0.24325849954588494
3860 0.033322508587996034
3861 1.4032413940624808
3862 1.712585973043892
3863 1.867278110128075
3864 3.2298883421296094
3865 3.7289889100640448
3866 3.8270482264061823
3867 3.576382464394874
3868 3.2427621116387337
3869 2.651621708414437
3870 2.7532430010994564
3871 2.4067746006406994
3872 1.0351343219735478
3873 0.7871761357481059
3874 0.6810541680767261
3875 0.7629913239103313
3876 0.6630001860222494
3877 0.7409644794472819
3878 0.30541462067703873
3879 0.3345327973794156
3880 0.0189363197864557
3881 0.0408564243280085
3882 0.01284587734567877
3883 0.013814276064984164
3884 0.4345090702071381
3885 0.7283723548712842
3886 0.4738299320957091
3887 0.26005309775583973
3888 0.1036599361871962
3889 0.1203426465648452
3890 1.6700616847553877
3891 4.012970419277464
3892 4.474310402910807
3893 2.917598336209064
3894 2.182404235542788
3895 1.4932878355433186
3896 1.6452723231625284
3897 2.2088205561434116
3898 2.3415514798454824
3899 1.9177573049540795
3900 2.048953531331096
3901 1.3313079411353055
3902 2.492772851054405
3903 1.4135764340928194
3904 0.11996028922401722
3905 0.20517802336096305
3906 0.07376775072070332
3907 0.10540215747378455
3908 0.2867137438464131
3909 0.9618339470601376
3910 2.279625397492052
3911 3.032315940655069
3912 2.963771491026251
3913 2.2383973525907233
3914 1.401932208807445
3915 0.38970464337514515
3916 0.00017979500314536007
3917 0.2787607398144165
3918 0.9420703607896485
3919 0.3381306354778943
3920 0.3992717188801502
3921 0.8318796294323255
3922 0.1246493873329498
3923 0.23174512568195804
3924 0.0942939978559253
3925 0.03094697747847047
3926 0.3448696482999013
3927 0.4665902932847952
3928 1.4333351935387155
3929 1.5753542137451249
3930 2.7388078381932575
3931 3.5450147131174097
3932 3.6936132167655056
3933 3.411714132875096
3934 2.6994821679998737
3935 2.0429823294749605
3936 1.0481250640286601
3937 0.6825775392007457
3938 0.8559216131572422
3939 0.6692991536327785
3940 0.4160710222003999
3941 0.16431122624585418
3942 0.04781442490300741
3943 0.005023675937098904
3944 0.014908345127535128
3945 0.06765930501692334
3946 0.001028088014714635
3947 0.023178952059230245
3948 0.46929666607923487
3949 0.42452142869757703
3950 0.300972093095541
3951 0.31771458976955413
3952 0.2612190119354551
3953 0.3963721230904889
3954 1.747858148431479
3955 3.831025077134042
3956 3.0667595809408073
3957 2.8884264905705086
3958 2.1356333806785934
3959 1.3686377505487153
3960 1.578459992404475
3961 1.7696796161569235
3962 1.3173871916200157
3963 1.4455958717172797
3964 2.250587873072982
3965 2.07150512091845
3966 2.617734579787186
3967 2.824637349091516
3968 0.527683579579627
3969 0.47788993217824194
3970 0.1527319994604629
3971 0.002213589008766929
3972 0.17127282983268832
3973 0.3016264789616269
3974 0.565613394545894
3975 1.1041382373798823
3976 1.0099998055035158
3977 0.9977926667053574
3978 0.48672366997830735
3979 0.1428232853885064
3980 0.01876407233270845
3981 0.21696539319944197
3982 0.0965746189843225
3983 0.06788316597715527
3984 0.20100219702583413
3985 0.2312086633526986
3986 0.29196105560177144
3987 0.43793963014234777
3988 0.10845923450082662
3989 0.010359453283873008
3990 0.06462536865680765
3991 0.18860789201077358
3992 0.14638300523372116
3993 0.5707715520146766
3994 1.6117352703937673
3995 2.3314554177558655
3996 2.95230621589199
3997 3.379019503423693
3998 2.283803403679629
3999 2.081511844731092
4000 2.837690723392133
4001 2.371047599403531
4002 2.2757160547286848
4003 1.176001069512995
4004 0.4016610812599829
4005 0.4465021854465387
4006 0.14135679771153392
4007 0.01666689711570223
4008 0.0024458409332177126
4009 2.511188599551381e-06
4010 0.0028760069083272766
4011 0.00265109692850558
4012 0.15510780303750746
4013 0.29433964108770877
4014 0.47324660209477787
4015 0.549277882534933
4016 1.4450712026662642
4017 1.7776043876795302
4018 3.311686676963548
4019 4.436451702514003
4020 3.546200860419492
4021 3.2565217110218554
4022 2.7697975340652423
4023 2.4863387941621014
4024 2.444260937568225
4025 2.7548573827719323
4026 1.456904115813399
4027 1.9508846268607758
4028 2.5469318146586652
4029 4.233375374498968
4030 4.821517575425518
4031 5.339155168155232
4032 1.6967375616157745
4033 1.3313152751742874
4034 0.6979175039278737
4035 0.12158619286138302
4036 0.01735671215675885
4037 1.886117486235182e-05
4038 0.003455216927962253
4039 0.08818368972423025
4040 0.07840430103708008
4041 0.07400955815069539
4042 0.24062363276360924
4043 0.16013736253067726
4044 0.0007426687066395673
4045 0.06086749731348811
4046 0.1557517145413959
4047 0.0506519778307321
4048 0.0003608533287672868
4049 3.416719071807119e-06
4050 0.16699055856564682
4051 0.2740124804974896
4052 0.09211964299982234
4053 0.10618414793499645
4054 0.06248641568646143
4055 0.008528013827001284
4056 0.005129185766497611
4057 0.08403005763697463
4058 0.25001336826435244
4059 1.0982568175618272
4060 1.3400849328578865
4061 1.4869302436350944
4062 1.249239523076535
4063 1.299156238489248
4064 2.231353173443994
4065 2.592363740876973
4066 2.0678459717346964
4067 0.7710435311517086
4068 0.4562521046998391
4069 0.6810712098140347
4070 0.45614475445548774
4071 0.43042836219699143
4072 0.0837453693977457
4073 0.016870625022685833
4074 0.0005288246919780624
4075 0.02933335220693336
4076 0.21776633762183048
4077 0.7146011926779526
4078 1.2579980575451863
4079 1.1493335640483735
4080 2.0379350247592813
4081 3.751650569056774
4082 5.12807318269556
4083 6.821760437786841
4084 4.728102099281951
4085 4.3272314000929475
4086 3.5002477311188445
4087 3.814355963889192
4088 3.221604115923763
4089 3.25033323410303
4090 2.515601235092213
4091 2.7336443261210963
4092 2.659889597189374
4093 2.78173461398591
4094 4.053260138024805
4095 3.5925009123116993
