 0
0 0.39174531780729027
1 0.39804137445377197
2 0.5288512843961266
3 0.6091441166110027
4 0.6593008496451327
5 0.3653451424324105
6 0.31486526386074765
7 0.11431185769906257
8 0.10068120304864688
9 0.16649130238840726
10 0.03790713679875444
11 0.12794848404138473
12 0.05471171668150487
13 0.0031308828598421087
14 0.018996494854811717
15 0.013445516132012173
16 0.05678190964768804
17 0.039682385649648405
18 0.1262455262281864
19 0.14230172572672695
20 0.08515096727264862
21 0.0791197618922806
22 0.4333352392884928
23 0.7463532806024964
24 0.9048584417139678
25 0.6687482152326332
26 0.951046443655842
27 0.570905408640652
28 2.3619998158182205
29 2.9546338097521643
30 3.013392622436936
31 3.9332109377434206
32 4.736476685090661
33 6.315180830629321
34 5.876491596862186
35 3.564234847028687
36 3.3491905334092995
37 4.324870757052727
38 5.453253803273723
39 4.798673857651789
40 3.3956559296536897
41 2.5766714340712755
42 1.8391969034792082
43 1.0071784897032587
44 1.0879501029476244
45 1.286764281926628
46 2.126570853794024
47 2.694440036227013
48 2.238819020135016
49 1.2195773285368938
50 1.6706314957393908
51 1.7118534711876272
52 1.206768564408368
53 0.7436842509359094
54 1.015054876155481
55 0.6448850805537535
56 0.6397572886270099
57 1.1008686966625156
58 1.3573225968207017
59 1.0677204761220263
60 0.4769401917032375
61 0.5523401536891656
62 0.46872748118238305
63 0.698184103140551
64 0.23480859505307242
65 0.1683929934703134
66 0.1443358332625411
67 0.2510565949592039
68 0.30445951435261
69 0.0371399659847495
70 0.04559011621686476
71 0.04161128978944203
72 0.021015819613702698
73 8.08599416209332e-06
74 0.21618626776811667
75 0.06303456159242846
76 0.0029484169390424043
77 0.02399155008145801
78 0.07923005055634168
79 0.15184442889009156
80 0.046270007474543476
81 0.006163723825883549
82 0.003583439577770197
83 0.10357226513250664
84 0.11078039539755241
85 0.2383582287858237
86 0.8760347490486072
87 1.3107099452290758
88 1.2433218686862177
89 1.2144880703573389
90 1.8391303561267183
91 1.9584431325840046
92 3.1266259481002323
93 3.028097035768861
94 3.4803871971207156
95 4.545346792008978
96 6.508486386115222
97 7.119362274087184
98 6.37172967273464
99 5.171685517306961
100 4.93474317709018
101 6.373475657520579
102 6.242862113205454
103 4.457546645337399
104 2.4860984072852172
105 1.644839484592688
106 0.8127985735679305
107 0.4424860037041977
108 0.364410360443924
109 0.30917101970880734
110 0.5460035099477687
111 1.1110921759571188
112 1.459515235716015
113 0.6403038524468277
114 0.8538505741887833
115 1.2808362570954959
116 1.0971849165087566
117 0.781396034659572
118 1.1301882126919682
119 1.4015146578837088
120 1.1417554388812265
121 1.6159900669870846
122 1.0918067663973774
123 0.9677155162992803
124 0.4202950964048232
125 0.24484406688098795
126 0.09218676435440061
127 0.2846305169230077
128 0.053691620448694986
129 0.026849379611866973
130 0.12444334872928764
131 0.08870023835213178
132 0.17596952607770802
133 0.007497043888572313
134 0.053981731920844406
135 0.08646417495134615
136 0.010979332603969274
137 0.002843764863845018
138 0.03696187366969135
139 1.0252191125036044e-05
140 0.05283185470486804
141 0.0048365979660928305
142 0.01488299982067665
143 0.018351786095223477
144 0.023503867232415154
145 0.019491603040221482
146 0.006277922305622513
147 0.23459486690514986
148 0.2407527937994901
149 0.3880090799218333
150 1.1107388601692807
151 2.899215629312375
152 2.868559729445075
153 2.2519774300247697
154 2.6220339408393465
155 3.2491614123885824
156 4.360783244775547
157 3.5777795925266327
158 4.697580807852059
159 6.622150213676028
160 9.412033089555678
161 8.76699660652272
162 6.846961715203085
163 6.362643770906148
164 6.162405850869294
165 4.784280898381784
166 4.4042531546034285
167 3.8500171980383913
168 1.7953517724951742
169 1.1400670559562842
170 0.6439785077308052
171 0.43853412244139717
172 0.1844755735682641
173 0.11634453283007973
174 0.20389532999731674
175 0.7487387574209605
176 0.912473454741197
177 0.38601949661653795
178 0.9191262438452111
179 1.5179549868871036
180 1.3755874705363564
181 0.9986250476876956
182 1.0069501054034173
183 1.9949251153774012
184 1.7456766209430084
185 1.7365355588215923
186 0.9386418936973668
187 0.17242212386312045
188 0.10213944191518126
189 0.125623971788717
190 0.20933303597028244
191 0.22342723491743188
192 0.009732331571758077
193 0.008318135862059522
194 0.22182333074227273
195 2.7260512390986275e-05
196 0.002036957318290934
197 0.39230740489657856
198 0.09603635429630067
199 0.002512416537284823
200 0.001041781094066541
201 0.013289977862405548
202 0.007140937177823717
203 0.06174843573206552
204 0.06794995012248989
205 0.19811398618141574
206 0.1316899346320192
207 0.12049159422756837
208 0.00020182099257238145
209 0.008748553281247275
210 7.9028708016459e-05
211 0.4061295799663177
212 0.255593109428528
213 0.44604859211109066
214 1.8472500878634217
215 2.64091308760754
216 1.820116700078068
217 2.3356958889580497
218 2.8313843343773524
219 2.955290183473597
220 4.187663559591466
221 4.409765087438381
222 5.493903914971702
223 6.582012739055514
224 7.733716106925962
225 4.514168898031888
226 3.691694066078301
227 4.281398330282726
228 3.1242998100989188
229 3.0717977790527677
230 3.649541906538594
231 3.2004027298039093
232 1.7728654625547278
233 0.943210675542482
234 1.06736086241156
235 0.9702582560445233
236 0.4134977063005522
237 0.260387511080789
238 0.5251276922122633
239 0.863324342121264
240 0.6036669919491284
241 0.1236156137200687
242 0.24730264117509482
243 0.5217351671247573
244 0.46790367797798127
245 0.29299958768696643
246 0.7118156784676237
247 1.2960868151418956
248 1.6287490993216835
249 1.393315785299878
250 0.7785651685832998
251 0.35648991739937397
252 0.29139689280008657
253 0.2960980510675961
254 0.7315650277686689
255 1.4097164148904076
256 0.0033419712734606213
257 0.26050080908606144
258 0.0005749726016066933
259 0.0330419125298707
260 0.0004159325574477264
261 0.868317531889382
262 0.6512042208941946
263 0.46704409898189997
264 0.7815429725320651
265 0.917545946525683
266 0.7226477897932816
267 1.4709713687447736
268 1.1066141203614914
269 1.1813662155557434
270 0.9110088510309878
271 0.4907310664901978
272 0.1329383626335466
273 0.027490111937071186
274 0.0793501466057727
275 0.04205937585730305
276 0.46187681794558
277 1.3424037972456626
278 2.3106210949990778
279 2.29922581380561
280 1.7157678721745653
281 3.002291534120931
282 3.7002416397154607
283 4.469648590105224
284 6.074743426440376
285 5.6218597667234755
286 5.351346061004475
287 4.53870952475897
288 5.133023581791468
289 3.6012977294554536
290 2.9376077441411974
291 3.066155450438416
292 2.8720104263439126
293 4.017959228081548
294 3.9741398029997446
295 3.022291191379515
296 2.475178368226551
297 1.820290867392817
298 1.6557923312445062
299 2.096462678285829
300 0.8445820171078187
301 0.8986596389850413
302 0.45623198583540214
303 0.8606170139397054
304 0.36746559725770783
305 0.05778639129305819
306 0.13980622374912655
307 0.26605975299963713
308 0.0992350770348032
309 0.0004803217986576351
310 0.4557579447193122
311 0.8237470073328907
312 1.6462236981537308
313 1.6307241597637379
314 1.277756291316052
315 1.1593818895251964
316 2.002951888249217
317 1.6003365989914486
318 1.157578368582876
319 1.6501810048475827
320 0.262740136319147
321 0.0026470787512559314
322 0.0019908781025879496
323 0.3183162500471026
324 0.16125550199794378
325 1.2746232756298015
326 1.8501374865078428
327 2.593250787692966
328 2.9060178996293984
329 4.015957015171689
330 3.8591239134199085
331 3.7207967383797866
332 2.9391122923193813
333 4.550597560830316
334 3.344678025418736
335 2.0371302256893253
336 1.0167435955007693
337 0.11490490952134842
338 0.012446286107728043
339 0.012834054391835934
340 0.06141422742053815
341 0.40365055524539856
342 1.3421988332986012
343 1.426333648552842
344 1.6510677832125071
345 1.9592408905302532
346 2.4482856210195796
347 4.828839583499152
348 5.407123442669541
349 4.384253151991574
350 2.403489255431628
351 1.6858689311329391
352 1.5744042751391538
353 2.5851433446193095
354 2.2359123951173223
355 2.2729861472276123
356 2.6399592033384334
357 3.343006349186936
358 4.139719959987742
359 3.9861111464346175
360 5.227948457054107
361 3.922734278317696
362 2.884698114798131
363 2.2601528872020333
364 2.0651875769294104
365 1.8311620149575751
366 1.53582604363908
367 1.3647705999378195
368 0.7631449343349699
369 0.20574130208314165
370 0.155082562460714
371 0.0633634530084626
372 0.017927563342057088
373 0.09798016304761113
374 0.3649021071256238
375 0.7873404326085001
376 1.2013374960417775
377 1.8206432493937599
378 2.3105597288814406
379 1.3661628856381198
380 2.378455970105691
381 2.3672161325785863
382 2.083989892768114
383 1.805255240773826
384 0.18201424782548004
385 0.08697625692948922
386 0.0012599411438026682
387 0.02559589353071517
388 0.13752686233901937
389 0.47528213058108226
390 2.400466236185977
391 4.07492111169355
392 4.905119935357977
393 6.196069215798844
394 5.566550486587836
395 4.341987093266284
396 2.9028713223091622
397 5.110761095408999
398 3.6334458441786923
399 2.4378570608687022
400 1.2827606285235698
401 0.22087793817822104
402 0.008097960556465817
403 0.010059702635106457
404 0.13104811556968474
405 0.25386727678615595
406 0.916799935854671
407 1.5811383663282101
408 1.3682591781117195
409 1.139670403310479
410 1.7754783915396284
411 2.6679510722325026
412 3.397784176527897
413 2.344947917060259
414 1.2290080982640597
415 0.5924806617551748
416 0.4341588999650399
417 1.2891908128738292
418 0.76816993010432
419 0.6284601456278908
420 1.2344959660361756
421 1.123589117167338
422 1.645618836553964
423 1.9350097491522709
424 2.4557760699384796
425 2.9228686217360544
426 2.55691404781731
427 1.620618721662547
428 1.174718950743826
429 1.3580279555876493
430 1.4766148814747508
431 2.631197149314385
432 1.6151996751936164
433 0.615845963714596
434 0.1969053137082051
435 0.16350771837011005
436 0.0015993824973265156
437 0.03927890816191611
438 0.24192019688786626
439 0.3131043956837149
440 0.809143076557752
441 0.7761196023796461
442 1.3346668567772735
443 1.3865326912591898
444 1.80419159465195
445 1.4449829800232108
446 1.5707812422643754
447 1.7323721757285857
448 0.28668878808528403
449 0.09329939785043209
450 0.24144818750820868
451 0.05781070735653551
452 0.021201617180474103
453 0.29259001300416
454 1.65789215705602
455 4.722102976791955
456 5.595046629146276
457 7.117846565930507
458 5.116493791555159
459 4.51901995702817
460 3.9404400059777367
461 5.086372649462497
462 4.112254658063966
463 3.489173281623084
464 3.4832003892195007
465 1.4484434462932405
466 0.18657202224091626
467 0.0026417802608406514
468 0.5418858708714943
469 0.7379714064516804
470 0.4896326285033426
471 0.616242667224877
472 0.6891220752092218
473 0.7262452372014278
474 1.3119331273679409
475 1.6445783360494606
476 1.280427411033505
477 1.0648096961034277
478 0.19345252111181493
479 0.1466100254707127
480 0.06402923819656538
481 0.08409658603352224
482 0.010937325930447158
483 0.002254766491013638
484 0.010373579007092373
485 0.14090995630410846
486 0.3161751402578699
487 0.331194299893683
488 0.2883163561998109
489 0.5682740979773288
490 0.7872721190755636
491 0.15426616682571298
492 0.2266375154843211
493 0.3350944219140771
494 1.4945756794597875
495 2.9006472692283896
496 3.153596964846404
497 1.4345117148067301
498 0.7718424747840433
499 0.7942913410265251
500 0.00024536143666084093
501 0.27735438712934324
502 0.3222251309942321
503 0.2237789671379443
504 0.1385837248652169
505 0.422844630803647
506 0.3511880591409819
507 0.37426751205860487
508 1.2001749267174384
509 1.176423747997016
510 0.6232618302112775
511 0.7181008155310706
512 0.2235127528916488
513 0.10627501193568144
514 0.40387122476032455
515 0.45294736760809223
516 0.012822131541023392
517 0.259999923949306
518 1.1362538223320549
519 4.14256066705159
520 5.08425192226299
521 5.416589052340191
522 3.6839457432028864
523 3.934933751790048
524 4.2103807342687505
525 4.442715937059747
526 4.143855418608423
527 4.009292234304435
528 3.159289972389552
529 1.4672824922229406
530 1.0028900092623803
531 0.12005541621231645
532 0.1208266641204386
533 0.1741503026671823
534 0.05116333520554238
535 0.04074945434521347
536 0.2590313924618339
537 0.6153093056180291
538 1.4381062935815614
539 0.9689014806549914
540 0.7869582600888567
541 0.5635125392352303
542 0.006399733918825703
543 0.0825486001341701
544 0.22043505725739404
545 0.17911884425185545
546 0.24048700008238452
547 0.10583016112760488
548 0.006558109305100064
549 0.046472625352510864
550 0.0008400908199272137
551 6.0535896992346645e-06
552 0.20709383894851427
553 0.30871657856493967
554 0.2604417286209654
555 0.011925536128758145
556 0.062025560816278816
557 0.019919822300287927
558 0.3565160921739339
559 1.451176291752756
560 2.533562413429602
561 1.154647478645391
562 0.6838697657639278
563 0.6356402078230771
564 0.023668136921844784
565 0.0740826293148701
566 0.10320488732342474
567 0.020237716291759272
568 0.0021351009470522474
569 0.009966506311961892
570 0.013762942091272715
571 0.0015637963048960159
572 0.3259962373713178
573 0.36224481559661176
574 0.399723380448591
575 0.3915922029466514
576 0.08162230845616888
577 0.021670914691205426
578 0.12940295318586156
579 0.358436895552467
580 0.16481474509807434
581 0.062166820316726434
582 0.06087900029595725
583 0.121383121078536
584 1.4296969202820047
585 1.2044499783515792
586 1.4405326799855296
587 2.127832103078402
588 1.858873215330368
589 2.1528219319588824
590 2.8292961749867307
591 3.152058031602953
592 2.3466037168018326
593 1.2472525306165176
594 0.3027120096660247
595 0.15470757429707577
596 0.016806239483140948
597 0.00616279027721339
598 0.02381429798422594
599 0.25127667224486244
600 0.29924211393161104
601 0.008898098542916818
602 0.38503937991793474
603 0.4950228149485223
604 0.20417512886153996
605 0.1529474643748575
606 0.07959768509820263
607 0.00023763098371172982
608 0.21875141529388697
609 0.3304083505360282
610 0.9822332153341654
611 0.8931843576383932
612 0.4402121295316814
613 0.26027086838418195
614 0.03533605058880099
615 0.03166509387446094
616 0.031553867613176335
617 1.6571821235356256e-05
618 0.03226723001144877
619 0.2847583723633045
620 0.12305010303975678
621 0.10349326580570233
622 0.013720878939718892
623 0.5797553446065341
624 0.7527884671587314
625 0.5763793341930536
626 0.1773354082949193
627 0.10727970865675646
628 0.017054436710401428
629 0.051680053594429017
630 0.034969175622198395
631 0.055060299767053754
632 0.06424531410388894
633 0.048394524836693965
634 0.0025573051355597507
635 0.017312126142056246
636 0.0005307505085647503
637 0.08800025395006347
638 0.32231813727051906
639 0.39106744163142654
640 0.010213407289803089
641 0.0041897971444217405
642 0.022089373151728466
643 0.03979967478783371
644 0.006715720684715153
645 0.12896984363610986
646 0.13983979312728334
647 0.1721790344197715
648 0.00023538777901026123
649 0.11559022452905954
650 0.21455110685444512
651 0.44277929245849756
652 0.6075767018441887
653 0.7827841926714514
654 1.284332714387409
655 2.3334439537170715
656 1.4992418893459982
657 1.2214871341862328
658 0.4640636528597536
659 0.18689957791091472
660 0.0028424963750233053
661 0.003299570774175528
662 0.27944138065502067
663 0.28448553646491187
664 0.23120771331789697
665 0.06407340245415452
666 0.27577899167668907
667 0.13227596963610797
668 0.8236118296016322
669 0.9536787178357965
670 0.1847632257419783
671 0.01043152240616035
672 0.3295289487609228
673 0.6342498851868483
674 0.869194637255524
675 1.1224190951248585
676 0.3380884482123781
677 0.13567980200753874
678 0.02353258707508103
679 0.0015723808251102615
680 0.004738405867556199
681 0.00929073203857987
682 0.0018275282868435625
683 0.07529558843872063
684 0.13158493674709812
685 0.19570283552118356
686 0.006547083803992966
687 0.18471317457928477
688 0.10172986513507785
689 0.1162603979579771
690 0.0006870331300756361
691 0.05438760775848396
692 0.1504117101130593
693 0.14890902185545765
694 0.06826151255781533
695 1.0985225070880722
696 0.1655027840500065
697 0.4492853315100084
698 0.23278906821794693
699 0.0043968881068060725
700 0.18417528557269897
701 0.1340923129751302
702 0.16513096085808684
703 0.25882108579632124
704 0.14721319944558817
705 0.14747865066421367
706 0.03604705525872254
707 0.020072243896035506
708 0.004231879154721556
709 0.024878579128111967
710 0.0915639018681977
711 0.6104083308311078
712 0.854906153109927
713 0.4621321478778905
714 0.06377826491780424
715 0.030734417982969355
716 0.007668747747982381
717 0.11527158058123725
718 0.7125182772482823
719 1.4926042767704495
720 1.301723611108398
721 0.9166395328398389
722 0.1758921193548732
723 0.05203463662252087
724 0.0028884373810903778
725 0.0047814925598832535
726 0.3932225847736288
727 0.41115449906321505
728 0.41014943937688786
729 0.004154795611284651
730 0.12978605157034898
731 0.149006149177969
732 0.8563371967100927
733 1.0458455042703816
734 0.13838302836475944
735 0.01333910118657322
736 0.24299306609247368
737 0.11937861775756367
738 0.005046580107493609
739 0.3388842223009616
740 0.19724039076844307
741 0.004939458393672223
742 0.0014074851162363996
743 0.026399305787018382
744 0.27204281118033263
745 0.21919000342925973
746 0.0660058526678762
747 0.09839507283742252
748 0.12884587679397214
749 0.7653755236742923
750 1.095162599137699
751 0.21007316211296123
752 0.16300907098897044
753 0.41407669643372635
754 0.6456955598700862
755 0.9341551179206506
756 0.7846610351373883
757 0.5180041258179638
758 0.3648727142326643
759 1.0263612876628085
760 0.9952856081583846
761 1.4922950580232834
762 0.3635816957181051
763 0.0602025322207014
764 0.03108495243104596
765 0.005292847197810111
766 0.04814244881562072
767 0.020732101678138725
768 0.27681880603328185
769 0.294756377166603
770 0.1361122620423535
771 0.06948048644622229
772 0.1760965969118466
773 0.44577521423160704
774 0.23373955766806623
775 0.6639784377199528
776 1.985752056615771
777 1.4417025935441394
778 0.46769052218274015
779 0.2858090774361237
780 0.19649336838817877
781 0.03674727313515978
782 0.24145286704515337
783 0.44521068542611253
784 0.7722128980080342
785 0.5423062666723243
786 0.2251718594778278
787 0.10339085596294387
788 0.2734853295797594
789 0.4435870785324362
790 0.8447392067583576
791 0.7040018333608019
792 0.24710714607631398
793 0.03248151005970495
794 0.013844239591268214
795 0.07297034107267394
796 0.0005393492495262337
797 0.055682868921174675
798 0.07028431429361459
799 0.0003469663733242335
800 0.009183059065660016
801 0.002455802792031594
802 0.07220517586658375
803 0.06349980959861164
804 0.0018390251547859982
805 0.004820280162377591
806 0.15482894224236624
807 0.11698026029444451
808 0.20571454786184917
809 0.22173922339412946
810 0.14085222214221876
811 0.026472764633296342
812 0.06150433923860327
813 0.4811047652155663
814 0.45150675954854363
815 0.19449940403973642
816 0.054571020970337725
817 0.36633641185712157
818 0.8772772381331394
819 0.6698724701094317
820 0.8342959512153452
821 0.9994878366756603
822 0.9133705387210327
823 1.6434031676320773
824 1.706153775210046
825 1.643000165099427
826 1.620489726179372
827 0.8074112721672603
828 0.7750807649019754
829 0.8504741185827144
830 0.6048069042716812
831 0.12242620425168073
832 0.8597176064482643
833 0.4485149719045564
834 0.10458114031438784
835 0.02683714281148826
836 1.237015805855728
837 2.1056141696329593
838 1.4866428691075395
839 1.5432805141966033
840 4.38578605763931
841 3.9072388286636155
842 4.067915538966748
843 2.059935661240818
844 1.1720951646228706
845 0.21308115537531572
846 0.12354408200480402
847 0.2557526491388568
848 0.6232804677631452
849 0.7554245344803749
850 0.47334555905322023
851 0.3988980907684694
852 0.9881156060951058
853 1.5009429497035471
854 1.6988978432434862
855 0.897029220243415
856 0.727978553117515
857 0.05720557139552764
858 0.014803789671644047
859 0.19512120139334507
860 0.08382301544847096
861 0.08008742536856882
862 0.4307548776390876
863 0.6040822032463551
864 0.39258163062505985
865 0.326335015305892
866 0.04014800423364332
867 0.03120685010498549
868 0.0017141699578347538
869 0.10261550120374718
870 0.8906779767169438
871 0.4934668763948746
872 0.2935278689897272
873 0.24998738556633163
874 0.13953952813943835
875 0.3615723492725528
876 0.531852842246039
877 0.7189325652486178
878 0.8047991022782013
879 0.9897709406897652
880 0.8442732157082009
881 1.909669870213231
882 1.3834744116645297
883 1.248079009927742
884 1.934180675177183
885 1.7958595562774022
886 3.27558638818882
887 3.3831184886182837
888 2.232045621983242
889 2.234894101611825
890 2.639761989993094
891 2.352831631664711
892 1.7672182695446104
893 2.9513461210082568
894 2.9507682736346093
895 1.389443398019894
896 0.8465714483726292
897 0.1617949191201717
898 0.004246812073647111
899 0.40332096031361775
900 1.3807951906649205
901 2.806967372903788
902 3.535458239900629
903 4.946913972163302
904 5.08232574965006
905 5.49633339539548
906 8.77760328881939
907 4.972347541526168
908 1.9948593278421318
909 0.6332325240027693
910 0.07524892400882977
911 0.023709897677996434
912 0.036402596999727456
913 0.4503709013494519
914 0.2701403880071912
915 0.43084748556420094
916 0.7008915153943702
917 1.195449050700233
918 1.3021470656633636
919 0.5513479944498891
920 0.10260728534119043
921 0.028052290802244254
922 0.03564295354930457
923 0.6111503219779612
924 0.9952498184092715
925 0.5092384204986956
926 0.7821133241035186
927 0.6252933363771992
928 0.8188829335395154
929 0.23440093272941315
930 0.027244548307872474
931 0.16882586448487755
932 0.0058483882584647595
933 0.1293751756612652
934 1.4716645274477798
935 1.2678253072510406
936 1.505782773397176
937 1.2849727218966756
938 0.5215645664087039
939 0.9732747996092047
940 1.53517780025192
941 2.3234541882645408
942 2.93863179684475
943 3.008991410330264
944 3.125147658222985
945 4.925047061887129
946 4.745121525887706
947 3.050556204742593
948 3.3346558220054843
949 3.177615720194391
950 3.232020154372252
951 4.092813100086055
952 6.016932382449976
953 5.259748498877494
954 4.341598874217157
955 3.9997072364271835
956 4.084658518111274
957 4.982775566859696
958 5.657054199602609
959 2.691025648730226
960 0.41404250858288627
961 0.028623928584308834
962 0.16490170139130186
963 0.6334554606930007
964 1.1958187779215372
965 2.052448719916068
966 4.829870940842296
967 5.588242151410873
968 4.612898332667952
969 5.397975891392795
970 7.972157180860179
971 10.921854631767571
972 6.007335382651137
973 2.6252687746207766
974 2.0122916385630303
975 1.4787271398094974
976 0.8018100698700296
977 0.2450399028404734
978 0.018199507637516668
979 0.008473187708133555
980 0.04215850296157249
981 0.34559374299557155
982 0.6515327321951593
983 0.13097016826147773
984 0.004069998720336159
985 0.04071701877588364
986 0.028658088258655158
987 0.05413655105382807
988 0.473613425502875
989 0.8021580126772386
990 0.9447526841894353
991 0.6276123899603384
992 0.1345148779093769
993 0.05630219553876367
994 0.06722324923522442
995 0.01074635464971429
996 0.2587681311547581
997 0.1298458859233536
998 2.1368994812071986
999 3.0293089489872975
1000 2.3540633263373167
1001 1.1119095157538583
1002 0.875974953926684
1003 1.6036662857743202
1004 1.2523028185497236
1005 2.523931317028914
1006 3.197066531183972
1007 2.264832121930442
1008 2.9157504253938717
1009 5.479445539446416
1010 4.402966867122937
1011 3.3414238596046153
1012 3.5335268871010292
1013 3.42275053727286
1014 2.694397205445488
1015 6.6468258847112205
1016 9.45332929303194
1017 7.3237857829829185
1018 5.000726351253652
1019 4.136503441434764
1020 4.585074379869774
1021 6.987154196095293
1022 6.4100405550060575
1023 3.542198349064815
1024 0.07382399616288379
1025 0.0009259825696189501
1026 0.3737019177127326
1027 0.8906676292498663
1028 2.188476455769592
1029 3.3138501511661778
1030 4.195843929434714
1031 4.031727029049706
1032 6.339447464711561
1033 8.419215355030394
1034 8.493881915028345
1035 12.20957827356329
1036 10.744558572560035
1037 6.691820492469392
1038 5.10378443134689
1039 3.7526884267140255
1040 2.2075407193019703
1041 1.7024725400412306
1042 1.2511400272661535
1043 0.10194746515606813
1044 0.06287093515002015
1045 0.21075562723002148
1046 0.3696326204723411
1047 0.24081266266371487
1048 0.058855287384542994
1049 0.05199487561909952
1050 0.13798875802811095
1051 0.5495484548518756
1052 1.6049249892606734
1053 1.831766496079459
1054 1.2122268235502642
1055 0.6370176642704798
1056 0.43289595167772077
1057 0.030237686642846238
1058 0.029838613628297324
1059 0.03821466952598104
1060 0.19333707362401922
1061 0.008065306546508595
1062 2.011923011534903
1063 3.1974835717583234
1064 2.700912628067188
1065 1.5957647509666133
1066 2.052327966162866
1067 2.2886887586981013
1068 1.4794888909499906
1069 2.686062378622032
1070 3.3247478927653686
1071 2.0875802823071052
1072 2.621493649050732
1073 4.202828364674912
1074 2.919884083316471
1075 3.711825986236703
1076 3.429636803433213
1077 4.722188980855759
1078 3.8032374781858387
1079 5.93505551904292
1080 7.94332939601301
1081 7.583121687100226
1082 5.644518044777503
1083 6.368770775509142
1084 6.717573182691485
1085 6.841849168409176
1086 6.585010193178617
1087 3.6318049291334784
1088 0.005000010326726222
1089 0.014389402166688532
1090 0.45916017070882154
1091 1.3021263174737532
1092 3.9805165574541066
1093 5.341103563524982
1094 4.871867723170971
1095 4.302741789875266
1096 7.713612018248485
1097 14.45091588312748
1098 12.534012649616956
1099 9.747484336048602
1100 14.352650334469768
1101 13.828765547506878
1102 7.5688986187952185
1103 5.600624402787542
1104 4.627547512539089
1105 3.837046852274444
1106 2.380569869984759
1107 0.4200879551954399
1108 0.11492120393278381
1109 2.7981139021671814e-05
1110 0.010179831011290266
1111 0.004305067506642906
1112 0.004606340917068933
1113 0.027638723958114002
1114 0.008904608791327071
1115 0.07071362401838378
1116 0.6207881607938859
1117 0.7506205969460249
1118 0.47376887781787086
1119 0.0035007839708737112
1120 0.2290565008187092
1121 0.00641369077930001
1122 0.37024736247526707
1123 2.886360826014872
1124 2.8927475712991932
1125 0.7403030929429689
1126 0.42424352723303943
1127 1.5831918332209982
1128 1.663949648744386
1129 1.9771570144585915
1130 3.7476158921021625
1131 3.462855614342724
1132 2.484620640291974
1133 2.498845224271618
1134 3.012580836262114
1135 2.761869849606442
1136 4.2656643390918285
1137 5.859492129907223
1138 5.231201506270257
1139 6.580201324866641
1140 6.83224692368086
1141 6.732384271928853
1142 5.146018307754189
1143 4.47691729579702
1144 5.468585405146258
1145 6.724990250178508
1146 6.552806090072599
1147 5.3236333610470865
1148 6.8225889488253655
1149 5.160870679554337
1150 3.952377890597004
1151 2.9342796242407263
1152 0.0012094399775173595
1153 0.047770877428102695
1154 0.6908770633138331
1155 2.3122788360291047
1156 3.952292401409688
1157 6.155102991475865
1158 8.705944653989697
1159 8.184104679925262
1160 10.49633492339916
1161 12.301664022943704
1162 14.386492965344003
1163 14.053313846597202
1164 15.953802537251125
1165 17.499867671750522
1166 16.888597408860516
1167 10.512250909382594
1168 9.022506208188393
1169 5.818623726567894
1170 2.931570866592301
1171 1.685990667516164
1172 1.4275942739857792
1173 0.6472907220242965
1174 0.1639809582623583
1175 0.15312736115777878
1176 0.11751312461272016
1177 0.2694145707741267
1178 0.2940301903393738
1179 0.08987464217064012
1180 0.020454021113100282
1181 0.1822810937630322
1182 0.057512759040377545
1183 0.05308166182677467
1184 0.16046743800094435
1185 0.4167821115645602
1186 2.2348029987594282
1187 6.3960851341753955
1188 6.679195228905573
1189 6.719050313287687
1190 1.3246033074505623
1191 0.034035622435220285
1192 0.3851196740095897
1193 1.1099751911439344
1194 1.4761893312303629
1195 3.475076463138252
1196 2.280065555685509
1197 2.094385001579906
1198 3.0644024325400183
1199 2.599089514134124
1200 4.708036763056986
1201 6.559842547871232
1202 7.227024680196871
1203 10.227271413242976
1204 12.065606881909437
1205 12.924372327140699
1206 8.340662997567383
1207 6.865047494973813
1208 4.916673631275097
1209 6.132771914011265
1210 5.941248157232653
1211 3.9795204150537304
1212 3.734589574338329
1213 2.6426088529886207
1214 2.622686732378113
1215 1.4834297999575352
1216 0.12833254626708546
1217 0.2513669519109073
1218 0.73664904860144
1219 2.658366822774689
1220 5.9938638954793575
1221 8.437256849167643
1222 11.90239622372731
1223 14.37295346726752
1224 15.596466563345071
1225 15.61874060250712
1226 16.68652206821246
1227 16.109071696345932
1228 18.26771227380657
1229 19.31569859068155
1230 20.79958706527114
1231 16.940673457377756
1232 9.838377863489391
1233 7.952807436802613
1234 6.483653096566941
1235 4.20665521093894
1236 3.2981372977833976
1237 1.1179854943032195
1238 0.4444612102727839
1239 0.1347389406013286
1240 0.38635382956583125
1241 0.23371025123451705
1242 0.43476396053416044
1243 0.42164127939898915
1244 0.5811690230202982
1245 0.45067535288252036
1246 0.07290090991406789
1247 0.14451617238366987
1248 1.518912017920204
1249 4.01676574004021
1250 8.636082997319296
1251 9.4084765851941
1252 6.119089325884465
1253 7.605593640200204
1254 6.66256442474728
1255 1.6143751482256643
1256 0.031118152113216817
1257 0.31787649225910725
1258 0.40569493984974153
1259 2.1058101088108563
1260 1.6880075790916151
1261 1.3803877452747868
1262 2.8005625415352013
1263 4.204290145857538
1264 4.852112787180124
1265 8.868270870315236
1266 10.127537227091489
1267 12.825185695326015
1268 14.4483201777004
1269 15.684357515895158
1270 11.370704569897631
1271 10.058690076961703
1272 8.189131192274834
1273 5.214382333393145
1274 5.534414557530667
1275 4.801542004211682
1276 3.8574700398617177
1277 1.8807400659730764
1278 1.428048856713182
1279 0.7383356359972696
1280 0.2960579254173544
1281 0.7979501917265657
1282 1.8107867003298828
1283 3.944185569879425
1284 7.468530874590517
1285 9.887339516675883
1286 13.584699188350678
1287 18.475678520108882
1288 19.170265305670743
1289 16.565952471299536
1290 15.36920562056433
1291 14.418110847150732
1292 18.06189943578975
1293 19.18642222035849
1294 22.142349541149663
1295 18.75364971224695
1296 12.720197625636189
1297 11.877166604542335
1298 10.132249583359998
1299 5.524713505795741
1300 3.4834630005728697
1301 2.325410674622222
1302 1.5123151929298515
1303 0.8020129937102363
1304 0.17854145827811693
1305 0.011984276783441713
1306 0.021635495958236804
1307 0.08592853842769028
1308 0.12751857470189762
1309 0.16120501379756658
1310 0.02540303084481534
1311 0.002992287433531794
1312 1.739644305286347
1313 7.060856282378111
1314 14.27975908570568
1315 13.765225893834694
1316 10.484750633549762
1317 8.040309834136226
1318 7.0582839194521
1319 2.160789310422957
1320 0.5282356562573336
1321 0.33725693929311
1322 0.17589605182849297
1323 1.213016190620744
1324 1.839242086251541
1325 1.2269827844172387
1326 2.5899053166509156
1327 4.1608634825480975
1328 5.573806861972562
1329 7.377976407941385
1330 8.544477762235049
1331 10.178483586233472
1332 12.713007400715071
1333 14.859810785972417
1334 12.236052948193052
1335 10.470262007144463
1336 7.26145599607271
1337 6.466973067950977
1338 5.750787825081334
1339 6.025722457619101
1340 5.455998832095337
1341 2.281640098094064
1342 0.9512798789115184
1343 0.4147109584398054
1344 0.30170734109662184
1345 1.1946340052798177
1346 2.011047497848804
1347 4.606078604794744
1348 9.458402689273209
1349 11.294840058664127
1350 15.774560751965046
1351 19.67928802532027
1352 21.528449514682173
1353 18.560490155511438
1354 20.076904620051366
1355 15.981615286929465
1356 21.695054913515822
1357 26.37652882589613
1358 23.077883976925605
1359 20.163224167197978
1360 19.39704778506436
1361 19.10153064724704
1362 13.630426732641384
1363 8.476599615606258
1364 4.816182706195503
1365 3.7263611006303434
1366 2.8032069590376185
1367 1.9701697284176045
1368 0.09263536103362517
1369 0.05836706708649121
1370 0.00018444638068113768
1371 0.00041797288838400434
1372 0.0026403903814019346
1373 0.06229505566041428
1374 0.13637534355438774
1375 0.019199271999894928
1376 1.7511300345787904
1377 7.252494220941638
1378 14.882171768124419
1379 14.391067825191517
1380 10.318623361614536
1381 9.99926553280318
1382 8.609016934084199
1383 3.9905950689508907
1384 1.4932840836506949
1385 0.002567263567046251
1386 0.2168269120843597
1387 0.28093284402691865
1388 1.571351752914381
1389 1.444340033032407
1390 2.4351683294436954
1391 3.0754360741570417
1392 3.42031983866667
1393 6.063230427856498
1394 7.833809460726224
1395 8.532775532401565
1396 10.086619912730571
1397 12.561761197213308
1398 12.509094926309384
1399 12.845542019824464
1400 5.862549666684508
1401 5.095423868985994
1402 4.534978175462089
1403 6.966107544755249
1404 5.428673616575318
1405 3.0719381171280262
1406 1.0925203437357367
1407 0.545288995752262
1408 0.6504257349075414
1409 1.9024056054750842
1410 3.777949513773318
1411 6.713439424283533
1412 10.955577989353875
1413 13.422060417930636
1414 12.349457775297287
1415 19.677099990863134
1416 22.263703331982803
1417 24.305850381732782
1418 25.004539215572375
1419 22.306987997604338
1420 26.31794041367087
1421 35.74766676369165
1422 34.425511732062695
1423 25.357917668175148
1424 22.183527698524202
1425 25.013209988915836
1426 16.743015649278124
1427 11.900862460531524
1428 7.464314680091769
1429 4.632171099807444
1430 3.325534256786763
1431 1.4792554845055887
1432 0.3371178184786165
1433 0.1242579441775351
1434 0.11081929821040595
1435 0.0825626598615383
1436 9.541410601304277e-06
1437 0.4288790194303261
1438 0.9814694045134046
1439 0.8623787172609534
1440 2.3295263196413067
1441 6.7759446212958006
1442 10.804209261551046
1443 10.487074589051366
1444 7.970039034262241
1445 9.18129566189189
1446 10.540286363494106
1447 4.338430858003751
1448 4.712143179561038
1449 0.5557262607573503
1450 0.15319064538560956
1451 0.2946706620577552
1452 0.7830304222120255
1453 1.4900093054810013
1454 1.5575989773637358
1455 1.4764794308967295
1456 2.57648326999207
1457 4.641066597936626
1458 7.5187798581952405
1459 9.096204172146756
1460 10.710294507254702
1461 12.085597719663626
1462 11.066664533148755
1463 11.083296713448938
1464 7.449356906037403
1465 5.377449099122603
1466 4.911057881685365
1467 4.043635709637756
1468 4.277209974300756
1469 3.614631168993138
1470 1.6110512868174076
1471 1.0296711818290591
1472 1.6027434369107287
1473 3.195112824499371
1474 6.1731870704729435
1475 8.560789835882588
1476 14.13219822700044
1477 16.182507002831674
1478 15.29139978179153
1479 22.20044661566413
1480 23.42213444067138
1481 27.254737876536108
1482 28.241224145351683
1483 30.30837933861367
1484 34.17714108244979
1485 38.08777194046587
1486 41.21043286516741
1487 37.8360626735393
1488 29.598326850435924
1489 27.90301144769845
1490 16.069458695508924
1491 12.021811962850608
1492 5.8849460468781505
1493 2.6815505592054922
1494 1.8607985573965424
1495 1.192868733816935
1496 0.5979406040267339
1497 1.40756486947133
1498 1.3368189359426192
1499 0.3032379678994296
1500 0.012138244454247674
1501 0.20224016442562318
1502 0.582110762442957
1503 0.6256962297416181
1504 1.1175962510139787
1505 3.2631972306442867
1506 6.0302145031637675
1507 5.846153418779029
1508 7.910308636719268
1509 9.16433242417829
1510 12.932048410118314
1511 7.850680035489174
1512 6.882991865223307
1513 2.339931863478452
1514 0.007635829025768622
1515 0.24100738692076856
1516 0.7743481389699527
1517 1.7328875855385233
1518 1.9262225554167294
1519 2.6096484838336975
1520 3.6047506134850127
1521 5.542544347622943
1522 7.465066157755152
1523 9.757129797855113
1524 10.114432047962232
1525 10.813943529365222
1526 11.30414993032596
1527 12.511038042808794
1528 10.687143058059403
1529 8.13395325538818
1530 7.950590014419833
1531 7.802883111621598
1532 5.258926986824036
1533 3.5815669855079872
1534 1.694562850820981
1535 1.565841512351023
1536 2.194109643205461
1537 3.336700726908524
1538 5.941773655611058
1539 9.581157343928934
1540 15.339510934500401
1541 15.163387066369765
1542 16.995024567078833
1543 21.831301514501536
1544 23.49734964473417
1545 27.247516013271408
1546 28.25443610311875
1547 32.48820976969713
1548 37.880951393052875
1549 45.29325346558162
1550 45.18722812919032
1551 41.082017840964255
1552 33.10923524075638
1553 31.00410256842892
1554 22.24598142901816
1555 13.204307952163305
1556 5.708071601480991
1557 3.772813943420757
1558 2.3368999323544255
1559 1.4374917750354435
1560 0.8513330182447026
1561 0.8523297196927572
1562 1.4005936938589563
1563 0.2311542993729638
1564 0.20201606614956122
1565 0.09638250274191072
1566 0.043977644577286965
1567 0.04321188292207272
1568 0.21673874850743444
1569 1.9859863895116863
1570 4.583713670014139
1571 6.517506631931437
1572 12.140526336600132
1573 12.784288025624468
1574 10.08479428367076
1575 9.142685352057754
1576 6.791727757388629
1577 2.450142194355225
1578 0.07061778632053872
1579 0.3692498103519805
1580 0.9458685125756507
1581 1.2927794088382947
1582 2.102227925943631
1583 3.3069886309992684
1584 3.798386913339648
1585 6.193132049461726
1586 8.256961207572294
1587 10.244690187817081
1588 12.601155764468507
1589 11.816858306337389
1590 12.277510402605593
1591 10.964557284413544
1592 11.42011156264568
1593 11.206780126307274
1594 10.157494456878213
1595 8.015688008176896
1596 6.351668516164429
1597 4.58414923867692
1598 2.2460215234557888
1599 1.4457780498408046
1600 2.0426425349851582
1601 3.762952858269497
1602 5.44788127596495
1603 10.081921472867899
1604 15.718427809686066
1605 15.810980418821579
1606 18.30428620582959
1607 21.561931482650007
1608 24.249191478973724
1609 30.302105073562295
1610 28.196738106219478
1611 29.613143741163693
1612 36.99369762813166
1613 45.531322601704794
1614 53.22781931176216
1615 46.22288042882076
1616 31.36151120020975
1617 28.907891617717638
1618 24.80714288456637
1619 16.918002557270274
1620 9.949867531479324
1621 6.794882975208238
1622 4.483187454098133
1623 2.8805676826217415
1624 2.438380499691148
1625 1.5892623569340207
1626 0.7757510969385274
1627 0.13346775584074852
1628 0.013535755231912569
1629 0.035580664939670416
1630 0.003344215686412754
1631 0.06621090442981103
1632 0.5259515311529828
1633 1.0150260977850465
1634 2.0588056810027355
1635 4.448100198445987
1636 6.678640728308654
1637 8.948819881472819
1638 8.560972423193965
1639 6.392641674171115
1640 4.596724366604998
1641 1.1293774474289646
1642 0.00332116198508665
1643 0.8743318577872633
1644 1.4714029648105653
1645 1.772201058747852
1646 4.280235866556729
1647 5.4481170512571095
1648 7.303168180482945
1649 12.710212770632673
1650 12.563480168950624
1651 12.892316681403196
1652 15.588453757792752
1653 16.665796242678898
1654 16.023236227174195
1655 13.145805615770687
1656 13.660786309138352
1657 13.646800891064569
1658 11.227828648885493
1659 12.441212400849091
1660 10.390399002246562
1661 5.752401507765735
1662 4.65165819641572
1663 2.5123519208897553
1664 1.1828756876187199
1665 2.6544503716010377
1666 6.291464636663633
1667 10.053620193236817
1668 12.538757843465818
1669 16.027245173779793
1670 18.81721780944591
1671 21.519188406085892
1672 23.013406848080344
1673 27.15540930473909
1674 29.685859618631746
1675 30.252390866969915
1676 39.350370590789446
1677 44.39747914002934
1678 54.012298799435094
1679 46.95880241639801
1680 34.97670895721571
1681 32.70064913152999
1682 30.856984429537576
1683 21.559951968453838
1684 16.73017449645978
1685 11.559340860477336
1686 8.541889852426507
1687 7.47553793702883
1688 5.387622053460045
1689 3.059022774308362
1690 1.3436069674927396
1691 0.9210590882003536
1692 0.4782739104622284
1693 0.4692757900768981
1694 0.635339782122757
1695 1.067686867452029
1696 1.4394444550538774
1697 1.4369709391240526
1698 1.0914489942466736
1699 1.0427200209886365
1700 1.4494614690741592
1701 2.5284643448368334
1702 3.0053183356388384
1703 1.5142660327738713
1704 0.3960292546422973
1705 0.004187232143707196
1706 0.33985215873357755
1707 1.2567238112092358
1708 1.744779872982548
1709 3.241104110897899
1710 4.664405955225023
1711 6.083829870628676
1712 10.373033088170844
1713 14.955913067453212
1714 18.551022065431752
1715 20.036226359209202
1716 26.013746572400144
1717 25.409383120572297
1718 21.619474317522393
1719 15.404422096794647
1720 13.001968991164553
1721 11.868745112816617
1722 11.75021917327816
1723 12.267758474172842
1724 11.045367650061237
1725 7.8047695701057584
1726 4.973994922988968
1727 4.339233540059588
1728 2.100560800052301
1729 2.937621794550097
1730 5.0329599587288305
1731 9.566170136598446
1732 11.795713473786254
1733 13.955432278683078
1734 16.575043727693135
1735 20.738673548092834
1736 23.001897824112508
1737 26.070718519845958
1738 27.434865901772856
1739 28.743467699615103
1740 35.1206824506149
1741 41.42165470078739
1742 41.946054517419434
1743 38.76419386497918
1744 34.17170374676138
1745 37.08250055992591
1746 36.30713363180999
1747 27.34287911740054
1748 21.22621550812772
1749 15.601292438808366
1750 9.457332188214394
1751 7.269994320674081
1752 4.620562066431601
1753 4.603840687575563
1754 4.18848699870536
1755 4.221322828551931
1756 3.356184633485233
1757 2.040066435458805
1758 2.0216461029749366
1759 2.2058618450338146
1760 2.9241473598589076
1761 1.8603699811633307
1762 1.1937000508895987
1763 0.3112641759035356
1764 0.3388420534853711
1765 0.7173550486033922
1766 0.9975715199889891
1767 0.1512145976866548
1768 0.10416146337140936
1769 1.4578192766221139
1770 2.246882289217803
1771 2.6916116301830826
1772 2.957789899222161
1773 4.011416202312174
1774 4.420204597845413
1775 6.310959764628426
1776 9.712953947360301
1777 14.19691053332601
1778 19.254279214770687
1779 24.603204091568895
1780 28.609093913626687
1781 30.44616954579588
1782 21.064937885011545
1783 19.815369336393175
1784 13.292078914327007
1785 10.784137723129845
1786 14.218726069740145
1787 14.521452848684701
1788 16.023907005715053
1789 9.660784249947946
1790 5.811211106310342
1791 3.7118486783674354
1792 4.629589133878985
1793 5.145889932793279
1794 5.807499725863959
1795 7.829597220246185
1796 8.466344062332004
1797 10.853301004041718
1798 15.777710903881003
1799 19.609342703346112
1800 23.20359238332155
1801 27.727211161411155
1802 26.6297743527481
1803 25.336579366693353
1804 30.654933449532987
1805 35.9003832187923
1806 33.01423080637574
1807 30.630007712729142
1808 35.97699667271989
1809 41.8142099597048
1810 36.70211461668733
1811 31.233352256518504
1812 25.114394442055854
1813 18.836532785873864
1814 10.838109375011863
1815 7.041398135374509
1816 6.648565607606105
1817 6.767039067765502
1818 4.552250610744239
1819 5.369535756123715
1820 3.9445560328393747
1821 3.4687402295429206
1822 3.1942309457761353
1823 3.713245728388919
1824 4.2139719871718215
1825 1.950046484530557
1826 0.7023151913991967
1827 0.050762154720627777
1828 0.039519599225337404
1829 0.00010719414692823645
1830 0.18873775811621019
1831 1.06498577408493
1832 1.9622968769633373
1833 5.010796094742158
1834 6.5139515661965595
1835 5.78116586723871
1836 5.340148042059614
1837 5.655123825099799
1838 5.009948648364453
1839 5.240783997474031
1840 9.242540134221406
1841 12.627997183718005
1842 16.907899949998185
1843 20.06744211030583
1844 19.809718524299523
1845 23.380906474887126
1846 21.38632882085056
1847 19.52490207887397
1848 14.347115356528862
1849 13.794700289676252
1850 16.49470519392197
1851 17.788812656644613
1852 17.99831723408623
1853 14.424778007388836
1854 6.8126366329185855
1855 2.9958687180060584
1856 4.031710329280857
1857 4.529385436431598
1858 5.542864287858789
1859 6.40946702821712
1860 8.628294635763709
1861 11.632674926889951
1862 15.788215749711007
1863 19.129475059345534
1864 25.981469818795762
1865 30.626883422316524
1866 27.198966936149404
1867 26.026120676356275
1868 30.266265646215047
1869 39.36871345080264
1870 37.718872785625095
1871 33.441266376001565
1872 33.334625317201564
1873 33.17589470739659
1874 32.0010930229827
1875 27.393331432577646
1876 24.316609423111146
1877 17.61157034862687
1878 11.593715761861795
1879 9.814144732534604
1880 10.366685683182407
1881 8.123259675887855
1882 7.232768584346431
1883 5.0737004780476775
1884 4.836101629229659
1885 5.311114629668804
1886 5.470933720637008
1887 6.084367254797392
1888 5.296600568701703
1889 2.558374654604576
1890 0.579728734898306
1891 0.0010328184472829425
1892 0.551780089013758
1893 1.646067170884956
1894 2.781389082259481
1895 4.011593729046235
1896 5.710792793059442
1897 9.530624821154046
1898 9.081594221860843
1899 8.400697107313752
1900 9.397086310882646
1901 7.864332240941673
1902 5.578781173175385
1903 6.68555643248743
1904 9.998273055253676
1905 11.996472348510343
1906 13.731252283299321
1907 14.191423910773366
1908 14.125911419029391
1909 15.831924170766513
1910 16.669570905206236
1911 14.323574885128473
1912 14.036426633377562
1913 13.542989411357903
1914 14.164216209572867
1915 18.517414331205302
1916 18.325391003668006
1917 18.560403970494196
1918 11.204917771720279
1919 4.709722678029577
1920 4.405849954272977
1921 4.458179967103654
1922 5.910407515453669
1923 7.587104832762745
1924 10.583370244416523
1925 13.097464894168631
1926 17.747460366212454
1927 22.78338054668312
1928 27.765924622158135
1929 27.95428543459285
1930 23.986109675529033
1931 26.218952227146694
1932 29.87685158260403
1933 39.87770818962712
1934 40.458489587868556
1935 38.26591177070651
1936 37.221604916409134
1937 38.55611176966864
1938 33.92891983564322
1939 26.48056510535331
1940 23.080005257240426
1941 16.55164257012532
1942 13.633857602584637
1943 14.085344463620189
1944 12.92498678193084
1945 11.632104660764774
1946 11.594815547190743
1947 8.826899803856188
1948 6.263473234490424
1949 6.261969271077373
1950 6.722731663812963
1951 6.866826664680875
1952 5.568201934523085
1953 2.6683788559598876
1954 0.7629838313474325
1955 0.018864282519285253
1956 0.2815477883033115
1957 1.6265384388912594
1958 3.4844923136415007
1959 5.491879572468641
1960 7.564689518430021
1961 11.186334405915158
1962 11.738877028320772
1963 14.207308885523501
1964 14.332085042641896
1965 12.600066148076525
1966 10.104371439576003
1967 9.906062571421096
1968 11.217262862223748
1969 11.424900480388047
1970 11.930908035367253
1971 11.19861388001602
1972 10.57812097026047
1973 13.33466737910879
1974 9.422196113584816
1975 7.850015362439966
1976 10.816325989265065
1977 13.602571276086993
1978 18.20992053473517
1979 22.040800273996325
1980 19.857743197401884
1981 22.584580151590583
1982 15.049342835199214
1983 6.174441803635536
1984 5.518595930284096
1985 4.851031530013084
1986 6.04302592216805
1987 6.946807834674552
1988 9.109273873725527
1989 12.283960081082734
1990 18.161502178901973
1991 22.84778509023398
1992 27.21428856935176
1993 28.198981663599188
1994 23.317024677845644
1995 24.39767818603095
1996 27.875339378680497
1997 33.69332481631633
1998 40.19319009764172
1999 34.67444180006235
2000 36.11802145771944
2001 38.30521191333573
2002 36.08457297022001
2003 28.674060667252174
2004 22.753349314116765
2005 18.33213020160748
2006 15.171507866497628
2007 14.864279716216789
2008 14.521138328029936
2009 15.43294300149448
2010 13.693635469996728
2011 11.013660209368767
2012 8.469878568351005
2013 6.532073425764486
2014 6.599927291360948
2015 4.004684866257815
2016 2.6955789662885903
2017 1.2525290366941835
2018 0.41252900312672774
2019 0.048954478088494575
2020 0.39562984604539514
2021 0.6231247495086092
2022 2.1060585767660354
2023 3.976636980434164
2024 6.158289862913989
2025 9.387323744116042
2026 11.310285479211592
2027 12.988084902635217
2028 13.613121718456675
2029 15.051321736134549
2030 15.842749999038528
2031 12.520917028561033
2032 11.768277344721355
2033 10.658775225521063
2034 10.928696834150745
2035 9.335121379759945
2036 8.678698055689397
2037 11.74439411466012
2038 7.716641377217624
2039 5.876955008598788
2040 12.914240720582187
2041 16.268888923465806
2042 19.53704045710565
2043 17.795102877208556
2044 20.85086999690975
2045 23.530986165040197
2046 17.855272104852727
2047 7.592865626592974
2048 4.695328097277525
2049 5.131477118533431
2050 6.906945890117102
2051 6.755112004754438
2052 8.057212653732623
2053 12.743789838531633
2054 18.58309552725224
2055 22.659961083853066
2056 24.77939031554157
2057 24.173829066663643
2058 20.831559970517727
2059 23.054712028129185
2060 28.102791972253023
2061 36.60702963764757
2062 38.16573302193084
2063 31.25534708411058
2064 37.06278118824818
2065 38.85152734073573
2066 32.94574031081107
2067 24.934418410571308
2068 21.523285949722773
2069 15.477284769698988
2070 13.268487995450727
2071 11.811083801584312
2072 12.255307065423919
2073 18.84795621206633
2074 18.321946302013863
2075 15.036014378962962
2076 8.534575282095847
2077 6.751400477465376
2078 5.694153399866403
2079 3.9944687554207734
2080 2.8430596272517414
2081 1.7685026599958
2082 0.5756370283993196
2083 0.004594630995621863
2084 0.2189325113324554
2085 0.5267718325718398
2086 0.8785529919121781
2087 1.69752101387836
2088 3.000414867052239
2089 5.492275902640773
2090 6.790747559778842
2091 6.813149627915578
2092 9.29433505849182
2093 14.368768524843471
2094 15.57181986161884
2095 12.676751262808514
2096 10.551715372105575
2097 8.288216050384442
2098 9.323033221537704
2099 11.147273326738507
2100 8.591600257904899
2101 7.757924852920915
2102 8.250965877719157
2103 10.081066363280714
2104 15.30722545218849
2105 17.60845183138114
2106 16.858566740300343
2107 15.054468789580621
2108 19.813464164420076
2109 25.37787653172574
2110 18.11102292838714
2111 7.9491410747637286
2112 5.984231284054387
2113 5.369212381580833
2114 5.953279616211538
2115 6.328305386433347
2116 9.162999171155723
2117 14.682387728940105
2118 20.041744474388558
2119 23.903475133690097
2120 25.19941725548884
2121 25.054848129321286
2122 21.1120894250025
2123 23.711175941680718
2124 29.57759503094794
2125 38.226268817007316
2126 39.28213235562385
2127 33.08318117251218
2128 39.67046299223485
2129 45.15590540850077
2130 39.34792118153646
2131 29.67290444400848
2132 19.921544449836105
2133 16.19376130996898
2134 16.32505024844793
2135 16.422354913640145
2136 15.43848979962243
2137 16.673417805280163
2138 15.912626610879313
2139 11.8399830737527
2140 8.180941707874105
2141 6.193977033071587
2142 6.042926285742885
2143 5.246898238425249
2144 3.744036600899583
2145 2.1636615117104214
2146 0.9126017589607044
2147 0.0420458350633568
2148 0.02733169640498184
2149 0.02775988835049849
2150 0.436915573746117
2151 0.7405783477382267
2152 1.3797377523625494
2153 2.516883505465004
2154 4.341003643729485
2155 5.595652733003827
2156 6.8267545334113
2157 9.79939231931683
2158 9.943148117857032
2159 9.516380158683805
2160 9.482425115658145
2161 6.351924446300516
2162 7.331934064420451
2163 10.345275903042083
2164 7.004389487344852
2165 4.928197086639738
2166 7.645182588796827
2167 12.162435451757977
2168 16.455640294525352
2169 16.053663259879926
2170 16.29865560497475
2171 11.09678037332526
2172 16.24916481422289
2173 23.92747572177032
2174 17.77390989282426
2175 10.421359498214928
2176 6.1829111933104155
2177 4.214883514653783
2178 4.439672787820953
2179 5.901476478436753
2180 9.198632749912424
2181 14.697141191116655
2182 21.225088174867015
2183 25.333181103691953
2184 24.79991636859246
2185 26.007813805818426
2186 22.346513194339167
2187 26.030507004380297
2188 31.121282961097922
2189 41.16960810744444
2190 40.125334970472174
2191 34.8474574060063
2192 39.72487097327614
2193 43.5997693522416
2194 43.07158363839724
2195 31.999941747208716
2196 22.838447616568036
2197 17.12667878811672
2198 14.790969021891403
2199 17.913538027178326
2200 15.56826013665141
2201 12.571446721287446
2202 10.902228643156484
2203 11.632392512772697
2204 9.666703263687307
2205 7.720196288395182
2206 5.703017700939727
2207 4.052911014663959
2208 2.167501833005496
2209 1.6602316839550408
2210 1.1715530280846203
2211 0.36554043137010583
2212 0.02204704294284429
2213 0.04326262074341249
2214 0.1697016401382946
2215 0.86667543453663
2216 1.662979105506799
2217 2.6987409165888447
2218 3.5846408325684926
2219 4.680675880311047
2220 6.150266039987557
2221 8.34115354504891
2222 6.484969078318957
2223 6.484682415489088
2224 7.852795677564407
2225 7.392534562603725
2226 8.549177395828847
2227 11.219034104349264
2228 9.133131436534574
2229 9.66535692599427
2230 9.978835998504325
2231 11.563431704371585
2232 13.451138947511438
2233 11.96549945779597
2234 15.114954632170216
2235 10.46667626028761
2236 17.355699873379873
2237 23.806054005039982
2238 15.42367292530327
2239 8.583717232012413
2240 3.545311856237002
2241 4.60812734586792
2242 4.4631823814082825
2243 5.070542535936042
2244 9.387372712455386
2245 14.248277056979715
2246 20.824569655702582
2247 23.879043433828976
2248 25.99428063993684
2249 24.660505249857156
2250 22.443446438679455
2251 26.14077649636608
2252 35.0207953102559
2253 43.31952551607773
2254 43.82149139215171
2255 39.383668232462306
2256 41.82293270323022
2257 42.25737914341745
2258 43.46514841161132
2259 34.53343030535637
2260 23.23473567122824
2261 16.046360364931516
2262 13.367945600015302
2263 13.911783812489517
2264 12.079218864807867
2265 11.518299752500429
2266 9.953776491794713
2267 10.835963303273456
2268 7.962378091139257
2269 5.769282691270384
2270 2.851253193029244
2271 1.700720795085738
2272 1.435468572018264
2273 1.235552923244269
2274 1.1002067544790795
2275 0.38494604970941954
2276 0.036197908934268344
2277 0.19832259928095006
2278 0.2830327481339617
2279 0.5056361917621973
2280 1.503153132192419
2281 3.218253831377903
2282 2.858651531744179
2283 3.1396004446995525
2284 3.805783166694199
2285 4.967203619492859
2286 4.376310227065374
2287 3.981026661723671
2288 6.642732117604022
2289 7.459480706713692
2290 9.498557541509058
2291 11.217482742419273
2292 12.152519487266122
2293 16.380061099583493
2294 10.667294715206427
2295 9.508617974977644
2296 10.134804046579134
2297 9.582074459324566
2298 13.137690859087153
2299 11.932753725876106
2300 15.298246379813655
2301 19.196460850342664
2302 13.414823539968024
2303 7.710276965416344
2304 2.587836767169419
2305 4.305684934305224
2306 4.806376623326466
2307 4.295840114891345
2308 7.161906183698425
2309 11.69980137222968
2310 18.086006584984627
2311 22.341443143087897
2312 23.12411283478464
2313 21.907089100324114
2314 20.07527356284381
2315 24.508757028907947
2316 34.14173610418768
2317 44.16488835172124
2318 45.35910151778208
2319 42.078100430508094
2320 46.107211112928354
2321 45.745689898797465
2322 40.867794055761536
2323 33.33778718560861
2324 25.093744357805026
2325 17.612942639502286
2326 11.416876534999968
2327 12.074484108023118
2328 10.458624167065066
2329 9.404203614365738
2330 7.672287802437061
2331 6.551961400436935
2332 4.660761062373326
2333 4.726600025072588
2334 2.698663238990786
2335 1.313150146453161
2336 0.8346514025094401
2337 1.3329642311860244
2338 0.6002833861349072
2339 0.10373703978935463
2340 0.014749569323241755
2341 0.00712727809307779
2342 0.0010683024812349633
2343 0.2295125348983193
2344 1.4022625419344001
2345 2.820760263184834
2346 3.365277612326153
2347 5.109886700011231
2348 5.3278403357659965
2349 3.7834703248888855
2350 4.26752218127933
2351 4.596726571196963
2352 5.3237840605106435
2353 6.521003898122064
2354 10.10666455491608
2355 15.115528056849314
2356 19.63176646839514
2357 17.745511253228287
2358 10.184489223617415
2359 9.495179598242837
2360 7.156368163392736
2361 9.294070881659819
2362 15.260055122252666
2363 13.557697325921277
2364 14.123956290651302
2365 13.010321942736526
2366 9.69074851678464
2367 5.707450678441668
2368 2.0622522433150223
2369 4.015229181128044
2370 5.653114714770994
2371 4.119044795998682
2372 6.944004984811366
2373 11.954982225873692
2374 15.835115240667726
2375 20.479704207891388
2376 22.92113068739821
2377 23.476897452857955
2378 21.101488977410657
2379 23.010284790779373
2380 32.809007277258935
2381 43.72769444947662
2382 43.99587899466488
2383 37.25928819856087
2384 39.44252275236379
2385 39.22145580382431
2386 38.77771936074488
2387 28.391560981405764
2388 22.85784775511832
2389 15.203564688325589
2390 8.72882497375389
2391 7.535200697345639
2392 7.286494981197978
2393 5.838472839274291
2394 4.168140853766952
2395 3.6872968779757307
2396 3.543785213310514
2397 3.052304195932396
2398 1.5048364040366127
2399 0.47418184749336123
2400 0.29608518341166484
2401 0.4258062039838713
2402 0.45892293335395506
2403 0.12377845453685962
2404 0.20769485285379694
2405 0.45324493859455456
2406 0.04904878126936678
2407 0.010316324887505356
2408 0.21755753340063827
2409 0.5821044082281407
2410 2.1332479724291242
2411 4.047035069905982
2412 5.364654155718657
2413 4.467265703332189
2414 5.019638463648205
2415 5.868570348753136
2416 7.424400723169805
2417 7.504500704234894
2418 12.519214772949352
2419 18.97561558375762
2420 22.774709090535183
2421 19.430014393410257
2422 13.007827099145127
2423 13.601752277049217
2424 11.792293655844961
2425 14.265298826509463
2426 15.66158279760196
2427 14.516857619556973
2428 12.572802276772922
2429 9.404089317994345
2430 6.110465260831412
2431 3.683041475669719
2432 0.7405987941935598
2433 2.3016284843934782
2434 4.51537660444141
2435 4.211816964104091
2436 7.8713002003830805
2437 12.741585977567171
2438 16.763266640197255
2439 21.620814934563224
2440 25.578610811552224
2441 25.639265201511012
2442 22.774234364575715
2443 22.655909382242527
2444 32.99880190521591
2445 39.65925536154033
2446 39.222221217414486
2447 38.92840231531982
2448 39.479353240169786
2449 32.99712176067872
2450 32.13792019762032
2451 25.91797212295015
2452 22.53624888912549
2453 14.528211320929735
2454 8.135682346853214
2455 5.656632445508372
2456 4.508624133823253
2457 4.847607710800913
2458 4.837673597202497
2459 3.9059407257991756
2460 1.8327431706537696
2461 1.111486469434678
2462 0.6567527316225628
2463 0.8776392922133714
2464 0.5806855701484483
2465 0.4495087579314269
2466 0.45811543767913154
2467 0.8226147612045147
2468 0.9396351343990236
2469 0.6802682700066742
2470 0.3498146612550049
2471 0.03663190017295348
2472 0.013065742032442861
2473 0.4293283449175986
2474 1.0623119084573012
2475 3.175970832734285
2476 5.754816884305176
2477 5.909817755964509
2478 6.335499474897518
2479 6.613762423649529
2480 8.266415359143235
2481 13.457865123617127
2482 20.282649322645383
2483 21.575221474473647
2484 18.93251638719534
2485 23.0694073905422
2486 19.372928682402737
2487 22.378220028662
2488 14.926002378208974
2489 16.26413417596853
2490 16.402024422780777
2491 12.437042282715357
2492 11.688368750536101
2493 8.393235817215768
2494 4.589142326523156
2495 2.2531439674381897
2496 0.8378932869499898
2497 2.2692595664692403
2498 4.647337362837074
2499 4.744136785840226
2500 9.020936106113863
2501 13.708434254328994
2502 17.980764125547594
2503 20.68887614262372
2504 23.574894719278205
2505 24.541071889763522
2506 23.14005611675193
2507 21.84245404460644
2508 32.468778077688704
2509 34.93358924061739
2510 42.78920144736861
2511 40.40241187168063
2512 37.04153890187458
2513 34.10730867701989
2514 31.22004737413298
2515 23.343585901347115
2516 23.082041103655964
2517 16.011385830468484
2518 7.253426040791536
2519 4.48545479427117
2520 3.753644974864368
2521 5.565209078851908
2522 5.169304716580728
2523 3.740890477279771
2524 2.3388656544855926
2525 1.7513121457247978
2526 2.9388339302600905
2527 1.8913936368821478
2528 1.264345791161203
2529 0.5003421105616701
2530 0.9484536580803441
2531 2.4256953171336204
2532 4.5791751920185755
2533 3.120605845419029
2534 3.0155114318933647
2535 2.415838114396326
2536 0.11142205473300917
2537 0.2582771949108723
2538 0.5699037005760474
2539 3.8648567254329564
2540 7.644028401352683
2541 6.1739157628281545
2542 7.546617578751824
2543 7.527026795737225
2544 9.312012467182312
2545 15.89765997506702
2546 21.54935289056554
2547 22.21170103234396
2548 20.46743201106506
2549 24.6084764324818
2550 24.383667470030574
2551 22.78319872522729
2552 20.177140316646636
2553 17.16875461387199
2554 15.112022194662657
2555 11.344297116703173
2556 10.057268377575356
2557 7.223471041439219
2558 5.035605742397489
2559 2.221439945362091
2560 0.15200383625503935
2561 1.1641118172691658
2562 4.657910895427977
2563 5.724005915007643
2564 8.962305533167477
2565 14.247961500677027
2566 19.58036215743468
2567 20.46428438487283
2568 21.351448621208718
2569 23.36185717356684
2570 21.860551831939485
2571 21.536002641005773
2572 28.733292127107894
2573 32.03317194028397
2574 39.99378156068985
2575 34.98692919689717
2576 31.244669667578385
2577 29.703011587728625
2578 27.985952451864854
2579 25.209218305244843
2580 22.48565214288889
2581 14.928378261653698
2582 8.15085588195828
2583 5.616632898920214
2584 3.554180894538831
2585 3.5921109119066967
2586 2.7754779830563576
2587 3.385442681922352
2588 3.471474048692314
2589 3.2379032316580725
2590 5.323750470256455
2591 3.482107573384489
2592 0.9489371581721705
2593 1.3835177954549227
2594 2.8124822395449858
2595 4.466351738162086
2596 7.26470856609329
2597 6.53847644082769
2598 6.883908389572028
2599 7.749003782499752
2600 1.8862279214715592
2601 0.22731991688184652
2602 0.6368219812209003
2603 2.7130209341221643
2604 6.186396987947432
2605 5.203722815672199
2606 7.098294092498979
2607 10.097048361259292
2608 11.671797360117624
2609 18.369354408502037
2610 20.30122368273958
2611 26.38995694585052
2612 21.243792915786944
2613 19.531046360993578
2614 18.10623354843356
2615 14.89732845748964
2616 17.585513623545147
2617 18.076034362850802
2618 16.13789495276684
2619 11.26707435234263
2620 9.49262811384041
2621 6.745282524578507
2622 5.189036869058308
2623 2.0378236341011635
2624 0.10463956606966232
2625 0.5133545553927511
2626 2.9975323921004002
2627 5.779132902160909
2628 9.473243386613683
2629 13.689053836042232
2630 16.79889968839796
2631 17.460397137019935
2632 19.340256629907707
2633 19.93092700113353
2634 20.009013982794553
2635 20.856299041480117
2636 22.76979313757086
2637 32.122376406739406
2638 35.387383025353024
2639 30.7702875089764
2640 25.825087553132246
2641 23.113103625259527
2642 23.180444345848734
2643 23.08199652755588
2644 19.688515091322834
2645 11.442984165189628
2646 6.81385858632486
2647 4.999468733226756
2648 2.3702550938974016
2649 3.255152141166986
2650 1.9566395678608923
2651 1.873568706523151
2652 1.508255400044962
2653 2.258491293577522
2654 4.87133354540924
2655 4.010665823777875
2656 3.2752313459987756
2657 3.9954097812090246
2658 4.723345096623685
2659 5.61879463994035
2660 5.499541286685676
2661 5.682766093751316
2662 7.678096354932655
2663 7.811896666645939
2664 3.9680976511106487
2665 0.020244287402936857
2666 0.20392374203659341
2667 1.1880597715273848
2668 3.9889463506529483
2669 4.477016458205537
2670 7.499816218875181
2671 10.884446760694754
2672 14.111494247545954
2673 17.573048088370907
2674 18.888065648164435
2675 20.21037350487682
2676 15.36301433926237
2677 15.456266460822498
2678 14.033186864580305
2679 16.36108483888969
2680 16.36329077489299
2681 19.17185229304471
2682 15.559500882485063
2683 13.706339394002393
2684 7.4122387304049475
2685 4.736049109928934
2686 4.834301844632339
2687 2.468848576996129
2688 0.018236817339247806
2689 0.1255394761947769
2690 1.8138433668845
2691 5.802880624469069
2692 9.18595537944828
2693 10.501949238390857
2694 12.550675508447208
2695 13.76721884799938
2696 14.42805118129117
2697 16.743628937038455
2698 16.025328436407463
2699 17.407769430388356
2700 20.924287969699122
2701 25.017035839144373
2702 26.186790067610076
2703 23.372817592372257
2704 18.903849378678707
2705 17.864924188435822
2706 17.26102004305772
2707 16.741563963787797
2708 16.467782420001978
2709 11.862169285669498
2710 6.062137735845786
2711 3.3673240377263474
2712 1.6572941629280922
2713 1.5313510527087824
2714 1.0679738414688935
2715 0.4216758454785159
2716 0.92101777690533
2717 1.8793263610389146
2718 3.284545049088899
2719 2.8823824651566703
2720 2.2581740431798534
2721 3.144703314169699
2722 6.356032067486149
2723 8.026639396942542
2724 8.985758606499793
2725 9.484672501650923
2726 7.9833016557630065
2727 5.279041881649713
2728 4.193391198452235
2729 0.7003169695675244
2730 0.1311296886014015
2731 1.1348052746306674
2732 3.878464757941373
2733 5.823299618621732
2734 7.020656847302097
2735 10.140064173198631
2736 12.353336535439821
2737 12.171219941977224
2738 13.014786608873905
2739 14.81988446001475
2740 14.360794443467032
2741 16.419041018315173
2742 12.936840188238621
2743 16.36444266887513
2744 12.642935646527862
2745 12.617531693867555
2746 11.43138195504377
2747 9.3312185466648
2748 5.407080283142989
2749 4.160480292092287
2750 4.309209788540013
2751 2.934279706402529
2752 0.08502317344815982
2753 0.009727025802304175
2754 0.7381907466468468
2755 4.040912902908114
2756 7.64508697334294
2757 8.017668110358969
2758 8.184883474974223
2759 10.040440212962901
2760 12.637323702714431
2761 11.881282201338742
2762 10.875263488238145
2763 13.391061924242578
2764 18.0532444128937
2765 20.300918482661825
2766 19.513599293157604
2767 17.29993318361817
2768 16.361657361952012
2769 17.406216564151734
2770 14.88769188735483
2771 14.453052655468035
2772 13.691908123740268
2773 10.952854182458491
2774 6.735951573552993
2775 3.358587074150906
2776 1.778561825923391
2777 0.8983335194240853
2778 0.8027136652822336
2779 0.6880490755422211
2780 0.7011398585375962
2781 1.3342813972884608
2782 1.4887469291080937
2783 3.3513280046028076
2784 3.523742288611154
2785 3.8673468652781673
2786 10.451428794819558
2787 12.665650806176215
2788 16.19573344502152
2789 12.404439655731073
2790 9.467063469540324
2791 5.9902494200911995
2792 3.447863100393958
2793 0.27188139407367823
2794 0.23672926886164955
2795 0.6454528155027228
2796 2.5558300216993874
2797 4.617035985164327
2798 5.612826213267248
2799 8.339751094986505
2800 6.787570360772264
2801 6.242587539149952
2802 8.049526172283896
2803 9.639937596865849
2804 10.459141855866001
2805 12.899984800238357
2806 12.752736036963237
2807 14.916521216507682
2808 12.71535106441828
2809 10.746057287127758
2810 9.843326812964607
2811 10.866493734699
2812 7.955031550017623
2813 5.598297840386223
2814 4.409487126026625
2815 3.2691781658871775
2816 0.005254253856406731
2817 0.001875867580287239
2818 0.47533659037059867
2819 2.3581575145006046
2820 5.951255489417064
2821 7.376239894147104
2822 6.0894903935082345
2823 6.002270599739587
2824 7.609525118094417
2825 6.705475056157573
2826 7.378511448845427
2827 8.837156046121226
2828 12.300020823148689
2829 15.537133818893688
2830 17.287518979232228
2831 16.4772443017234
2832 16.7377236281174
2833 18.657711851644635
2834 16.79914569886916
2835 16.770785581507774
2836 12.086441669408359
2837 9.034904521240216
2838 6.803340451104357
2839 3.2362096806420864
2840 1.0565258074529393
2841 0.10270370660021595
2842 0.4070471284314998
2843 1.2437109334033747
2844 0.5440682974783397
2845 1.3398821216540011
2846 2.701190213325254
2847 5.971531005514276
2848 7.997210181800114
2849 9.733911455055472
2850 12.518656747319868
2851 15.43998514881317
2852 23.152730075307684
2853 11.843608730452702
2854 6.323810963562779
2855 3.75499655800832
2856 1.98071345357544
2857 0.0007819373159344987
2858 0.7180701021976776
2859 0.3381907735509943
2860 1.2061382443794462
2861 1.6810512549581595
2862 2.568843045173356
2863 3.5656704006392514
2864 4.015037736636874
2865 6.053483375761345
2866 6.147723690337544
2867 7.213226018031651
2868 10.345213073194003
2869 10.18786902069096
2870 12.356761930669277
2871 15.609870788857984
2872 14.825923784719132
2873 14.29493297567788
2874 11.80060399717467
2875 12.27254174500189
2876 9.671458069378561
2877 8.472090872769144
2878 5.441643122321936
2879 4.2560315541775715
2880 0.01302350912119117
2881 0.12940816341960273
2882 0.846266140665205
2883 1.6088781887655348
2884 5.29237697739769
2885 6.789182704596981
2886 4.785181587022106
2887 3.794205150032435
2888 4.776187523033138
2889 3.470424456769556
2890 4.080404705558643
2891 5.648420799181826
2892 10.828490791450017
2893 8.996461286137759
2894 11.609318886470335
2895 13.997565418470245
2896 15.521005141080677
2897 17.563590889420954
2898 16.98380844137372
2899 13.961230614188903
2900 11.890690722243692
2901 9.150025984902694
2902 5.6182277497379784
2903 3.3067710290853807
2904 0.5621094096355934
2905 0.17317642773021602
2906 1.5893305403690727
2907 1.521729378304715
2908 2.4526931710074438
2909 3.927151617214688
2910 4.942191798018031
2911 7.141123629536103
2912 7.958568034275358
2913 11.061385748609636
2914 13.230003934356244
2915 11.592350957051227
2916 15.6035222066225
2917 6.365174474098013
2918 2.682227124529656
2919 1.9460728805683734
2920 0.960489129777401
2921 0.28603903928910923
2922 1.3676221079426538
2923 0.7840871296718643
2924 1.2349293340175869
2925 1.1962327246775517
2926 2.223845290610924
2927 2.996703066671082
2928 3.4477007297722
2929 6.1610391440924435
2930 8.154003844665183
2931 9.813130665578997
2932 10.972313752959552
2933 10.517787406515561
2934 14.145132263602582
2935 20.704080666713693
2936 15.148998393681048
2937 16.348904540626325
2938 13.896786140639634
2939 11.816693164041029
2940 9.217443351141387
2941 6.193589432336573
2942 5.756873533303152
2943 4.678112057289344
2944 0.5687060271019967
2945 0.9262061675921348
2946 1.468647906391759
2947 1.650968110680178
2948 4.391985472130401
2949 5.839536107619751
2950 4.508317133933657
2951 3.6755155337231122
2952 3.4639171480932793
2953 2.3626229210649146
2954 3.5245250344321892
2955 6.2451852966284545
2956 7.373910065206233
2957 7.357695685540478
2958 9.471873388441022
2959 11.132120612691189
2960 10.153352242328948
2961 12.923772081558122
2962 13.756183634549421
2963 12.884575895712583
2964 7.986865082298906
2965 6.160933393886776
2966 5.4234566402886095
2967 2.324967101215861
2968 0.7072237813331977
2969 1.0785864650850567
2970 1.1903752078803176
2971 1.9556460087598417
2972 4.714840902094192
2973 4.388235671243705
2974 3.3159494612095135
2975 4.2214719884274166
2976 5.2260129439914245
2977 8.447021513748933
2978 8.94216139216681
2979 8.689245690911815
2980 9.946472061527844
2981 9.296515271911808
2982 4.983265295846597
2983 1.2198135962886745
2984 0.013339581271534775
2985 0.9110169453807633
2986 1.9487970091426332
2987 1.7448776990267865
2988 2.6031800714370097
2989 2.0874545016724726
2990 2.7135362874143665
2991 3.3177254495823534
2992 4.8316995874654785
2993 8.65001385803091
2994 9.606391138925611
2995 12.370034661624015
2996 16.536384300782167
2997 18.472774814232107
2998 18.02032943205261
2999 24.84335595080753
3000 24.37630643623254
3001 18.733253329711882
3002 16.590883089089036
3003 10.685600332483915
3004 7.821478069975451
3005 5.1258813378856365
3006 5.206783064604084
3007 4.2340472379847025
3008 1.4885720204604613
3009 1.4895897019083368
3010 1.8743676973279324
3011 2.4502167719706707
3012 3.2001152047992414
3013 3.9765268853643967
3014 3.624925461206104
3015 3.217029793225263
3016 2.0588634345652213
3017 1.5840410549764268
3018 4.150122080797426
3019 5.551457749970276
3020 6.276855698521457
3021 6.388429192775969
3022 6.524833795442125
3023 5.5468417835940755
3024 6.137821422754564
3025 5.561491063108306
3026 6.764009214611474
3027 7.2654179397795025
3028 3.3240524611265427
3029 2.7899904103742332
3030 3.074295024339442
3031 1.0824604598252479
3032 0.572544250261851
3033 0.09403934565915412
3034 0.16736899008800166
3035 0.8413993203998555
3036 1.8790803967700176
3037 1.3912427816241513
3038 0.7633636074888822
3039 1.8163572634074219
3040 2.9710017308306202
3041 6.121678385466958
3042 6.9696836044121016
3043 6.896428959725068
3044 5.326744366369843
3045 6.5687223625477325
3046 2.1985117136985126
3047 0.5902860799442323
3048 0.152943517336387
3049 0.05195780395032047
3050 0.1336038790265077
3051 0.5884907542216127
3052 1.2403876050481917
3053 2.398154176204625
3054 4.906415666203111
3055 6.182243386290051
3056 8.287817646165541
3057 9.863421151804726
3058 9.853498039713228
3059 13.367182623718131
3060 16.608615734943577
3061 20.94455347966759
3062 18.003477119798788
3063 20.277339840156994
3064 23.289173521483836
3065 19.80117992527131
3066 12.041468011339177
3067 13.589634254118435
3068 7.972830767298756
3069 6.370145394915968
3070 7.714067643292479
3071 4.4058472599704945
3072 1.6301544301497655
3073 1.6305564873727534
3074 2.015439594998417
3075 2.8992786271885924
3076 3.395237971148
3077 3.503028957955213
3078 3.0179326340166743
3079 3.0521940457676244
3080 2.0297789879019947
3081 3.6902816820654514
3082 5.501231702482644
3083 6.740404418958338
3084 4.883579988914372
3085 3.400992920535133
3086 2.514423305374151
3087 1.2917910521943388
3088 1.8167615136661373
3089 1.842412083563755
3090 2.898353311915025
3091 2.2282766289773064
3092 0.810726453739228
3093 0.6532495805193819
3094 0.9403594482411138
3095 0.7871907362824141
3096 0.49029524328987584
3097 0.02033692177474359
3098 0.14031263541888137
3099 0.04613697762897376
3100 0.05725448913704509
3101 0.060612875532414255
3102 0.0005842180287492315
3103 0.0961153248005467
3104 0.7321579786647212
3105 1.7547440613386451
3106 2.033284505608262
3107 1.8095081013204217
3108 2.122524441904356
3109 0.40547042269939504
3110 5.022397644102737e-06
3111 0.30609618677181
3112 0.34336361829062845
3113 0.19493042296755067
3114 0.40952298375152396
3115 0.631650479909064
3116 0.6464893774509796
3117 1.8331987344136262
3118 4.633734093323265
3119 7.917499938025799
3120 10.931681490547625
3121 11.204194532535277
3122 12.973296880371358
3123 15.761351166838867
3124 17.764338093501966
3125 20.289890906224635
3126 16.519927637278663
3127 19.16183193640073
3128 19.905715150455592
3129 14.948587609030882
3130 12.21106780431761
3131 12.382640307690812
3132 8.930016296031008
3133 7.139871681431026
3134 6.828618923213738
3135 4.9767773400913065
3136 0.8842386792969107
3137 1.2518636956320077
3138 2.304477231286053
3139 3.620716614801425
3140 3.017595431008264
3141 3.330464959958454
3142 3.0580124729711144
3143 2.5301537210346647
3144 4.385424067384882
3145 5.839262613418577
3146 6.488134504381717
3147 5.903618382481318
3148 3.5434474326924206
3149 1.6419841782781108
3150 0.7565195246926493
3151 0.5309541777574789
3152 0.253328981203713
3153 1.1155807921584453
3154 1.3062149518346493
3155 0.7174138204079498
3156 0.11907772913816896
3157 0.2010254843344325
3158 0.5435721204797376
3159 0.998193382758836
3160 0.2364192111110511
3161 0.01610890773780857
3162 0.017450636145331357
3163 0.09386956337471401
3164 0.0008228623805675723
3165 0.05967529582627307
3166 0.0071716863493422175
3167 0.06057106999693246
3168 0.46257442917836683
3169 0.8547600415162048
3170 1.341683854581545
3171 1.2393539205939776
3172 0.11559055084443959
3173 0.1184288971774209
3174 0.14473897364149169
3175 0.478071799484591
3176 0.3924815721468573
3177 0.6250861450179055
3178 0.5134236011525783
3179 0.45720302271746305
3180 0.512557098124141
3181 1.8520481056304667
3182 4.391283208680255
3183 6.122413188503656
3184 6.695464112654491
3185 6.449235178625211
3186 8.700432914191456
3187 13.24090867471041
3188 15.022529587266947
3189 18.940965817908047
3190 16.427582477934394
3191 16.20430185463281
3192 16.48627609282254
3193 13.731414840103987
3194 13.816231590694919
3195 10.420056919389745
3196 7.288369783638837
3197 6.422231493140401
3198 4.833813377401097
3199 3.178721403847328
3200 1.1181020642737116
3201 1.598572859364856
3202 2.0388989558266606
3203 2.433114949690291
3204 1.507631846452692
3205 2.0001393122403823
3206 3.2794388853766203
3207 3.9277672535290153
3208 5.664485420064479
3209 8.629562277324395
3210 5.100375997371816
3211 3.683538932787369
3212 2.095237093701051
3213 1.0011173308385954
3214 0.29703781606616125
3215 0.0015221834419402876
3216 0.018693384050280367
3217 0.14600580221107423
3218 0.25424846164963444
3219 0.0029169073646634256
3220 0.13307791336567057
3221 0.029575813600065653
3222 0.07616558575712183
3223 0.004283276339919367
3224 0.306564051585165
3225 0.49743278083721865
3226 0.09789428706880496
3227 0.08817592316348943
3228 0.12383942380134695
3229 0.12344156306262848
3230 0.024060764197172357
3231 0.0068179879021142385
3232 0.0011994458058800141
3233 0.16788556187062786
3234 0.5031126877485915
3235 0.3463004518474869
3236 0.0152268014087486
3237 0.33124585221758
3238 0.7607824233425827
3239 0.8903990387776121
3240 0.5117655570613032
3241 0.7337279834420911
3242 0.39802710281003145
3243 0.29625900702733116
3244 0.7108681925169292
3245 1.3771127744912386
3246 3.6195347716096338
3247 4.003093752569889
3248 3.771669813420392
3249 4.085760562664404
3250 6.674137770116048
3251 8.421036525505414
3252 9.712100545490474
3253 11.293992285463476
3254 13.48049990838699
3255 12.552932843533105
3256 12.485833451027286
3257 13.964022474628955
3258 10.370711468720067
3259 10.481543490633685
3260 8.193746785084183
3261 6.488968230417967
3262 4.266731050655019
3263 3.403282666489734
3264 0.7820030392526738
3265 1.4782275142418464
3266 1.1481608697724681
3267 0.5717372446143186
3268 0.6826205584948037
3269 1.733725396743747
3270 3.9165523109268743
3271 5.57985673449476
3272 7.6599983978477075
3273 8.489941374211663
3274 5.266075446416183
3275 3.2284999652996884
3276 1.0555266501059797
3277 0.2854228454566507
3278 0.03448082122074502
3279 0.008474141091006703
3280 0.15821393495384117
3281 0.3215391554888803
3282 0.11948100843684505
3283 0.19610370555785248
3284 0.33407719472116626
3285 0.5243465995524882
3286 0.2612355376815774
3287 0.1811900883594645
3288 0.023421703248725743
3289 0.09163064402571489
3290 0.018291336311579635
3291 0.13589019808735264
3292 0.10194077726574316
3293 0.23810336655835074
3294 0.22896653876649253
3295 0.24545626500054474
3296 0.5159348216990463
3297 0.5037417419816452
3298 0.9501221958819333
3299 0.2887318742235036
3300 0.01964455295963594
3301 0.2468933113362762
3302 0.14349799684173814
3303 0.7307230017956948
3304 0.6725004006715495
3305 0.996984452308075
3306 0.613575870856048
3307 0.479513171230694
3308 0.6400975361266639
3309 0.6324325054208078
3310 0.8880577028167665
3311 2.070032751524459
3312 1.94958911888754
3313 2.140143004227466
3314 3.1047383217239957
3315 5.535694809194698
3316 7.599257171468305
3317 10.110843592719505
3318 13.87046845697183
3319 14.50456617223838
3320 15.9088186980687
3321 14.392837566567652
3322 10.55069778211392
3323 10.470673704317905
3324 12.449553442493558
3325 8.999981941166366
3326 5.974170417533063
3327 4.882154495425737
3328 0.642312251727957
3329 0.6875191517208896
3330 0.24136712247219397
3331 0.15689645215063028
3332 0.5471224343571859
3333 2.5351504737665658
3334 4.9599791600106355
3335 7.569634341041375
3336 7.0958289395671486
3337 4.100133132949002
3338 4.2082985819082115
3339 3.367462779523537
3340 0.9089029120228236
3341 0.09955664804647467
3342 0.020555628115745593
3343 0.4524843707169939
3344 0.7685985080058559
3345 1.1479633108244478
3346 0.9277783593006411
3347 0.4438371859432259
3348 0.2982710646180819
3349 0.07688301504069772
3350 0.6042526318871777
3351 0.5801505666337903
3352 0.06354945640273008
3353 0.06316398583770738
3354 0.028969499305440644
3355 0.025375197109327844
3356 0.016168534388266875
3357 0.17070754396443613
3358 0.2039964709288029
3359 0.4569179264430286
3360 0.3284426275454535
3361 0.4697541599449871
3362 0.7599813828787652
3363 0.3225628747283004
3364 0.012589866215061139
3365 0.34444903598258025
3366 0.4529709633941087
3367 0.6636668988090826
3368 1.2068358958778875
3369 1.9031502408468215
3370 1.8982892007167176
3371 1.6549254107769187
3372 1.830196535361585
3373 0.5982921394340485
3374 0.6415844853870972
3375 1.8640264370800719
3376 1.6762161880247504
3377 2.689180721365048
3378 4.013866323530581
3379 5.935459927684751
3380 8.302187497297721
3381 10.372956151032533
3382 12.177207117385692
3383 15.863108876983057
3384 20.759941961486156
3385 16.764649145676326
3386 12.899076690965387
3387 10.13449400442683
3388 10.558380301254104
3389 12.051320181524332
3390 9.077219333534337
3391 5.642961532095463
3392 0.37447604282700203
3393 0.5383041950337017
3394 0.2559787909168753
3395 0.1767834076157844
3396 0.9927851631857989
3397 1.9556449191574437
3398 4.4389371632094745
3399 5.453907562049809
3400 2.3522581155352507
3401 1.168252422055628
3402 1.2748896652313115
3403 1.660596295304385
3404 1.5667368149433836
3405 0.2026953135201032
3406 0.1395167098636268
3407 0.6087808219038096
3408 1.0092806427680414
3409 1.2723732442518565
3410 1.2041369310737295
3411 0.3157063705307292
3412 0.0025726968538442034
3413 0.04963167231142052
3414 0.2840746507262635
3415 0.1025945053019622
3416 0.050758894668617
3417 0.1742963529670216
3418 0.09944109500191319
3419 0.0036606536662708252
3420 0.371552840305826
3421 0.44513709028143755
3422 0.21515279451371158
3423 0.0398378477898205
3424 0.04264965405586552
3425 0.2271206528254983
3426 0.3404707624418417
3427 0.11196450458030423
3428 0.08592239045151681
3429 0.3718935977914775
3430 0.1269561374504978
3431 0.1179240462862081
3432 0.002320124177347644
3433 0.37906806508322427
3434 1.0405456875882564
3435 1.5824959283782007
3436 1.7837075010053858
3437 1.181576522925323
3438 1.1931991857808435
3439 3.0693287580487523
3440 3.9805059705090002
3441 4.549956256944759
3442 7.492495716359389
3443 7.536534406433565
3444 10.854537426883997
3445 13.157548843024852
3446 12.112101481920078
3447 17.059210362246315
3448 20.790324247497068
3449 15.269884522135806
3450 13.837693862501057
3451 11.094485032468116
3452 9.198195506348732
3453 12.4142354928993
3454 10.733897218297155
3455 6.909967523261114
3456 0.15646658952992604
3457 0.11055923730457592
3458 0.5902193779680011
3459 0.6916547008780026
3460 0.6612065440920859
3461 1.5733615074535858
3462 3.297521218579115
3463 3.1672158602879525
3464 1.3390147853192476
3465 0.6316749232915537
3466 0.5749684632067567
3467 0.8577931813888208
3468 1.0907313486667387
3469 0.261986412131295
3470 0.006239241088184808
3471 0.2809600660593442
3472 0.5802222343961158
3473 0.5446064854758892
3474 0.7019664659687367
3475 0.35353662027748284
3476 0.0012309635863683994
3477 0.012631142145495784
3478 0.13256646885030055
3479 0.048386713928177214
3480 0.02857397132196476
3481 0.02298045010254484
3482 0.019687779718090503
3483 0.14937243276806414
3484 0.5741465329489372
3485 0.6179387498263607
3486 0.2858116002629247
3487 0.1302916389471757
3488 0.09065931790900583
3489 0.021901980733783893
3490 0.38160630119435507
3491 0.1605717840449828
3492 0.15473614449982565
3493 0.22808337326918096
3494 0.14437779780092813
3495 0.13210108734901393
3496 0.1728887136474467
3497 0.17042755687173772
3498 0.031358723509500086
3499 0.2505345796932467
3500 0.8916976778310242
3501 0.6004156347811651
3502 1.3286883603545685
3503 3.2084073317828707
3504 5.8098839678671155
3505 4.9916192198078
3506 7.435869048782283
3507 8.338490900125244
3508 12.079438349621165
3509 14.124904863278168
3510 12.97361216948227
3511 17.04039662881602
3512 13.885918283341548
3513 15.332043004940743
3514 10.915697103484213
3515 10.199364295589952
3516 6.379801644597678
3517 8.598405269926584
3518 8.86737287051844
3519 5.57043576236391
3520 0.03403262837269058
3521 0.031457538494825674
3522 0.09556757011582957
3523 0.25325673576989793
3524 0.24513350002224965
3525 1.2590496830755928
3526 2.2123181711880844
3527 1.4573756405330778
3528 1.3815884479428322
3529 0.5917763520028003
3530 0.46489578729434805
3531 0.2051288415655932
3532 0.38896608545111105
3533 0.08103149493675162
3534 0.06786235604669245
3535 0.0187126353025328
3536 0.2425906676873305
3537 0.1857663517410529
3538 0.11788483762579946
3539 0.11139024440600477
3540 0.0074357244926477415
3541 0.0006847280458268417
3542 0.00016690726596764867
3543 0.4631190755588751
3544 0.053443321720411135
3545 0.14774325801086685
3546 0.17079414034065865
3547 0.21349812526973813
3548 0.4735363997835324
3549 0.8102725564108739
3550 0.8976924585234795
3551 0.2877721303947443
3552 0.07325570250649095
3553 0.1512203445185343
3554 0.3714785036659891
3555 0.5029779399289701
3556 1.6595257645048682
3557 1.8987268508489712
3558 2.22238700978259
3559 0.655588889017347
3560 0.5125924981615002
3561 0.46023089781402016
3562 0.07949191028089216
3563 0.004770667722724247
3564 0.1162608408059723
3565 0.273628302513153
3566 0.9620788725611611
3567 2.48259322912059
3568 4.25016188415646
3569 4.4112216123891965
3570 6.793849833903795
3571 6.721664948190819
3572 11.076353949548103
3573 13.992847421996563
3574 10.855083516364576
3575 9.333854391288892
3576 7.488300696545861
3577 12.495548025165656
3578 7.105027219809252
3579 7.322767959791669
3580 5.9187424446056545
3581 5.492123824744951
3582 6.291353604631324
3583 3.355540850427946
3584 0.0843676967590853
3585 0.009708277906011364
3586 0.002302492652672138
3587 0.003603772956752714
3588 0.2016681431679985
3589 1.4424131443142372
3590 1.8254864425919344
3591 0.6327627158088724
3592 0.9069943724466625
3593 0.9132921442518187
3594 0.48932099624655034
3595 0.09642027780524752
3596 0.07001528222909068
3597 0.00012467977208788935
3598 0.016589129944778284
3599 0.06487585902585415
3600 0.05309676667710129
3601 0.01656913258525664
3602 0.010015394290067363
3603 0.06988414142827472
3604 0.0674300619998117
3605 0.06867675606259296
3606 0.00048513826593715216
3607 0.12120563384606955
3608 0.2828213416048389
3609 0.9001654125003563
3610 0.8259965310491013
3611 1.2499873119248934
3612 1.638951605181886
3613 1.7482607601700733
3614 0.9268984818692286
3615 0.5068131040843422
3616 0.2859649027110865
3617 0.33055359765141873
3618 0.5637089382049613
3619 0.9255518887778411
3620 1.1589836424832782
3621 2.1633057264893867
3622 2.5467874787628877
3623 2.9629454643317605
3624 2.1630459451423016
3625 0.7515781982835316
3626 0.0661312325812444
3627 0.029736498795343062
3628 0.035695095768021254
3629 0.4248378131253797
3630 1.9121234922781947
3631 3.056883443779683
3632 3.9277971844617676
3633 5.802837434607212
3634 8.192820825259064
3635 4.738698425357939
3636 9.403934830995594
3637 11.259185185713088
3638 5.7452416968589395
3639 3.1097760682343076
3640 3.6440351596908425
3641 3.8992316624942114
3642 6.409625512541935
3643 3.937935481901611
3644 3.8903636983270564
3645 4.374988825304409
3646 3.5040513921248055
3647 2.7011917530701233
3648 0.21457149074629941
3649 0.23044931217834097
3650 0.38942185534703677
3651 0.06623504886104724
3652 0.829810399431505
3653 2.187666856382759
3654 1.4385541380803648
3655 0.3921825935134924
3656 0.3610827668479656
3657 0.049481322994141035
3658 0.03229907710743993
3659 0.07531726034271938
3660 8.96067687284619e-05
3661 9.059298918328044e-08
3662 0.00013042025112408695
3663 0.1806396098889188
3664 0.08244645605332102
3665 0.3930204412461742
3666 0.2037601995125751
3667 0.04030263960080712
3668 0.4799554357609531
3669 0.338549980457542
3670 0.24110936656926307
3671 0.6213589607329425
3672 1.2296136992323048
3673 3.3200413899819377
3674 3.5263168491725634
3675 3.1659708300889107
3676 2.6384264082640985
3677 1.7046277638717406
3678 1.2297876948703494
3679 0.988478519576765
3680 0.33616337241347677
3681 0.3133971124790914
3682 1.8011460419887413
3683 2.8370663305597894
3684 4.02610625877272
3685 3.853378754328169
3686 3.4353372295481592
3687 3.9061685004174453
3688 3.192000556740383
3689 2.1025110183886078
3690 0.5849342303620074
3691 0.03594260963078869
3692 0.08584452022387185
3693 0.47685370793013643
3694 1.498805993165213
3695 2.502021029212957
3696 3.3979598025845976
3697 4.1838537191349605
3698 6.841024641680247
3699 4.766240197163961
3700 5.681730113055032
3701 4.48946729500895
3702 2.5668152762567535
3703 2.8702392783515
3704 2.2806168989088835
3705 1.9797039506326755
3706 4.093667049908331
3707 4.211634887691975
3708 3.5006397905874516
3709 4.256281724467393
3710 3.470550896830766
3711 2.3443353159397065
3712 0.5671141425829012
3713 0.6730323369046677
3714 0.25543919922778846
3715 0.8398929876953759
3716 2.1949168837343014
3717 2.007952909464255
3718 1.0512425324316734
3719 1.0030751334764194
3720 0.6127887502549075
3721 0.3239921710354901
3722 0.05453623726412058
3723 0.006662756678939776
3724 0.0009738813774498045
3725 8.69269492494287e-05
3726 0.06378131167196943
3727 0.2044541978009881
3728 0.24683660586098957
3729 0.8418293860299537
3730 1.271411380340763
3731 1.1081593949080992
3732 1.3292750272264833
3733 1.2896970151297038
3734 1.279048007101829
3735 1.9434572992342987
3736 2.314725232706723
3737 3.1861087791504907
3738 4.083551659711984
3739 3.329200225749371
3740 2.7545712243856157
3741 1.309223800537692
3742 1.4654194609214266
3743 0.8036546067447259
3744 0.4131297964007287
3745 0.7127675499958962
3746 1.6768152784295087
3747 2.8245420501567002
3748 3.256820480709305
3749 2.5220817816363943
3750 2.0190640481742816
3751 2.2297295954870897
3752 2.3724612399399065
3753 1.1685724616495048
3754 0.22307635406342757
3755 0.0003997093215547193
3756 0.16062198024879762
3757 0.43453332930424843
3758 0.8102279604768382
3759 1.7928406630852578
3760 2.2289567939186155
3761 2.5365441542091456
3762 5.525224583581138
3763 4.89076362994082
3764 3.821603892315659
3765 4.032493342157851
3766 2.250018648918416
3767 2.925373821314219
3768 2.1737768334401637
3769 1.4568243757394472
3770 1.9209633912217294
3771 3.020915066919246
3772 2.563649987503991
3773 2.850049461073177
3774 3.372466171822613
3775 1.7581370366254
3776 0.6842009413617538
3777 0.4479627854413473
3778 0.032313496443162365
3779 0.6036657722227323
3780 1.8019495878728302
3781 2.694676289075706
3782 2.6093725208402625
3783 2.4006160690439855
3784 0.8992252360063984
3785 0.315292081837048
3786 0.2249710577032303
3787 0.045625904820233605
3788 0.012937201853089353
3789 0.005555242842735637
3790 0.12285612578943514
3791 0.16621816798042396
3792 0.00012774601906675087
3793 0.16228883446107997
3794 0.09905925450422888
3795 0.19590761309307336
3796 0.0780676683175019
3797 1.7386946515443347
3798 1.8424013215147659
3799 1.3984683443135384
3800 1.10099478175288
3801 2.639433848483805
3802 4.267053977816968
3803 1.9198047240698617
3804 2.046271551670053
3805 1.568579812186948
3806 1.7510233889493214
3807 0.9762086729856377
3808 0.0887704013885229
3809 0.28953330098192714
3810 0.6270986360574297
3811 1.0078912361475065
3812 1.630480171021742
3813 1.859805534042707
3814 1.9305345966056822
3815 1.0575031975995923
3816 0.6121681180364443
3817 0.1952251455675361
3818 0.11346044256763022
3819 0.06837686330169573
3820 0.6617357560625465
3821 0.6821897950125687
3822 1.1858283083782857
3823 1.9128672757442873
3824 1.0165088267889708
3825 1.4455124729536932
3826 2.6843642111630897
3827 2.9242414384769453
3828 3.642645522702512
3829 3.7296414537183975
3830 2.906542891097927
3831 1.9160633068409743
3832 1.033858969292344
3833 2.1370457399802043
3834 3.13281994003793
3835 3.4650234094523067
3836 2.5121203901909857
3837 2.8442493147276515
3838 3.284303475739433
3839 1.9781998936820464
3840 0.578910453424575
3841 0.5765210591325612
3842 0.1480384352130461
3843 0.3712780745317274
3844 0.5652201763343746
3845 1.646934921394913
3846 3.42118012842442
3847 4.195209528638995
3848 2.3753285308472103
3849 1.4143176636381116
3850 0.941384291470065
3851 0.15537227239652832
3852 0.062145942378372176
3853 0.03791205689855179
3854 0.19887553665053181
3855 0.0778804322980032
3856 0.21277197215235955
3857 0.04447770081331434
3858 0.0003454029398221235
3859 0.06968295834811085
3860 0.003921453732536233
3861 1.6579041199679199
3862 2.5933003619682626
3863 3.0065560809179823
3864 2.8174213239115904
3865 2.8689573706612395
3866 3.5881111594114996
3867 3.380370192887619
3868 2.451039053780881
3869 1.4389908637156077
3870 1.6177374190705522
3871 2.1778471324134223
3872 1.2314584829123008
3873 0.9941064121380156
3874 1.2373507774796433
3875 1.3275864211552522
3876 1.0345578505443993
3877 1.0243418533581932
3878 1.1949261211642441
3879 1.6787441140903707
3880 0.3613338084304711
3881 0.2571158285026955
3882 0.3135510751657335
3883 0.12042843480690604
3884 0.18454884028033597
3885 0.5670894019801836
3886 0.7872646229831372
3887 0.7330640967906679
3888 0.3634573372300408
3889 0.24884138811192466
3890 1.3450188684556663
3891 3.163614529251063
3892 3.4861000604547243
3893 2.3472079696364645
3894 1.4113578717239064
3895 0.8088232599783821
3896 0.6341104745287409
3897 1.220201121238706
3898 1.8464126759347417
3899 1.517653677137494
3900 1.5591660157299823
3901 1.0796945498653647
3902 1.1406515148362892
3903 0.7079028260123229
3904 0.8641670948254052
3905 0.8731466649559697
3906 0.6943262895367749
3907 0.8465593740168309
3908 0.44159873720155945
3909 1.1296712247797174
3910 3.6271652692383123
3911 5.448797285908782
3912 4.655095346591645
3913 3.280391441436875
3914 2.4683994841590504
3915 1.2484257754511847
3916 0.4284148798587368
3917 0.13323379579361122
3918 0.0014503908425189972
3919 0.029128960782618257
3920 0.24534730728626183
3921 0.6379160800996003
3922 0.1748863429532773
3923 0.22043513949483476
3924 0.1890540093845735
3925 0.20334248260886426
3926 1.6849795235268332
3927 2.595624224013775
3928 3.350490668809245
3929 2.861974875645724
3930 5.4838499773022935
3931 6.195988422796555
3932 4.978093515043734
3933 4.259251037677469
3934 5.225705326282848
3935 3.3006465610917024
3936 2.027868700701984
3937 1.893212958752131
3938 2.043481334482597
3939 1.6708915885479165
3940 2.0729500569480623
3941 1.7284373235563335
3942 0.9088241859589943
3943 0.5292978452320125
3944 0.3806573618196766
3945 0.1980136091316429
3946 0.36036256567800845
3947 0.12482373281309572
3948 0.05474598263968574
3949 0.04928887204243034
3950 0.038234737954333665
3951 0.04373327701716285
3952 0.05937724867676599
3953 0.1871211599860212
3954 0.7276632499554923
3955 1.5072542665233821
3956 1.5943662165551156
3957 1.4420321634241071
3958 1.6820373515162848
3959 1.1123062975996696
3960 0.7959476890420119
3961 0.7129322670107096
3962 0.7764253562539178
3963 0.8139544977374523
3964 1.1264536555883184
3965 1.0488291188638506
3966 0.9520378915847608
3967 0.8385986505752638
3968 0.3899637588057557
3969 0.45958705558931556
3970 0.6404022237456881
3971 0.8559452676943681
3972 1.3418082875996555
3973 0.9368610059225796
3974 1.2327639901078953
3975 1.4796370996284693
3976 1.4051061235308029
3977 1.3874430973933531
3978 0.9144253179491851
3979 0.7538677127467857
3980 0.18358968340305484
3981 0.005804664219776302
3982 0.000901035411451455
3983 0.04362104727021802
3984 0.17175774923363457
3985 0.015965431217042705
3986 0.023251583935344256
3987 0.0005802720016685539
3988 0.17865257202687876
3989 0.6591059561606357
3990 1.807815131190158
3991 2.8303286529790377
3992 2.4978697607904543
3993 3.1922440052111463
3994 5.659276539707983
3995 5.966971722416558
3996 6.040042280228552
3997 6.526189262575427
3998 5.512311677767234
3999 5.3475689284725645
4000 6.293475467291925
4001 5.01203670915109
4002 5.232919675266163
4003 3.259435286968867
4004 2.412816625419443
4005 2.952289849428815
4006 1.578879487046035
4007 0.9914714391078983
4008 0.5476789973247317
4009 0.53530940644244
4010 0.43846127795045436
4011 0.48552154621630156
4012 0.07995298802060596
4013 0.03334749221599327
4014 0.017133026931287768
4015 0.00010316159569966708
4016 0.16303524773536363
4017 0.5975965451492967
4018 1.2099952467198278
4019 1.8706851781221516
4020 1.2082453584945234
4021 1.4178505062777624
4022 0.7105344423385369
4023 1.3307526567003425
4024 0.9572287132317924
4025 0.6114055409512703
4026 0.25967719057504507
4027 0.47513429346314306
4028 0.6971725225402853
4029 1.216265766495407
4030 1.053573299943861
4031 1.1369398767665617
4032 0.0036785798328012828
4033 0.09894398127784042
4034 0.5661794002572734
4035 1.2212132478522584
4036 1.1598073982330117
4037 0.9575013123868797
4038 0.297835196940656
4039 0.40838427518215215
4040 0.5932418732490616
4041 0.5556967910702253
4042 0.8833152647705663
4043 1.0360164928698548
4044 0.38267576261806474
4045 0.9100006920910473
4046 1.6187168738574402
4047 1.3525831545496037
4048 0.8315843416434572
4049 0.929020456924975
4050 0.334111258161851
4051 0.19664427482123206
4052 0.3769504866977564
4053 0.5116422892675087
4054 1.054485278437153
4055 1.5683281820676231
4056 2.563972272206894
4057 2.3522469640714556
4058 4.100280051762591
4059 6.216428774021812
4060 5.320888601415425
4061 5.411865975919009
4062 6.184292167573161
4063 7.4343470198183805
4064 7.144531761469419
4065 6.16448801226635
4066 4.924025680846513
4067 2.451537912387208
4068 1.6643965580937152
4069 2.7627070056786187
4070 2.1495376241508644
4071 1.4698692123831327
4072 0.8444793154272048
4073 0.6636718178120168
4074 0.45438776714286533
4075 0.22523392944499906
4076 0.06880977885557658
4077 0.0023292038088692825
4078 0.0670794855188599
4079 0.020522259463386337
4080 0.4048782062063242
4081 0.8899241248545553
4082 1.4382706235167941
4083 2.3306371900962644
4084 1.303580882535776
4085 0.8212953377769675
4086 0.442574554699803
4087 0.892123974475696
4088 0.8407604298287447
4089 0.8660751889914513
4090 0.7043893127968736
4091 0.7872180342989622
4092 0.6752087836200559
4093 0.31308589586651697
4094 0.3252659650121924
4095 0.3230070230123803
