 0
0 7.059745898913559
1 5.700231501935251
2 5.3530708249692465
3 5.74553183836753
4 6.638873996197116
5 4.369368894225897
6 3.8378144696376615
7 2.693348808818503
8 2.6263740756278153
9 2.9711447981528742
10 1.981124590641108
11 2.502373104458816
12 2.731382663476829
13 2.6177507279545353
14 2.2398031484067085
15 2.1855093989152055
16 2.050605529337386
17 0.77230349594514
18 0.2638625691320613
19 0.09274647150258525
20 0.11272720955842884
21 0.08238995443444354
22 0.015603413545442323
23 0.15535157838118532
24 0.36186203118699084
25 0.2940081770831546
26 0.3157790556345254
27 0.032225855181468886
28 1.2600221352655707
29 1.9388600786782852
30 2.076297225786795
31 2.7752223943024568
32 3.5957853526428565
33 3.8862029870045727
34 3.4772136004027803
35 2.265021489539547
36 2.148802523673984
37 2.7821082774948396
38 3.198214143473764
39 2.4527771856847584
40 2.1365584093716725
41 1.933422949829807
42 1.1332584816029523
43 0.3445060222014143
44 0.42536368907694216
45 0.4642448047887875
46 0.8243359749276772
47 1.2290620884017822
48 1.513154401681526
49 0.8898736365760358
50 1.2914932104928538
51 0.6952497396309337
52 0.6965145294352767
53 0.6497173094737203
54 0.8749495418685375
55 0.3686008533785024
56 0.4953330832874973
57 0.8002837384922297
58 1.4658482746330184
59 1.6437068029026651
60 0.8608224427589282
61 0.5954881487575153
62 0.3197623654183858
63 0.3450099795785928
64 6.040374754637266
65 5.044332451885678
66 5.2448545257962795
67 5.887723962097014
68 4.960169750262645
69 2.248177151497651
70 1.5103785206668947
71 0.7671743656364801
72 0.7941190130246604
73 0.951128405555265
74 0.41976788248125846
75 0.6162060397716862
76 1.260315411184029
77 2.0939094941221836
78 2.0593859176513947
79 2.0161864896522186
80 1.8337095290509506
81 0.7925477974966286
82 0.4844443860889471
83 0.03437899865925345
84 0.0013668103068970121
85 0.003911730053821355
86 0.17668148057655603
87 0.4539902453102317
88 0.5886684063363931
89 0.7455892867991686
90 0.9047363616986239
91 1.1544630287764603
92 2.838429007882845
93 3.2327421927898583
94 2.809915434384043
95 3.5517169176040753
96 4.46252744095264
97 4.306691126150458
98 3.6172857944129144
99 3.4654024715421126
100 3.3906882662000712
101 3.935015478115297
102 3.295932386342242
103 2.6050321372839482
104 1.4769492491272
105 1.1608806260125277
106 0.27490421736433096
107 0.08599275122611108
108 0.2052221338304871
109 0.1487658526705832
110 0.3773169251048292
111 0.6541290504285069
112 0.9175496366549144
113 0.6356054428701244
114 1.0323497403578892
115 0.9457462141856379
116 0.9592598501267332
117 0.8201934438787218
118 0.997701304213015
119 1.0944302975282216
120 1.1582669998773882
121 1.2713325658933181
122 1.0821450587838255
123 1.2293410671977811
124 0.34768609363645603
125 0.19005173348170512
126 0.03698186152724269
127 0.05643862656713488
128 5.313277089034401
129 5.1499352574104975
130 5.758194434576081
131 5.03829618898283
132 3.521525600783511
133 1.1860025510282075
134 0.34008470365748267
135 0.0636252464728959
136 0.06479674913727075
137 0.3145432545759507
138 0.008389608041697997
139 0.038767265446713405
140 0.10618211997445137
141 0.46675263137437484
142 0.3477021268047398
143 0.6724688649076633
144 0.7898324897293609
145 0.5584777622249711
146 0.2134284111502989
147 0.030881960748104384
148 0.2300386606468362
149 0.45278748624642695
150 0.9463580617875994
151 1.8874741137418756
152 1.9781728938368397
153 1.8112060207560965
154 2.299771406625729
155 3.7465640228102037
156 4.759334037766809
157 3.964734656415873
158 4.4815187990185334
159 5.521739397121496
160 7.311748600142829
161 6.428078304391733
162 5.052776534618883
163 4.740512254064331
164 4.0418014717043205
165 2.899566411055809
166 2.4249577700293807
167 2.172367464428641
168 0.8979348268576516
169 1.023883541785389
170 0.3723679525921737
171 0.25771357599837114
172 0.24802869427416116
173 0.19547839816180718
174 0.4827796491698391
175 0.5582282645752462
176 0.7708817175447292
177 0.6439266852921347
178 1.4277777550027053
179 1.8314717418305901
180 1.9158649916679786
181 1.1926607357768502
182 1.0841004788975779
183 2.1390622425325314
184 1.8132668261458618
185 1.684563568592613
186 0.8143410154265586
187 0.08252549438347521
188 0.01902947393605107
189 0.0765160918776898
190 0.03314320228950678
191 0.03709773952077713
192 5.04044421606864
193 3.678261225810124
194 4.047187652156029
195 2.272996910929948
196 0.6651301163277016
197 0.757897393864469
198 0.20850872139855472
199 0.026487183291433777
200 0.013823824217894494
201 0.025814322909658283
202 0.014196957636808411
203 0.02493723720326688
204 0.11995120093749666
205 0.5386642634359812
206 0.33129711687175784
207 0.4972430008871985
208 0.0730329942926943
209 0.035337537817155706
210 0.3096555826818324
211 1.0831184776132385
212 0.4856013361055855
213 0.519920709733959
214 1.8552180314117808
215 3.085930305456318
216 3.3196382014712325
217 3.310470940077397
218 5.135811827243406
219 4.9956409247951
220 6.863977313698945
221 6.8503273415679695
222 6.8445099114883785
223 7.83396952170611
224 8.841765529459932
225 5.479309728765574
226 5.136540396918851
227 4.5743211564093045
228 3.0906084664029505
229 3.154368717328083
230 3.4433845643159806
231 3.224459529053305
232 1.8109130636224946
233 1.8026647260554511
234 1.8455159007156876
235 1.3310526634691853
236 1.0330309952259757
237 0.5410105595123701
238 0.7031661544231746
239 0.556110010075628
240 0.6215201065535308
241 0.6906065358855503
242 1.3098891344847143
243 1.9493743930037921
244 1.4595197002489233
245 0.7017119415738217
246 1.0195664602106629
247 1.936781521215759
248 2.145412468365662
249 1.2148802436942856
250 0.40249967574063605
251 0.15869563482471216
252 0.0660215345616205
253 0.1256601476519391
254 0.1329494123280605
255 0.49410476890756655
256 3.062536071042939
257 1.596025749865809
258 1.369048524474296
259 1.1105248391318394
260 0.24469183927971055
261 0.6512276670785275
262 0.585882785662976
263 0.3416423869193134
264 0.5590711240013945
265 0.3951347459875933
266 0.14063374588857985
267 0.5197507944657016
268 0.3320582344566136
269 0.349669583187216
270 0.14219737156672768
271 0.08218721686225781
272 0.04616311113008149
273 0.1895342806506444
274 0.387215995826447
275 0.7465281234062019
276 1.1248765120219355
277 1.8193236799838088
278 3.198694118224418
279 3.505330248034809
280 2.929971728607697
281 3.2004871260997363
282 3.915820125100714
283 4.314333668800726
284 5.66822481642255
285 6.197425886233947
286 6.1808885129268445
287 6.93246941659996
288 7.747738154674128
289 5.190823137976792
290 5.10882902925791
291 5.258208196546516
292 4.918307867627316
293 5.527738781309434
294 5.548356675591919
295 5.881207950549429
296 4.685220843256086
297 4.269273998675007
298 3.834827026757087
299 3.542048456845574
300 1.532228370165499
301 1.2836202097944238
302 0.6807841250694808
303 0.5743946357825425
304 0.39037694325175065
305 0.4113758327048966
306 0.8353011497566585
307 1.3126032579822267
308 0.7432499735554484
309 0.21063506622213468
310 1.1568452707380161
311 1.6977778441212894
312 1.605221166107922
313 1.2980324670696295
314 0.5761910847987751
315 0.8117183454477465
316 0.8767366457830517
317 0.45417443814743724
318 0.534763997589054
319 0.4195241004663479
320 3.253332798439005
321 2.2900740772828962
322 0.9861171667471484
323 0.7666485711450415
324 0.16666893074869538
325 1.1580536703301338
326 1.532611750784104
327 1.4807136496270472
328 1.3373113704239203
329 1.4754233455310388
330 1.2301784320728844
331 1.2091122045026876
332 0.6940547794047038
333 1.4675466991465225
334 0.645850148554097
335 0.09276112541675409
336 0.06140905254127988
337 0.3577809237591009
338 0.5927996608636845
339 0.13749384513098833
340 0.06613003462138065
341 0.7332266793668047
342 1.8106508164285908
343 2.6387628615265726
344 2.666125260755595
345 1.6963981554846752
346 1.7577529881863052
347 4.281510801888754
348 5.68108370568026
349 5.538450451937532
350 4.316411006244637
351 3.777274333981829
352 4.726310676387355
353 6.458958827134806
354 5.599386359740597
355 5.207128754328508
356 4.317284378123143
357 5.309297743764983
358 6.3178335154728416
359 7.610738251971396
360 9.056210029722147
361 6.4600318792514955
362 4.704850325388901
363 3.110907667826791
364 3.3681655944980746
365 2.7890475793882157
366 2.1952195164510617
367 1.398121390862592
368 1.142470698914147
369 0.9959732725316875
370 1.4367061661490639
371 1.0252243993933796
372 0.6192498765022646
373 0.2822574543608774
374 1.2131549848674474
375 1.7644229172536534
376 1.5445662750917262
377 1.7739208065668488
378 1.585567505172088
379 1.5922597144929171
380 1.3540640007438083
381 1.0287519653928232
382 0.9895302376539347
383 0.8711150800681835
384 2.8373706897911743
385 2.41236125498919
386 0.7758693406254422
387 0.11150561348389433
388 0.02874263440947463
389 0.4927308444859044
390 1.7020416211295466
391 1.9909757757935398
392 1.6515627718173256
393 2.302384615550338
394 2.5224571245995415
395 1.8490266580796544
396 0.8661706162484871
397 1.215831477680211
398 0.34812323018321845
399 0.0003933821669741748
400 0.10566078929363515
401 0.3597140102897031
402 0.4181988309238118
403 0.5973142318793595
404 0.7840503523849806
405 0.7963428402819395
406 0.9931099973864749
407 1.5539432960740394
408 1.2678803793004623
409 0.8371359696618456
410 1.2826644431755223
411 2.9472724388003178
412 4.403203053158752
413 5.3867247374759275
414 4.288990157425437
415 3.4394398458874123
416 3.615338918364382
417 4.679923993442022
418 3.7419665063635814
419 3.54241800900981
420 4.221378065222017
421 3.7410296746513345
422 4.3338762492048115
423 4.728941880856593
424 5.5201203176506155
425 5.367692492102866
426 4.7170324178597935
427 3.66463201396406
428 3.1787138032104854
429 3.1558200147390876
430 2.762092786613679
431 2.705184949599536
432 1.9776128443687144
433 1.4302535504384812
434 1.2877999045175792
435 0.9928247600800999
436 0.660599140049112
437 0.9439611482717937
438 1.1827779920324843
439 1.111793783484423
440 1.2737917626353126
441 1.2170509559188536
442 1.2102037287561553
443 1.61104792364756
444 0.8190334513733589
445 0.8260810372109801
446 0.8570876093671228
447 0.8963413779569293
448 3.0130216213937455
449 2.750026807540755
450 1.8819115996331806
451 0.17601889028320383
452 0.13304941805145604
453 0.37941677397956075
454 0.8410694394491406
455 1.2643396896016024
456 1.2914822368931804
457 2.2999852977574813
458 1.907852858054382
459 1.758476733202917
460 1.0372562449494933
461 1.0360116888360305
462 0.23600042649869446
463 0.0736776571595116
464 0.14118590045812743
465 0.00011554373096885295
466 0.5637704590640736
467 0.9032360561582813
468 1.5069660004123682
469 1.1832917838239971
470 0.7782852432005939
471 1.0122188768332123
472 0.831296803935253
473 0.6750806672544696
474 1.1694912766010428
475 2.2512211651141194
476 2.2263538504141804
477 3.5372819771784343
478 2.3959921962012753
479 2.5112468023936834
480 1.51404357358177
481 1.3908956478882835
482 1.1145013449566508
483 1.7526977618716322
484 2.6143920310530873
485 3.371922769737035
486 3.724832476240745
487 3.9868778168650794
488 4.10669292399286
489 2.9758404169413946
490 2.7622191506905476
491 2.1001340896130705
492 1.9174817626667158
493 1.3238540955984428
494 2.157585074885366
495 2.9213536290011453
496 3.9507426214165635
497 2.3787979462370745
498 1.7034809585359696
499 1.6641240695081594
500 0.5970319988367571
501 1.4762648866945345
502 1.4375914382848594
503 1.1081177156881297
504 0.5126687388068535
505 0.8973065331624708
506 0.6503568106930434
507 0.648094744910617
508 0.7358314012623782
509 0.7320876270266065
510 0.3048289514214252
511 0.5393824448630491
512 2.6377474265565892
513 2.780349495916412
514 1.910967759760884
515 0.5131727772194676
516 0.08883045760433099
517 0.5127290191129612
518 0.2879377582163277
519 0.697025591307984
520 1.0449339906482304
521 1.7960879877937943
522 1.0717152036871809
523 1.0913409028183714
524 1.0847520678152818
525 0.9448041165743496
526 0.35773199072205747
527 0.47490403831339484
528 0.4033260516153645
529 0.05152372970300366
530 0.15504588152275395
531 0.888508833334417
532 0.999421034229868
533 0.922443755407098
534 0.8281760746760606
535 0.8072703317394384
536 0.6365240788494924
537 1.0890265397859376
538 1.9110299972956715
539 0.99430324592904
540 2.0600078547966683
541 3.161682513228454
542 1.482551424061047
543 0.9393187808130808
544 0.5908976618302639
545 0.3958729734968251
546 0.6247095583745667
547 1.3169869831930676
548 2.3874736131759176
549 2.7128891783528934
550 2.4505905111180972
551 2.572586478490953
552 3.664080448667272
553 2.6477403406175615
554 2.352132824335257
555 1.5104085639210698
556 0.8642514492569218
557 0.820182120833081
558 1.223617675251366
559 2.2193075387939594
560 3.075294205812437
561 2.072476715463351
562 1.6925994682967294
563 1.7734401177306118
564 0.7479584285308997
565 0.9776931264639637
566 1.223213597610355
567 0.5920344462938475
568 0.19310230212309606
569 0.5835352790864633
570 0.6701899228498268
571 0.7025919234852326
572 0.7603951829548931
573 0.3422623082333167
574 0.2095378773704156
575 0.08669170068064176
576 2.4109444938842697
577 2.349517985819297
578 1.1526660504771942
579 0.45765032240699
580 0.1529925327777611
581 0.05775463946075573
582 0.005056109769313742
583 0.1917194843754572
584 0.07702126770948524
585 0.09069019150318337
586 0.06355266375915061
587 0.2513195425481205
588 0.3090031561929016
589 0.28299937250139523
590 0.5287329474193275
591 0.5089059652071748
592 0.2972182424709481
593 0.02772259989217687
594 0.30668945618556853
595 0.5646391204975645
596 0.7044046923568825
597 0.6565745414195421
598 0.4195195757026632
599 0.2735763181529743
600 0.19675760138693787
601 0.5283744897547691
602 1.2977241839298297
603 1.6964027712881484
604 1.9090049959140813
605 1.9223726724721926
606 1.986802668975376
607 1.0133618047487354
608 0.2924827487201534
609 0.20188504428260537
610 0.015468592320209031
611 0.061068597109949774
612 0.5353091934190052
613 0.5886700188014462
614 0.9679063236885085
615 1.6307673286197026
616 1.3677022690950174
617 1.0463319209501807
618 0.805233339045723
619 0.399884401716535
620 0.7212573267765269
621 0.570248588602968
622 0.5985845249414695
623 1.7697865977710396
624 1.7546997112459104
625 1.0691909682086844
626 0.639387985987497
627 0.5738189720412553
628 0.34260810623369015
629 0.5875576600452762
630 0.37638227940235625
631 0.08044103489617196
632 0.016361583924310225
633 0.05351251793124037
634 0.1467674938944398
635 0.18891871047811615
636 0.098310664232212
637 0.05486253607814743
638 0.08922917018633983
639 0.027610526970805693
640 1.7766702484250165
641 1.4839192573824849
642 0.6966131239829495
643 0.21059420716096236
644 0.012595731961876293
645 0.16478286721023486
646 0.4909345230469875
647 1.123862427110332
648 0.6465279227442692
649 0.606632190898851
650 0.2603182420522717
651 0.04984736719297759
652 0.0003372125952411029
653 0.03537862589789472
654 0.09086561041241949
655 0.31796622207506114
656 0.08122555077211954
657 0.005600878036890768
658 0.3531510649744091
659 0.3543823840044555
660 0.6340821694721474
661 0.65014153166818
662 0.31319265683927905
663 0.39555828401968274
664 1.0491727294687105
665 0.875998540633562
666 1.6922888612423084
667 0.916262050084552
668 2.156909726587562
669 1.7901154391181657
670 1.2578466537837547
671 0.5296140052143259
672 0.17679207873804917
673 0.0008194081344773983
674 0.03540681059968995
675 0.026139028006296767
676 0.2232495129274876
677 0.3744696313291368
678 0.7557278916454365
679 1.291704345492066
680 1.0762118542288797
681 1.2900777654589908
682 1.1171418106580797
683 0.6679040637037806
684 0.6882242185716358
685 0.40429800099802754
686 0.40683762398614287
687 1.2114197491039678
688 0.9998076219081379
689 0.5708678100146161
690 0.006583884784839083
691 0.007464483816617139
692 0.02817678685748614
693 0.01268209775721827
694 0.008309914927448078
695 0.39300309924121113
696 0.09864283521612839
697 0.2572047944653072
698 0.2784123617541398
699 1.1035244996476955e-06
700 0.025032296972774693
701 0.009733029299540476
702 0.002308019440800449
703 0.025206013890295934
704 2.351648244548731
705 1.8760736393608002
706 0.6468785375971257
707 0.3079182547190323
708 0.009888194627530324
709 0.6895234831186753
710 0.5411583377016401
711 0.8723755618882474
712 2.565416417942906
713 2.8509702580898835
714 1.4927916706255855
715 0.9035863373149448
716 0.22046662747334345
717 0.01246095601695131
718 0.07261036193527226
719 0.0015389977692677065
720 0.005690258172763586
721 0.1844999684522772
722 0.4699241420435332
723 0.5204931848533811
724 1.064514371874506
725 1.4383369353297843
726 0.2565722182065544
727 0.15252510728049207
728 0.2873484085865517
729 0.7870425727717396
730 1.2775964195381586
731 1.1525545217080981
732 2.379290912064969
733 2.092560116480035
734 1.3669566515094356
735 0.7376386556379677
736 0.32207208655476627
737 0.03046057649049997
738 0.2222037795247291
739 0.3795923595813117
740 0.7731345558156412
741 1.6997792008764552
742 1.3929030664518047
743 1.0283359172345774
744 0.5187337044514472
745 0.3068016515963681
746 0.3981279568722604
747 0.21630934872468582
748 0.21037878045728425
749 0.0023885431474860407
750 0.013705834478764068
751 0.050687629049852884
752 0.01827558213390726
753 0.001625045543740382
754 0.14994233062603124
755 0.38891752112839184
756 0.2774174133530741
757 0.4182804718510492
758 0.17396462482263447
759 0.6267450313548187
760 0.4663425543110446
761 1.162659663374732
762 0.7450948383889174
763 0.37300698978589497
764 0.18153017233076077
765 0.10031999494993966
766 0.09429250502856965
767 0.12467374492805884
768 2.4278748002462356
769 1.2559013692763945
770 0.42146741430509854
771 0.4065040611214249
772 0.044817859349399795
773 0.8415703261138006
774 0.9998278278240096
775 0.6617142240970806
776 3.239387060713857
777 4.128746055390266
778 2.8571004743463733
779 1.8361192844353724
780 0.911942950527185
781 0.6387509249915928
782 0.549918466258839
783 0.558426898046322
784 0.6491739769581647
785 0.7656580820540484
786 0.7159368342407023
787 0.31675707065879766
788 0.26720170917346336
789 0.0962151698484198
790 0.0014826387715535906
791 0.004710379226911703
792 0.006392115372136981
793 0.044901996502515286
794 0.060526218736558834
795 0.0643397570449501
796 0.44751612514882566
797 0.6395022116278287
798 0.204927910410084
799 0.4634396021055468
800 0.7883508128603415
801 0.2844515978584572
802 0.5993083072896188
803 1.1300802516919228
804 2.0311407377286237
805 2.635995578723049
806 1.463528593190745
807 1.3372128126652358
808 0.9225915626196564
809 0.47931613523014116
810 0.3794067840988073
811 0.5074676430782494
812 0.2845707650036844
813 0.0009414529054814444
814 0.025925254260791154
815 0.010409380737323937
816 0.02457821621479228
817 0.01048339078382131
818 0.2870539584618151
819 0.3678867625909289
820 0.4616146295378302
821 0.6187097283738853
822 0.43943759879370115
823 0.7700056924791505
824 0.7402987626606028
825 1.2284498710483802
826 2.021760906441362
827 1.145868823808143
828 0.7239319556119079
829 0.8260137769488728
830 0.6039314108004207
831 0.3504557579227204
832 2.6759273965460957
833 0.9646470116351543
834 0.45465425591694875
835 0.038729876738569306
836 0.36478612886492096
837 1.1734608215722304
838 2.145942236128907
839 2.736887748177921
840 6.097427003799424
841 6.5917116188999
842 8.266117309924292
843 5.8746114301351335
844 4.313509374789489
845 3.0331720161872306
846 1.68418599889445
847 1.5394728983845958
848 0.916718523176677
849 0.5945639168532768
850 0.25176669556375164
851 0.3207111570902106
852 0.07990313618612795
853 0.0009951252903845317
854 0.10808470590892416
855 0.18379148913344923
856 0.28866325204542886
857 0.015842880675735138
858 0.0019900023843642443
859 0.00027982342953749445
860 0.22998476738534307
861 0.3955333052610835
862 0.50987764290512
863 0.1745051180883694
864 0.2002426249434538
865 0.04651373960043337
866 0.38603642963234786
867 0.9535304769271047
868 2.0525167477817123
869 2.158944268128573
870 0.5878560490423489
871 0.5034803679897226
872 0.5729773091298398
873 0.4073233384656266
874 0.33722676947916475
875 0.14253052908083008
876 0.0711310112123278
877 1.4406652833474844e-05
878 0.15483455505472724
879 0.19806438747393212
880 0.1968635305828676
881 0.6768885166769733
882 0.9233197890074705
883 0.44912539286732667
884 0.9633897892872268
885 0.5580598559516443
886 1.6584798406324086
887 2.3939856334239713
888 1.7801395571208074
889 2.3786914080784407
890 3.144926159469966
891 2.6720726752896042
892 1.406790505261306
893 1.5230302761231704
894 1.10905064037233
895 0.49310936048432435
896 1.838070449476264
897 0.5905981322249143
898 0.16559760826316391
899 0.013222355256802917
900 0.47174631446873205
901 1.576920716071575
902 2.9421579664581357
903 6.989135861478101
904 7.580893935452926
905 7.717981178177986
906 9.445667239978427
907 11.296863847295233
908 10.160115172898223
909 8.181770402244275
910 5.3346132132980815
911 3.125355893826979
912 1.8333273837238762
913 0.8614636866853136
914 0.6655397796768885
915 0.6334594942763805
916 0.2620117306563342
917 0.013630749004166897
918 0.04051045469676228
919 0.09991731638167173
920 0.041161047993387524
921 0.009247377350406032
922 0.02890412789994061
923 0.017239802459743717
924 0.02079691918320593
925 0.4784143398222585
926 0.7397177535142725
927 0.9101277985479689
928 0.4905513843914857
929 0.39472421296255145
930 0.6186329887959862
931 0.5489765108984292
932 1.3869271403434822
933 1.0821391598847185
934 0.0011312844912192092
935 0.008735906529747095
936 0.16779381063643634
937 0.09130445743160341
938 0.005540293759932425
939 0.17139774015546216
940 0.4374692520749257
941 0.8507075259404057
942 1.5561764714255737
943 1.1378511925615347
944 1.740676549805157
945 3.0160981668823545
946 2.977460170817289
947 1.9386558234343036
948 2.3422114767071625
949 1.4488506428028598
950 1.590494178970215
951 2.4769526107341053
952 4.397214775265395
953 4.329779136040331
954 5.132544721758378
955 4.097778260343615
956 3.534741581237668
957 2.5010676571444503
958 2.3729947507996316
959 1.1742558832864793
960 1.3863432386114747
961 0.5864723481364468
962 0.008277966543748566
963 0.041883802190317766
964 0.3379255174568561
965 1.4195207956002844
966 4.0492296594245225
967 5.5865972335594085
968 6.702729246360416
969 6.962361615180504
970 9.743536768625628
971 16.903887057579723
972 16.492463410121797
973 13.593529600343862
974 10.885490119104483
975 8.266303887319678
976 5.675349583111765
977 3.4298652651611277
978 1.6572239534202702
979 1.5191354375087043
980 1.149371582974221
981 0.3524234260722086
982 0.047712793266844265
983 0.0002382200711270594
984 0.003320790895358096
985 0.15936447154189837
986 0.5969687864023026
987 0.5677492458615551
988 0.5223145804083276
989 0.5231964463031072
990 0.8307780973898174
991 1.2578969048144668
992 1.1305523327184879
993 1.2616580504250527
994 2.1373786339176233
995 1.8266579665080258
996 2.4751234785294627
997 0.46971453690116305
998 0.36753671275264066
999 0.5448953292976649
1000 0.8097977966302823
1001 0.34883886402801634
1002 0.1374754697763871
1003 0.5726203835323783
1004 0.5772808061815947
1005 1.7484738187328908
1006 2.237121166781872
1007 0.8010956182130301
1008 1.1521641612125586
1009 2.754769455987509
1010 2.59492387181709
1011 1.6403780567149775
1012 2.0385020270391805
1013 2.177003755230151
1014 1.3285127633528828
1015 3.4912460387654565
1016 5.929834596468731
1017 4.782523730057336
1018 3.3272850214722696
1019 3.5868640301969332
1020 3.6663878081303953
1021 4.098122197455262
1022 3.568396970229073
1023 1.818689996500193
1024 0.9150693018593705
1025 0.3046264404640407
1026 0.14053526737512068
1027 0.3540254333783693
1028 1.1840527613997909
1029 2.369051288323274
1030 3.13809570836704
1031 3.4442607406568118
1032 6.512589191932255
1033 8.745341358835365
1034 11.054433485510241
1035 16.570877635060256
1036 18.382708658491612
1037 16.201594213890697
1038 16.033601856881017
1039 12.834890797368368
1040 10.032814134669144
1041 7.293556805956886
1042 5.190795068613242
1043 3.334747043848341
1044 1.6846438086072248
1045 1.3157596103940334
1046 0.3508384988072714
1047 0.22868575352869702
1048 0.08857592802827685
1049 0.07830077269106224
1050 0.21006825873131665
1051 0.16687430715012863
1052 0.12237018806635462
1053 0.29863013353362383
1054 0.9692419098720897
1055 2.009017194094841
1056 1.4718532821105623
1057 1.9373113928886092
1058 3.310497235404642
1059 3.3596344034513916
1060 3.8876586880039077
1061 1.5073900730055931
1062 0.11824568210566334
1063 0.6628014774851393
1064 0.5231721393288987
1065 0.5385456730540419
1066 1.332347697436698
1067 1.2668484066950974
1068 1.0534155793647804
1069 2.4399275447843904
1070 2.9407869735053604
1071 1.089320221263141
1072 1.68313114193861
1073 2.341658628430606
1074 1.851013090857656
1075 1.949428611282201
1076 1.8663864555262661
1077 2.516743407481944
1078 1.8964721983572694
1079 2.5995369301439584
1080 2.7775018388542994
1081 3.1192596990160966
1082 2.854762357056076
1083 3.9073212295292317
1084 3.893521695321429
1085 3.7519931942275724
1086 3.3040910577853193
1087 1.760311268367294
1088 0.7748737385555169
1089 0.3538056159810861
1090 0.16934441017043164
1091 0.6017899009340977
1092 2.5282275475820692
1093 3.718491644128447
1094 3.8475302551086803
1095 3.6568417908804154
1096 6.710687371136867
1097 15.499532142747684
1098 14.988249925174916
1099 13.511390005759345
1100 20.953943363652794
1101 22.604073323125697
1102 20.439873095864133
1103 17.983652588916602
1104 14.827558481258606
1105 11.41478468006863
1106 5.8684022024765365
1107 3.630598224990896
1108 2.973542354092504
1109 2.3619187049966417
1110 1.0782293901301936
1111 0.7257575987156161
1112 0.5375007902938257
1113 0.6692463295098802
1114 0.7480966166247175
1115 0.28706006557904706
1116 0.10425211813333507
1117 0.3151713162051235
1118 1.276592038785755
1119 4.277806589165205
1120 1.673711684621136
1121 1.3516612553707703
1122 3.7664612148809966
1123 7.359388659736206
1124 7.362485040549183
1125 4.553602077144632
1126 0.7641224715966437
1127 0.2085560556606079
1128 0.08205316553850356
1129 0.5983255104972264
1130 2.2154538980924507
1131 1.9564193194287598
1132 1.7852941398304152
1133 2.1738965677744173
1134 2.1887749181016423
1135 1.9404101906825957
1136 2.0778122450275496
1137 2.655940710487777
1138 2.672405099078774
1139 2.9379561212997523
1140 3.417891515253853
1141 2.8833958709335668
1142 2.048798868001286
1143 1.7474210519434736
1144 1.8302955584648826
1145 2.4123922862659213
1146 2.3137699580198943
1147 2.948981337538258
1148 4.317714555863216
1149 4.072445003997969
1150 2.4202256490997307
1151 1.1534480870437693
1152 0.7563563015504072
1153 0.30557132011018057
1154 0.0711551410414724
1155 0.7972348625919236
1156 1.7811817954163045
1157 3.6495163892664904
1158 6.6446611594967795
1159 7.370731673111581
1160 10.398977911213745
1161 12.71041078493473
1162 13.48754917459261
1163 14.930383124392653
1164 20.723421013318045
1165 26.633128038662573
1166 26.685671478137042
1167 23.634119518122127
1168 21.716279796417652
1169 14.909771871173598
1170 10.159809172337186
1171 7.668710586731922
1172 7.379878503865583
1173 5.855336386574489
1174 3.0481746225565107
1175 2.160571659126199
1176 1.5534149454793253
1177 1.526212481361411
1178 2.3064919800508514
1179 1.3686806864128054
1180 1.4944788059349305
1181 1.004327218176971
1182 2.4727066848231205
1183 4.7955202823081615
1184 3.082970298367883
1185 5.014870326946559
1186 7.291326538970667
1187 9.58683327267223
1188 10.052908530916408
1189 7.853582725531397
1190 3.025576323470264
1191 0.2512809079450799
1192 0.020547579161899067
1193 0.03334435969892646
1194 0.7221799817052721
1195 1.7471523482640168
1196 1.2545360610239842
1197 1.1244362283228022
1198 1.4811910231371328
1199 1.4898792481341296
1200 1.9734053822785897
1201 3.213422881793607
1202 3.6041759091444288
1203 4.70443689878699
1204 5.931365109074357
1205 5.179543766804268
1206 3.87047495006914
1207 2.8029769224649543
1208 1.8841253279372612
1209 2.532460681712299
1210 2.4193826768894966
1211 2.2819415198810002
1212 3.093848053507861
1213 2.2663692346897513
1214 1.8543049264119233
1215 0.730900097577092
1216 0.6784149093618554
1217 0.29300460053955596
1218 0.00032487937772593357
1219 0.35912310963846983
1220 2.2156589316338713
1221 4.191916354221378
1222 8.175135793844232
1223 12.117317284294817
1224 14.55161204595166
1225 14.57609221697637
1226 15.319252153193919
1227 16.166595836792226
1228 20.261457637847833
1229 24.991973597639426
1230 28.379186953350573
1231 27.958078680499277
1232 24.335824504695776
1233 20.453467779078913
1234 17.112567984443096
1235 13.265033192493387
1236 11.658420126321747
1237 7.397498392316606
1238 5.916027057907749
1239 3.852096941762114
1240 3.784287123956085
1241 2.7503040283780966
1242 2.8458156889455113
1243 3.0085871281877616
1244 3.685194200112409
1245 3.1398175150320577
1246 3.745491653757495
1247 4.075886400668991
1248 8.40377451601646
1249 14.150352013620068
1250 19.488012050584636
1251 20.784431148904922
1252 14.574192924853707
1253 10.563612351175616
1254 8.784903598749935
1255 3.6741932057591877
1256 0.7681172712074857
1257 0.11342601455820073
1258 0.055904333751643664
1259 1.7552789201927048
1260 1.3860404224983665
1261 1.185195351460401
1262 1.9091109418627474
1263 2.6847539185253955
1264 3.5036693086844917
1265 5.5477558401862614
1266 6.155383925138723
1267 7.102557602628571
1268 7.259778518049553
1269 7.082505490171126
1270 6.657951112505581
1271 5.19328843927535
1272 3.212213401807207
1273 2.0738951841205098
1274 2.5799947132576286
1275 2.428166307934161
1276 2.2366078487321244
1277 1.0546429135417492
1278 1.127354697396464
1279 0.471715816917928
1280 0.22290509431942457
1281 0.03372959996122927
1282 0.11603518403733662
1283 0.41299911937065054
1284 2.7889598380710843
1285 5.1084530305327425
1286 8.77855553311456
1287 13.907740451805177
1288 16.375656099810936
1289 15.857642249746968
1290 17.613003968663698
1291 17.034788968883483
1292 17.811622473514415
1293 20.746690423874817
1294 28.141045627055657
1295 28.60165908896289
1296 28.38894310094853
1297 25.347243246523163
1298 22.09097178108638
1299 16.163864525206133
1300 14.51757978154913
1301 10.450310922282005
1302 8.878035751474133
1303 6.593659561685753
1304 3.3939737632176614
1305 1.9163334114650086
1306 1.7017313075908784
1307 2.310599010654004
1308 3.3204088617312535
1309 3.5457014288602067
1310 3.1611315206846426
1311 4.99049403090109
1312 12.077347159903127
1313 22.706105201787718
1314 33.12480780799801
1315 32.501671581928385
1316 23.14367201565904
1317 14.732718580363573
1318 14.384931508406348
1319 6.853395642118325
1320 3.0466828703249993
1321 0.770473159034359
1322 0.12585395199636162
1323 1.0517242712153374
1324 1.1013487203270362
1325 1.4350941639001502
1326 2.022656340874028
1327 3.0559787528564275
1328 4.2233677776801635
1329 4.764842234464001
1330 6.145717563046041
1331 6.822568602609559
1332 6.6979154532152245
1333 8.327800716946774
1334 8.764250496776523
1335 6.687055289395716
1336 5.335012239579661
1337 3.318032657289117
1338 2.2637804301235307
1339 1.7762123049603318
1340 1.8096897236047673
1341 1.2168479114459283
1342 0.7404560574960593
1343 0.4806633032182817
1344 0.26403618600383943
1345 0.004881275018955218
1346 0.21657959407749128
1347 1.2838023497381161
1348 4.5744946499346915
1349 6.25579772848641
1350 9.381383295066742
1351 13.479566547035844
1352 15.535040264503401
1353 17.048785014733934
1354 22.101645910037355
1355 17.77204028209871
1356 19.8712636479275
1357 26.658926010047896
1358 27.424043214429663
1359 31.454775142275857
1360 32.2249176221241
1361 31.577787111792397
1362 26.024754820206336
1363 19.544956943173773
1364 14.490792618124809
1365 12.613442620740823
1366 12.587593063684437
1367 8.748663077958765
1368 2.5261606258348426
1369 0.9094563943065698
1370 1.0345696514951708
1371 0.9418191947168865
1372 2.0920652152768278
1373 3.061892318719751
1374 3.4180594823897317
1375 4.126537592599151
1376 10.41666398126547
1377 18.666946767379994
1378 26.06097783197218
1379 31.04796633603478
1380 23.612655458930874
1381 20.26103065035766
1382 19.446395942611172
1383 12.831914373445926
1384 6.414808727254769
1385 1.5063619913238158
1386 0.19430886303806763
1387 0.0012200645274738433
1388 0.2523808026566274
1389 0.6152704561849199
1390 1.1628959541572927
1391 2.542897425525537
1392 3.5298710163619154
1393 5.0138978470230775
1394 5.532865652959158
1395 6.873986369481816
1396 5.978326195934944
1397 8.035444360717639
1398 11.42453518715135
1399 10.161392189808204
1400 6.324773907759377
1401 5.174789630390959
1402 2.4479024626689614
1403 2.833831566039218
1404 1.6528071978630419
1405 0.97105024518601
1406 0.6930316031684591
1407 0.4788281573329763
1408 0.1670456014994181
1409 0.0249092403653609
1410 0.434371184613517
1411 1.930347513566668
1412 5.511860918587285
1413 7.33605099404462
1414 7.7473687631838475
1415 13.263757035098852
1416 15.21312086042223
1417 19.946220617310786
1418 22.425581818676797
1419 20.47050408860891
1420 20.841357323845664
1421 32.40402242760109
1422 34.432028491294126
1423 33.554633580789165
1424 31.622891218998635
1425 31.5777121575428
1426 25.317746819229924
1427 21.036219872569934
1428 12.88898208439891
1429 11.529291662081153
1430 11.132968799258078
1431 7.444903943784078
1432 4.023632769206101
1433 2.0867955234466966
1434 2.0821261407667944
1435 1.0919039019935395
1436 1.1453735632036337
1437 3.389820510556147
1438 4.734591961272252
1439 5.161817108537305
1440 8.62004994709055
1441 15.264483308481568
1442 19.123200786201796
1443 21.560265751556003
1444 20.956935156456836
1445 24.64653758628252
1446 22.146135933636327
1447 11.504839252930056
1448 8.953793648507284
1449 3.4025840963584146
1450 0.30260146744419697
1451 0.13136407352487564
1452 0.0782781200046006
1453 0.01578818205374796
1454 0.30852333779513563
1455 1.302288467623781
1456 2.222509434124874
1457 3.509788332494795
1458 5.0770109498259925
1459 5.395167572337662
1460 4.196174045680177
1461 7.069578918158344
1462 10.74943406197076
1463 9.124236121449783
1464 7.977496453230193
1465 7.065668869544884
1466 4.589510564941831
1467 3.1943819443917048
1468 2.7094959051165817
1469 1.7104309062736278
1470 0.20125264527820771
1471 0.08823118624027625
1472 0.01942165044433089
1473 0.21012379546538196
1474 1.1477074074471867
1475 3.2565747157615306
1476 6.719241632363748
1477 8.404359839445501
1478 8.527863243297448
1479 13.512981793057829
1480 15.247434212207695
1481 19.264925188278514
1482 20.805302910660213
1483 22.751711506898836
1484 25.96404372540259
1485 33.547930491763026
1486 42.54661777296428
1487 40.93247061445671
1488 31.31522563363333
1489 32.639743851677345
1490 22.157792109310765
1491 16.97480146677705
1492 11.083765404989236
1493 7.811378950373139
1494 7.785467176513717
1495 6.342619274780416
1496 3.4449094000214107
1497 4.685801037350834
1498 3.3724866773038387
1499 1.1860976922699804
1500 0.21869474446974876
1501 1.1547375128060189
1502 2.7710736388929527
1503 4.015874894712084
1504 5.748119485523155
1505 9.995733159803034
1506 16.484133763029384
1507 18.400406913145655
1508 20.661475617382678
1509 26.053187911589752
1510 27.738845178903237
1511 14.994063378526505
1512 9.756016417585963
1513 6.342813761358002
1514 0.682831269413203
1515 0.09958567691010282
1516 0.0035549360813141922
1517 0.08009871886720821
1518 0.18858242351800333
1519 0.7269833034062465
1520 1.1459294372089137
1521 1.5675816406205614
1522 3.3007118049087243
1523 5.064513849482319
1524 5.393084631363026
1525 5.384577227463144
1526 7.785513945130068
1527 6.39136601751861
1528 6.046359085708745
1529 6.046391064102371
1530 5.541121886587158
1531 5.315883796987983
1532 3.583240294384236
1533 1.295831618216558
1534 0.12976571818441762
1535 0.0765706246923125
1536 0.10998358171745226
1537 0.212019647181724
1538 1.9307850104271391
1539 4.475931746756377
1540 7.111245226420831
1541 7.149730436738068
1542 8.941645451587688
1543 12.717153710327906
1544 14.252972796391616
1545 17.24751280639535
1546 18.052682911675856
1547 22.62314115547021
1548 29.302235218290644
1549 38.4926570668838
1550 38.53533268905802
1551 38.92783755784996
1552 33.62308084347572
1553 33.273621527037896
1554 23.523504608470013
1555 17.32622401589282
1556 11.450736966682783
1557 9.45401209909932
1558 8.278411112156467
1559 6.406955596014789
1560 4.047819949787214
1561 3.262976894664941
1562 3.4413863882259723
1563 1.4723945857153398
1564 0.052424064540671084
1565 0.041414731691003334
1566 1.7551608423357072
1567 3.85553005474812
1568 5.577648510104126
1569 9.841757205263718
1570 15.096609625278635
1571 17.063817802877903
1572 23.66279841674351
1573 25.25393800584543
1574 21.217816017402452
1575 15.16380579199775
1576 12.3200184859587
1577 8.418419372990279
1578 1.8748200461934192
1579 0.3033815906095746
1580 0.06609873825008945
1581 0.040976607034149314
1582 0.04139562855215721
1583 0.23576906068027428
1584 0.40615679067403443
1585 1.2536703190992469
1586 2.9359405949680033
1587 4.571443518529251
1588 5.707953527265676
1589 6.9038607052885865
1590 8.516626308249464
1591 5.756021603672891
1592 6.595011578105033
1593 7.071659742408118
1594 4.980600034140435
1595 5.262668672008059
1596 3.740643273164573
1597 1.7441562742812453
1598 0.12798637451715822
1599 0.015280285878970656
1600 0.09001751529998361
1601 0.4374375875551685
1602 2.1445985288286082
1603 5.11275328573745
1604 8.016637764258034
1605 7.739750113664162
1606 10.588974265512784
1607 12.820989828897508
1608 15.94819671594765
1609 19.60852103681689
1610 17.855102218813613
1611 19.97984397686284
1612 27.54800115640817
1613 34.17650813548574
1614 38.62838381647991
1615 36.18405826204744
1616 27.008089768898422
1617 28.490151481446034
1618 24.54598861848929
1619 20.458694639976308
1620 16.014578077449645
1621 12.777406621260571
1622 10.56385114090684
1623 8.228985324959346
1624 6.165279443681971
1625 4.108475763810994
1626 2.547899180245315
1627 1.3651931952395377
1628 0.45186374884369257
1629 0.22288018735127896
1630 1.7372505697903107
1631 4.264762252251622
1632 6.146736984996752
1633 8.666706824887767
1634 11.55070407887241
1635 13.62343977523008
1636 17.274841488381753
1637 21.285886253809462
1638 19.845354451471135
1639 20.34503321110292
1640 17.484592458482012
1641 7.960492861310389
1642 3.0178934692651174
1643 0.19360453987981116
1644 0.0014013019054392789
1645 0.005111004752671933
1646 0.5985242194212863
1647 1.2100986489335683
1648 1.6035406208008325
1649 3.521393682583847
1650 3.796642882374552
1651 4.990511778530513
1652 5.9087126612564855
1653 7.748633057949104
1654 8.340904990771286
1655 5.374089106907943
1656 7.164483224318051
1657 8.080283720007552
1658 5.242626272538355
1659 6.376353481300766
1660 5.9208971856026125
1661 2.8722769546605753
1662 1.1255750828003759
1663 0.3025784027124438
1664 0.33041805074274344
1665 0.6719629081698071
1666 2.102463596748754
1667 4.567552642669834
1668 6.433424195523455
1669 8.99972732140965
1670 11.531658387576984
1671 13.075638084441417
1672 15.172502601630327
1673 18.466766724737187
1674 19.93918390434145
1675 18.83065178239924
1676 24.074566658449076
1677 29.810206123367845
1678 38.2799609665271
1679 35.32538297271398
1680 29.718843333586992
1681 32.969121221421
1682 34.880740583114076
1683 26.43250185267824
1684 22.52134568451641
1685 16.80284551217638
1686 14.838360244324917
1687 13.580025065244783
1688 9.524936007611553
1689 6.937265042903865
1690 3.5808201261568975
1691 2.29560776277667
1692 1.1984468058499191
1693 1.294371549939229
1694 2.7748272539926635
1695 5.8901870919649575
1696 8.957741522642056
1697 9.552902632458446
1698 8.200022549021291
1699 7.358932877944663
1700 9.765171187810418
1701 13.374916151392235
1702 16.33286387472398
1703 13.118725711341767
1704 10.326872045181178
1705 4.523125648301692
1706 1.645638001985053
1707 0.29236975040629126
1708 0.011477164351529888
1709 0.29232983897330095
1710 0.753596573432005
1711 1.4741863574151328
1712 3.1966054995270956
1713 5.219109505354671
1714 5.555220513555224
1715 7.522308139604026
1716 6.936165270806338
1717 7.645110803065887
1718 7.158589525113584
1719 4.903516882587831
1720 6.35540566193652
1721 7.030093382010535
1722 6.965815851950538
1723 8.129519162189645
1724 7.501917386164551
1725 4.830305814734067
1726 1.607292222134613
1727 0.5916660486395234
1728 0.7889729500402828
1729 0.6103602907952922
1730 1.3794004301109344
1731 4.365952239707857
1732 6.083074072486007
1733 7.9517299986057495
1734 10.608051777225263
1735 13.268200310388295
1736 15.426444451733937
1737 18.600343425231674
1738 19.74426931514738
1739 16.633617589864627
1740 20.038739096587395
1741 26.20211206045612
1742 28.36162943291586
1743 29.975939910560548
1744 30.882091440740446
1745 35.27247821269617
1746 35.676729093121345
1747 29.24665877664806
1748 24.25037786090238
1749 21.406549223365804
1750 14.708114883515771
1751 11.991245846742194
1752 8.569419690962123
1753 6.454023308304648
1754 5.069174381591421
1755 4.935013624768715
1756 3.4763729499634466
1757 3.061096901095301
1758 3.8584155277320185
1759 5.481215292277605
1760 9.152262279996059
1761 8.191033680280501
1762 7.720400378222695
1763 5.4552960938393955
1764 6.2389948675809475
1765 6.912676310151954
1766 8.649850978972475
1767 5.660437991480422
1768 2.745830462344866
1769 0.6517858024972012
1770 0.3346144398019784
1771 0.055864187065557666
1772 0.019548320495863167
1773 0.4453262949127564
1774 0.8708338820650852
1775 1.6980827331383392
1776 3.336157889295942
1777 4.151245057411215
1778 6.09170424430854
1779 9.830092085249438
1780 9.4680080922985
1781 9.227392141561072
1782 5.43747165909065
1783 5.485874704737023
1784 4.568532858449597
1785 4.494516275394323
1786 6.650778851780341
1787 9.411797049737755
1788 10.034640431778092
1789 6.7718357564516385
1790 2.81839907961173
1791 0.8004391071101058
1792 1.2611454816166097
1793 1.0664642883977244
1794 1.4417589471347099
1795 3.185559982045384
1796 4.957733022078481
1797 6.175016123883423
1798 8.89550848142434
1799 11.948955740802585
1800 15.85417715057021
1801 18.4637725794474
1802 16.66948243826294
1803 13.89828758067431
1804 16.898664141555166
1805 20.990126178118516
1806 21.911233549851406
1807 24.38250326729636
1808 33.88312980763598
1809 34.75509236007486
1810 32.55794871116367
1811 32.21194402098816
1812 27.17081836155487
1813 23.18902509600218
1814 16.81512521938716
1815 12.853013994705723
1816 11.123948342274158
1817 9.331561187080773
1818 6.730461055715421
1819 6.248487883811345
1820 4.22200968486738
1821 4.80799918070594
1822 4.854244877845097
1823 6.6313879058567435
1824 9.712449344854871
1825 6.860999554379168
1826 5.881456875738728
1827 3.964019919223031
1828 3.6322263549528415
1829 2.1469653122055945
1830 1.3777042111836566
1831 0.9428849718245527
1832 0.25306776925693225
1833 0.03147911087296408
1834 0.08229783869375645
1835 0.22038588908537352
1836 0.6263562801338349
1837 0.6814754913264335
1838 0.9831122798534067
1839 1.3302522095065827
1840 3.2579949877715064
1841 4.169912186220142
1842 6.306014449988431
1843 8.298502072023107
1844 8.722925177627479
1845 9.266281606322673
1846 7.24474964672694
1847 4.0833342377627115
1848 3.091542333402268
1849 3.985037339843658
1850 6.020088896717262
1851 8.35612607043677
1852 10.423034058982259
1853 8.787831309942288
1854 3.300079331156935
1855 0.7649043382901433
1856 1.5170541050658077
1857 1.526112673602479
1858 2.036946610202217
1859 3.219785979015644
1860 5.13445008340481
1861 6.813537272511748
1862 9.592204353001042
1863 11.943268625121801
1864 16.441160266994277
1865 19.345911433385037
1866 16.122591723495958
1867 14.216437110863918
1868 17.488241439617116
1869 22.997075558794226
1870 26.311939222091027
1871 27.50021168317655
1872 29.433848205401013
1873 28.25733045762078
1874 28.159285610016884
1875 27.875572078861
1876 26.628770428406654
1877 23.916754498940485
1878 20.070555715378287
1879 20.464468399862763
1880 18.67061153083325
1881 13.251748482562185
1882 11.607035812115754
1883 8.221014731576961
1884 7.163756230834461
1885 7.995609466875312
1886 9.44596858336303
1887 9.457879349294053
1888 9.801654131345124
1889 6.290032344343068
1890 4.09673557493583
1891 1.3355323754613004
1892 0.47598666291102876
1893 0.07727098345961295
1894 0.012941079977123768
1895 0.05184856857374921
1896 0.5021392800323954
1897 1.7946191770382591
1898 1.8718622937441538
1899 3.0425780902314066
1900 5.535364231358693
1901 5.289249935135379
1902 4.340570053867177
1903 4.934138304470652
1904 5.676517400059939
1905 5.536481471233532
1906 8.660496334169595
1907 9.745658484668505
1908 8.376495539371126
1909 7.498701173918763
1910 5.9452602032724755
1911 3.760113218328784
1912 3.5146108904086497
1913 4.403668226946303
1914 5.483887818960512
1915 7.9471477764330345
1916 8.999092709939049
1917 10.476821604609665
1918 6.055358045048582
1919 1.7110074580808252
1920 1.9983276355307948
1921 1.8928205340874407
1922 3.280167733215721
1923 4.951767907326317
1924 7.4749894727741655
1925 8.616605987499256
1926 11.869757513188082
1927 15.723627378999623
1928 19.748080856149347
1929 19.555522116200237
1930 15.972542017829186
1931 15.802083599980643
1932 17.760432760814556
1933 22.80919149356275
1934 27.793169678941624
1935 32.80019781311291
1936 32.563981154976425
1937 31.623363881372313
1938 30.203951114560237
1939 26.72440565252681
1940 24.614051706356886
1941 21.860710657351877
1942 22.715894113295594
1943 22.70790018100298
1944 19.6524090356756
1945 16.295672985640607
1946 15.89350874583392
1947 14.187550240876478
1948 11.665916589235673
1949 10.977492116264342
1950 11.365287334105915
1951 11.504812736114973
1952 9.961050515370419
1953 6.17321105975957
1954 2.7815133353181043
1955 0.9718494671881401
1956 0.2744900369046405
1957 0.004867893816895628
1958 0.12970913031349182
1959 0.6555513582996049
1960 1.4040210667634017
1961 3.39671004160356
1962 4.2920098972956175
1963 7.108469036299202
1964 10.422648119910653
1965 10.821879171975166
1966 8.981718023249567
1967 9.509039416286152
1968 8.496506524584346
1969 6.763688142713928
1970 6.914084679280063
1971 8.404011668318674
1972 7.046307872984836
1973 7.637173609416643
1974 4.664690057458729
1975 2.1874533723169307
1976 3.5310355900678827
1977 6.814177410180156
1978 8.215405894363016
1979 9.193207142746603
1980 8.80734825906625
1981 11.301966550568974
1982 7.615330533020278
1983 2.266602805967587
1984 2.2986559832270035
1985 2.0197085084979234
1986 2.9848700361263085
1987 4.712910548981835
1988 6.191789974402121
1989 8.562207154802314
1990 12.70266031290993
1991 17.04996192489435
1992 21.004006421929226
1993 22.294715863261573
1994 17.928841938541385
1995 16.608561288493437
1996 17.669163835662438
1997 22.335842470341664
1998 28.812778799080593
1999 30.240873661714463
2000 33.21395192199734
2001 33.41633706878564
2002 33.26408622755075
2003 30.839364355297867
2004 25.632832076967986
2005 23.30270818785342
2006 22.334708982376625
2007 20.606284910390478
2008 17.539964871475608
2009 18.337177555929955
2010 17.205338025596813
2011 14.739709160518862
2012 13.168994368324514
2013 10.282224542030272
2014 9.80166469660784
2015 8.13268974395231
2016 6.648040780709532
2017 4.528387208561298
2018 2.21031965772674
2019 0.6677012657939612
2020 0.13392061119954687
2021 0.034393361597427084
2022 0.12763385499087196
2023 0.6757838480214716
2024 1.7474049929029272
2025 3.7653113088615893
2026 5.966331961940062
2027 8.973060081509109
2028 11.544574917151838
2029 13.692211345433838
2030 15.612532501976668
2031 13.452792132048938
2032 8.80837449343299
2033 7.649586003517091
2034 5.649435127534203
2035 5.954533141624618
2036 7.022638719945911
2037 10.376041158797541
2038 5.688923376961397
2039 2.1853659111662362
2040 3.8043138761901067
2041 6.956430367643384
2042 8.065625341204916
2043 7.080728258191008
2044 8.962955917902045
2045 10.360316944549853
2046 9.244421116076026
2047 2.9748239435047528
2048 2.113887026050549
2049 2.0346936270236307
2050 3.353116558766302
2051 4.8232021755007795
2052 6.30085621547053
2053 8.926163951461712
2054 12.877782624593468
2055 15.67106130987698
2056 16.84548425807906
2057 16.67299860224747
2058 15.680725042956125
2059 15.217253080999884
2060 16.826888889580804
2061 24.299651806073513
2062 28.087261159892947
2063 29.09054420580635
2064 37.62551959941581
2065 41.01503440753499
2066 36.37836065545257
2067 30.00758822188523
2068 28.063179369547903
2069 23.021931905708676
2070 20.156773127207625
2071 17.57664917268831
2072 15.73905085208559
2073 21.680971734891333
2074 20.28512718876026
2075 16.50081824322205
2076 10.905796622644951
2077 9.294382739027197
2078 7.975743741649108
2079 6.995432271501764
2080 6.507659554465446
2081 4.684455170959104
2082 2.334739349790159
2083 0.9159141043591712
2084 0.2738059286741848
2085 0.06826278722664897
2086 0.046281096000392034
2087 0.0009938290445804295
2088 0.37725931883235414
2089 1.9093446312204594
2090 3.930345800298233
2091 5.110355697687552
2092 7.652003177497242
2093 13.63005845659884
2094 15.63190487573319
2095 12.996692691318138
2096 8.596393997054642
2097 5.77147390924377
2098 5.991955112022469
2099 7.6680599138605805
2100 5.451757253827084
2101 6.411941400924541
2102 7.0892998807047825
2103 4.324373255000575
2104 4.4860496258251965
2105 4.599203823275714
2106 4.794208882672031
2107 5.310791011577083
2108 7.384317167791365
2109 9.298314380158011
2110 9.800642640798724
2111 3.0303816050602355
2112 1.9750860503655823
2113 1.636298326953646
2114 2.7580810187894844
2115 4.265059371426422
2116 6.825445044007682
2117 9.555557426824029
2118 12.735143757154718
2119 15.199841304444027
2120 14.8198017395657
2121 14.956254397491987
2122 13.087346045254671
2123 14.747742914080767
2124 17.602743386619558
2125 25.615497056785745
2126 29.460406030770557
2127 30.219274491381036
2128 36.90085983501281
2129 42.04007852209681
2130 40.685712523926036
2131 31.18030921792291
2132 24.698674888497358
2133 21.646976307804483
2134 23.80796090165526
2135 24.08951580984665
2136 19.815284348049115
2137 19.995766886235316
2138 19.043534705949313
2139 13.843037567499199
2140 12.216677339575403
2141 9.890131768292076
2142 10.120374947625532
2143 9.487396684450788
2144 7.443838185866374
2145 4.829512500549692
2146 2.907077438048621
2147 1.093341312102042
2148 0.8818238840062275
2149 0.5279196357836706
2150 0.3671242201381794
2151 0.29963308589262333
2152 0.0006883539260798765
2153 0.43682494136360667
2154 2.6123559131913003
2155 4.199082004983624
2156 7.394441665849334
2157 12.717498137697886
2158 12.767216949142513
2159 11.838957951287375
2160 10.103622668556255
2161 6.831139128159637
2162 7.619097046554018
2163 9.157014554391889
2164 5.1487953806131115
2165 3.9489946747070706
2166 6.156961356543067
2167 5.569352385907493
2168 7.817112371588832
2169 4.969484042647831
2170 4.073817437703842
2171 3.8020046263025336
2172 6.403353329530407
2173 8.377870868360105
2174 7.359876567157175
2175 2.7791177890433922
2176 2.0495680351841448
2177 1.0882365346337857
2178 1.5827146839210335
2179 3.9445278877203687
2180 6.480042281591631
2181 9.56054416549459
2182 14.005975070462311
2183 16.897086684639156
2184 15.130604921623735
2185 16.0087808314064
2186 14.361636223239271
2187 14.896413381104157
2188 17.50977005403669
2189 27.003704129851958
2190 28.695516843662578
2191 29.944356392699774
2192 37.79720446283431
2193 40.940161613124886
2194 41.81631049806622
2195 34.25845293461609
2196 26.459160358708996
2197 25.682892862165215
2198 27.103450448651085
2199 29.7063641811565
2200 23.538299793039258
2201 18.604174926777482
2202 15.663585966653498
2203 14.390700705256913
2204 13.026176542456462
2205 11.175276661708429
2206 9.397857378065119
2207 8.527998031321989
2208 6.351143314812661
2209 6.219423337054091
2210 4.006136556418777
2211 1.8813490203008063
2212 1.2468161374944262
2213 0.906863151795758
2214 0.5168779071415112
2215 0.14019419833333222
2216 0.058085327689496945
2217 0.6677499894629512
2218 1.736092924549427
2219 3.9778682226677806
2220 7.52096108821831
2221 12.885028933082934
2222 11.630847543514943
2223 9.670628863409496
2224 9.434570629706833
2225 9.474415592185993
2226 9.489186628071172
2227 10.568680000579215
2228 7.040431005604202
2229 7.178145491194923
2230 6.427445489292259
2231 5.852449949184893
2232 7.0071078633363895
2233 4.662158289499133
2234 3.2988069542828438
2235 3.3844217666728524
2236 6.322259092669819
2237 7.430221371512336
2238 4.118349441862503
2239 1.2440786573258726
2240 1.276006231982698
2241 1.52860330503139
2242 1.9024691890469563
2243 3.626538948368874
2244 6.687059396386188
2245 9.630936813698876
2246 13.916809660282317
2247 15.712871291739685
2248 15.8416502265542
2249 16.475855234066483
2250 14.73008637771213
2251 15.986725147156735
2252 19.712126075391875
2253 27.222171979213062
2254 28.49964374917758
2255 29.25235820176192
2256 33.17227404536817
2257 34.57909447550988
2258 40.32988455710619
2259 33.98626569191598
2260 29.16122848384525
2261 27.691954016672945
2262 27.46351899075506
2263 25.82507230291527
2264 20.905464925614147
2265 16.589287520622428
2266 14.414251446930537
2267 14.269798100936447
2268 13.011951024349719
2269 9.857919531231497
2270 6.382064864567269
2271 5.813769106191303
2272 6.172284836354474
2273 6.066614100644995
2274 5.015066280898807
2275 2.1453877586412378
2276 1.2171940656308808
2277 0.8657751906202309
2278 0.5779023421871072
2279 0.289977827701969
2280 0.006187566310052374
2281 0.704667462273355
2282 1.3420237030197715
2283 2.7894318518024477
2284 6.104636880041047
2285 9.400596651363962
2286 9.482990422596746
2287 7.131262956883676
2288 9.048724850024769
2289 9.253491092765916
2290 8.531093528335036
2291 10.206109119594464
2292 9.624405795609082
2293 12.332797686727499
2294 8.093505086726596
2295 5.461462174223862
2296 4.6540009393347255
2297 2.0951096748380813
2298 1.8575506925507987
2299 3.082758206006883
2300 5.1173433548183445
2301 5.09791078351218
2302 2.062940570769296
2303 0.5804103318679256
2304 0.9872958463607157
2305 1.547255242141907
2306 2.21633913774458
2307 2.977001150701621
2308 5.448448681497455
2309 9.073179959568021
2310 13.182763704058546
2311 15.200259557312881
2312 15.882259945798175
2313 15.427048519229665
2314 12.871592442928776
2315 14.517667087367432
2316 18.91507375987766
2317 26.007976026899016
2318 29.492316765933275
2319 31.516447030242933
2320 38.33321438217601
2321 41.61053999141392
2322 42.079300262190976
2323 36.784844671166184
2324 34.12234400686022
2325 30.24938910567794
2326 22.152758814186583
2327 20.176876632217866
2328 17.524959446995872
2329 15.63690994653082
2330 13.18330346596667
2331 12.0929205472343
2332 10.126870938819614
2333 8.981091683588458
2334 7.3502975346011405
2335 5.196279433952208
2336 5.5150274461012705
2337 6.43066076583313
2338 4.301998141032409
2339 2.9875077435394717
2340 2.5400472850508384
2341 2.916578749193732
2342 3.5352372890008374
2343 1.4968803262000745
2344 0.03419129312807882
2345 0.47308388412037483
2346 1.86120931759275
2347 4.615341445430863
2348 7.791560476806479
2349 7.5434452708856945
2350 8.445720374229019
2351 8.41903768164267
2352 8.47675413577364
2353 9.589629412354729
2354 11.04545830654012
2355 13.992519308799976
2356 14.96767881871815
2357 15.654135159870194
2358 9.725968665510347
2359 6.850633571716036
2360 4.10893370356128
2361 4.019902410438793
2362 3.9890659380725966
2363 4.671087698499001
2364 5.945273412577726
2365 2.8216395028673262
2366 0.5561472830744753
2367 0.2920615244003866
2368 0.623687802083216
2369 1.4150998012475158
2370 2.576323885963089
2371 2.766579719948398
2372 4.709508789835272
2373 8.379906323963663
2374 12.9485814199677
2375 15.436537004033509
2376 16.106457938971534
2377 16.026783766596132
2378 13.585707569326011
2379 13.673406642744384
2380 18.59722772116289
2381 27.43909752886788
2382 32.823250309128404
2383 34.218862481359324
2384 39.36200807804835
2385 47.520546352246114
2386 50.40159596465299
2387 40.516598212887594
2388 38.961625847704724
2389 28.594119286260398
2390 19.884417811822207
2391 16.10808485656136
2392 13.417534121331848
2393 11.354394245715962
2394 10.064301419345645
2395 10.837041375049873
2396 10.459556907915806
2397 9.355993005956359
2398 7.570176584190069
2399 5.968877168873114
2400 5.152727528598912
2401 4.978796183482479
2402 5.036988698137872
2403 4.857986177534538
2404 5.5847236905092705
2405 7.724386192552309
2406 5.96831185817117
2407 3.4388355920273033
2408 0.3501391621870041
2409 0.0003185371266530439
2410 0.782103629655065
2411 2.6362483594101187
2412 5.664397509202265
2413 5.9560711334775505
2414 6.952410145951722
2415 8.004668010823366
2416 9.30047144030525
2417 11.177850151603053
2418 14.093974112434786
2419 17.55909786731827
2420 20.216212654593214
2421 19.719670984505637
2422 13.976230554129533
2423 11.68376624160681
2424 7.905143080945415
2425 8.344416769617846
2426 5.941489600313323
2427 6.212146654004218
2428 4.830368690726941
2429 1.5542059692536276
2430 0.27633157080805326
2431 0.09515586120019116
2432 0.016362013513241992
2433 0.75437305272289
2434 2.0922185960822732
2435 3.100354363512325
2436 5.122720428823163
2437 8.50688136633713
2438 13.288637649689006
2439 15.237484008068222
2440 16.979997540146496
2441 16.90586800655379
2442 15.514924770811048
2443 13.695444649237427
2444 19.51203574834107
2445 26.661015171677438
2446 32.55415054572162
2447 37.52320768958306
2448 43.607405289657564
2449 47.22495714616264
2450 49.803672236927525
2451 41.46254323214025
2452 37.2714672945367
2453 27.48671036546447
2454 18.346632755907034
2455 15.067819085876167
2456 10.309935218811614
2457 10.483955429479856
2458 9.495255226921248
2459 9.54056756459388
2460 7.841558403357668
2461 6.870634191317803
2462 5.937474442098205
2463 6.495469693911228
2464 6.0271285974293605
2465 4.6928374876679175
2466 5.612169414513082
2467 9.331245949440472
2468 9.222118730291301
2469 8.24400566128223
2470 6.582030199137534
2471 4.079840264691402
2472 1.4477194693456064
2473 0.1088124962136957
2474 0.08353305716510952
2475 1.2380797433946678
2476 3.8370183471362127
2477 5.179148969496433
2478 7.259699911857336
2479 8.704987654111905
2480 10.462184154454816
2481 14.89710999980432
2482 21.534387550521615
2483 21.46341390423642
2484 21.673741648859554
2485 23.241627785280873
2486 19.002135919051476
2487 16.622978830128122
2488 11.06599054399208
2489 9.824373947603801
2490 6.970520886279816
2491 5.183912777785858
2492 4.56810293969369
2493 1.5993284402718275
2494 0.12581361592210952
2495 0.01493115998940489
2496 0.03244525427961734
2497 0.21277472560812646
2498 1.8331563546055643
2499 2.9614084598486943
2500 6.139724093291613
2501 8.890799628470418
2502 13.4167845661418
2503 15.042269426731435
2504 16.444686711042273
2505 17.516012162414878
2506 16.443841322782564
2507 16.061654622626914
2508 20.120720196662994
2509 22.462347877268787
2510 32.365182579115874
2511 37.113134895431834
2512 42.707946679146175
2513 47.92967455529366
2514 46.522201725081274
2515 39.47199827169172
2516 36.89460059717867
2517 26.836955290828815
2518 16.68677789390733
2519 12.19421386705203
2520 8.611265096359846
2521 8.660204121348361
2522 8.018945349114615
2523 6.312304981307448
2524 5.099278573438661
2525 6.211703502539394
2526 8.411543330364292
2527 7.799001685010369
2528 7.7399370048429
2529 6.891408443241408
2530 10.430022650412846
2531 11.982413247066452
2532 12.98926563701541
2533 13.032133507848583
2534 14.527036680097886
2535 12.769282091481621
2536 5.385636186277903
2537 1.4251174722308382
2538 0.6349937941643049
2539 0.8668405284612744
2540 3.1634912523848944
2541 2.831565467482725
2542 6.218946855685241
2543 8.399423111708945
2544 10.637787377720663
2545 16.65319156182868
2546 19.717878336279025
2547 18.52043000230886
2548 18.028850128627475
2549 21.677530318269508
2550 19.391962689450533
2551 16.68606725319799
2552 17.268636994610038
2553 9.587106470932598
2554 6.33219215151952
2555 5.622327810053546
2556 4.420160618549365
2557 1.6302335822961915
2558 0.5388613644703266
2559 0.21691678760052766
2560 0.08337229714692997
2561 0.024522655077447445
2562 1.2110081860016868
2563 2.5546845931769133
2564 4.505752210017425
2565 7.5219954356235945
2566 12.666895571712297
2567 13.960315929887932
2568 14.628493741587748
2569 17.386961339837175
2570 15.855878835412893
2571 16.729668149221474
2572 18.51516887869139
2573 20.79178567150646
2574 35.56997243399011
2575 41.30822302994277
2576 41.40857227687163
2577 45.9212188122056
2578 43.73100601491922
2579 36.017728181740814
2580 30.337023116873706
2581 22.33566747573585
2582 15.275926427747482
2583 12.794483016217871
2584 6.810741882759454
2585 6.5619428148784715
2586 5.283869192005077
2587 4.738122625378586
2588 5.402504608174693
2589 5.473044925513468
2590 9.139419709790312
2591 9.77562439287038
2592 8.44201236087849
2593 11.514920756013531
2594 14.19434300166843
2595 14.10777514121039
2596 15.27743597815861
2597 16.646375330933246
2598 19.59280930916559
2599 18.588910320320373
2600 11.123131568092676
2601 3.159307203497294
2602 2.3225305164592744
2603 0.040926905570896795
2604 1.9801442863682261
2605 2.082931642745074
2606 4.032746285919372
2607 6.180796655240526
2608 7.381091863718399
2609 10.915760707517892
2610 11.573777830339028
2611 14.284524783496732
2612 13.15422824897331
2613 13.689075625907234
2614 13.084438426959679
2615 10.86423500361057
2616 13.698109994648782
2617 9.851526874937093
2618 6.5901492729085245
2619 5.501265529591378
2620 3.612968081605346
2621 1.9601061374318107
2622 1.110256831850691
2623 0.5663269083872696
2624 0.1333305238976836
2625 0.029207912053831893
2626 0.4151038187549289
2627 2.144201072065519
2628 5.351891737046109
2629 8.056312141573455
2630 11.288631452453144
2631 13.317801004748198
2632 13.895226926115216
2633 15.484965436882819
2634 15.175073607515662
2635 18.812338040331966
2636 16.94900995878446
2637 26.186265042565367
2638 35.87705712124287
2639 41.320707362018844
2640 41.97117077923447
2641 45.72879154498256
2642 42.54023099944785
2643 33.15143438473513
2644 25.874504197376268
2645 17.910485219503933
2646 13.965984683205175
2647 9.591736555396954
2648 5.856429112065242
2649 5.2410744758896515
2650 3.6846707302809945
2651 3.5945806679203747
2652 3.104864025046597
2653 4.168300663740523
2654 8.74798702226561
2655 9.779716387709424
2656 11.121591123785345
2657 16.850835640670045
2658 19.895085800717123
2659 19.807410022198432
2660 18.59934659810317
2661 18.63956357752484
2662 19.1252904227519
2663 13.107609823804458
2664 8.945559050574083
2665 3.4587785547417886
2666 1.729136642895592
2667 0.006474818175512344
2668 1.0652774746442348
2669 1.4474218842612867
2670 2.0829336738339728
2671 2.7615883707065993
2672 3.727702298478969
2673 5.234365680598461
2674 5.909577334831014
2675 8.659274389533271
2676 8.036674581981893
2677 7.693658249140856
2678 8.13589132384698
2679 8.251745928950852
2680 7.322458604892392
2681 7.413093736617116
2682 5.438246575556054
2683 5.689702476692936
2684 3.165239447087737
2685 1.6982906875324066
2686 1.953078010511616
2687 1.6482583155510282
2688 0.8146192070557026
2689 0.24342163014070808
2690 0.06872347434650744
2691 1.462770329997832
2692 5.480736757441608
2693 6.998377593191052
2694 9.176579925742484
2695 10.733554040288745
2696 11.184508537591514
2697 13.893477792203047
2698 13.668574710417209
2699 16.3400849197079
2700 19.688567827855465
2701 24.39180245405171
2702 33.509377022599736
2703 42.35657932263452
2704 44.69601539886559
2705 45.67627025663196
2706 38.27117439241119
2707 29.423878269029974
2708 27.69560695701263
2709 20.662828546552827
2710 14.453475758630175
2711 7.953274496501632
2712 3.6474245494860345
2713 4.078499564161367
2714 3.3048879728459526
2715 2.285859491607286
2716 2.7786829948038565
2717 4.44791807911468
2718 9.528504433134184
2719 10.025866219189274
2720 12.221777800544643
2721 16.828315561364896
2722 25.591143347641452
2723 26.69171223253295
2724 22.50342565749767
2725 23.789565694903896
2726 19.053320406399465
2727 11.01648211383455
2728 10.748866103785078
2729 7.432433474188753
2730 2.2583524552273446
2731 0.20098343791753365
2732 0.5315429027182323
2733 1.1135436064001425
2734 1.273554008277312
2735 2.3599238297857625
2736 2.512289607298354
2737 2.857052517699902
2738 2.7968536978216494
2739 4.130540349840578
2740 5.94628741748797
2741 5.861042093612578
2742 7.44573704736643
2743 8.27437492557775
2744 5.957454797532926
2745 6.148183879413009
2746 5.747826247111163
2747 4.3916143464371284
2748 2.743121367439958
2749 2.4933495092466544
2750 2.70226596646289
2751 2.7126542141790457
2752 1.665492300366487
2753 0.9179563434044684
2754 0.047383727717717074
2755 0.5353656747346064
2756 4.139196975176211
2757 5.600330427406644
2758 6.554489582015517
2759 9.42493883079389
2760 11.788891380775693
2761 11.521422204863219
2762 12.033167598758356
2763 14.473563268314498
2764 17.78071049874807
2765 23.1507908021227
2766 29.241713870309752
2767 36.377986395792284
2768 41.283510879001
2769 45.61296233240086
2770 37.136360682005254
2771 28.40199619793013
2772 22.804700807394745
2773 18.772655467756408
2774 15.957154595399286
2775 9.336306903000727
2776 4.031187880798021
2777 1.9209588042137506
2778 3.4835229835312678
2779 3.1862956935578017
2780 3.312775389933766
2781 6.194046064848537
2782 10.137057245629258
2783 14.221521833044493
2784 14.661862949535733
2785 17.359080517153348
2786 26.504626597124886
2787 30.054221561467806
2788 32.002971118971814
2789 25.313541557830522
2790 20.428476879693445
2791 14.860780157621633
2792 11.926813725550305
2793 7.410967136973966
2794 2.6552487172521184
2795 0.6446302089738758
2796 0.007807850470317782
2797 0.49604980700745327
2798 0.7867397790476424
2799 2.2123511354501684
2800 1.8626239186076914
2801 1.0422976892069482
2802 1.144175558602573
2803 3.0883208580695922
2804 3.898020520351566
2805 4.105514955462284
2806 7.329585540029242
2807 9.44496250233347
2808 8.72546514830741
2809 7.938266507070551
2810 7.22974821102001
2811 4.784935298064692
2812 3.708906048363204
2813 3.3686457836401065
2814 2.610983377356416
2815 2.3434530291593756
2816 2.451664815615728
2817 2.0738350323713015
2818 0.46177952965480784
2819 0.130372535859652
2820 2.7364937158027747
2821 4.339679660014646
2822 4.784764962224482
2823 6.010917756437969
2824 7.801397491530526
2825 8.580572581043247
2826 10.461639901322231
2827 11.857718136627426
2828 16.36149456888995
2829 22.334065882031272
2830 31.169678105993835
2831 34.0185275860774
2832 38.71905872148563
2833 45.380669562772255
2834 35.89129509798666
2835 28.83304979624462
2836 23.49934810454939
2837 17.759707287084286
2838 13.049602225372642
2839 7.650921404988686
2840 4.506334070379775
2841 1.4264164480782187
2842 2.5271716654723386
2843 5.227885951097496
2844 5.464597192080709
2845 9.603339080527299
2846 13.056915737276897
2847 18.89985321434446
2848 21.194161457003002
2849 25.2692565228159
2850 28.093905969632576
2851 29.517364174472217
2852 33.06136564812672
2853 19.545588254969864
2854 12.902685013861335
2855 9.376678364272864
2856 7.11734189356868
2857 3.144460225435858
2858 1.2944324746356108
2859 0.8862110969986547
2860 0.1259179266719053
2861 0.011048380515530157
2862 0.374583704583354
2863 1.398733896393255
2864 1.4639828318247177
2865 1.8756649072225389
2866 1.676609694987121
2867 2.9006267992087924
2868 4.15125516662184
2869 3.8324379054152384
2870 6.629595424919753
2871 8.984057145637442
2872 9.376307331969754
2873 9.767722832734707
2874 7.362625540018985
2875 5.435459058627752
2876 3.812461350472101
2877 3.2527143918951076
2878 2.9961803577296675
2879 2.7633755517296077
2880 3.0542772465882653
2881 1.6776606730936865
2882 0.1470880168618001
2883 0.037419346723369384
2884 1.840253762842773
2885 2.5365203924814987
2886 2.834025781099614
2887 4.033394691185422
2888 5.702162313563606
2889 6.218665048419474
2890 6.5232090167677335
2891 8.167904790416472
2892 17.0851667953068
2893 21.43929589379902
2894 30.142694870555246
2895 31.975761314947214
2896 36.25136708503159
2897 42.294039387523775
2898 35.73512709115254
2899 30.0612156802335
2900 24.70589631515865
2901 16.511664464676112
2902 11.562548672368765
2903 8.826734393390842
2904 3.8542743145088756
2905 1.4086809263509392
2906 4.152192741749467
2907 4.873332316486908
2908 7.25585164020812
2909 11.19890574080207
2910 15.036319489851412
2911 17.771901919932127
2912 19.186160644821282
2913 25.4397856061705
2914 27.003814156549154
2915 20.403958153759337
2916 23.321948445828983
2917 10.647131979323065
2918 5.795322747479579
2919 5.948962651157413
2920 5.09749955363582
2921 1.2739281605700727
2922 0.31509192607050157
2923 0.3413933565069164
2924 0.02966091032155578
2925 0.017242039869944464
2926 0.12659562323534054
2927 0.8663343365158177
2928 1.0687242524639522
2929 1.4872020371695631
2930 2.677580069437749
2931 4.242634638184907
2932 4.328809444182415
2933 5.19051481057666
2934 8.595848724401131
2935 11.474894698514992
2936 11.104260021353811
2937 10.53704071457124
2938 7.399894549978943
2939 5.30191554189546
2940 4.291952199841546
2941 2.9478449122537675
2942 2.715912343956668
2943 2.776586094668191
2944 0.8389283843237769
2945 0.28332496032922116
2946 0.06859581704937513
2947 0.0002447699682439505
2948 0.8397254537916294
2949 1.5820003918256569
2950 2.130546286967299
2951 2.8787360681609218
2952 4.280996801567962
2953 4.904621391027413
2954 5.830397162950913
2955 10.166027794671647
2956 16.181747231646025
2957 19.69395577094584
2958 24.2149702774839
2959 25.7482874017122
2960 26.25917616510776
2961 30.886931516715006
2962 31.76822387909839
2963 30.347390119505885
2964 22.325701536584152
2965 14.990364976958022
2966 11.41352071912847
2967 7.100099233031147
2968 4.204122911352506
2969 3.622867966247316
2970 2.3020650015500297
2971 3.964836244561591
2972 8.77182854258381
2973 10.83369581667692
2974 10.33303030248607
2975 12.535271494365473
2976 15.319223075960718
2977 21.672229235527997
2978 22.38451712651494
2979 18.102151565749462
2980 15.20557191859323
2981 12.513859433134282
2982 6.850763164708188
2983 5.943981577581843
2984 3.272610354339335
2985 0.3113095168324708
2986 0.08941101336796402
2987 0.07348354745631219
2988 0.019816084805070126
2989 0.017024979764190474
2990 0.13822009744111613
2991 0.3952348076897672
2992 1.0744578286539341
2993 2.186038446481047
2994 3.2412001909584514
2995 5.358458980109687
2996 7.387794871446397
2997 9.906008724377484
2998 8.778127899639507
2999 12.349868405054263
3000 12.30084637922494
3001 9.9797327288788
3002 7.041507054175908
3003 5.137160740495977
3004 4.632808871963894
3005 4.073358598449464
3006 3.530557798171155
3007 3.021519170190676
3008 0.3431555480332246
3009 0.08638957971606201
3010 0.0032155624928802747
3011 0.04859587055390613
3012 0.11967416428770214
3013 0.58457843447775
3014 1.3322444961992435
3015 1.7298012783463932
3016 2.724332756715661
3017 4.459754385442594
3018 8.053875992998034
3019 11.17974380951705
3020 15.753022351584017
3021 16.83826246794843
3022 16.696533052800987
3023 16.38227521988032
3024 17.656977664002643
3025 20.293204368387578
3026 20.77693420256178
3027 22.09230581055519
3028 15.765620713595165
3029 11.698732818891708
3030 8.100736146140278
3031 3.868074174549677
3032 3.069401086359964
3033 1.7465325575990653
3034 0.8671675099850019
3035 2.6229133239213667
3036 5.352588085442723
3037 7.5622155802764945
3038 6.992030408258016
3039 9.326892944214594
3040 12.634491363957128
3041 16.706054372935874
3042 16.740415906945532
3043 12.986924955484831
3044 10.606832834652483
3045 10.138264636227438
3046 5.437124204452603
3047 4.262311584161358
3048 0.8967951937704448
3049 0.7029012729986439
3050 0.5502187089048753
3051 0.10581996084813469
3052 0.006069352757031188
3053 0.22269537080005128
3054 0.6935987717309624
3055 1.473913597484859
3056 2.318302677544918
3057 3.463230524305015
3058 4.1478656150833295
3059 5.995401175024955
3060 7.053841466614916
3061 10.518255746248014
3062 8.751784764472026
3063 9.188807074274932
3064 8.78665864105799
3065 8.645799666691385
3066 4.589458112052824
3067 6.069641126472373
3068 3.8836713273433334
3069 4.146285765195569
3070 6.256665030859178
3071 4.1632267399250065
3072 0.16321092962148545
3073 0.0033244530394471077
3074 0.01862421699956272
3075 0.18360534625649944
3076 0.3443609175368016
3077 0.6056753749671134
3078 1.3423984956137125
3079 1.7502410269892794
3080 2.7982021713399745
3081 6.87905730079165
3082 11.268400451573818
3083 14.56258927727854
3084 15.112963922782663
3085 10.82469808637748
3086 8.485052153997792
3087 9.159715749573255
3088 10.70638140645492
3089 11.392538035198195
3090 12.605330435071652
3091 11.900601773923857
3092 8.625435849755053
3093 7.576743324147336
3094 7.046419227460458
3095 5.398308614454584
3096 4.262447495544017
3097 1.942956171109655
3098 1.316901990557153
3099 1.6631729279755214
3100 2.322193179394795
3101 3.45868835586508
3102 3.427590025005736
3103 4.184906408534581
3104 5.209659927121977
3105 5.462176296463794
3106 6.045749801619509
3107 5.461471178534916
3108 6.096380521152108
3109 5.026625858763824
3110 3.636156967721286
3111 1.5675500977120902
3112 0.9352202270492513
3113 0.8231293819652851
3114 0.5504308205216794
3115 0.15569723584171988
3116 0.07069122682651331
3117 0.07197765764464388
3118 0.3016252906067427
3119 1.7549442411604803
3120 3.2507822166890334
3121 4.125527950100853
3122 5.979218782453495
3123 6.766588453924012
3124 9.285466836318895
3125 12.1898905550291
3126 9.56376012780967
3127 8.691982634728873
3128 6.464744753824097
3129 6.821140752879882
3130 5.6335794579066105
3131 5.930901728799911
3132 4.504630709057687
3133 4.662804386541419
3134 6.068545776497785
3135 4.649433646052521
3136 0.31520131100193094
3137 0.0748241700550352
3138 0.1464288891587448
3139 0.6259346592284181
3140 0.4967808316965006
3141 0.5877360572257033
3142 1.5148752829672534
3143 1.8919182562406291
3144 4.048469108164747
3145 7.6169316151062985
3146 12.289372692602868
3147 15.587262368026408
3148 12.753732613384479
3149 10.208162636796361
3150 7.009250215987339
3151 7.1269643375643446
3152 7.201281284339056
3153 8.546807414523686
3154 9.07912918982352
3155 7.216739832294811
3156 4.54983674394731
3157 4.0984239611994635
3158 4.646127303203248
3159 4.96153095023712
3160 3.1378073256548498
3161 2.0750854555681144
3162 1.5604955378808627
3163 2.0857090938283114
3164 1.5040499867817103
3165 2.328033608645687
3166 2.1076694093883463
3167 3.049209740240397
3168 3.802243947410435
3169 2.97686180125747
3170 3.6425382748461184
3171 3.8330617908195723
3172 2.4918107276992836
3173 1.9611714947623065
3174 1.4891995875147002
3175 0.5553322149111702
3176 0.48657468251331476
3177 0.42488932693841197
3178 0.5782742973949645
3179 0.4747570814784724
3180 0.3942666740632793
3181 0.002333807824409398
3182 0.11101271383089131
3183 0.9415941257464453
3184 1.4854831976204093
3185 1.8468296690528048
3186 3.2539358593928784
3187 5.4721458630728055
3188 8.050782297519564
3189 11.48929835676995
3190 8.627057334316635
3191 9.634891011806683
3192 5.893412188423963
3193 6.775033078472032
3194 8.004196980251603
3195 5.039821979674846
3196 4.66762125311726
3197 4.019279843915014
3198 4.388046264281094
3199 3.1950619213845157
3200 0.34957794084881494
3201 0.059205793054178196
3202 0.1243442173068604
3203 0.5945793602449488
3204 0.2169110397942859
3205 0.5860087432900498
3206 2.597036268980868
3207 2.6821389158731996
3208 4.999136924379722
3209 11.400703302039709
3210 11.951293081674706
3211 11.184839626784164
3212 8.791035660099887
3213 7.96542893389388
3214 6.572571212466535
3215 4.108063508907287
3216 3.308525138682883
3217 3.5582552116399184
3218 4.251967089360932
3219 3.7666567337784183
3220 2.445224844164541
3221 2.880733643360695
3222 5.538017600944198
3223 3.2919522618735315
3224 3.093196751091216
3225 2.708821328376262
3226 1.6642340090451548
3227 2.234440277095125
3228 2.052857527090056
3229 2.186951664503754
3230 2.496042115888508
3231 2.1167160140183308
3232 2.4057933343909905
3233 2.254530451731988
3234 2.631956429739354
3235 3.566619826898892
3236 2.6543729241277103
3237 0.8803478105941384
3238 0.41671601556000315
3239 0.21200395325101445
3240 0.5997142458106299
3241 0.7824779591988967
3242 0.8837733082350155
3243 0.5299457297048829
3244 0.15428415687140093
3245 0.007052874802992587
3246 0.15650077944715535
3247 0.6490455832032545
3248 0.884994454052879
3249 0.946280200547782
3250 1.683664677151972
3251 3.2469752741573035
3252 4.845076665090534
3253 7.707429210639955
3254 7.741858761482194
3255 8.341387702232117
3256 7.059856560356155
3257 6.255326986373706
3258 5.781924668381759
3259 5.740713604998357
3260 4.233170782069257
3261 4.799760882411117
3262 4.3195080687591565
3263 3.884014518251508
3264 0.838068315380785
3265 0.18408095649243947
3266 0.0074826188813377935
3267 0.02893366177945872
3268 0.19109300257706954
3269 0.9185181758169635
3270 1.8700652292569804
3271 4.1431698522008
3272 6.821740738437493
3273 12.44406334974831
3274 9.234867518632068
3275 8.253310256575084
3276 5.360736062857069
3277 4.486465951743572
3278 3.4109065208586653
3279 2.718861895789008
3280 1.9922311867835767
3281 1.212837330435423
3282 1.488907428563178
3283 1.0676329487049765
3284 0.8948661858171967
3285 0.7976483638696135
3286 2.1162501159416656
3287 2.250651825304911
3288 2.8042593079045983
3289 2.4065138953941085
3290 1.6234462905495772
3291 2.493604461460903
3292 2.0818455880414186
3293 2.041298618782791
3294 2.4810613153843777
3295 3.1185988226904744
3296 3.8484534317172328
3297 3.1135201821331124
3298 3.0656577339151334
3299 2.6496399073689467
3300 1.696876161016002
3301 0.5472526081095908
3302 0.6334338783006583
3303 0.16198934860872455
3304 0.40887486678645313
3305 0.5746230710812683
3306 0.7166307015817194
3307 0.5254237210387486
3308 0.3163538643568497
3309 0.14095926873846862
3310 0.03884003764485691
3311 0.15911705214159524
3312 0.3820576294259186
3313 0.5358097609754515
3314 0.8348929421271073
3315 2.054607171452793
3316 3.4386928835288915
3317 6.49673409865331
3318 7.033334839759026
3319 7.5796765954999445
3320 8.173524254582647
3321 8.099018474625638
3322 5.298436522454009
3323 5.478581831225373
3324 6.9763548101805775
3325 5.337112906896083
3326 4.805890727545875
3327 4.827520383115089
3328 0.6934975050526992
3329 0.2942655010374397
3330 0.24702442918207457
3331 0.05065754029436483
3332 0.18429238061356182
3333 0.8990643189497718
3334 2.7757978674021806
3335 6.393785215112921
3336 9.098779487709386
3337 6.950770860197753
3338 6.491007678991969
3339 7.22506327750341
3340 3.7790007699857897
3341 2.743922870519384
3342 2.351708130894671
3343 1.2197228185875815
3344 0.7543128187058168
3345 0.49593487736325237
3346 0.46383587293306067
3347 0.40435216764385645
3348 0.38851596369544017
3349 0.824780684471792
3350 0.4530946984174026
3351 0.7074900777280726
3352 1.7790005758823209
3353 1.3462172405120496
3354 1.2907469530133866
3355 2.3855774361666042
3356 1.7748342607478258
3357 2.7499615109620406
3358 2.700127678434326
3359 3.9426664718257802
3360 3.768505738473044
3361 3.567708527156508
3362 3.2783704613429254
3363 2.6632580317875703
3364 1.439799579900409
3365 0.6855245337457118
3366 0.5858015160747936
3367 0.4942545212109277
3368 0.2875493605694497
3369 0.1767826804393035
3370 0.006818252997970204
3371 2.814177805152805e-05
3372 0.009473453051364893
3373 0.14166069303761533
3374 0.04343170435281444
3375 0.19427675922644166
3376 0.08456862532732742
3377 0.2563101437047419
3378 0.6616008379727714
3379 1.2642494506720081
3380 2.1707538923434035
3381 4.61761341005391
3382 4.511433237844044
3383 7.2866862424541985
3384 10.243152910665248
3385 9.058902017927657
3386 6.754892568814772
3387 5.687756818247104
3388 6.612277969657085
3389 7.322535321411009
3390 8.056578113662441
3391 5.122757351161184
3392 0.6448747319033643
3393 0.2985339060823408
3394 0.22583125088377456
3395 0.026918656921073876
3396 0.18645043013159177
3397 0.6633808945405104
3398 2.325391236155355
3399 5.888721708280694
3400 4.540000762576516
3401 2.636212343040374
3402 3.5812488973725873
3403 4.3784618474269745
3404 3.8368076062401695
3405 2.365727837174043
3406 1.1339893540930026
3407 0.5892692235881589
3408 0.3808311483974296
3409 0.4381564158915662
3410 0.18271938601781587
3411 0.2803483555104451
3412 0.9003501528329271
3413 0.39945469660968547
3414 0.4259020140207879
3415 1.172761978418645
3416 1.7782863529780581
3417 1.2813226572602483
3418 1.136320180228074
3419 1.7587750943477156
3420 3.861550159355816
3421 4.495275176802549
3422 4.094318372084283
3423 3.7644744378246826
3424 3.8691000502879733
3425 4.503595616541956
3426 3.8294144946420157
3427 2.8005444450995367
3428 1.302974391254604
3429 0.9720441993138581
3430 1.1510144960632698
3431 1.6381183946370883
3432 2.1246437491207737
3433 0.900788154686279
3434 0.1259286200052208
3435 0.001529375993671666
3436 0.021962993119375232
3437 0.19291810502094328
3438 0.03819125761256101
3439 0.035322129938554936
3440 0.06105032053094547
3441 0.7186697477763553
3442 2.310236442872512
3443 2.226022517165298
3444 2.689415561204756
3445 4.308983096872172
3446 5.2059603273264194
3447 8.271757745303054
3448 11.17229243089577
3449 9.89783193753775
3450 8.434975249757994
3451 8.012376984553622
3452 7.745056270665961
3453 10.162259948528668
3454 9.865466621227707
3455 6.837310719515202
3456 0.6899731454863345
3457 0.2829259728949651
3458 0.0071459056916491305
3459 0.0007575004546825864
3460 0.046870876121953
3461 0.5160433132805793
3462 3.4137008180875816
3463 5.707343619187134
3464 3.2598137908922826
3465 1.902611494530889
3466 2.4259705088144945
3467 2.567487592214916
3468 2.333765165050862
3469 1.7861571594410073
3470 0.6838136338606311
3471 0.09088142769199661
3472 0.10645657510738914
3473 0.2768966195402714
3474 0.23904304599530582
3475 0.1625653233815808
3476 0.2727579034665757
3477 0.748493607743544
3478 0.5895742558579149
3479 2.286465405692918
3480 2.247355228693419
3481 2.316433338228773
3482 2.8949421937320214
3483 3.617156617215674
3484 4.947457050596779
3485 4.6379313968153975
3486 3.9081882495277447
3487 3.850749653669657
3488 3.4448989874448768
3489 3.311178204440301
3490 3.104349108914165
3491 2.439096248662696
3492 2.706392348629576
3493 2.8157476930440146
3494 1.9013595420793072
3495 2.2544639996274793
3496 2.2347125945384647
3497 2.2877506648936925
3498 1.8485895119032139
3499 0.9612523373918922
3500 0.1670016070763534
3501 0.24076416744759946
3502 0.07886137357270431
3503 0.09625956811263618
3504 0.6904265205937328
3505 1.012512736027265
3506 2.7780866386547363
3507 2.9912079567255994
3508 4.03918369713049
3509 5.482500875577294
3510 6.140915987626938
3511 10.276880748802899
3512 10.803288113686213
3513 10.130208295277091
3514 7.974158055309695
3515 8.24629081989976
3516 6.171283033617249
3517 7.9483474187454055
3518 8.3285648122471
3519 4.854264851716426
3520 0.9607835731307315
3521 0.3214412673888565
3522 0.026569279143041656
3523 0.000595695774740012
3524 0.00015882571670481152
3525 1.1786198651694437
3526 2.911462402927284
3527 2.2713819498115932
3528 1.6981073664906492
3529 1.5882066769510275
3530 1.5749985895355658
3531 1.272320204879611
3532 1.4173140176966559
3533 1.0413291682300305
3534 0.6397171593720404
3535 0.14834522484394136
3536 0.009126324963002906
3537 0.12124789172765821
3538 0.1446745110192164
3539 0.03143466720955798
3540 0.1438433286200453
3541 0.4305401387133957
3542 0.6260557544182701
3543 2.7873350907910037
3544 1.5930924600120886
3545 2.132544960408862
3546 2.742735336452622
3547 3.6305278129607057
3548 5.056190114727796
3549 4.787806787664761
3550 4.916538239267055
3551 4.022489365217332
3552 3.1195999781491115
3553 2.6693547813281646
3554 2.543677726278023
3555 2.6091757083793286
3556 3.992793911597901
3557 4.243674312299153
3558 3.6094362421580968
3559 1.5456161528539418
3560 1.8103354584177869
3561 2.4661339489319545
3562 1.8403781269386035
3563 1.4713842081445614
3564 0.3858819865886875
3565 0.17162494985451252
3566 0.0004859171247882155
3567 0.3014734857354651
3568 1.1956153497129531
3569 1.5076166849904515
3570 2.7821732912233004
3571 3.1531819967757233
3572 5.174565194208503
3573 7.245081839325311
3574 7.994736523726971
3575 6.90085134617296
3576 6.286627948626793
3577 7.618795450742706
3578 7.464782891316546
3579 7.7112183234793115
3580 5.869069798107854
3581 5.0262571208806275
3582 5.863425645498717
3583 2.855278136231209
3584 0.43607530093390806
3585 0.23094829831715508
3586 0.17063095023535302
3587 0.14739245408713122
3588 0.01348318206757169
3589 1.1048990325251478
3590 2.183529666553869
3591 1.1794776299839762
3592 1.2192706545194167
3593 0.7385082718361372
3594 0.7947222949696217
3595 0.38495429784677015
3596 0.5795154495202846
3597 0.5524263849523698
3598 0.786827143853167
3599 0.6069788742316967
3600 0.05427818698006899
3601 0.03591838396733339
3602 0.005291603106052806
3603 0.008482113321418521
3604 0.03358949453358943
3605 0.38121241139619033
3606 0.3048443053383433
3607 0.8224649634489225
3608 1.2827644607735964
3609 2.4031342782467178
3610 2.8348335611552775
3611 4.016749739165361
3612 5.065941086796354
3613 5.314056678000408
3614 4.525694211223014
3615 4.542234924428383
3616 2.9753948198719664
3617 2.825883496959764
3618 2.8991947162925205
3619 2.474831605443627
3620 2.4932802203850115
3621 3.1519736568931727
3622 3.1688729747427398
3623 2.6863678745722592
3624 3.105549425187953
3625 2.7804533155490083
3626 2.220541576134847
3627 1.1495553299402717
3628 0.5169869523736922
3629 0.016805434738088886
3630 0.29389476000047987
3631 1.2942749812395649
3632 2.635398052848654
3633 3.6652827906599263
3634 5.79165561999872
3635 3.7279587270433754
3636 7.056127070166275
3637 7.937225385136974
3638 4.92521166410311
3639 2.7059213982377446
3640 2.8395846716830975
3641 3.5348215658095294
3642 7.129587454033462
3643 5.410467383279882
3644 4.054085701364702
3645 3.07287549152769
3646 1.8857847854766376
3647 1.5787475492679786
3648 0.5190233957687236
3649 0.3660053073038608
3650 0.1689374336659587
3651 0.07062212333309134
3652 0.18696642322905382
3653 1.3136553347667246
3654 1.289971608928868
3655 0.5575502341826336
3656 0.5164976162316103
3657 0.1541031991039244
3658 0.042278972432664805
3659 0.01796048485568439
3660 0.36447272191733
3661 0.33100179835104093
3662 0.39381921471463327
3663 1.2011755968746933
3664 0.6128176158115087
3665 0.09033977787320058
3666 0.03149250518424155
3667 0.020216137637322697
3668 0.4186380785180887
3669 0.48646528349575296
3670 0.260113938225471
3671 1.0192327896427176
3672 1.5248446920165013
3673 4.32835518039634
3674 4.378602345124746
3675 3.935073694484408
3676 3.919792539563792
3677 3.1713131866327737
3678 3.512556905428573
3679 3.495810946667551
3680 2.20680377663874
3681 1.4976480578781073
3682 2.7806449433320664
3683 2.618466141426297
3684 2.9364918110888105
3685 2.554268464708321
3686 1.6671214198632383
3687 2.340611355702768
3688 2.863278879308758
3689 3.379956499969092
3690 1.9487138069539898
3691 0.8736776376845204
3692 0.09902249012283502
3693 0.2508190130633031
3694 1.0490235241717354
3695 2.1706751586402784
3696 3.8280745249361714
3697 5.369206954522238
3698 7.3050831879842
3699 5.024266223915834
3700 5.49461309913845
3701 3.4904727218546854
3702 2.2535605295403163
3703 2.5794739583198125
3704 1.8302191303361777
3705 2.3831782863580675
3706 3.9022132755035486
3707 4.531586943274487
3708 3.4773616224256756
3709 2.3988442687630442
3710 1.2600417672465078
3711 0.8093589938065425
3712 0.5074872889811772
3713 0.36384290412607295
3714 0.4097208544747355
3715 0.04916379361349082
3716 0.965531981565976
3717 1.4858674997325494
3718 0.912739051519762
3719 1.1983137063435134
3720 0.5739044386078578
3721 0.6537937141528624
3722 0.34670565684256016
3723 0.05337505490436902
3724 0.013936190453823102
3725 0.10422863225619003
3726 0.18085275170989681
3727 0.24682730645117043
3728 0.7389781232044383
3729 0.8399583378900329
3730 0.27755359897289716
3731 0.3763283888384275
3732 1.094251315805681
3733 0.9538497561446734
3734 1.2067702626994943
3735 1.8994353208941825
3736 1.9365669173262587
3737 2.746949134373506
3738 3.2485701883914513
3739 2.2286424125493456
3740 2.8217355230875905
3741 1.4939168533317457
3742 2.196372796424015
3743 1.0263325211065044
3744 0.6493366106508358
3745 0.5374707200657699
3746 0.7913790781291843
3747 1.0406164157954645
3748 0.590575734877401
3749 0.43313066111213616
3750 0.5873996142725826
3751 1.0142168743271522
3752 1.1044568267236174
3753 0.622061101916803
3754 0.4269515470359927
3755 0.1552210141768789
3756 0.024988057053591438
3757 0.35257952045291535
3758 0.589274197396512
3759 1.4856380615982612
3760 2.275708611857484
3761 2.927096879646576
3762 4.939956786771134
3763 4.317644882129801
3764 4.196088546191008
3765 3.8681741816476634
3766 2.884338267331311
3767 2.755030457544483
3768 2.314679889783497
3769 1.7138065130148104
3770 2.294398710283559
3771 3.2321223251250193
3772 2.9242749557389662
3773 2.081526654165448
3774 1.9752617773933323
3775 0.9625016463385474
3776 0.18599704674620157
3777 0.21693454439115079
3778 0.14484589922413113
3779 0.27026932900767436
3780 1.0310008150894439
3781 1.9480265121842977
3782 1.5090740586478406
3783 2.0308732230436717
3784 1.4179710401364365
3785 0.6543830096564257
3786 1.1873739957014058
3787 0.4060407673137109
3788 0.08600888735276321
3789 0.09928056307508508
3790 0.28206518409540954
3791 0.3075564006613917
3792 0.005049204111685821
3793 0.01981102201746538
3794 0.13623469865740467
3795 0.057711132625726275
3796 0.09847215928858306
3797 0.5852693070277575
3798 0.7491902489261285
3799 0.334982415925845
3800 0.5296182578397725
3801 1.211726726631128
3802 1.8927246140807439
3803 0.9410784940256356
3804 1.1740949699273562
3805 0.5682326342197626
3806 1.1536822511720382
3807 0.20010259529351057
3808 0.024148659333356557
3809 0.033076098103330676
3810 0.000630203706417431
3811 0.047459414425098524
3812 0.09910309405507066
3813 0.34819616471178
3814 0.2844226400384389
3815 0.3072633369238795
3816 0.1488734382152041
3817 0.004935567232437116
3818 0.04719576815585875
3819 0.009700794615496219
3820 0.3572591858412765
3821 0.32188231300515985
3822 0.745979280567084
3823 1.244692117186254
3824 0.5328192171401794
3825 0.9505196738168769
3826 2.327049314831558
3827 2.4632584828058404
3828 3.1798508770428344
3829 3.2983609726568184
3830 2.7233073061101396
3831 2.2197886441359445
3832 1.135881348730306
3833 1.6152318983262015
3834 2.740412808756716
3835 3.0131275707292042
3836 2.940194290161656
3837 3.0249929776261335
3838 2.4039357636740424
3839 1.162492826739612
3840 0.28410537852715456
3841 0.30298150284636616
3842 0.06167565401774696
3843 0.19429337490733675
3844 0.9156726047502916
3845 2.1243497578993433
3846 2.3353616710571417
3847 3.1634770440161457
3848 3.1174623609062917
3849 2.9629231163566305
3850 2.1298092090924063
3851 0.8239869364894901
3852 0.12293449231546655
3853 0.01855251584899443
3854 0.2726121021368855
3855 0.233126448959603
3856 0.5422910655369434
3857 0.4868610783676983
3858 0.3931746434423832
3859 0.5892151403714945
3860 0.05350448922263322
3861 0.3937070830386355
3862 0.7592849107062934
3863 0.8898319236888008
3864 0.3963526707291865
3865 0.525230898374932
3866 1.2564139806196326
3867 1.3506938852965251
3868 1.0465363056873416
3869 0.31596451329209957
3870 0.3464684504838714
3871 0.2108780434176887
3872 0.012227637322898433
3873 0.02407617992179597
3874 0.022803196634042094
3875 0.1588958897441062
3876 0.25110644979677216
3877 0.33332802076093704
3878 0.13070865978189475
3879 0.3889992740324845
3880 0.0018704889509647243
3881 0.005201911706463869
3882 0.0941469580478052
3883 0.004837879460189403
3884 0.30427793560473904
3885 0.36137154387980724
3886 0.5002591545025382
3887 0.39854206351170757
3888 0.301773557146579
3889 0.24472421435734495
3890 1.3703471932106845
3891 2.906218095061719
3892 3.463315404930974
3893 2.2368829526315523
3894 1.6031495805332598
3895 1.1630258870372685
3896 0.6373050583090136
3897 1.9174798719945585
3898 2.402619337406444
3899 1.888068205009319
3900 2.6415660755724146
3901 1.8839732189763696
3902 1.7327899889266687
3903 0.7375411869227223
3904 0.48941900006065936
3905 0.30148585540717654
3906 0.04239580033273975
3907 0.21884402752810747
3908 0.41914872476816867
3909 1.3578324479832475
3910 3.396023035527606
3911 5.390037203914725
3912 6.627330191537658
3913 5.4134481295441415
3914 2.6946834864575218
3915 0.8963967883114372
3916 9.524597667676588e-05
3917 0.2138685060161191
3918 0.5734704418787777
3919 0.8421457576108584
3920 1.1761567190709215
3921 1.3646801442628522
3922 0.4326836896805246
3923 0.3617333616209126
3924 0.30358463520962586
3925 8.08007947757833e-05
3926 0.0955274800826707
3927 0.09232823805102897
3928 0.11802864352956549
3929 0.37030350505108484
3930 2.1543084540555926
3931 2.519909560769436
3932 1.7632108824185035
3933 0.9991000318055494
3934 1.0829400289614861
3935 0.7622913814805685
3936 0.42862934983867645
3937 0.46529997952585345
3938 0.6016080517270389
3939 0.4504690344082808
3940 0.43712014584566955
3941 0.23912723903109404
3942 0.025301839169970888
3943 0.0038517064411348343
3944 0.008142934819621053
3945 0.0002087188992960358
3946 0.1437228692875048
3947 0.0014327030850285788
3948 0.24685533319292732
3949 0.13578148490365713
3950 0.015522736888495202
3951 0.14087398284801808
3952 0.17789751983158653
3953 0.1856501450043551
3954 0.8234393381583437
3955 1.5703878024610978
3956 1.7009807552954948
3957 1.6642365055666157
3958 2.03106152274729
3959 1.2601891131858167
3960 0.7465401813970504
3961 0.8688854984774881
3962 0.8647134227718897
3963 0.807746549925026
3964 0.8889677330200022
3965 1.5525923879391277
3966 1.4250229677668582
3967 1.0674228738310025
3968 0.9967989858847166
3969 0.6059318504766504
3970 0.03842798658358195
3971 0.0862176625701721
3972 0.5719919621593126
3973 0.7944986633480171
3974 1.3498157558474557
3975 2.8502751723056643
3976 3.976142609047042
3977 3.276689008894968
3978 1.514518014236807
3979 0.21152228292696068
3980 0.04244038379834789
3981 0.20682528937023115
3982 0.5362413819765579
3983 0.9417615378881476
3984 1.404118402163248
3985 1.0546646152731536
3986 0.7255734797227748
3987 0.18121795359618084
3988 0.026656240493680303
3989 0.017969695551638017
3990 0.07017698566997733
3991 0.08660981909837581
3992 0.00045866421770447425
3993 0.3383529042446186
3994 1.6698627421632835
3995 1.9677313800383798
3996 2.1322725929108954
3997 2.6690423809474177
3998 2.772318794278668
3999 2.651474068325788
4000 2.8703515597142815
4001 1.608220130566889
4002 1.721872815284035
4003 1.0973341270301802
4004 0.3155580381417034
4005 0.2293112840046727
4006 0.003338672666103144
4007 0.000998779159278195
4008 0.008506001721937677
4009 0.10144989253721699
4010 0.18665100077715366
4011 0.17671541171089192
4012 0.003970324038028742
4013 0.0001176622247116097
4014 0.0475416840277115
4015 0.14710946936488437
4016 0.40877010755923715
4017 0.6388618324495439
4018 1.5885114644255265
4019 2.337002568828504
4020 1.4991941085566245
4021 2.0538687723442166
4022 1.36576422103476
4023 1.1638318801654015
4024 0.9144669190872143
4025 0.6274001135368379
4026 0.40677353864001753
4027 0.40667389941599674
4028 0.7292085266021163
4029 2.179338250350269
4030 1.7134877201423269
4031 1.5778118224022042
4032 2.049109235021666
4033 1.1964689977221863
4034 0.2920084703884169
4035 0.02195263457038114
4036 0.031329998476628464
4037 0.018289774885302052
4038 0.019928212829065615
4039 0.12608069923099569
4040 0.2589290641057166
4041 0.06631254501887114
4042 0.15544334063548554
4043 0.016967559084799452
4044 0.012955146554012404
4045 0.021961849862589998
4046 0.00023871294393007175
4047 0.060654903745444425
4048 0.12632826303459035
4049 0.23025913725588867
4050 0.22917373901940744
4051 0.0339280493684919
4052 0.006382643484449642
4053 0.00025663461252983794
4054 0.0028939495942144696
4055 0.053836367837389446
4056 0.07607674619167147
4057 0.09662469164895245
4058 0.9524670109759246
4059 2.1536625695311025
4060 1.519476147017466
4061 2.3808951676492303
4062 3.863057002440411
4063 3.95701040476102
4064 3.839070978658599
4065 2.57418441665523
4066 1.317795179333615
4067 0.4113175237995692
4068 0.15590299459802806
4069 0.29939982129151954
4070 0.22017016609586698
4071 0.325270987109091
4072 0.18609742275729618
4073 0.26718728867521174
4074 0.24730321755771706
4075 0.06406705744779591
4076 0.001090136500540527
4077 0.12890154783001925
4078 0.33463444862002273
4079 0.2744770002727991
4080 0.8026468729803573
4081 1.61562292530365
4082 1.8047983709010502
4083 3.640213347695608
4084 1.9349207367493129
4085 1.559541130949072
4086 0.9165135214037887
4087 1.0750013792306334
4088 0.7625372473799962
4089 0.2861339407010809
4090 0.3840944754907154
4091 0.2682495439257278
4092 0.1317277634689776
4093 0.218537961067222
4094 0.2815785354311697
4095 0.2711676426694923
