 0
0 0.589933888382282
1 0.43426142029635706
2 0.5880279832456908
3 0.6826436275894517
4 0.6612581809151192
5 0.3290845672741063
6 0.4687891036415673
7 0.2711943336967424
8 0.63280763667123
9 0.8007829450097237
10 0.37814842283407357
11 0.5757436472787074
12 0.4935059289046332
13 0.4619222231035888
14 0.3254516936066383
15 0.32190329908848975
16 0.32618567964822587
17 0.0016196377514202263
18 0.0034545152020901628
19 0.007605707968748598
20 1.4771297404738507e-06
21 0.043225646501565344
22 0.632692806364802
23 0.8423685779160294
24 1.5101102031469567
25 1.318243023586742
26 1.6571100129751948
27 0.973392798687785
28 2.0744294016906126
29 2.598704920847234
30 2.249269047994879
31 3.4452089866221347
32 4.147634952030395
33 5.535120205840778
34 4.875002360673888
35 2.973120801547166
36 3.476152005537166
37 4.883388409381833
38 4.614517216998616
39 4.170768665219255
40 2.56201658430584
41 2.049638964266256
42 1.7249747762086933
43 0.9311957992120955
44 1.2095194813248857
45 0.9945953322560743
46 1.6245808835550537
47 1.2024947427759645
48 0.6972376638115999
49 0.26803792504394136
50 0.5811433804118237
51 0.5745167543906162
52 0.6736517434057452
53 0.5181962626911755
54 0.8038808813955063
55 0.41117352730986717
56 0.3676987373009365
57 0.6870662418416237
58 0.8877199767237945
59 1.0788642337222418
60 0.6327596866634366
61 0.68962801889885
62 0.5819039864922219
63 0.6368220297254198
64 0.4428367976266876
65 0.1594742617997864
66 0.15947332620290017
67 0.3278351975842779
68 0.29027661612683203
69 0.08041470607820272
70 0.24398725107739347
71 0.21538058047990538
72 0.24779471704261766
73 0.15954977207611978
74 0.006593526377790071
75 0.02784699864705387
76 0.11936715504310007
77 0.44685808977091385
78 0.5132912831719177
79 0.5346592123045535
80 0.14612879004691082
81 0.010466219042464682
82 0.010128777614709587
83 0.01769397241048224
84 0.0201011821042933
85 0.11084728139940019
86 0.7376815856162662
87 1.263460731729482
88 1.4714641199152063
89 1.7187031007108329
90 2.3111699038874733
91 2.345671883363476
92 2.7491085416039303
93 2.7482265065280553
94 2.837227611495178
95 3.2955427020855814
96 4.341450608315123
97 4.708280460978051
98 4.460013704821091
99 4.1297957011137605
100 5.036441037137881
101 6.141274977367765
102 4.725876598472004
103 3.8366587386658066
104 2.1085259328502013
105 1.1328151730161389
106 0.8971141919973148
107 0.7264468441597413
108 0.8887004207774676
109 0.5627771563585592
110 0.7574584595654413
111 0.3350353742914326
112 0.2746871283750982
113 0.0573817324402577
114 0.216700902270825
115 0.4674716477995209
116 0.5343625296207646
117 0.5195944534160934
118 0.8223933390225868
119 1.072648055789044
120 0.7810955495029659
121 0.8359637852784644
122 0.7574905119593658
123 0.9414280412409196
124 0.5806932619496356
125 0.44580314445710084
126 0.1866193230087471
127 0.2220357385542988
128 0.23215821404878775
129 0.06800664815655995
130 0.17037246939240322
131 0.2242068335314073
132 0.4337848857239575
133 0.04484743299236905
134 0.050302255294995296
135 8.299256966859685e-05
136 0.04103338231054184
137 0.1877324390686372
138 0.01656021613889647
139 0.08443105766066418
140 0.02819167828727415
141 0.1935105417505687
142 0.09288892973097322
143 0.2875077913255882
144 0.031655510615476806
145 0.04967767881784774
146 0.0611297589424348
147 0.016640824871790545
148 0.06547515450458465
149 0.07938680067040553
150 0.7258012157400698
151 1.9573410934612117
152 2.449518814662986
153 1.6835344368253957
154 1.250912126854885
155 1.2244414324468218
156 1.35418446726446
157 1.3915199725095457
158 2.5347066258575732
159 3.7018711039593803
160 5.072544020883674
161 5.2759865656519205
162 3.736514983065813
163 4.440915330753636
164 5.01403479557457
165 4.301274429681449
166 3.138791823994145
167 2.8065094392605783
168 1.2274306677346578
169 0.8729633529856885
170 0.3945416480970572
171 0.5667443739020857
172 0.38700515384043255
173 0.27077082696997157
174 0.37151251657157036
175 0.1659449640277604
176 0.07706334200881954
177 0.002928011763324288
178 0.32914826819796505
179 0.6793009039236502
180 0.5591805936327127
181 0.2749974264563764
182 0.3258266816817007
183 0.9453613449585155
184 0.8652667572015263
185 0.791148163915863
186 0.5472659181615088
187 0.15327997782831954
188 0.13630899291361503
189 0.2085146294898115
190 0.1820921067091173
191 0.14615087919405403
192 0.00593291725598605
193 0.023527688176225588
194 0.1578539342618114
195 0.07797665304903477
196 0.07825914914247377
197 0.6501333041478584
198 0.263205405856641
199 0.03325189330190456
200 0.014106863594407774
201 0.09281032124271892
202 0.005963608080041605
203 0.16363657669172466
204 0.12171678281193442
205 0.3373707194142427
206 0.35508217079661625
207 0.47038310861644644
208 0.08781308108238584
209 0.12006025779683566
210 0.012463423621319684
211 0.2439709418300775
212 0.02194955100440047
213 0.09847595619048291
214 0.8897489135916518
215 1.612114424378891
216 1.4045685324362311
217 1.0365881928141867
218 0.5024963402629341
219 0.2812288533753544
220 0.6821174748699128
221 0.9293594815837984
222 1.8715404179552264
223 3.9579936746278563
224 5.181096629984122
225 2.8013251009103364
226 1.9523096286201818
227 2.457349981836719
228 2.3844640009875047
229 2.829583215734976
230 3.272240779242954
231 2.8556163483106647
232 1.7568117308377145
233 0.9268753564259131
234 0.8276435796779686
235 0.8906777058991663
236 0.6312642453128766
237 0.3726874391694269
238 0.3693133029571907
239 0.27744350944166113
240 0.12460844631565961
241 0.0011378867228591415
242 0.024079086783333484
243 0.17415544651552223
244 0.06839633813144708
245 0.06207521009994557
246 0.16575675315707178
247 0.7450154275973996
248 0.9956828341040237
249 0.8527930631269983
250 0.33908942223721766
251 0.1435465594761653
252 0.24805496142985747
253 0.43627415976768036
254 0.6600792395930724
255 1.0529965774124144
256 0.00224045943398442
257 0.40452198425329494
258 0.034563468038213425
259 6.401049179486338e-05
260 0.08300670313975596
261 0.33587470436740074
262 0.4452111369351771
263 0.5824584513389581
264 1.2313604751824865
265 1.8778834090701653
266 1.7956217806181665
267 2.3793357059075726
268 1.3560970100142573
269 1.2044799408263172
270 1.0421143555503456
271 1.0866744078342485
272 0.5575625643449554
273 0.2608932160227629
274 0.10625447180920648
275 0.05160545081041565
276 0.1882533515697582
277 0.8179654601160595
278 1.2166107709563412
279 1.1195381255894017
280 0.7926153163548878
281 1.0670264555734732
282 0.7730634147705424
283 0.6392198893745454
284 1.302625355171174
285 1.2075826945337458
286 1.0518000819015658
287 1.8766074452664063
288 3.176681913799723
289 2.0637815408030895
290 1.4796394444523773
291 1.6166192295474413
292 1.8895250120446354
293 3.215418812033467
294 3.3568290090971615
295 3.395362078110205
296 3.067024275740222
297 2.2479892847177436
298 1.3051279982571387
299 1.1004895455366581
300 0.35138147326261254
301 0.46174370949576055
302 0.18783661319400255
303 0.14029950087772644
304 0.021008977384147573
305 0.00959439051629758
306 0.00017861604220180825
307 0.019403194676842414
308 0.013396457215630785
309 0.0942276543182569
310 0.053013478058040464
311 0.2600140543350315
312 0.42915414428614873
313 0.8013605247163968
314 0.3711387801221668
315 0.6089850386865163
316 1.2366054120308283
317 1.0074406809340013
318 0.8985768311236402
319 0.9612466871500556
320 0.06015566686945787
321 0.008370510778614955
322 0.14527624586302898
323 0.003989430246489545
324 0.012323397709322264
325 0.5373204770643074
326 1.0427767238118684
327 1.7672241213128883
328 2.372650393950748
329 4.311826468586918
330 5.412516330823791
331 4.158180745795192
332 2.218823368558902
333 3.302047483263767
334 2.7553421971896794
335 1.9975123422603756
336 0.47141970554108387
337 0.00029973909343210644
338 0.0691632948444666
339 0.018051625848167344
340 0.05372556638434287
341 0.34968645121048875
342 0.8215677942835791
343 0.6590882801407331
344 0.7341835326635404
345 0.28491214720428043
346 0.1317186248034531
347 0.8897603323409942
348 1.6568848921954877
349 1.1008707905996449
350 0.1769884285852581
351 0.27679339639557227
352 0.8211151743838845
353 1.7455308688811324
354 1.5361022687084245
355 2.051684221222869
356 2.581412266025796
357 3.0125888269789924
358 3.896532718813961
359 3.7477132742178703
360 5.75664641391049
361 3.987964151186358
362 1.9487669480810812
363 0.8359405060264731
364 0.7495775150471186
365 0.5026079950953422
366 0.3553633730767121
367 0.3343348941890537
368 0.39274284190874176
369 0.07516142658871797
370 0.12457087339400288
371 0.029695529321804075
372 0.06254811448532463
373 0.22957546711217494
374 0.01755820896180669
375 0.09987410819649359
376 0.11153397706713604
377 0.6045390346211419
378 0.8589864378354239
379 0.6907649059509368
380 1.0299191887401364
381 0.9242558443224789
382 1.0687206788489927
383 1.137630713004741
384 0.03425995069386677
385 0.063918864968032
386 0.006281038436062161
387 0.27722855650481854
388 0.02051490860088212
389 0.26234271466360115
390 1.6448352634710335
391 3.277130354598498
392 4.742247883047207
393 5.760584872845782
394 6.970133964939909
395 5.818064596229102
396 3.20112133847039
397 3.7865387616923876
398 2.5011945599158616
399 1.7099755411702566
400 0.8293876633848568
401 0.045740178831684346
402 0.09829859525770229
403 0.1744492171619609
404 0.13344847545698282
405 0.07730622764693151
406 0.20943198740406926
407 0.40221149318412563
408 0.11207069013930206
409 0.04786662855041089
410 0.3145956060070012
411 1.1036902665307036
412 1.736758603057951
413 1.0287785713881021
414 0.4243249632964071
415 0.15019018662214398
416 0.3602092669572174
417 0.9044431745371163
418 0.5110956785487748
419 0.7257969211188174
420 1.4481409063032016
421 1.3537990542908487
422 1.748997023541787
423 2.451953845048954
424 3.412683375204076
425 3.0054724718486154
426 2.181961357355327
427 0.9945844472223947
428 0.4393779753915292
429 0.37441218878083565
430 0.3460163307924287
431 0.7250303219856911
432 0.6324002557258441
433 0.3724815418824669
434 0.1423608063016115
435 0.09209120031664844
436 0.10364349520472849
437 0.04858423745782656
438 0.02763455959295468
439 0.002850679573586037
440 0.10918332974772371
441 0.06380913024202794
442 0.20415338821035509
443 0.5061912226982076
444 0.4699647155037382
445 0.4818667425335661
446 0.46862969897893964
447 0.7283413344646166
448 0.1870571745294766
449 0.0840204958847442
450 0.26946763278471897
451 0.06081515146418139
452 0.047160320398948616
453 0.09634639434690083
454 0.6970621162583417
455 3.10882486707221
456 4.27751873860356
457 5.697252019194561
458 4.9695254088817835
459 4.8690299610283905
460 3.0201332595519825
461 2.6553034219824916
462 1.9954332465272062
463 1.8795333961304492
464 2.1110317019059153
465 0.9613219200907391
466 0.15013051416710851
467 0.0015541107020433694
468 0.05461317458851543
469 0.18973752200804153
470 0.24544766069530494
471 0.6078975789229828
472 0.32270388545824197
473 0.15271479573195718
474 0.4463065960799763
475 0.7286388459411088
476 0.44901470086547274
477 0.5188815937355168
478 0.048848518649134594
479 0.0183117610540283
480 0.0005270858195230743
481 1.5056071098751287e-06
482 0.03469660996313148
483 0.009201793880163692
484 0.0302330079633204
485 0.4619546680290595
486 0.7610271815462569
487 0.918038031462474
488 0.7886665562302531
489 0.5132466882412917
490 0.5152105802517233
491 0.10447899574610908
492 0.05360551994704256
493 0.007524223493579928
494 0.44235398876974413
495 0.7440371684098428
496 0.9903357686959392
497 0.19478829809800355
498 0.08412329820942618
499 0.06621378547060766
500 0.5228922387690387
501 0.04540845137491966
502 0.04301168233377145
503 0.06023308818712815
504 0.04892186944988292
505 0.002822278045684064
506 0.004881886793021676
507 0.006864034669198984
508 0.3028455655542534
509 0.35722241381948694
510 0.10745850703308736
511 0.27730714822316055
512 0.10901105550511685
513 0.06493063513906823
514 0.471958749350398
515 0.3595987184935049
516 0.1659442997869763
517 0.012728620909143645
518 0.18153507534960805
519 1.53797242611792
520 2.78723943921388
521 3.0698743423114516
522 2.1082380166598456
523 2.2055654144364407
524 2.438154658629388
525 2.5286163688774694
526 2.311654612349898
527 2.375189293796653
528 2.543135454549374
529 1.8962531342424263
530 1.4415477493031337
531 0.3397154362370862
532 0.009306610430875446
533 0.062044199093333044
534 0.06987402338110259
535 0.10604368240705826
536 0.10511747422738564
537 0.3844490619067414
538 0.8051604050143756
539 0.24711046521468105
540 0.2981578487092987
541 0.16623592849050584
542 0.10584844737853043
543 0.2180071856635709
544 0.4190150910099228
545 0.5717166454180393
546 0.2642035902004647
547 0.031013700553741964
548 0.06063677939658191
549 0.1849471530364378
550 0.07655163903018415
551 0.023182221822483216
552 0.24677813221326833
553 0.007908074532968962
554 6.373787218399726e-05
555 0.12940657351105012
556 0.24630038325166723
557 0.14810147600439033
558 0.004796182839394792
559 0.14872564368470714
560 0.230751073539342
561 0.009245764162729264
562 0.0075536530089539275
563 0.003568585297495471
564 0.5732487917590008
565 0.2634876123833572
566 0.2737315574611059
567 0.4166948845197235
568 0.3281380411861753
569 0.06344193492128777
570 0.08121261235135047
571 0.024402666276619044
572 0.11037797099834638
573 0.09581068071643084
574 0.1157617318723948
575 0.19378855406242682
576 0.15381763816556054
577 0.04788703398188652
578 0.32430575755499097
579 0.7294488312459889
580 0.262451059637484
581 0.29174219391289485
582 0.05426031495068389
583 0.059668007362008016
584 0.5339679667533119
585 0.4187860387260899
586 0.7781564936877177
587 1.8142513174412893
588 2.060590347346553
589 2.2247515723386697
590 2.441462256738864
591 3.1243606792815877
592 3.206626013452443
593 2.428981864044286
594 0.9839538841315543
595 0.4104480342002972
596 0.023411393566280806
597 9.551816337801697e-05
598 0.015216411646169058
599 0.18193509160246846
600 0.4041677917454818
601 0.04958565156665417
602 0.03758934066162418
603 0.08870665187315782
604 0.07821538613488721
605 0.05119613230431372
606 0.006599219723989597
607 0.08145559236481698
608 0.4424618593737162
609 0.4721917494156987
610 0.6295067251754505
611 0.5686245708705951
612 0.21275549596369334
613 0.2512566608256908
614 0.1003206218646189
615 0.002837761916093819
616 0.028681701266714425
617 0.1824095750073295
618 0.374777375003115
619 1.0859180572406126
620 0.6017775351500958
621 1.06779695173741
622 0.46717184894905084
623 0.00022070673054658767
624 0.00863614322412833
625 0.053417063614609794
626 0.20704333804316172
627 0.25027572824759253
628 0.5573597885954221
629 0.36302121781566454
630 0.49191091974292567
631 0.6485181239097376
632 0.7846476929889415
633 0.2363740308108923
634 0.16067885913965138
635 0.09003748314429037
636 0.00013379737322408297
637 0.0034433531668770427
638 0.09374415497881429
639 0.1324621673817081
640 0.07442730805550163
641 0.008420993997825133
642 0.13686453155816983
643 0.49734445674658945
644 0.21385372011491635
645 0.012813962756382732
646 0.32655871131277
647 0.5428254751969649
648 0.10949889731747366
649 0.0004102934175533616
650 0.12022089524412126
651 0.7548768734095957
652 1.2803887736071906
653 1.8431577879955006
654 2.0460069387412854
655 3.662313710039019
656 3.6539434632821544
657 2.7621954942825577
658 1.3269907132142535
659 0.508430033001671
660 0.07339508159935805
661 0.0007294210738992514
662 0.08769121053827497
663 0.17959516200523942
664 0.19540169600802476
665 0.07436543249078559
666 0.10064602984617967
667 0.015142993906210808
668 0.28808116423749947
669 0.3624620110904629
670 0.03182162235432045
671 0.04787711247394678
672 0.250661826524047
673 0.7235170456130892
674 0.8482544752751502
675 1.038519551620989
676 0.5080960580501378
677 0.49012488658230147
678 0.35684683694203845
679 0.1622968966305973
680 0.15686124042911878
681 0.05658857035070152
682 0.1679506931857994
683 0.9719966118105684
684 0.928450775909883
685 1.2227788177374967
686 0.5943152327046662
687 0.081645749806444
688 0.20245879135395398
689 0.16143849653286035
690 0.6859288412250762
691 0.90926816765496
692 1.303103571180493
693 1.7494324255187768
694 1.9629894042472653
695 2.6426354230720963
696 1.215588468908268
697 0.8625604120196201
698 0.8681454342292673
699 0.2213536702743461
700 0.004656298715753468
701 0.041882790240766896
702 0.00011702934820505018
703 0.0003783831505829864
704 0.5943889656929369
705 0.31792814482056364
706 0.28002902550291436
707 0.7882712842256021
708 0.5217104483105818
709 0.06368846481494875
710 0.010869593367367711
711 0.6483156975343298
712 1.5083819560736096
713 0.7115999721107952
714 0.018370237644006842
715 0.13443069277743214
716 0.36064027518139197
717 0.9196210240018997
718 1.8432763803038765
719 2.813173059774553
720 3.0029282648843894
721 2.3235463450066103
722 0.9845627708813636
723 0.26344077708272956
724 0.0038874875805984164
725 0.026597343542221426
726 0.11183958711618015
727 0.31343387430243835
728 0.24547602463113313
729 2.1890596711222276e-05
730 0.0866210638077991
731 0.06162414122963017
732 0.48016495987520214
733 0.36516143762248043
734 0.02185965689950064
735 0.026643222829231338
736 0.06616419639511077
737 0.21208912590432444
738 0.08022950460569023
739 0.3551476036545725
740 0.38600832861005735
741 0.12502002787522962
742 0.05722384348931856
743 0.08150720312807354
744 0.3452119721748482
745 0.586829076186453
746 0.6483658078362619
747 1.0559009035792422
748 1.1657403397157013
749 2.460030647347109
750 2.42994263148997
751 1.0566341231328567
752 1.7290042186733188
753 2.0681068201177113
754 2.1370686868202795
755 2.4268760996278216
756 2.2138202203241093
757 2.249127462920812
758 2.1631877141192892
759 2.516629528892896
760 1.9960054266797076
761 1.9924951331144691
762 1.4451089181298729
763 0.95877789624146
764 0.6817238750703375
765 0.24439853745945153
766 0.13958967691789514
767 0.018131334784475303
768 0.7646028504008417
769 0.5170288431292771
770 0.5094780249449294
771 0.8180884116452967
772 0.23647283345405665
773 0.00023641066105592405
774 0.1652692252377027
775 0.5888414680531886
776 1.9512054385101407
777 1.2794323586855076
778 0.2792518521166967
779 0.000258216675313632
780 0.06677002251519339
781 0.24175742196356084
782 0.9971323253893238
783 1.3240786543613265
784 1.6499787571101432
785 1.5499388339456612
786 0.7153268579966057
787 0.3023903782210393
788 0.16947064015309296
789 0.17714949511988332
790 0.7935070547388419
791 1.1663551875663272
792 0.39318026496202957
793 0.11067738082266851
794 0.08252163059499559
795 0.2048154553854123
796 0.12132113415020128
797 0.1232745551044727
798 0.23355423956462817
799 0.029316339612344543
800 0.008274931721409558
801 0.09677977678061743
802 0.0062426694297298
803 0.18759019908640032
804 0.41415641515045953
805 0.09578540183849533
806 0.24667642946192994
807 0.22497795586461422
808 0.41798407688478445
809 0.8979257578762069
810 1.2690335159545734
811 0.6052238461944147
812 0.5696674415364771
813 1.8594416604319595
814 1.8409233863230647
815 1.3786829003733863
816 1.6608609450904894
817 1.9024801788296828
818 2.692327007552243
819 2.5136924619457073
820 2.530359577319914
821 2.1372299130784516
822 2.185023315838339
823 3.0959867486944703
824 2.7921328304209405
825 2.289032551267255
826 2.5933108806662517
827 1.819461809488734
828 1.7010364722703961
829 1.5769659417550892
830 1.1510550307546528
831 0.3907508267872107
832 1.6079483478061631
833 0.6351711874771082
834 0.3414919328125295
835 0.053647233671267065
836 0.0738957138286453
837 0.1938106038067434
838 0.5521645249776272
839 0.9119959896971874
840 2.9016029152315617
841 2.313779010701203
842 2.050227618555161
843 0.8415016851770102
844 0.1668417941982707
845 0.005788167857313357
846 0.30513451212259485
847 0.4792112007635454
848 1.2832498792922777
849 1.2796222933436558
850 0.8727099111860046
851 0.382115638235425
852 0.6604590015901117
853 1.208420857355127
854 2.0263666727926206
855 1.2787213144379792
856 0.9005837506869067
857 0.14531084470146688
858 0.13223474296274054
859 0.6069776678811918
860 0.6121543783172486
861 0.6103903630993152
862 0.7196339055318157
863 0.8656976526911658
864 0.8633537781522013
865 0.9100301873074282
866 0.41013378659579985
867 0.4903810881073627
868 0.41439053378203244
869 0.5009165101430137
870 1.7763857759183421
871 1.7357532037311925
872 1.3074904710339794
873 1.0715979085912757
874 1.2872449248844728
875 1.8245716843605002
876 1.785497034442025
877 2.501325379602579
878 3.1572885725135857
879 3.507188600578196
880 3.6212277480016017
881 5.239935988955264
882 3.475014111121745
883 3.1811802543767356
884 3.9576536662998363
885 3.0979203122158885
886 4.56439656580685
887 4.414688053585194
888 3.9663078921147847
889 2.883037161719118
890 3.4468541228239182
891 3.104208140124043
892 2.411170233458344
893 2.8407825463312237
894 3.111178626834692
895 1.4758396398114402
896 1.2598551336124826
897 0.28104423139091744
898 0.19280934230708213
899 0.010393706464207878
900 0.20458291604881074
901 0.5955162526083952
902 1.3229846029803254
903 2.4288733704238723
904 2.6168288565560047
905 3.5082368549452756
906 4.99568576175029
907 2.6883613534081405
908 1.0206890735783383
909 0.18215742199642876
910 0.0013997523340049168
911 0.18017891997251773
912 0.9187519212873654
913 0.9569655700475422
914 0.9850981765881567
915 0.9157987095224537
916 0.8246200579853404
917 1.742818684412461
918 2.7404982510104396
919 1.5729170781487603
920 0.5998226386048737
921 0.21835508498462455
922 0.054087776955878325
923 0.46996932945252545
924 1.4079575341089445
925 0.9868856472304522
926 1.4850576069478487
927 1.203123245565126
928 1.3539623319920109
929 0.5510478352337467
930 0.3070751929163479
931 0.5584820987361665
932 0.19265192636206815
933 0.6762912670442974
934 3.933055849263618
935 4.073194008238826
936 4.159058706821098
937 3.5608836207148467
938 2.6259057810414066
939 4.467205300756501
940 4.946964188056144
941 6.708170598549371
942 7.857994149484723
943 7.0053702036590355
944 7.8997145643609565
945 10.909436929370445
946 7.910024350080734
947 5.446080271610315
948 6.236900666251671
949 5.650133327574393
950 4.788295916557311
951 5.2534647139705175
952 8.273662600001336
953 6.595921330896256
954 5.960320004197413
955 4.568059357561681
956 3.8480700606131064
957 4.2436337009647485
958 4.6623323551699265
959 2.517242660592389
960 1.1849072632326396
961 0.5237083125135273
962 0.07213311832205944
963 0.007702411693799765
964 0.2088166113808158
965 0.9470955741767204
966 2.7368525662712355
967 2.307211022661281
968 2.104033095611184
969 2.982172431344726
970 4.018072805038744
971 4.900574113851604
972 2.8372806080545496
973 0.8149049743716068
974 0.4258844385539276
975 0.07683456442333453
976 0.019822275850839222
977 0.11222100959522517
978 0.44069721413277224
979 0.4761397387023998
980 0.3999865687536616
981 1.2189123684128789
982 1.887213268172966
983 1.2650746947648344
984 0.5337123931279876
985 0.17556210218370402
986 0.05671077300628323
987 0.23694628979504528
988 0.683020418321258
989 1.1586943026152599
990 1.2196648509428716
991 0.6069418849033665
992 0.22046774777499642
993 0.018490497927901146
994 0.04369249866659805
995 0.00019709627107139454
996 0.05516636384680645
997 0.6048759589041054
998 4.243719031304442
999 5.234028362989905
1000 4.878265512157087
1001 3.6345971641191785
1002 3.5328766836680634
1003 4.924025145086443
1004 4.615560352081166
1005 7.846834816353734
1006 8.03842362166555
1007 5.881115202195421
1008 6.974253562265461
1009 8.320717133511286
1010 5.984671156825706
1011 5.3194098758086295
1012 6.210371440738574
1013 6.744314341807124
1014 4.35935377869256
1015 7.9557575702938035
1016 11.29360210668672
1017 8.885380765121502
1018 6.125832277090669
1019 4.509307966725698
1020 4.620720205402272
1021 7.19631976528393
1022 5.515836518015232
1023 2.6161415546483906
1024 0.32219525260161946
1025 0.07150537475015774
1026 0.05656758331653038
1027 0.18921634897297004
1028 0.9399610972627848
1029 1.875806242335003
1030 2.058582848058988
1031 1.7322212819670058
1032 2.5006996933585133
1033 2.500100171648471
1034 3.061486125566686
1035 4.912775132087684
1036 4.402980268900277
1037 2.157340480701894
1038 1.6365921487372572
1039 0.756454448011637
1040 0.288034472267471
1041 0.18413962243467857
1042 0.13275036707031942
1043 0.008409351907591131
1044 0.32838620249742806
1045 0.7505693861099405
1046 1.4003957460935892
1047 0.8940521306145423
1048 0.5453865227348625
1049 1.0594993309450738
1050 0.8166943569106766
1051 0.8889685027268962
1052 1.6085450168672981
1053 2.6443237941058637
1054 1.7440818818804917
1055 0.9099391213691458
1056 0.8330485754377563
1057 0.301728400239369
1058 0.024800782673479987
1059 0.00040042980167066095
1060 0.2714595651181503
1061 0.03735981899284881
1062 2.6199732181165527
1063 5.024434550783387
1064 4.46094428093753
1065 3.418791611462449
1066 5.303286050753654
1067 5.593825161705944
1068 4.6158833163392075
1069 7.924674835766104
1070 7.893697291454864
1071 4.928336765287803
1072 6.2253245858782265
1073 7.443676973371869
1074 4.7755501786413
1075 5.312522833943819
1076 6.041072132221889
1077 8.662635969481945
1078 6.143640832532627
1079 7.661776394417853
1080 8.339573936670792
1081 8.424629335759626
1082 6.469449208952126
1083 6.28530461002969
1084 5.989367140475494
1085 6.0557561758873355
1086 5.053320111446726
1087 3.1291922823565663
1088 0.1518031276690506
1089 0.023648902708485284
1090 0.16791811387070757
1091 0.3766455736443078
1092 1.4961424606336784
1093 2.6446737605060138
1094 2.384174333705346
1095 1.6202718776143499
1096 2.4576859751299733
1097 4.810014342227544
1098 3.5953936116757124
1099 3.405287580717964
1100 6.709125328838401
1101 4.947095400433246
1102 3.0168585415179057
1103 1.974080113373709
1104 1.6508170090201908
1105 1.3188300120776666
1106 0.4450093102571055
1107 0.02475356425424513
1108 0.0007429463081651722
1109 0.10489102923024943
1110 0.20494945550433613
1111 0.11472205012604292
1112 0.10011734029442573
1113 0.1570563457544692
1114 0.37662355464436725
1115 0.9716737235011754
1116 1.200252668888114
1117 1.749290160933377
1118 1.1588271068560303
1119 0.13382813543461602
1120 0.7490829707268629
1121 0.3307218413353476
1122 0.054558220335892034
1123 1.4093709957580427
1124 1.3272004898676129
1125 0.04608760580049422
1126 1.2894051972239113
1127 3.780165749356919
1128 3.9953236584835556
1129 4.584743110254981
1130 6.844248196967277
1131 6.87569138387907
1132 5.1471900430794575
1133 5.971508677121513
1134 6.093903558440464
1135 4.906333949318036
1136 6.063272535605668
1137 8.13137892571268
1138 7.539194201782246
1139 8.688900264483348
1140 10.178305138126797
1141 9.815005760897357
1142 7.231005610169883
1143 5.88094127762474
1144 5.398486300329488
1145 5.871564756146514
1146 6.278615231606866
1147 5.718539649934932
1148 7.303148854140367
1149 5.295236798508261
1150 4.592356216710998
1151 3.251612866534452
1152 0.034053649957569695
1153 0.009333773240711671
1154 0.4154520249989061
1155 0.9352590115988243
1156 1.6649484730587834
1157 2.8867233053205257
1158 4.255148319939787
1159 3.6687723917131296
1160 4.351410402596953
1161 4.383060210061885
1162 4.3612869496654385
1163 3.5488509390678376
1164 5.761981311833209
1165 7.768799144818505
1166 7.237854603257516
1167 5.075509918500999
1168 4.703911544201791
1169 3.1444711625417683
1170 1.7540567337150044
1171 0.9555808871672311
1172 0.9548167415688532
1173 0.25303985178486493
1174 5.351042143310236e-07
1175 6.703611650318175e-05
1176 0.014658149094632308
1177 0.000541189232640476
1178 0.017106825837904162
1179 0.02357766320006866
1180 0.02687147000985207
1181 0.22225577450602807
1182 0.09446100358716157
1183 0.006310171174032168
1184 0.03565844885608612
1185 0.10903444112447172
1186 1.5170709774012225
1187 5.073074152192046
1188 5.304462473851187
1189 2.3821046821239436
1190 0.015530315654606983
1191 2.1099450072914725
1192 3.1499494085031317
1193 3.560735910265858
1194 4.199179957014531
1195 5.539504625125776
1196 4.834867028757751
1197 4.467937808682545
1198 5.849628783148273
1199 4.161406039219957
1200 6.450300193650272
1201 8.47259645524287
1202 9.460592147991981
1203 12.591845101653972
1204 14.852348522459636
1205 14.83829220076602
1206 11.987257342765513
1207 8.914104199179379
1208 6.246048502893802
1209 5.124168045029152
1210 4.1912692212652916
1211 4.470739718026093
1212 4.7687067216474155
1213 3.5976631649098616
1214 3.5528495029086353
1215 2.1684835849560016
1216 0.020987262907888417
1217 0.044303237452941485
1218 0.34303183925213415
1219 1.0222470278189046
1220 3.0523588710789675
1221 3.9279672841755993
1222 5.801689695312367
1223 6.401342269975012
1224 6.310938907509025
1225 6.405313801430709
1226 6.422807911349176
1227 5.076928297797518
1228 5.470746890023993
1229 7.306112478547971
1230 9.622627608408939
1231 9.05929751570307
1232 6.538072500796389
1233 5.9981309561855785
1234 4.3680020764872385
1235 2.740498464299896
1236 1.772546143877662
1237 0.5012188222666734
1238 0.3975042165710032
1239 0.2974091167327179
1240 0.21247722178431191
1241 2.2222636483739457e-06
1242 0.0018913166862085315
1243 0.002406442275675026
1244 0.040815022429529106
1245 0.12530810290588876
1246 0.028481892119815087
1247 0.03060843992276385
1248 0.8153026078230201
1249 2.6509871575313397
1250 6.36073368550445
1251 9.073172504485424
1252 6.5036814626420725
1253 3.862471330046076
1254 1.8934463045014904
1255 0.008494049661558842
1256 1.2678124769943402
1257 2.368229270200528
1258 3.4228899593075326
1259 6.406771877267834
1260 5.6863161395476745
1261 4.946083222924844
1262 6.604158021149195
1263 7.897487660982207
1264 9.930265316833681
1265 14.448961769160965
1266 16.583751355309772
1267 17.601873342330638
1268 19.39307258447814
1269 20.105296154750185
1270 17.199907544903954
1271 14.248948141765306
1272 9.754528886285708
1273 7.394090996102726
1274 6.31568428549612
1275 5.23788902605271
1276 4.202294751796405
1277 2.4354152840703724
1278 2.3394311685440305
1279 1.5494012750518675
1280 0.08636110228951491
1281 0.38561352916469666
1282 1.0722871242517107
1283 1.5815918542428078
1284 4.099385714667561
1285 5.13759069551872
1286 7.211315145700725
1287 9.007211429865144
1288 8.483065004780098
1289 7.3142038856617155
1290 6.6972573020731465
1291 5.294866252913742
1292 5.601387148580365
1293 6.47134337604366
1294 8.775045351532567
1295 9.226060316301734
1296 10.650673701026223
1297 9.391393956995445
1298 7.112063711927014
1299 4.464070536251461
1300 2.8166372064517784
1301 2.0456828258193855
1302 1.9568588548289823
1303 1.6253075344860006
1304 0.2390240584625883
1305 0.00013065142140985988
1306 0.12398262825761593
1307 0.12119362145753651
1308 0.06991539356936262
1309 0.0007650858927939908
1310 0.005078583413315496
1311 0.2034742792059117
1312 1.9755059498852554
1313 6.999627888702046
1314 12.375276447438392
1315 12.938021388574505
1316 11.062890783010735
1317 6.659634875144614
1318 4.15637666662826
1319 0.9110618132202791
1320 0.00957125287748051
1321 1.6016746856970245
1322 1.6650674895064645
1323 4.966479343771481
1324 5.531174511489628
1325 4.773046151509927
1326 5.654958480187755
1327 7.435920175105651
1328 10.087496213734296
1329 12.29156455164054
1330 14.959715376908871
1331 17.850540563125048
1332 18.3332010307753
1333 21.020253193750847
1334 18.512949992987643
1335 15.342386150463899
1336 10.47393660553682
1337 8.244963435957617
1338 7.225055018024444
1339 6.599503508824885
1340 5.106330760598461
1341 2.8392230118836266
1342 1.639268413638411
1343 0.9853658889271447
1344 0.1185804873201617
1345 0.6819257478717042
1346 1.0597637600623733
1347 2.4805132058073207
1348 6.134059098708697
1349 6.465098216687319
1350 7.539881362022217
1351 9.760917069805044
1352 10.283625073315543
1353 9.073879319661087
1354 10.233470712612247
1355 7.567782448405851
1356 10.230472346808648
1357 11.296957853577757
1358 10.3586952733488
1359 10.604246615354747
1360 13.711948913111165
1361 15.44028133535403
1362 12.41020178685582
1363 8.41591781970695
1364 4.632326154844602
1365 3.5898283373621664
1366 3.9393273597137606
1367 2.6830484662187684
1368 0.10562939783475869
1369 0.04047894541850026
1370 0.0804778655675771
1371 0.31608807488494167
1372 0.2470795930883573
1373 0.003666438219801351
1374 0.04128837408005206
1375 0.23704950491310914
1376 2.4622433694946495
1377 7.656911165766016
1378 13.361791443236724
1379 11.9193588845386
1380 6.870968390775255
1381 6.100074396827957
1382 5.558284744793547
1383 3.000991231839745
1384 0.6963161859632122
1385 0.10991375949764585
1386 1.093935749332404
1387 2.07713383825605
1388 3.2343185592327965
1389 3.59568687559358
1390 4.219100311578757
1391 5.698388199483238
1392 7.408465039895071
1393 11.005933215194394
1394 13.050723014827097
1395 15.013495090825625
1396 14.576105955343301
1397 15.6945133413436
1398 17.238556248461457
1399 18.444037991010852
1400 10.71780680415155
1401 7.060075788829774
1402 6.143365505426487
1403 8.080172895820347
1404 6.3929911760051334
1405 4.120468493923559
1406 1.479534219167059
1407 0.8732822787067952
1408 0.20110043334920158
1409 0.766616161695182
1410 1.7476633195623044
1411 3.600789358304883
1412 7.419466489480598
1413 7.983592884453691
1414 6.720732982846089
1415 10.97178780098924
1416 11.478111600495252
1417 13.106259712153818
1418 13.116205648629242
1419 10.855195354337516
1420 12.187090993678973
1421 18.017376745250864
1422 17.743540942937233
1423 13.551680037455316
1424 13.130724742052367
1425 18.38743648435284
1426 17.31679096759976
1427 13.252947844225423
1428 6.53240954728427
1429 3.9028507668430277
1430 3.367774341830858
1431 2.394929528212802
1432 0.5602138754493481
1433 0.01769196502848708
1434 0.0011454794790890627
1435 0.01420488450061375
1436 0.045700235481186624
1437 0.027351945139695813
1438 0.3278268881661953
1439 0.46795616653202055
1440 2.154252700123525
1441 5.87493242639214
1442 8.901500920475758
1443 7.8758020206190995
1444 4.034852836382571
1445 5.018749271418663
1446 4.206665693176491
1447 1.4994193630527324
1448 1.365783405615151
1449 0.06302059541606736
1450 0.7926910839396577
1451 1.29080637516828
1452 1.2602151172016396
1453 2.4057212261716647
1454 2.683713036175721
1455 3.550278473962665
1456 5.872968303945654
1457 8.069927896095603
1458 10.119575851727912
1459 10.525688869067647
1460 11.67939883597767
1461 12.769612202639932
1462 14.665228622607094
1463 16.35403417062545
1464 12.153344837111844
1465 8.659886299629123
1466 6.443325225147515
1467 4.615429890185516
1468 4.789767287301106
1469 4.529641958912122
1470 1.7581337001673545
1471 0.7907898273727269
1472 0.21540997380588614
1473 0.788901682699887
1474 2.5233966113751176
1475 4.6033415445963755
1476 8.077936009333524
1477 8.733077262592921
1478 8.4644132283146
1479 12.932752103009522
1480 12.66959427348539
1481 14.714711451628023
1482 14.388458859676565
1483 14.54527077437245
1484 16.07406086673682
1485 18.80590920065856
1486 22.508614269562244
1487 21.346839881998317
1488 17.925575077456738
1489 23.029239006938028
1490 16.999327035507417
1491 12.773606425553847
1492 6.420420855968991
1493 2.065994669198927
1494 1.5980703106846663
1495 1.3759623621721406
1496 0.7167553119455415
1497 1.1027699330150502
1498 0.5821000960294053
1499 0.039231261727254794
1500 0.15313779222332388
1501 0.000692182809919331
1502 0.16693842602495124
1503 0.3162385748912578
1504 0.7413901718559477
1505 2.595289047495948
1506 6.913713628708141
1507 4.7490612698814925
1508 3.8190363652159816
1509 3.1413717634427423
1510 4.501973683174509
1511 2.538427317605175
1512 1.2374599398598687
1513 0.398123740890366
1514 0.2994736137011786
1515 0.9009952505950523
1516 1.6248182741447026
1517 2.897178615528382
1518 2.840053820475535
1519 3.8342772792650397
1520 4.286112361740876
1521 4.721530526789136
1522 5.931311577136442
1523 7.758207089972795
1524 9.334424514438707
1525 9.65375906380291
1526 12.444853116833325
1527 13.41385642185306
1528 12.302111074732647
1529 9.204670080102668
1530 7.858508704905917
1531 6.80237961682512
1532 5.110565919427546
1533 4.123707034395445
1534 2.2221414425872466
1535 1.3013351381616731
1536 0.5312392865100792
1537 1.1308523531970116
1538 2.7347458279265906
1539 4.597797316879249
1540 7.561985535368232
1541 7.679123830578074
1542 9.40275823528352
1543 12.309229619656394
1544 12.813124972393275
1545 14.912723969032614
1546 13.86947572831855
1547 15.929768869704453
1548 20.029487404585737
1549 23.77191315734041
1550 23.951907988456302
1551 26.173195380505465
1552 26.3780699630081
1553 27.993255883695642
1554 21.187394257578365
1555 12.681697857076674
1556 6.365525823278219
1557 3.480011690620375
1558 2.406862220756434
1559 1.4558349567742357
1560 1.2495541798579262
1561 0.8440885638458427
1562 1.1275265233062035
1563 0.15643806814112016
1564 0.24246660231943531
1565 0.17352412173304263
1566 0.037884985170101845
1567 0.013121817671867278
1568 0.3274214569337146
1569 2.3396346103070838
1570 4.589640325049067
1571 3.6926416066880763
1572 6.4661198538477045
1573 4.979863412028127
1574 3.0648970089676055
1575 2.5070146101648643
1576 1.8604496530166934
1577 1.1865132727305947
1578 0.023603967002843253
1579 0.360265518998755
1580 1.3394864300563782
1581 1.8453022323806905
1582 2.436429528932
1583 3.6354139643172827
1584 3.888854592332856
1585 4.663799019586592
1586 5.204668321974975
1587 6.991814798012302
1588 10.2309847271623
1589 12.837989669677317
1590 14.680589423352165
1591 10.789081786453897
1592 10.620924554279984
1593 10.335301292363093
1594 6.708726766059639
1595 5.726399178296497
1596 4.357481619525946
1597 3.9060213575154275
1598 2.5263345268001154
1599 1.840785039827892
1600 0.6746177759621759
1601 1.8674348694293512
1602 3.42403290880958
1603 5.6056018581125455
1604 8.423372335464407
1605 9.038979599110974
1606 11.304384555506637
1607 13.171410413185493
1608 13.741812086533331
1609 18.261262715092183
1610 16.194976680145476
1611 17.706067713790368
1612 21.477713364416363
1613 26.782467194121857
1614 34.6920937270949
1615 31.498938547662842
1616 24.799183399504184
1617 26.682051245995016
1618 22.662697016083825
1619 16.588236882460674
1620 12.19894656026248
1621 7.690226355811694
1622 4.303361592635976
1623 3.5361943382266103
1624 2.683175511860101
1625 1.9763275308824226
1626 1.164849525823926
1627 0.4054936908308865
1628 0.0670413284229705
1629 0.018616989421945937
1630 0.2901262177321663
1631 0.4371716865947319
1632 0.61349662489408
1633 1.041558393177483
1634 1.3538169341173882
1635 1.87324856781114
1636 3.3592010111021495
1637 4.122078746579194
1638 3.991696031199585
1639 4.033833759902022
1640 3.449742810534138
1641 1.659710693437666
1642 0.04924159180378958
1643 0.8000850921356873
1644 2.1214432681344055
1645 2.3846297188246273
1646 5.0566695236090204
1647 5.920857687078537
1648 5.999313502378425
1649 8.866562891293292
1650 8.641402347927801
1651 9.695247164347627
1652 12.919331989411766
1653 17.236017310476612
1654 16.363150190600884
1655 12.308922514113593
1656 11.198100612823358
1657 10.818546872971147
1658 6.634585777206931
1659 7.7436711857057805
1660 6.858765560132283
1661 5.188255414183534
1662 5.25571441695682
1663 3.392619430051963
1664 0.4181968413452009
1665 1.5841727242842654
1666 4.10522781425621
1667 5.833809284839743
1668 7.211686101718344
1669 10.854062448890291
1670 13.359130301909582
1671 13.609373060370705
1672 13.869279017676863
1673 17.744237261239444
1674 18.886215232500206
1675 18.670097733580345
1676 24.850048362984218
1677 31.183145826575323
1678 41.0694188833114
1679 36.30890400586402
1680 29.303950074705252
1681 29.274072229111546
1682 29.225104431226082
1683 21.662585869135626
1684 17.745451765599494
1685 11.330209733108559
1686 8.083142468753419
1687 7.302945711409493
1688 5.705136819715813
1689 4.023270569033147
1690 2.527643306814213
1691 1.743709546412408
1692 1.068825613684009
1693 0.826494277234633
1694 0.9839914390839627
1695 1.2079768787655754
1696 1.3865007189808265
1697 1.2917564861221202
1698 0.609213879716032
1699 0.6286083880317888
1700 1.3693604051686181
1701 2.5650085290113154
1702 3.689185824801767
1703 3.2940022572665844
1704 2.9161331978565213
1705 1.0268377559609154
1706 0.05511959704451981
1707 0.6204715956041333
1708 1.3552824521540987
1709 2.6856644281306443
1710 3.9668888844584926
1711 5.080453995997961
1712 6.743914100438122
1713 11.480229314176512
1714 14.790012790159858
1715 17.046191210783597
1716 20.894236476009677
1717 19.650207837097362
1718 16.91587244806022
1719 11.436577253753942
1720 9.992418695338525
1721 9.208529256575853
1722 9.14745676115337
1723 8.243621890835913
1724 7.4864073505936855
1725 6.330658065654646
1726 5.595930031287923
1727 4.56416862830942
1728 1.1299876975740133
1729 1.5717259050995702
1730 2.7166234252961767
1731 5.79615981853483
1732 7.731746209085744
1733 9.957905910152917
1734 12.270627615795393
1735 13.595328223210755
1736 13.805268270644158
1737 17.60623898353476
1738 18.31037410691196
1739 17.138110927801137
1740 23.717920762710108
1741 29.65479241950598
1742 30.871045358715314
1743 30.839905967181792
1744 29.85528186136247
1745 32.12067158706248
1746 30.265290972104257
1747 22.29184265892305
1748 17.791408235636343
1749 12.602095156079933
1750 8.074760183798148
1751 8.038585631684727
1752 5.577617891455808
1753 4.968977049432768
1754 4.146722619395362
1755 4.624859341562321
1756 3.5956356033091064
1757 2.2742640343233638
1758 1.9548358213809278
1759 1.8201846223882359
1760 2.352887756247917
1761 1.4839154391871063
1762 1.068112459810138
1763 0.5570296513834123
1764 1.2807372781665554
1765 1.6151989364840194
1766 1.981826873348104
1767 1.0792056065006208
1768 0.39287768995996486
1769 0.07197461305568323
1770 0.5395030143892631
1771 1.2336526402873698
1772 1.656058104046911
1773 2.8380195135877035
1774 3.5104353015337684
1775 4.916542126920815
1776 6.681298206369859
1777 10.014612690518335
1778 15.069976805592317
1779 20.29339761066108
1780 21.353446804927085
1781 21.15893275264699
1782 12.454020247249366
1783 11.40404226170021
1784 8.919453871213298
1785 7.993630762572554
1786 10.264013662311745
1787 9.975002864643228
1788 10.296130246052666
1789 8.543524776288345
1790 6.814725689421702
1791 3.4762911129857965
1792 2.3274591830410416
1793 2.8537355858967635
1794 3.589786514779031
1795 5.256018956054965
1796 6.851077991401915
1797 9.207964733443426
1798 12.660333217589436
1799 13.487603354516704
1800 14.911425694875085
1801 18.9427535361062
1802 17.118300563984175
1803 16.019893476137252
1804 23.488040380130943
1805 27.115217462383637
1806 26.520348423056358
1807 26.11682251674904
1808 33.35787092536695
1809 37.44485182010902
1810 33.06957556570429
1811 27.24299862490756
1812 21.366709402777516
1813 16.153032274160097
1814 10.073098460141368
1815 8.043139512278545
1816 6.797454324621318
1817 6.061049153350865
1818 4.473616164482924
1819 6.0493881754160155
1820 3.4376677052858224
1821 3.0133408833154585
1822 1.9053206583733546
1823 2.2190790461082406
1824 3.402172250554152
1825 1.378534491794549
1826 0.6326960397828036
1827 0.14923540452166964
1828 0.2374000326133842
1829 0.11203091558176019
1830 0.017815374664846697
1831 0.2155498429327187
1832 0.3209230321280785
1833 1.936769980803287
1834 2.7867542749955687
1835 2.6206265343306607
1836 2.953506212061674
1837 3.3097375301186074
1838 3.625348831936733
1839 5.291015736453448
1840 7.798513155701823
1841 9.54534146477326
1842 11.909347599620089
1843 14.080687231595903
1844 15.521944072494577
1845 15.499030330213895
1846 11.734935788464107
1847 9.821369117636216
1848 8.91041279748182
1849 9.12859302866078
1850 12.518199207921228
1851 13.381161208827994
1852 11.46619164957169
1853 10.882202451098436
1854 5.860067523700158
1855 2.3759253781400043
1856 2.6187952989256664
1857 3.4886628620735
1858 4.238346524692245
1859 5.7454961679758
1860 8.36870870968909
1861 10.710641013625734
1862 14.18830139361654
1863 14.475415564916014
1864 18.553799910918656
1865 22.431009537503996
1866 18.65696918360582
1867 17.50840497791595
1868 24.343583418015918
1869 30.54286497306255
1870 32.75902292706556
1871 30.94119109217469
1872 32.88856035209877
1873 31.483552031690763
1874 30.744572366960945
1875 27.72419435656192
1876 24.31935859333142
1877 18.585730820043732
1878 13.239720204412775
1879 12.864737154880425
1880 11.356451255130429
1881 8.170891069320183
1882 8.441087853800136
1883 6.426606237907706
1884 6.099313755031775
1885 4.8907644809591035
1886 4.045722260775811
1887 3.8980303470597284
1888 3.430641448580377
1889 1.309343601422537
1890 0.2555244059686804
1891 0.1480419637171567
1892 0.7271366980984744
1893 1.1997591088605786
1894 1.8667343188995842
1895 2.265138774907517
1896 3.086763528372952
1897 5.44101963514252
1898 5.941078449820307
1899 7.036860977623829
1900 8.679143375016983
1901 8.34832189367187
1902 7.537078322890852
1903 10.510879493962241
1904 12.304626035875405
1905 12.222189218318459
1906 12.871746606661844
1907 11.666624545947327
1908 12.924389758273332
1909 12.701586531550106
1910 10.282956041026786
1911 10.044352069263837
1912 11.801895948691593
1913 10.93436402575222
1914 13.648562420335784
1915 17.053738709680953
1916 14.887279771898482
1917 14.779094425806512
1918 8.222305828504247
1919 2.6783518235261385
1920 2.6049149789291604
1921 3.405907517147462
1922 4.8105551664464965
1923 7.041802503649444
1924 9.858174323187061
1925 11.839224509140704
1926 15.794608980024487
1927 18.872943015206857
1928 21.15805281341299
1929 22.23159545232486
1930 17.672978558214197
1931 19.194286368013817
1932 24.37918874825248
1933 30.431123840836747
1934 34.722293867247814
1935 35.72761618947925
1936 36.36550614782754
1937 38.59831976968202
1938 33.247570612651465
1939 26.359258298371305
1940 24.224485828679455
1941 19.39033147439412
1942 16.486583781882256
1943 16.120471633503968
1944 13.911514534134302
1945 11.64078513633587
1946 12.176086833337763
1947 10.660151789179857
1948 8.573960279181014
1949 7.133938346023869
1950 5.952022703163627
1951 4.797092872668871
1952 3.5588422238114514
1953 1.3108718711826963
1954 0.11885295567038434
1955 0.12826266558158717
1956 0.3562676108338382
1957 1.188752327639955
1958 2.3360831046250823
1959 3.74632065532629
1960 5.733751430716531
1961 8.798007020995975
1962 9.837995941649934
1963 12.701970357525589
1964 12.713864192862157
1965 13.079155975622184
1966 12.748696249788486
1967 13.392143037784738
1968 11.887851223867054
1969 11.95839656633024
1970 11.026345651737733
1971 12.531523103821193
1972 13.385313286738425
1973 16.00799053191373
1974 10.256399788787075
1975 9.099044887346238
1976 12.666092162434719
1977 16.148850631303397
1978 19.53046531410641
1979 19.221132985266724
1980 16.730587099936002
1981 18.906425166195344
1982 12.096222683892094
1983 3.4223835158825757
1984 2.744064716475844
1985 3.0319300005103798
1986 4.4760093113084265
1987 6.358619082534387
1988 8.121414611397327
1989 11.121354421010418
1990 16.057972780686573
1991 18.27363241024631
1992 21.032956669003468
1993 23.79596053617714
1994 19.80827583608894
1995 20.878259076894835
1996 25.037600025103924
1997 27.959276283800982
1998 34.7413916824173
1999 30.851110575195133
2000 35.283941967189506
2001 39.1191232077715
2002 34.38942465227932
2003 29.37774014104353
2004 26.27789233248927
2005 22.933017044837975
2006 18.895895340834276
2007 16.275295858027082
2008 12.619014760215125
2009 12.010912170221848
2010 10.586266262071307
2011 9.404521191081761
2012 8.3024071104754
2013 6.301938795790572
2014 5.819656073522082
2015 3.8209002437162787
2016 2.338967333350319
2017 0.7067133313381928
2018 0.0019213994254861449
2019 0.6987077780025391
2020 0.5803340825289732
2021 0.6254278207712871
2022 1.8855031624563285
2023 3.6542101548282075
2024 6.103473039733001
2025 8.725335210190696
2026 11.244005174683592
2027 12.924223585658583
2028 14.570187938946958
2029 16.69771460829685
2030 18.083320450218267
2031 14.691243406645194
2032 11.04594524162063
2033 11.51752415379246
2034 10.94420424106721
2035 12.187915957213932
2036 13.531313087423701
2037 17.41999931848603
2038 11.725422297138708
2039 8.833445869062945
2040 15.04680658275956
2041 20.119733992730005
2042 20.603257707576052
2043 16.254503141788057
2044 17.388134632268812
2045 21.32792507199894
2046 14.448431956394838
2047 4.228108035475903
2048 1.7199578719689954
2049 2.3134879966695068
2050 4.24477179566101
2051 5.631185137865261
2052 7.144373896447457
2053 11.346581632252928
2054 16.78267355891296
2055 18.356225966541377
2056 19.888695265154745
2057 20.363733564499043
2058 17.064201934818705
2059 20.086618733032854
2060 23.42524835409398
2061 28.527806692163647
2062 29.809186250780666
2063 25.67565777560374
2064 33.88666887938383
2065 35.89891566623568
2066 30.29768960030404
2067 23.754302662867676
2068 21.921612884490283
2069 17.356530150881998
2070 14.571370862668502
2071 12.478573685820434
2072 11.758064533568291
2073 16.143914642073824
2074 13.65252227257979
2075 9.984397555731562
2076 5.895886708401581
2077 5.044388224727967
2078 4.557882050414195
2079 3.174594393520412
2080 2.1998840097929038
2081 1.0312410401316452
2082 0.016006184039826753
2083 0.3379034086038962
2084 0.40152879112565426
2085 0.6764321550515001
2086 1.1582461128505297
2087 1.5176307835211469
2088 2.9152068342350335
2089 5.2317702003431945
2090 8.693741628976648
2091 8.841202874299647
2092 11.256808791587261
2093 16.854178222963846
2094 20.163881931596578
2095 18.329876914528427
2096 15.098067520117668
2097 13.498539836507257
2098 13.814510360054738
2099 16.36574569125743
2100 13.622298505660668
2101 13.736096887004688
2102 13.21955087172087
2103 12.106425839029924
2104 16.778583964545366
2105 17.670502335552353
2106 15.289088678631783
2107 14.12545265482139
2108 15.589400455757241
2109 20.678012508381403
2110 14.284011628667473
2111 3.7978910946473636
2112 3.009152057199933
2113 2.488775582096258
2114 3.6811163319917304
2115 5.394013296757045
2116 8.272587180712259
2117 12.607674407236319
2118 16.822356068415168
2119 18.946754671314814
2120 18.933799222306565
2121 19.451221634928682
2122 15.572464993742093
2123 18.712132902435563
2124 23.447766174831184
2125 29.336072214227894
2126 30.61159457624457
2127 27.31710243127225
2128 35.677284605469985
2129 39.94963838860414
2130 35.25499080532295
2131 25.37745798645524
2132 19.870663134041482
2133 17.46913716967312
2134 17.056636189980235
2135 15.782453467804629
2136 12.47829748124333
2137 12.557646774243963
2138 11.164182037806604
2139 8.473100361319338
2140 7.331420520313668
2141 5.933965818238748
2142 5.5578716935581
2143 4.818874992512378
2144 3.0795193419838998
2145 1.6343022163046061
2146 0.25478359234442594
2147 0.14453543383459636
2148 0.03775132428612686
2149 0.1505621823450077
2150 0.4748132728209494
2151 0.7726959381814723
2152 1.9297490891183626
2153 3.487211720954105
2154 5.710697113882439
2155 7.0643593498133646
2156 9.60793575448681
2157 14.079743685588474
2158 15.687149497191742
2159 16.92582217762735
2160 17.77773365585061
2161 15.053238535343102
2162 15.115448548281252
2163 16.925024500496843
2164 11.981549971957486
2165 8.223620322263335
2166 10.11529791933671
2167 10.574190439430614
2168 12.994725052300378
2169 11.686116264256146
2170 12.464790129251426
2171 12.39700354630185
2172 14.94775264836667
2173 20.299901570360664
2174 12.386992742907784
2175 4.419371833289846
2176 3.354682195915037
2177 1.4917551691817108
2178 2.523270631855239
2179 5.489614838928695
2180 8.560790295572058
2181 12.61106385353391
2182 17.12407235230358
2183 19.641250149124275
2184 18.48402894190551
2185 19.190184169209676
2186 16.451751750884434
2187 18.979149007513833
2188 22.461037573532153
2189 30.005946475220334
2190 30.439690211958162
2191 28.652379279987233
2192 35.44019506469682
2193 41.252771856470254
2194 40.700590239757084
2195 29.535982507093838
2196 19.75349629763924
2197 17.010129182115787
2198 15.150414894023694
2199 16.357143389571533
2200 12.734531235301134
2201 9.242678202100116
2202 6.585225633358989
2203 6.471883550645612
2204 6.463350765293495
2205 5.99923440846081
2206 4.209754453806261
2207 3.1364637553710013
2208 1.964062363051202
2209 1.645343132384201
2210 0.6772254635478145
2211 0.0010019144449187369
2212 0.12609320406066335
2213 0.3432765866279629
2214 0.5203675178195274
2215 1.3398816898713517
2216 3.073408107197956
2217 4.854062133969415
2218 6.200459005592739
2219 7.623282568666383
2220 9.951727439846014
2221 14.365240900775381
2222 13.43504188634716
2223 14.67495577439735
2224 17.216022373138294
2225 18.645530164313076
2226 18.45177273637831
2227 19.2967521058295
2228 14.251970958801927
2229 11.956993095746407
2230 7.8681559877636476
2231 7.831837184748254
2232 9.197286462500072
2233 8.5123472198445
2234 11.890407738156597
2235 10.901013170648367
2236 16.069624929887322
2237 18.746521452949658
2238 8.462315976332855
2239 3.337958159913914
2240 1.3608565265319412
2241 1.7876898093777815
2242 2.413264346280515
2243 4.809104801735116
2244 9.031155850095224
2245 12.811036077275004
2246 18.048523244523885
2247 19.276457404367655
2248 18.85896490574184
2249 18.076735725109316
2250 15.806253429857286
2251 18.067992497529747
2252 22.72948359537161
2253 28.052306902823023
2254 27.91225006867802
2255 27.218822518367702
2256 31.576510729325037
2257 36.11562822491513
2258 38.27333088175694
2259 29.54485549473916
2260 20.769279920353398
2261 14.425199284033441
2262 12.673132377522018
2263 11.302857186343626
2264 8.376527554993206
2265 6.844800290931795
2266 5.507676315905967
2267 5.453565160258846
2268 4.229347824805247
2269 3.232660858571935
2270 1.669669969511891
2271 0.8489062658053432
2272 0.9081203554402335
2273 0.7933778330529822
2274 0.41702627550377536
2275 3.5669776168488856e-05
2276 0.14643072852320274
2277 0.4983499916781825
2278 0.5142678525519555
2279 0.48611651248012777
2280 2.1680662365269945
2281 4.964804458275595
2282 5.300687173938444
2283 6.153116308945841
2284 7.403143975406442
2285 10.775188335424113
2286 12.485075555084832
2287 12.58810765120933
2288 16.20952012416005
2289 18.00759817985778
2290 17.621848286972597
2291 18.33310001510152
2292 16.858980054142474
2293 17.050581091542618
2294 9.235801904393139
2295 8.476561090908632
2296 8.691255119619548
2297 8.617592456307348
2298 12.177059341876816
2299 12.18299853438779
2300 12.803012936920519
2301 14.860946466579753
2302 7.5297280155360475
2303 3.5414867744473586
2304 0.9641579692252338
2305 2.237293757505476
2306 3.037051206655854
2307 4.15925435246179
2308 7.433088360049797
2309 11.16621904039102
2310 16.56642081876026
2311 18.670592086390684
2312 17.965330813231166
2313 16.4675241546754
2314 14.404275029463168
2315 17.880171305699427
2316 22.15573524984642
2317 28.032842601179084
2318 29.783920746677193
2319 29.255116307255275
2320 35.45656217945093
2321 40.339517271438844
2322 39.47229249490252
2323 31.47352747761108
2324 23.173018852132483
2325 15.163572886382036
2326 9.54417332069511
2327 8.72273169523075
2328 7.416033609065673
2329 7.350933073846227
2330 4.795442408627782
2331 3.2555669635496263
2332 2.2527059761082167
2333 2.151477846669479
2334 1.3771889340559451
2335 0.30970241352138966
2336 0.2432194315898539
2337 0.5780314639143813
2338 0.04990923626097541
2339 0.0837587869235945
2340 0.1051667254871167
2341 0.057963419447906166
2342 0.01082535938673925
2343 0.10715082101964732
2344 1.2714439909172248
2345 3.369614419790513
2346 5.903442744254486
2347 9.253423182217407
2348 10.999210490998761
2349 11.44868555845052
2350 13.379486942308818
2351 13.58464679679018
2352 13.957886437107128
2353 15.599342303837238
2354 18.042239811297186
2355 23.023494846313064
2356 23.889525473611755
2357 19.509026271925954
2358 11.818419270503357
2359 11.04357634391828
2360 8.173828377373443
2361 9.210603402357211
2362 13.463674334213868
2363 12.548201449698007
2364 11.961952374502292
2365 9.59687926367784
2366 5.98210498424898
2367 3.1388393293799486
2368 0.9171607671313475
2369 2.2428862219425354
2370 3.5058987357750317
2371 4.194032056873676
2372 6.827315080010621
2373 10.40441641218431
2374 14.407354188069348
2375 17.29375902365263
2376 17.779618692384346
2377 17.5361651932767
2378 14.819876188185267
2379 16.51523664208045
2380 21.17900565527436
2381 26.733811355835336
2382 28.535918122902807
2383 26.46725125586354
2384 33.28355849342525
2385 39.56126748810732
2386 40.018279689041655
2387 31.2386815555725
2388 23.99990299848086
2389 14.192067006289546
2390 6.851162648205183
2391 5.345850522949771
2392 4.919277488617267
2393 3.9245818346955135
2394 3.276546257905126
2395 2.767697172754983
2396 2.2337946056303863
2397 1.651949415623043
2398 0.9389330464654274
2399 0.30368750437010666
2400 0.16808569928759473
2401 0.21636468319526858
2402 0.08327601473240756
2403 0.02493069595647979
2404 0.03042083439645292
2405 0.01983490044163969
2406 0.01581360670766172
2407 0.05116584343382053
2408 0.4249795581513586
2409 1.1721061662227368
2410 4.181858042503033
2411 6.996111217437315
2412 10.60304621532403
2413 12.780415953739858
2414 14.639583808092707
2415 14.932030956652783
2416 16.713446991561163
2417 16.174974704431026
2418 21.643084261016085
2419 26.028945666684166
2420 27.169514658239464
2421 22.512247662749722
2422 17.433624416038466
2423 15.581161334983731
2424 12.415854179126962
2425 12.832560124956855
2426 13.54388628663722
2427 13.407035565537088
2428 11.826714142053058
2429 7.727972919988258
2430 4.337497004176039
2431 2.1253470279000677
2432 0.18252480752718156
2433 1.2858069492502193
2434 2.8763939774059213
2435 5.047693753081023
2436 7.779664905208602
2437 10.862442639250313
2438 14.246332304366618
2439 17.87282650801652
2440 19.94457388240097
2441 18.639423991952935
2442 16.518859992905757
2443 15.75441100564818
2444 21.384764059106637
2445 25.032729235137737
2446 25.47344188864014
2447 26.860626809227284
2448 32.105723571332724
2449 33.04347278864574
2450 34.51708884247264
2451 29.519882617998434
2452 23.990273711166104
2453 14.753325960915388
2454 7.315979371893869
2455 4.95195719921458
2456 2.9215454427986827
2457 2.9446911682361185
2458 3.091770034847371
2459 2.751439327036705
2460 1.2305246968046002
2461 0.6358501589158568
2462 0.22828941006334627
2463 0.45217645610336665
2464 0.2735643366934854
2465 0.08202179408522894
2466 0.005518001407048459
2467 0.057398733996811446
2468 0.12007310809066259
2469 0.1565980511395726
2470 0.008074021168696575
2471 0.06293867340391825
2472 0.31800400309674404
2473 1.127836289204388
2474 2.192144168822608
2475 5.236091829968155
2476 9.812419309009895
2477 13.205767225173926
2478 16.248372924306956
2479 16.254143089554137
2480 18.00515674501026
2481 24.639609463429547
2482 30.08167402386375
2483 27.373013615439454
2484 23.627326496701293
2485 25.439012444055873
2486 21.684412515465617
2487 21.095836399944826
2488 15.134233535413662
2489 15.79148849728313
2490 16.047736555395517
2491 12.334776222568358
2492 11.235340899484946
2493 7.4693970476789575
2494 3.2525231897889375
2495 1.385375963178009
2496 0.17044731669477106
2497 0.8465995115483289
2498 3.060350853099717
2499 4.780292924227147
2500 8.865421669958346
2501 11.169050120236369
2502 13.593243414667176
2503 16.425354684333442
2504 17.225926872374185
2505 16.88506631644989
2506 15.532040798622996
2507 15.2855879379576
2508 21.450336536598428
2509 21.873827274033147
2510 28.363571759624886
2511 26.692604544535005
2512 29.44179204446066
2513 33.62527239242341
2514 31.784935083844935
2515 27.493601111246566
2516 24.378258462902725
2517 17.62747199388173
2518 9.37782427282785
2519 5.106297415140746
2520 2.930872184305925
2521 3.988792405995524
2522 3.642964397607719
2523 3.014478023136758
2524 1.5367036725569394
2525 0.6468871031242097
2526 0.8011131633056063
2527 0.47495515951149686
2528 0.21000023370538
2529 0.06265378937067038
2530 0.20351057646337375
2531 0.5241966673604719
2532 1.014205021137254
2533 0.7431767454381303
2534 0.5235121231078886
2535 0.3320537889150705
2536 0.06560396800852639
2537 0.33362917534779435
2538 0.6942996851275424
2539 5.395225074134445
2540 10.357007083852285
2541 12.252907937833518
2542 16.58656927182051
2543 17.31212961066253
2544 21.60953111773616
2545 28.929817928748484
2546 29.886075564487605
2547 28.847116419789323
2548 25.53327960769082
2549 28.699383037115858
2550 27.146672417184433
2551 24.413050115725156
2552 24.99474620913541
2553 19.021257805541854
2554 14.170971166744986
2555 11.195012424692022
2556 10.127864101501743
2557 6.8707432313188415
2558 3.614712537683338
2559 1.4219581856632177
2560 0.007520787731935605
2561 0.3192284072984867
2562 2.6686045498695377
2563 4.0738306276348
2564 7.450708938793469
2565 9.66682903454562
2566 12.681400649852776
2567 13.431988607409929
2568 14.316713191512743
2569 15.235615216563762
2570 13.634148248397686
2571 15.024225251233807
2572 18.995167190266997
2573 22.343498621680926
2574 30.088256709127794
2575 27.264062177034265
2576 25.866309010011605
2577 27.054714263489334
2578 25.98002832364927
2579 25.476110083414003
2580 21.4444238248196
2581 15.49876747762328
2582 9.354913117307154
2583 5.725943199052818
2584 2.3992370476028193
2585 2.8761461734474487
2586 3.0903897343485753
2587 2.7885029846137157
2588 1.7424268548599253
2589 0.8546388821864347
2590 1.7911085399064548
2591 1.3706652267080117
2592 0.3246677591447711
2593 0.7514708918362827
2594 1.1352580136845813
2595 1.4930657381154033
2596 3.093720408388495
2597 1.840246458242877
2598 1.556130145905709
2599 1.8194900398442762
2600 0.13245891310542587
2601 0.23180055082934148
2602 0.5052764572455435
2603 4.537584626832352
2604 10.5953059514405
2605 10.435016698884237
2606 13.19720991036692
2607 17.720753257218767
2608 20.737382181359912
2609 27.789254642419316
2610 26.780213828442093
2611 31.967645534280173
2612 28.08958728778101
2613 27.0154063899942
2614 23.154871113890803
2615 19.495048489754602
2616 23.80437161176166
2617 20.563769203014914
2618 17.241866580938154
2619 12.164817702014197
2620 10.071557146940059
2621 7.018133624563776
2622 4.345526407732501
2623 1.4921462332372304
2624 0.00025607798258554825
2625 0.1331220915572576
2626 1.384385453323762
2627 3.181251182854801
2628 6.13468709215405
2629 7.723240976280978
2630 9.013473796632773
2631 10.288903796700865
2632 11.525032591801635
2633 12.433315435897294
2634 12.80910279232879
2635 14.778962885406562
2636 15.185107802020768
2637 24.16803771541239
2638 28.02021809928054
2639 23.68668174580208
2640 23.493256199341907
2641 22.646207827229937
2642 23.089861777769904
2643 21.019165583652356
2644 17.035622870109645
2645 12.392171662418072
2646 7.570533294673486
2647 5.051020306068578
2648 2.2454748938598885
2649 1.8752031540240306
2650 1.5179058400747865
2651 2.0697097228851846
2652 0.6425471245881615
2653 0.6346178509352889
2654 1.888519728660802
2655 1.9449072866624375
2656 2.1167678105168126
2657 3.1225362221467674
2658 4.592759844397368
2659 4.147793229352076
2660 3.8587497129980877
2661 2.005957791159761
2662 1.3910795107297855
2663 1.5411580765109405
2664 0.8224863943327869
2665 0.09019756477081334
2666 0.18912419849998657
2667 2.6508377220383537
2668 7.259012443194656
2669 8.241815659046873
2670 11.422888444515001
2671 15.652769732460296
2672 18.476687778299596
2673 20.2431051061174
2674 22.646117448980394
2675 24.308087589680092
2676 20.593003562983732
2677 21.636956845282658
2678 20.807635739213826
2679 20.693725891416676
2680 22.821307065842248
2681 24.297910657876184
2682 18.586240385840114
2683 14.2253966564875
2684 9.266257966660161
2685 6.196377648022747
2686 5.18798245854336
2687 2.5729496313163462
2688 0.5530354705403525
2689 0.01757307486911556
2690 0.8224972221920066
2691 3.4654763781906315
2692 5.705270566088773
2693 6.2190855556380304
2694 6.909975236531073
2695 7.5190360107560785
2696 8.554096710426075
2697 10.878139423023354
2698 10.909409834620053
2699 10.737267771953434
2700 13.380804662671034
2701 17.52194701749584
2702 20.155247486246438
2703 20.36468032931694
2704 19.418384977349007
2705 18.62552641604361
2706 17.073943034911515
2707 14.970533502240453
2708 14.270631692585686
2709 9.06132045822317
2710 5.641642062267871
2711 2.778572210496155
2712 1.529429170865702
2713 1.785843237229548
2714 1.5426823831389063
2715 1.190603969602767
2716 0.7084234788730289
2717 0.8454607726780164
2718 1.7968306735678155
2719 1.9679122469598245
2720 2.178373715269482
2721 4.455442972239943
2722 9.595249956278128
2723 9.209642258455203
2724 8.137369281269919
2725 6.830429250751617
2726 3.913502882851478
2727 0.8608216893943847
2728 0.7088793074298336
2729 0.005140747352585429
2730 0.158195640918326
2731 3.0588856049611852
2732 7.180321915532749
2733 7.901569230083418
2734 8.825819895047601
2735 11.805868325760793
2736 15.01767100584231
2737 14.825389932657007
2738 16.49149899209264
2739 17.173700183506387
2740 20.137004937873748
2741 22.294262977470627
2742 21.54301409020545
2743 21.559292171185078
2744 19.289364085689986
2745 20.623887008480622
2746 17.029857450583147
2747 13.890436633949141
2748 9.474848833146362
2749 7.167340430898447
2750 5.7814090150209125
2751 2.9613278038225195
2752 1.1761481942208625
2753 0.3550894821683087
2754 0.16443055610253482
2755 2.137500248829345
2756 4.541401750483171
2757 4.660946209110144
2758 4.563297440906453
2759 5.479633795964941
2760 6.716012613372167
2761 6.878301949566166
2762 7.237186227599806
2763 8.717491269557502
2764 11.528423666485457
2765 13.176830005940792
2766 13.863280525239986
2767 14.052696969099282
2768 14.51342174638703
2769 16.297294138177495
2770 14.251320380131455
2771 11.252723744215723
2772 9.121519362039052
2773 7.994121693058433
2774 5.304670358948691
2775 1.75696548808874
2776 1.0239733643287612
2777 1.1729536591396243
2778 2.6710064626055496
2779 2.171795825140918
2780 1.3947326828789375
2781 1.4031280424687966
2782 1.4473542042659178
2783 3.5807862596882805
2784 3.2654385089743316
2785 5.2775925728183415
2786 11.377847816035834
2787 13.174336991786873
2788 11.658487690219268
2789 9.369180463779879
2790 6.416245315847338
2791 2.5567001535713914
2792 1.2809409655445096
2793 0.002738357682345258
2794 0.5089470990254564
2795 2.3787833171462407
2796 5.078308359961833
2797 7.857292681236307
2798 9.706014350656332
2799 14.064683334378303
2800 15.271068417012712
2801 15.400445831390572
2802 15.86706296404588
2803 18.853510799394243
2804 19.809383937841755
2805 20.326376784975775
2806 23.006200114187358
2807 21.043459854703777
2808 22.424115613978227
2809 21.647772304685574
2810 18.032720821304856
2811 15.082183066271055
2812 10.989147494323955
2813 7.537207216752995
2814 4.510618455271215
2815 2.5062267030259253
2816 1.3560124891029692
2817 0.8600465914743722
2818 0.011551146766662386
2819 0.9671778283332445
2820 2.9957885571011067
2821 3.8968354964643446
2822 3.386273808256598
2823 3.482430232660018
2824 3.580483629953016
2825 3.162975539515557
2826 3.629798671907943
2827 5.4989171982955805
2828 9.202788640813246
2829 9.549821656831117
2830 13.01084147851513
2831 11.176095187196957
2832 11.532518878912907
2833 14.275559158977128
2834 13.25604365210745
2835 10.574022490279171
2836 7.855761504218838
2837 5.8344283429846815
2838 4.08376813766709
2839 1.479588231815176
2840 0.8165043046114492
2841 0.49430953523232257
2842 1.9915306245328601
2843 3.2509478519176267
2844 2.1380931843071376
2845 2.2479535057154836
2846 2.4031125859160145
2847 5.3740964059778555
2848 6.812338532686418
2849 8.288119902822237
2850 10.072203957488329
2851 11.2043927408294
2852 11.41478104349141
2853 6.481703072712567
2854 2.6537533039907935
2855 1.5765657779822524
2856 1.0583607976612797
2857 0.04417164367717237
2858 1.3402388544195127
2859 1.8072129704322126
2860 2.8268867793906627
2861 3.922109355646083
2862 7.351553692646061
2863 13.043877606000441
2864 16.14741642772923
2865 20.16656733335822
2866 18.34662890066623
2867 19.817344740021873
2868 20.361507974204923
2869 17.156683452813212
2870 21.040357336737145
2871 23.434251007500265
2872 27.04318927150869
2873 24.6060325889806
2874 16.908450175230065
2875 13.240236185502827
2876 9.232587733233773
2877 6.073408071157649
2878 3.725756261346448
2879 2.104460171435676
2880 1.115583166417996
2881 0.36622252939513716
2882 0.11492424172914054
2883 0.48589772817511073
2884 2.1628710409701704
2885 2.642428726351665
2886 2.076210620302772
2887 2.1940503712867407
2888 2.1361362600749407
2889 1.1837205630014087
2890 1.2746264566145633
2891 3.0071851064090356
2892 7.794599058952238
2893 5.915047172056491
2894 8.186999593911786
2895 8.64771537148746
2896 11.258043619641201
2897 12.752901927856765
2898 9.975633080325425
2899 9.389054288466763
2900 7.248627104295406
2901 4.2099501428254005
2902 2.899229681287369
2903 2.4604502636546415
2904 0.4455700058813432
2905 0.08673395021112555
2906 1.8050821733061553
2907 2.1113819624546117
2908 3.1598390865705324
2909 2.790639137556771
2910 3.4847461479623782
2911 4.50784937935058
2912 6.155196520394234
2913 11.485695779884777
2914 10.902980008984722
2915 7.419296236409757
2916 7.847283920041643
2917 3.7590469321270423
2918 1.0644660172334741
2919 1.0822381131691832
2920 0.7091599912206117
2921 0.44898076368698847
2922 2.0058512024854807
2923 1.4767252342679467
2924 2.2640668251997154
2925 3.1357441300985744
2926 6.7593273053586955
2927 11.148801716433399
2928 14.025619789103551
2929 19.447418622487902
2930 22.066224790638223
2931 23.240699683410792
2932 22.882325100913498
2933 21.56639010494034
2934 24.89318337613094
2935 31.000930030466947
2936 26.228122250333218
2937 24.109526337878805
2938 15.730482024822662
2939 11.720933088237969
2940 7.365595392905115
2941 4.300761204810435
2942 3.6466820092052794
2943 2.8306735888163206
2944 0.24646404300527489
2945 0.09717156549187235
2946 0.0888502100910311
2947 0.3289526557545164
2948 1.2707240513778633
2949 1.2264740731204478
2950 1.0954458691734583
2951 1.5066989694019564
2952 1.5463920132752351
2953 0.9550105086828589
2954 1.5615777275980942
2955 2.768284634953716
2956 4.584009567083374
2957 5.010113750419519
2958 6.788576579261165
2959 7.30054262864957
2960 6.0264469972027825
2961 6.9237514300844225
2962 7.07576488822182
2963 8.592168393965682
2964 4.870676983812358
2965 3.0942820101224533
2966 2.69734973057643
2967 1.6454115616753804
2968 0.4205874411735643
2969 0.367701290710508
2970 0.42671055785724593
2971 1.4732379025090176
2972 2.940034924689572
2973 2.629779158648684
2974 1.781646091200235
2975 2.972341159572237
2976 5.116944008189155
2977 9.905662824758274
2978 8.602345574986234
2979 5.475674598212545
2980 3.7062651239819857
2981 4.661209605040025
2982 1.592391570496201
2983 0.3698909585573289
2984 0.00841265710463363
2985 1.3902704823536363
2986 2.495099553968618
2987 2.5250548783363524
2988 4.008969779981841
2989 4.272509332292844
2990 7.361575646534893
2991 9.726191718529918
2992 13.66486118099773
2993 19.821669834287935
2994 23.31491935666698
2995 28.604724965394983
2996 32.95537725493186
2997 35.19952347473148
2998 30.201041688595463
2999 34.37259187888956
3000 31.717679558603297
3001 19.177898746319464
3002 16.140571813888062
3003 8.16945205604149
3004 6.042018810744326
3005 4.837808627316838
3006 5.183129917947686
3007 3.653859126124245
3008 0.005618272426024756
3009 0.0002766444674794194
3010 0.12242558895791601
3011 0.489020713732114
3012 0.44815414306908397
3013 0.5574724813819906
3014 0.8895706327172859
3015 1.099440921350923
3016 0.7448708466321736
3017 1.1691080122545052
3018 2.739909295643657
3019 2.6956693936314795
3020 2.7323213629849556
3021 2.687727429388343
3022 3.1422438194860174
3023 2.7162394257796585
3024 3.42684288995543
3025 2.8051794121152356
3026 2.6434581348524286
3027 2.5493550637086835
3028 1.7749349602662847
3029 1.1977577076998487
3030 0.8820653635394681
3031 0.24043018566694124
3032 0.24959967165548486
3033 0.019379612694305864
3034 0.014652903861641866
3035 0.645875407549408
3036 1.1337497145312092
3037 0.7658574253695194
3038 0.42096143702501215
3039 1.731256354700783
3040 3.369478786669691
3041 6.26509745511515
3042 5.450131310002752
3043 4.281586965048579
3044 2.4020254629436284
3045 1.9979771830061568
3046 0.27604131346979505
3047 0.04550028538319075
3048 0.535545499181355
3049 0.5046502708471832
3050 0.8326359202447218
3051 1.865619565139677
3052 2.3640897354247397
3053 4.058895045934578
3054 5.784108687809458
3055 8.05897236855883
3056 12.605403179118316
3057 18.61220576630841
3058 21.506612348948273
3059 28.83445061966868
3060 30.641927594489633
3061 35.21272632413721
3062 32.80449268231883
3063 28.52150374063194
3064 28.011102860350547
3065 18.7881946391915
3066 11.512170115717044
3067 11.38627034261527
3068 6.738773634392765
3069 6.473852289751955
3070 7.8566373047518345
3071 4.462548446937288
3072 1.2472704735718777e-05
3073 0.0011172279921846206
3074 0.07695946249806628
3075 0.4908110205080708
3076 0.6990821694417408
3077 0.8334672816256731
3078 1.042406475466384
3079 1.4613315737558197
3080 1.2515069182243972
3081 2.44634863767218
3082 3.8183199577132196
3083 2.864065149641705
3084 1.6207931009019876
3085 0.5690989701962309
3086 0.1827665696821599
3087 0.10994578393563618
3088 0.2863712190403435
3089 0.44201351257529486
3090 0.6289757457542416
3091 0.2401084829228221
3092 0.062365819958409896
3093 0.04263794856957009
3094 0.08593132849255913
3095 0.06271821068444954
3096 0.16133667680669553
3097 0.007070203811496095
3098 0.024818971903608215
3099 0.06904796084235308
3100 0.006106597045369751
3101 0.0020781705036118188
3102 0.18040203361758309
3103 0.002036336608687793
3104 0.24743217060129427
3105 0.7088428195122362
3106 1.0452201101913592
3107 0.9204050947379566
3108 0.6723066410544991
3109 0.07503057496041175
3110 0.03248394210352558
3111 0.2913449636355962
3112 0.31061096000924
3113 0.17958718654872602
3114 0.5775940452706436
3115 1.1786046751946582
3116 1.2141745433521192
3117 2.8302451595829092
3118 4.245107234296149
3119 8.853316484532277
3120 14.42487933566832
3121 19.811242753477558
3122 25.7093598055384
3123 31.062146128633348
3124 35.941859027849105
3125 36.12935440844581
3126 28.979120178089495
3127 23.269358406235014
3128 19.77338661842433
3129 14.793211918567435
3130 11.46578444427841
3131 10.328769032497412
3132 8.89512324676722
3133 6.74003624831368
3134 5.595458421471421
3135 4.099738768315767
3136 0.0047490187844700426
3137 0.009937509473684799
3138 0.08585726690350433
3139 0.5624632567038402
3140 0.5471262783791634
3141 0.8066194935959015
3142 0.9449992521064401
3143 0.9391270022960229
3144 1.93874503648203
3145 3.431943101496547
3146 3.9371127795519696
3147 3.0411043144598606
3148 0.9464751624933749
3149 0.1068357398756556
3150 2.705086664517056e-05
3151 0.07338477785828469
3152 0.2418859991242737
3153 0.07540575391281373
3154 0.19996981908503833
3155 0.002232975999043068
3156 0.17873684573500773
3157 0.0611505115951859
3158 0.02753179521581085
3159 0.3259519371632851
3160 0.1482768832461754
3161 0.0005530376358977981
3162 0.001343180981925839
3163 0.0017574904993897605
3164 0.18865019144052547
3165 0.04031609229826851
3166 0.17649982945243087
3167 0.0038087053569606124
3168 0.1742386568116317
3169 0.3760058425576752
3170 0.6182143326362013
3171 0.7917664501217834
3172 0.07916105370382973
3173 0.00025874528774059584
3174 0.0030135818896070894
3175 0.28285017507556637
3176 0.18987558980993036
3177 0.37338508975505164
3178 0.6921573059534519
3179 1.2408935657969464
3180 1.2490267696125743
3181 2.9182575531845667
3182 5.730526955314395
3183 10.324631144275113
3184 13.694140242685208
3185 13.752601414653352
3186 18.406796554022215
3187 24.897404704833324
3188 27.799481316523444
3189 30.997932062520004
3190 22.8777741030911
3191 19.231937847895185
3192 13.023630352332782
3193 12.29302563319775
3194 12.701242729003493
3195 8.656610667032467
3196 6.813242125212684
3197 5.37158680471424
3198 3.5610344172244965
3199 2.4392205510233023
3200 0.033151308780880615
3201 0.04643847916080798
3202 0.16383205069466922
3203 0.47482013669273226
3204 0.1324254859611736
3205 0.8064209194321481
3206 1.3859227338889928
3207 1.1246562867260834
3208 1.8627197345545803
3209 3.69629375840185
3210 2.754457838752054
3211 1.8677361034660909
3212 0.7126945045548115
3213 0.1317020144144214
3214 0.08903102154407569
3215 1.2444093399906693
3216 1.7562297365590804
3217 0.5092118565118057
3218 0.3576713872978857
3219 0.32490656439987364
3220 1.03861165081545
3221 0.4857204678322043
3222 0.03257389715337219
3223 0.025528284857368664
3224 0.001668408794115718
3225 0.021835425385809803
3226 0.0022762441384996312
3227 0.0023853225029621546
3228 0.021091648105439842
3229 0.022411222567776275
3230 0.07274152000007235
3231 0.169745742439663
3232 0.05836454599166043
3233 0.029023021441520705
3234 0.10905297410041914
3235 0.0938247956207563
3236 0.015068642446680963
3237 0.5509896618293225
3238 1.2216198747687612
3239 1.4083305511680244
3240 0.8082823971670732
3241 1.1447911722605675
3242 1.3094816248265628
3243 1.8113927437357533
3244 2.265022106021598
3245 3.247299048406543
3246 5.5133137518046995
3247 8.63568296099858
3248 9.526450322053773
3249 8.942684474118023
3250 12.476470956571106
3251 13.819668134121553
3252 15.557076999287524
3253 16.04491971919031
3254 18.162337031129347
3255 14.860317565945644
3256 12.182572184748105
3257 10.692289787897883
3258 8.459688181225005
3259 8.186630512997535
3260 5.915310896140526
3261 5.142571437783894
3262 3.031575972701301
3263 2.3659243459513144
3264 0.028482393223289066
3265 0.155409383304122
3266 0.05944752317733648
3267 0.09350720130678067
3268 0.31933411547140905
3269 0.7700292113329722
3270 1.3104384223020957
3271 1.7545285822493928
3272 1.9352791950246382
3273 2.96050855690873
3274 2.468827073821582
3275 1.6101187669539854
3276 0.3038796698376305
3277 0.013960442151912764
3278 0.4093424979760614
3279 1.8439593048502763
3280 2.676746354829799
3281 2.5121210328778627
3282 2.9575478835955034
3283 2.5357521059037755
3284 2.6756471124639525
3285 3.2421620404338594
3286 1.636208969090007
3287 0.6487911791022584
3288 0.30277104471489735
3289 0.023701378758868633
3290 0.000632887262805796
3291 0.14339538072078536
3292 0.027131062667319517
3293 0.007050725437306482
3294 0.004132421631671055
3295 0.0058326186472718745
3296 0.046332260502820674
3297 0.08147769163468144
3298 0.09992265908238944
3299 0.016452063701957863
3300 0.11101431591847369
3301 0.7785863286297435
3302 1.0840172543112963
3303 1.5470261385449318
3304 1.3109421121976077
3305 1.695547744353717
3306 1.416872341471918
3307 1.5194801187947806
3308 2.00628687433799
3309 2.1489378777887165
3310 3.032436927242936
3311 5.077152522485311
3312 5.277461826967976
3313 5.651882746836634
3314 6.910822286430846
3315 9.145473462166684
3316 12.530994743158248
3317 12.064823928276665
3318 14.292510378626126
3319 14.240315821580408
3320 15.422166331345858
3321 12.393820507184119
3322 7.985179945030365
3323 8.422669160842348
3324 9.223402158071268
3325 6.004046985080676
3326 3.4757545468953115
3327 2.1528149842824402
3328 0.012378566966067582
3329 0.027697052932891257
3330 0.018654539701726303
3331 0.09499899948719634
3332 0.436442904119566
3333 1.0125839331634794
3334 1.8427906689914333
3335 2.7686468977465926
3336 2.3462100050042602
3337 1.1021447586688424
3338 1.3936138773363453
3339 1.0670140624749214
3340 0.021443333588308102
3341 0.07453083400502593
3342 0.6543737568920825
3343 2.687458733313223
3344 3.886196478963442
3345 3.522550894600244
3346 3.8297566318075646
3347 3.4584131007046617
3348 3.3005490240504316
3349 2.246828383480152
3350 2.707910208211729
3351 1.8211968852796745
3352 0.49753523372605146
3353 0.17112880561835106
3354 0.009321757768366598
3355 0.03509896774920569
3356 0.00012783584194755825
3357 0.1975653982158586
3358 0.14926800642376226
3359 0.17953652627475425
3360 0.08144123312843635
3361 0.09544717895192632
3362 0.018578606603672398
3363 0.05536000832193229
3364 0.046997413405001395
3365 0.6970648378663338
3366 0.9642776728879294
3367 1.0269002290224325
3368 1.4755507677371065
3369 2.2861762895834152
3370 2.8328836122024503
3371 3.305021517014524
3372 4.087394991667904
3373 2.8053864321698585
3374 3.432313358598267
3375 4.9232293961012905
3376 3.538019722804206
3377 4.545547037686537
3378 5.506673035463424
3379 6.571564489354761
3380 8.892623711804807
3381 9.570748143319992
3382 11.152762393744121
3383 13.412072035064039
3384 15.611319539275117
3385 12.94261986656534
3386 8.432061967495718
3387 6.062473787356581
3388 5.445263894420473
3389 5.835366170809143
3390 4.659346759074838
3391 2.692182903779716
3392 0.02849722192902956
3393 9.378931819946753e-08
3394 0.03595916667934933
3395 0.042969113892717396
3396 0.32845634660457124
3397 0.698665265608979
3398 1.567043252923814
3399 1.4340864451692261
3400 0.3748375300235411
3401 0.0424022195391502
3402 0.1115010174318341
3403 0.056154054438160406
3404 0.007034095282770695
3405 0.0958642552717856
3406 1.120337723421475
3407 2.6209427397728193
3408 4.071689626227233
3409 3.645388611594949
3410 4.113840092565305
3411 2.4653170440773002
3412 1.061630053099684
3413 1.1640778865884251
3414 1.1101936313942187
3415 0.5438381113120879
3416 0.09602534238764865
3417 0.1260846772552122
3418 0.00402004767283045
3419 0.00840256247693033
3420 0.37836291136307515
3421 0.43488545720185406
3422 0.12743215979984726
3423 0.005596466333247636
3424 0.0030360377496201274
3425 0.03398584426014633
3426 1.295598709828484e-06
3427 0.006802226164166621
3428 0.15533365942376876
3429 0.3483509873653289
3430 0.2576461869772118
3431 0.19058578808261875
3432 0.09043743481724145
3433 0.7931624019072249
3434 1.9676373797810542
3435 3.344809975411016
3436 3.4622666166957283
3437 3.0497225487991932
3438 3.4427105586645035
3439 4.423374862143844
3440 4.918040364584967
3441 5.642569389088718
3442 7.819314719966282
3443 5.85572108264421
3444 7.340286118709736
3445 9.2084459876544
3446 8.914873634617033
3447 11.824249198517201
3448 14.083857154960937
3449 9.152000076928713
3450 8.808432667569612
3451 5.793334900521953
3452 4.737684341550035
3453 6.440895181007129
3454 6.4289779429317635
3455 4.358795574397165
3456 0.11972816590888832
3457 0.050297612454829145
3458 0.06990204035845211
3459 0.09111924594040859
3460 0.2821941367074862
3461 0.5756547540735548
3462 1.729635596207777
3463 1.055958702737249
3464 0.006976168903193573
3465 0.13689800085083892
3466 0.09169167107584168
3467 0.15763874670725767
3468 0.2191408549178187
3469 0.48496861601687336
3470 1.690267440550052
3471 3.2915852247139945
3472 3.465799298552994
3473 3.476953836956586
3474 4.65689297598408
3475 3.139026013887155
3476 1.2449100209629584
3477 0.44416108930577514
3478 0.5953581917896016
3479 0.020215073210625517
3480 6.741991759797029e-06
3481 0.05559464966947051
3482 0.020274781188380893
3483 0.057939936105434506
3484 0.4723104056733671
3485 0.34810228490097617
3486 0.13649483043710423
3487 0.039559528077263345
3488 0.0031244367918828626
3489 0.10491208553165658
3490 0.01318249490231396
3491 0.030070731188593502
3492 0.002814517373579063
3493 0.005640694149708876
3494 0.027804055696512547
3495 0.00018646375536221694
3496 0.031111468035075262
3497 0.07516536596595981
3498 0.19686840301647396
3499 1.0732632894876704
3500 1.9417937870223891
3501 1.8863460806136567
3502 2.4865157658614874
3503 3.942558350696939
3504 5.672497870701114
3505 4.494453356434157
3506 5.337609164818145
3507 4.933248173044959
3508 8.305090681639813
3509 10.544881074632269
3510 10.686163539097867
3511 13.504604088539391
3512 11.243742811910263
3513 9.55513531287474
3514 7.517771528756498
3515 5.268296191834688
3516 3.3163558799803705
3517 5.554596402379414
3518 6.247246021007402
3519 3.2577014991972675
3520 0.12343741052725324
3521 0.043679155233035415
3522 0.0599283681320037
3523 0.008829357939908862
3524 0.05596975531077017
3525 0.8738467640951081
3526 1.3063828798658488
3527 0.47326790859861545
3528 0.0009823028748257565
3529 0.2956902930233642
3530 0.6751280606137131
3531 0.9431914863732223
3532 0.7466793526842793
3533 1.0763908972154266
3534 1.4421948532970263
3535 2.782175114108254
3536 4.051190128628834
3537 3.177392487508609
3538 2.6097674830656
3539 2.4838354104438265
3540 1.3809333011911633
3541 1.326575958937738
3542 0.8851712756721798
3543 0.04315889757404521
3544 0.14990590367243456
3545 0.00021821555998819737
3546 0.00359522274968614
3547 0.02004741129813729
3548 0.040189648733041275
3549 0.0462916071576069
3550 0.0014092372812919338
3551 0.04193382809239861
3552 0.22824400063737138
3553 0.06315125869817005
3554 0.13938192080400796
3555 0.03562867981043854
3556 0.2864469244124475
3557 0.39367346153548033
3558 0.2866182816471725
3559 0.07189862081445125
3560 0.017321484843960178
3561 0.004969390770224139
3562 0.07077535291934246
3563 0.24891225144151827
3564 0.7974584032489149
3565 0.9498318478093111
3566 1.4406676932690532
3567 2.6512701398950216
3568 4.697086366793101
3569 4.390279884111489
3570 6.1053220554348915
3571 6.140754531088894
3572 9.088411885161708
3573 12.935237786802368
3574 10.157173570090245
3575 8.27146642949467
3576 5.716043235154453
3577 8.298183532498513
3578 5.346964437104233
3579 4.926545330273876
3580 3.401260909518554
3581 3.348753903220726
3582 3.9453214862230492
3583 1.7713105209725608
3584 0.013698060703059121
3585 0.13641176452890394
3586 0.11153889792257263
3587 0.07642202838024034
3588 0.07935406287431294
3589 0.846067089322299
3590 1.0064968363034554
3591 0.12676507944576623
3592 0.0028228761067846083
3593 0.09067721425093725
3594 0.850980316287594
3595 1.6676041694771206
3596 1.6348454168208835
3597 1.9871435289061177
3598 1.7488415996529891
3599 1.8315064669743137
3600 2.2692970889068236
3601 1.7561273252197547
3602 1.5240956942432946
3603 1.7707951231377663
3604 1.3375482459004457
3605 0.9620974864548363
3606 1.0541569918789961
3607 0.454576990592685
3608 0.07475789413744177
3609 0.005919652819824156
3610 0.0016021306777119525
3611 0.003370955049874439
3612 0.08049585352752098
3613 0.0625035793938342
3614 0.023143025181434004
3615 0.12822945665270627
3616 0.34194386455066395
3617 0.12570586093845995
3618 0.05620352122528816
3619 0.04288496511519982
3620 0.008511206971557125
3621 0.2987536644440842
3622 0.4118791930291589
3623 0.8025560943043308
3624 0.49564558019921573
3625 0.04001540614543016
3626 0.1075015415469164
3627 0.7372358545802564
3628 0.4872576043499845
3629 1.3741064669260348
3630 2.7983122683438935
3631 4.109812169599124
3632 4.619095394330627
3633 6.155782761338858
3634 7.8917613119088195
3635 5.224486390201721
3636 9.727020432159769
3637 11.58916492837109
3638 6.756278698161517
3639 3.1923092809733813
3640 2.7797450346230135
3641 2.760949339481964
3642 5.012651394788239
3643 2.890824983636192
3644 2.286910357469003
3645 1.8385533303923776
3646 1.4641134492010124
3647 1.2833100663355643
3648 0.0903285589302018
3649 0.1830177528628142
3650 5.05804250099145e-05
3651 0.007266847789900382
3652 0.6503789172855573
3653 1.0122289594368679
3654 0.4784779443043189
3655 0.04863275090477686
3656 0.05645606904686977
3657 0.4252389266654088
3658 1.120570964889402
3659 2.319696079788676
3660 1.5901374872516985
3661 1.867559968171899
3662 1.6723093836607776
3663 0.8134129521645855
3664 0.9692784466307666
3665 0.650845534575534
3666 0.6295658253255679
3667 0.6242620520138992
3668 0.21157262894800782
3669 0.4726665965460784
3670 0.34500147478760845
3671 0.050269913149042056
3672 0.0002116582470197341
3673 0.30861452788712346
3674 0.2587520761728617
3675 0.12844478010393778
3676 0.12206407780191313
3677 0.0003213872986256918
3678 5.5709736245851426e-05
3679 0.003621168210360534
3680 0.1921736706262361
3681 0.26511476893939456
3682 0.07310050736833121
3683 0.14023847899663383
3684 0.46342794415592387
3685 0.46631457453367153
3686 0.3920121603013886
3687 0.823550052722529
3688 0.5464186749554286
3689 0.36976309673197444
3690 3.5023539077529584e-05
3691 0.5954886651752737
3692 1.2790208121268667
3693 2.31893335037902
3694 3.346765295945151
3695 4.256350399596935
3696 4.629951310682447
3697 5.736490767482502
3698 8.505242935622034
3699 5.792038429704236
3700 7.120670069811697
3701 6.285367527191208
3702 4.198206929137774
3703 2.8585487855908607
3704 2.1658881510516994
3705 1.7251509544622272
3706 3.3587035224954156
3707 2.4329383060928564
3708 1.585851211252215
3709 1.4429860919062656
3710 1.7866066868631538
3711 1.4073547268902176
3712 0.1650618648337861
3713 0.08580069504606327
3714 0.08980716719936481
3715 0.35634594947706416
3716 1.413442229109646
3717 0.8891442602330896
3718 0.14088621713865523
3719 0.28932878164591547
3720 0.003165805448789414
3721 0.01994290875999981
3722 0.21278812758529983
3723 0.6205217603068407
3724 0.9588293527561124
3725 1.397473963665602
3726 1.1117268660804804
3727 0.3221249014667354
3728 0.07621160477895238
3729 0.010700481726541568
3730 0.052876669478390544
3731 0.0016104256833096345
3732 0.05642979327584231
3733 0.0033924509460982323
3734 0.004824986618179623
3735 0.12875365741134712
3736 0.1693721756658361
3737 0.30044489220274073
3738 0.5060648152425054
3739 0.24892111297378305
3740 0.4177195300089755
3741 0.05160172481087268
3742 0.13609643505134147
3743 0.004973000615900938
3744 0.07891161559236373
3745 0.13498495334565158
3746 0.004320426677884097
3747 0.05530765056075692
3748 0.03902638012586456
3749 0.0005358974177550681
3750 0.008611583208160372
3751 0.1512398042253771
3752 0.07356235420097758
3753 0.004894517039374275
3754 0.2742749972508735
3755 0.9945104382441732
3756 1.676027078034019
3757 1.94559248069117
3758 2.5381855989422046
3759 3.8822654102844005
3760 4.5625126681939046
3761 5.074749278943736
3762 7.824374125023025
3763 6.6578720966092115
3764 5.6540064361919145
3765 5.508103653733738
3766 3.56422832208472
3767 3.8207786114113436
3768 3.078139053379346
3769 1.5958472825868304
3770 1.3379875782453035
3771 1.8542972370255038
3772 1.8008296733985876
3773 1.3334524447485845
3774 1.635193741853335
3775 0.7100873308431846
3776 0.22140432889141778
3777 0.14935859096073328
3778 0.09784952582710883
3779 0.378807917999113
3780 1.3216590992641393
3781 1.8257061467023081
3782 1.1743946017426845
3783 0.7969842879775295
3784 0.23817957387521943
3785 0.02274504291107193
3786 0.06819513417994709
3787 0.02010980931163123
3788 0.1743158512631233
3789 0.14904308995241267
3790 0.054639077120158794
3791 0.05962944009047295
3792 0.4876269208688683
3793 0.2734768056696425
3794 0.5058472553463204
3795 0.19060997442910046
3796 0.17622874733100688
3797 0.2503870358055548
3798 0.3439817716330786
3799 0.0687961926462474
3800 0.08861585368158058
3801 0.5156845325400037
3802 1.0709107978001875
3803 0.12102026670486435
3804 0.2588745186347073
3805 0.20254731896462078
3806 0.2039833489559206
3807 0.00024190852848977304
3808 0.38095521510528735
3809 0.4304706124575005
3810 0.27276810166122667
3811 0.15142723643258735
3812 0.03096094194662331
3813 0.015188663871209818
3814 0.018497847892459434
3815 0.030941530694122126
3816 0.12736812074624482
3817 0.2092292598821219
3818 0.2012586090288065
3819 1.1079140249588983
3820 2.346729864059093
3821 1.9398430944422502
3822 2.763185231601459
3823 4.042611992432891
3824 2.9214851055420814
3825 3.243463207530248
3826 4.379632892932454
3827 4.5753836524617775
3828 4.587364407042966
3829 4.479934462548536
3830 3.518292826499201
3831 2.9029035243672903
3832 1.609421065543468
3833 1.1195482118162918
3834 1.4548249387114807
3835 2.189115312605311
3836 1.2443399210068968
3837 1.7027228955589901
3838 1.4203066853026176
3839 0.6049366544163188
3840 0.47258865993565913
3841 0.28824825208839494
3842 0.06597200380125658
3843 0.17338105164626536
3844 0.5729889745297574
3845 2.0120211784805617
3846 2.6072961366459597
3847 2.5442441380617393
3848 1.6735672158314359
3849 1.1699010783705863
3850 0.636427905484661
3851 0.07505850819817543
3852 0.03172387105327774
3853 0.07533655208006329
3854 0.7262046081011576
3855 1.0695113215354115
3856 1.3203233196829423
3857 0.6486225388392812
3858 0.2643779691607585
3859 0.7571509423839154
3860 0.3164325942615176
3861 0.2122745315666326
3862 0.5783854166564076
3863 0.5345575944098961
3864 0.46730816943164877
3865 0.572924485703878
3866 0.6423402960680619
3867 0.25830652783626695
3868 0.13851533535498983
3869 0.00542769559980144
3870 0.12489274185169366
3871 0.20691834673119291
3872 0.00913124072711429
3873 0.0034136321698630128
3874 0.0007725011610850678
3875 0.004245392972817133
3876 0.03446998343699451
3877 0.008321710166254477
3878 0.06825765082133381
3879 0.004702327234729839
3880 0.13574580808676795
3881 0.026799560777054005
3882 0.006965487186681771
3883 0.051438033144675994
3884 0.8609505925768244
3885 1.402176013147349
3886 2.1239547495558493
3887 1.892499343034514
3888 1.7599071402555724
3889 1.0772425637310368
3890 2.482626206728812
3891 5.298318086335318
3892 4.6532270789026855
3893 2.9683214876379815
3894 1.9244772085682924
3895 1.567540357875242
3896 1.17707808780795
3897 1.0131404828996367
3898 0.7069285102553294
3899 0.8765306085703473
3900 1.0510952700342937
3901 0.7842510457464744
3902 0.6996629895436951
3903 0.2642295891566535
3904 0.24579105469048987
3905 0.22756137696876105
3906 0.03561431135847087
3907 0.04089398834313103
3908 0.07699634694034847
3909 0.7645950318842899
3910 2.445570668143668
3911 4.145332761765926
3912 4.00908206007043
3913 2.981875293609119
3914 1.8129645230016465
3915 0.6420790126580288
3916 0.13748462806180958
3917 0.009361094234661351
3918 0.2444665393391391
3919 0.6238988351754631
3920 0.6880181806266424
3921 1.2151966291825025
3922 0.4542817007823352
3923 0.9502633623807611
3924 0.8263070969319236
3925 0.14095532905691394
3926 0.034947897011769986
3927 0.12982868313736953
3928 0.48634130782206836
3929 0.3987724170659812
3930 1.2791054278248857
3931 1.3825897136343859
3932 0.7872265319059712
3933 0.525942537830934
3934 1.0892478655469533
3935 0.5533786879140881
3936 0.10479401492155622
3937 0.20432113353673403
3938 0.384400273031967
3939 0.11397344435925813
3940 0.06282366700384247
3941 0.05618982242723217
3942 0.010724589946766888
3943 0.0016350647052119354
3944 0.0571739833130753
3945 0.018885134358150885
3946 0.047907445503721086
3947 0.02735200175089624
3948 0.2959317289816733
3949 0.3390651334251964
3950 0.5232462729646226
3951 0.6443921034610245
3952 0.5827803493901387
3953 0.8775739338534417
3954 1.5872551040263925
3955 2.660387814631582
3956 2.224120027118321
3957 1.3096191268995243
3958 1.7468630783385983
3959 1.4168478434475507
3960 0.8897606807934495
3961 0.5512698736632659
3962 0.3079469217503087
3963 0.3661014663100821
3964 0.7746680915856148
3965 0.7269417695415006
3966 0.6326724634820088
3967 0.5712849183466564
3968 0.5393847174329135
3969 0.3190919635464427
3970 0.09958816006398331
3971 0.0007458813488572711
3972 0.2082285925953895
3973 0.3668425076254269
3974 0.4510740332168954
3975 0.8951516200530965
3976 1.3869333519137415
3977 1.1419802252330027
3978 0.4867366963110015
3979 0.2555740902002762
3980 0.022722566992886103
3981 0.009691212965051847
3982 0.00885694617087332
3983 0.18343348131893894
3984 0.29642351128571504
3985 0.09918555978653548
3986 0.19189392894420843
3987 0.2937643871129708
3988 0.007620113985202125
3989 0.03718681892966164
3990 0.3079079187451573
3991 0.41594825068720026
3992 0.548709944612271
3993 1.3921648746950233
3994 2.646830586649706
3995 2.188433855694632
3996 1.641701730878982
3997 1.6825487181832082
3998 1.230981407120288
3999 1.2457424897474854
4000 1.770682120853473
4001 1.6014109383266837
4002 2.183544351719872
4003 1.2387281111129484
4004 0.6035389485153976
4005 0.6713255971674799
4006 0.2782909251219311
4007 0.3227533259762416
4008 0.14869685376748346
4009 0.2039182268481118
4010 0.08577137526485144
4011 0.06453894696306198
4012 0.026827991213830824
4013 0.03274837995472745
4014 0.25189933032656897
4015 0.1307631146484007
4016 0.5865855506653327
4017 1.0664301267269618
4018 1.6071728820510562
4019 2.277180145219292
4020 1.7364419782917313
4021 1.5545949379820396
4022 1.1455915805087011
4023 1.7658345735707888
4024 1.4068392613487377
4025 1.234502952077572
4026 0.4881806745466373
4027 0.5196785280352522
4028 0.9853812765032405
4029 2.0351724841583763
4030 1.3501264102272172
4031 1.6808128042661177
4032 1.996797014360407
4033 1.0288600560805468
4034 0.37626902571850346
4035 0.00407032014642912
4036 0.010370407241531016
4037 0.14670083677758852
4038 0.023412211524940097
4039 0.15153874486798644
4040 0.156128297472274
4041 0.1921985200359636
4042 0.746154679946977
4043 0.591962196947634
4044 0.29737967903530177
4045 0.9597734456631573
4046 1.434503434636536
4047 0.771040419410434
4048 0.5587806433084258
4049 0.6921542061888613
4050 0.13092394507404614
4051 0.013606934350899817
4052 0.01774632927398562
4053 0.07673232607842281
4054 0.42415371938390867
4055 0.42115138533045837
4056 0.8993617214102351
4057 1.154554645641879
4058 2.235720506072892
4059 3.2709104641118993
4060 1.7109859949568915
4061 1.7616280753964306
4062 2.125816872615317
4063 2.6439822705289027
4064 3.5524841763110264
4065 3.4835334531425604
4066 2.6637474445930525
4067 1.3628136123302905
4068 0.8137410094322922
4069 1.297062248108896
4070 1.0315656062400744
4071 0.7078933251476327
4072 0.23205177187998352
4073 0.19514571882101223
4074 0.1709378121785173
4075 0.03806770665167098
4076 0.004465689477547199
4077 0.08536844791084894
4078 0.2102686972808475
4079 0.10917516785845613
4080 0.6004984028294822
4081 1.416247704536874
4082 1.7508764793662963
4083 2.970535127665783
4084 1.8517615961180296
4085 1.3761471175409188
4086 1.0203146931715434
4087 1.8474757519977805
4088 2.2068751823157244
4089 1.9154922343413567
4090 1.3488498258416868
4091 0.8974197011672331
4092 0.9820863699215316
4093 0.7337395620349062
4094 0.7178756356739653
4095 0.8300436511052626
