 0
0 -0.0007836576002702661
1 -0.0002789212726312369
2 0.0
3 -2.3352454734754127e-05
4 -0.001054289484733784
5 -0.0006241142697615565
6 0.0
7 0.0
8 0.0
9 0.0
10 0.0
11 0.0
12 0.0
13 0.0
14 0.0
15 -0.0008111915371809091
16 -0.0008407092897593079
17 0.0
18 0.0
19 0.0
20 -0.0002809430410518169
21 0.0
22 0.0
23 0.0
24 0.0
25 0.0
26 0.0
27 0.0
28 0.0
29 0.0
30 0.0
31 0.0
32 0.0
33 0.0
34 0.0
35 0.0
36 0.0
37 0.0009346543838813617
38 0.0
39 0.0
40 0.0
41 0.0
42 0.0
43 0.0
44 0.0
45 0.0
46 0.0
47 0.0
48 0.0
49 0.0
50 0.0
51 0.0
52 0.0
53 0.0
54 0.0005195392755748731
55 6.639594011041289e-05
56 0.0
57 0.0
58 0.0
59 0.0
60 0.0
61 0.0
62 0.0
63 0.0
64 0.0
65 0.0
66 0.0
67 0.0
68 0.0
69 0.0
70 0.0
71 0.0
72 0.0
73 0.0
74 0.0
75 0.0
76 0.0
77 0.0
78 -5.42167729097499e-05
79 -0.0016656876805716664
80 -0.0005082222552004169
81 0.0
82 -5.8450896568007496e-05
83 -0.0002657341122297684
84 -0.0008851482476333752
85 -0.0003347870715901645
86 0.0
87 0.0
88 0.0
89 0.0
90 0.0
91 0.0
92 0.0
93 0.0
94 0.0
95 0.0
96 0.0
97 0.0
98 0.0
99 0.0
100 0.0
101 0.0
102 0.0
103 0.0
104 0.0
105 0.0
106 0.0
107 0.0
108 0.0
109 0.0
110 0.0
111 0.0
112 0.0
113 0.0
114 0.0
115 0.0
116 0.0
117 0.0
118 0.0004662786874997943
119 0.00031119920640820304
120 0.0008396849780493861
121 0.0008027651763867064
122 0.0
123 0.0
124 0.0
125 0.0
126 0.0
127 0.0
128 -0.0012250831097022805
129 0.0
130 0.0
131 0.0
132 0.0
133 0.0
134 0.0
135 6.225702720450907e-05
136 0.0
137 0.0
138 0.0
139 0.0
140 0.0
141 0.0
142 0.0
143 0.0
144 0.0
145 0.0
146 0.0
147 0.0
148 0.0
149 0.0
150 0.0
151 0.0
152 0.0
153 0.0
154 0.0
155 0.0
156 0.0
157 0.0
158 0.0
159 0.0
160 0.0
161 0.0
162 0.0
163 0.0
164 0.0
165 0.0
166 0.0
167 0.0
168 0.0
169 0.0
170 -0.00029960661527998853
171 -0.001893728398823844
172 -0.0005812443428068487
173 -0.0007082121131589323
174 0.0
175 0.0
176 0.0
177 0.0
178 0.0
179 0.0
180 0.0
181 0.0
182 0.0
183 1.0634751723781445e-05
184 0.0
185 0.0
186 0.0
187 0.0
188 0.0
189 0.0
190 0.0
191 0.0
192 -0.001818181398227389
193 0.0
194 0.0
195 0.0
196 0.0010712658099438191
197 0.0
198 0.0
199 0.0
200 0.0
201 0.0
202 0.0
203 0.0
204 0.0
205 0.0
206 0.0
207 0.0
208 0.0
209 0.0
210 0.0
211 0.0
212 0.0
213 0.0
214 0.0
215 0.0
216 0.0
217 0.0
218 0.0
219 0.0
220 0.0
221 0.0
222 0.0
223 0.0
224 0.0
225 0.0
226 0.0
227 0.0
228 0.0
229 0.0
230 0.0
231 0.0
232 0.0
233 -7.511424480619521e-07
234 0.0
235 0.0
236 0.0
237 0.0
238 0.0
239 0.0
240 0.0
241 0.0
242 0.0
243 0.0
244 0.0
245 0.0
246 0.0
247 0.0
248 0.0
249 0.0
250 0.0
251 0.0
252 0.0
253 0.0
254 0.0
255 0.0
256 0.0
257 0.0
258 0.0
259 0.0
260 0.0019322374855273465
261 0.0
262 0.0
263 0.0
264 0.0
265 -0.0015629521129730014
266 0.0
267 0.0
268 0.0
269 0.0
270 0.0
271 0.0
272 0.0
273 0.0
274 0.0
275 0.0
276 0.00035301471924710905
277 0.0018343350732022991
278 0.0
279 0.0
280 0.0
281 0.0
282 0.0
283 0.0
284 0.0
285 0.0
286 0.0
287 0.0
288 0.0
289 0.0
290 0.0
291 0.0
292 0.0
293 0.0
294 0.0
295 0.0
296 0.0
297 0.0
298 0.0
299 0.0
300 0.0
301 0.0
302 0.0
303 0.0
304 0.0
305 0.0
306 0.0
307 0.0
308 0.0
309 0.0
310 0.0
311 0.0
312 0.0
313 0.0
314 0.0
315 0.0
316 0.0
317 0.0
318 0.0
319 0.0
320 0.0
321 0.0
322 0.0
323 0.0
324 0.0
325 0.0
326 -0.0004597981838666269
327 0.0
328 -0.00043542282427876735
329 -0.001666183741758118
330 -5.271515668292328e-05
331 0.0
332 0.0
333 0.0
334 0.0
335 0.0
336 0.0
337 0.0
338 0.0
339 0.0
340 0.0
341 0.0
342 0.0
343 4.867741778508036e-06
344 0.0022002023804637777
345 0.000918881201285239
346 0.0
347 5.65058137264303e-05
348 0.0006373692220028217
349 0.0
350 0.0
351 0.0
352 0.0
353 0.0
354 0.0
355 0.0
356 0.0
357 0.0
358 0.0
359 0.0
360 0.0
361 0.0
362 0.00012638799626351507
363 0.0
364 0.0
365 0.0
366 0.0
367 0.0
368 0.0
369 0.0
370 0.0
371 -0.0010970834231661488
372 0.0
373 0.0
374 0.0
375 0.0
376 0.0
377 0.0
378 0.0
379 0.0
380 0.0
381 0.0
382 0.0
383 0.0
384 0.0
385 0.0
386 0.0
387 0.0
388 0.0
389 0.0
390 -0.0005518494606222227
391 -0.00027018455949452783
392 0.0
393 -0.0014490501791642014
394 -0.0007020954095927574
395 0.0
396 0.0
397 0.0
398 0.0
399 0.0
400 0.0
401 0.0
402 0.0
403 0.0
404 0.0
405 0.0
406 0.0
407 0.00022011058690103388
408 0.0
409 0.0
410 0.0
411 3.5272028560592886e-05
412 0.0015819406588296365
413 0.0004333731306798588
414 0.0
415 0.0
416 0.0
417 0.0001820545883397398
418 0.0
419 0.0
420 0.0
421 0.0
422 0.0
423 0.0
424 0.0
425 0.0
426 0.0003065530235006733
427 0.0
428 0.0
429 0.0
430 0.0
431 0.0
432 0.0
433 0.0
434 0.0
435 0.0
436 0.0
437 0.0
438 0.0
439 0.0
440 0.0
441 0.0
442 0.0
443 0.0
444 0.0
445 0.0
446 0.0
447 0.0
448 0.0
449 0.0
450 -0.0008785271697341978
451 0.0
452 0.0
453 0.0
454 0.0
455 0.0
456 0.0
457 0.0
458 0.0
459 0.0
460 -0.0005135106143653601
461 -0.001476515060710427
462 -0.0005556456438568844
463 0.0
464 0.0
465 0.0
466 0.0
467 0.0
468 0.0
469 0.0
470 0.0
471 0.0017759829733549966
472 0.0005150575322425937
473 0.0
474 0.0
475 0.0
476 0.0
477 0.0
478 0.0
479 0.0
480 0.0
481 0.0
482 0.0
483 0.0
484 0.0
485 0.0
486 0.0
487 0.0
488 0.0
489 0.0
490 0.0
491 0.0
492 0.0
493 0.0
494 0.0
495 0.0
496 0.0
497 0.0
498 0.0
499 0.0
500 0.0
501 0.0
502 0.0
503 0.0
504 0.0
505 0.0
506 0.0
507 0.0
508 0.0
509 0.0
510 0.0
511 0.0
512 0.0
513 0.0
514 -0.0011935291692110076
515 -0.002717493742801657
516 0.0
517 0.0
518 0.0
519 0.0
520 0.0
521 0.0
522 0.0
523 0.0
524 -0.0020050993690347995
525 -0.0016174910366652628
526 -0.0016562692590404975
527 0.0
528 0.0
529 0.0
530 0.0
531 0.0
532 0.0
533 0.0
534 0.0
535 0.0
536 0.0
537 0.0
538 0.0
539 0.0
540 0.0
541 0.0
542 0.0
543 0.0
544 0.0
545 0.0
546 0.0
547 0.0
548 0.0
549 0.0
550 0.0
551 0.0
552 0.0
553 0.0
554 0.0
555 0.0
556 0.0
557 0.0
558 0.0
559 0.0
560 0.0
561 0.0
562 0.0
563 0.0
564 0.0
565 0.0
566 0.0
567 0.0
568 0.0
569 0.0
570 0.0
571 0.0
572 0.0
573 0.0
574 0.0
575 0.0
576 0.0
577 0.0
578 -0.00043972051238867814
579 -0.004901642985217426
580 -9.122923446473955e-05
581 0.0
582 0.001191224941688071
583 0.0012646210953778142
584 0.0
585 0.0
586 0.0
587 0.0
588 0.0
589 -0.0024750448380970627
590 -0.0021556150168061954
591 0.0
592 -0.001501420006329201
593 0.0
594 0.0
595 -0.00027104399328176
596 -0.0004920399128891075
597 0.0
598 0.0
599 0.0
600 0.0
601 0.0
602 0.0
603 0.0
604 0.0
605 0.0
606 0.0
607 0.0
608 0.0
609 0.0
610 0.0
611 0.0
612 0.0
613 0.0
614 0.0
615 0.0
616 0.0
617 0.0
618 0.0
619 0.0
620 0.0
621 0.0
622 0.0
623 0.00036510421937645504
624 0.0011544342131742727
625 0.001100684854345715
626 0.0
627 0.0
628 0.0
629 0.0
630 0.0
631 0.0
632 0.0
633 0.0
634 0.0
635 0.0
636 -8.725188381081535e-05
637 -5.9326027063477464e-05
638 0.0
639 0.0
640 0.0
641 0.0
642 0.0
643 0.0
644 0.0
645 0.0
646 0.001186858076807024
647 0.0018304055391741693
648 0.0
649 0.0
650 0.0
651 0.0
652 0.0
653 -0.0007861597954295566
654 -0.0003814277465209418
655 0.0
656 0.0
657 0.0
658 -0.0010310097760814986
659 -0.0021846624021528557
660 -0.002545614651176467
661 -0.0022469651444382796
662 -0.004332489146946747
663 -0.002116497827875255
664 -0.0004918696177454153
665 0.0
666 0.0
667 0.0
668 0.0
669 0.0
670 0.0
671 0.0
672 0.0
673 0.0
674 0.0
675 0.0
676 0.0
677 0.0
678 0.0
679 0.0
680 0.0
681 0.0
682 0.0
683 0.0
684 0.0
685 0.0
686 0.0
687 0.0
688 0.0003006623430532999
689 0.0
690 0.0
691 0.0
692 0.0
693 0.0
694 0.0
695 0.0
696 0.0
697 0.0
698 0.0
699 0.0
700 0.0
701 0.0
702 0.0
703 0.0
704 0.0
705 0.0
706 0.0
707 0.0
708 -0.0006686808528027292
709 0.0
710 0.0
711 0.0
712 0.0
713 0.0
714 0.0
715 0.0
716 0.0
717 0.0
718 0.0
719 0.0
720 0.0
721 0.0
722 -0.001020565752996945
723 -0.0010486262801439757
724 0.0
725 -0.0022253106131278825
726 -0.0027192435819102185
727 -0.001749917109687165
728 0.0
729 0.0
730 0.0
731 0.0
732 0.0002750817670216968
733 0.0009910326218042645
734 0.0
735 0.0
736 0.0
737 0.0
738 0.0
739 0.0
740 0.0
741 0.0
742 0.0
743 0.0
744 0.0
745 0.0
746 0.0
747 0.0
748 0.0
749 0.0
750 0.0
751 0.0
752 0.0
753 0.0
754 0.0
755 0.0
756 0.0
757 0.0
758 0.0
759 0.0
760 0.0
761 0.0
762 0.0
763 0.0
764 0.0
765 0.0
766 0.0
767 0.0
768 0.0
769 0.0
770 0.0
771 0.0
772 -0.001302778040474595
773 -0.000488435928482437
774 0.0
775 0.0
776 0.0
777 0.0
778 0.0
779 0.0
780 0.0
781 0.0
782 0.0
783 0.0
784 0.0
785 0.0
786 0.0
787 0.0
788 -0.0002571860409456234
789 -0.0010145525467233922
790 -0.0032462268204489168
791 -0.0035027173429604424
792 -0.001450641539231007
793 0.0
794 0.0
795 0.0
796 0.0
797 0.0
798 0.0
799 0.0
800 0.0
801 0.0
802 0.0
803 0.0
804 0.0
805 0.0
806 0.0
807 0.0
808 0.0
809 0.0
810 0.0
811 0.0
812 0.0
813 0.0
814 0.0
815 0.0
816 0.0
817 0.0
818 0.0
819 0.0
820 0.0
821 0.0
822 0.0
823 -0.00014277363568805597
824 0.0
825 0.0
826 -0.0003890445884642416
827 -0.000985435641585316
828 0.0
829 0.0
830 0.0
831 0.0
832 -0.0003258223333624494
833 0.0
834 0.0
835 0.0
836 0.0
837 -4.89129251677658e-05
838 -0.0018566100374997378
839 0.0
840 0.0
841 0.0
842 0.000636391197073027
843 0.0
844 0.0
845 0.0
846 0.0
847 0.0
848 0.0
849 0.0
850 -8.720536099723333e-05
851 0.0
852 0.0
853 0.0
854 -0.0009041615644456908
855 -0.001257747399914215
856 -0.0014566447804206881
857 0.0
858 0.0
859 0.0
860 0.0
861 0.0
862 0.0
863 0.0
864 0.0
865 0.0
866 0.0
867 0.0
868 0.0
869 0.0
870 0.0
871 0.0
872 0.0
873 0.0
874 0.0
875 0.0
876 0.0
877 0.0
878 0.0
879 0.0
880 0.0
881 0.0
882 0.0
883 0.0
884 0.0
885 0.0
886 0.0
887 0.0
888 -0.0009556722076067684
889 -0.0009334363096616241
890 -0.0018549151156568885
891 -0.0018504640020811395
892 0.0
893 0.0
894 -0.0009301513634147658
895 -0.0002540271047269211
896 0.0
897 0.0
898 0.0
899 0.0
900 -0.00010112779255098205
901 -0.002120544714491882
902 -0.001077688555811271
903 0.0
904 0.0
905 0.0
906 0.0
907 0.0
908 0.0
909 0.0
910 0.0
911 0.0
912 0.0
913 0.0
914 0.0
915 0.0
916 0.0
917 0.0
918 -0.002570325989681581
919 -0.00027706602774665515
920 0.0
921 0.0
922 0.0
923 0.0
924 0.0
925 0.0
926 0.0
927 0.0
928 0.0
929 0.0
930 0.0
931 0.0
932 0.0
933 0.0
934 -0.0003874839255117421
935 0.0
936 0.0
937 0.0
938 0.0
939 0.0
940 0.0
941 0.0
942 0.0
943 0.0
944 0.0
945 0.0
946 0.0
947 0.0
948 0.0
949 0.0
950 0.0
951 0.0
952 -0.002078233775131368
953 -0.0018986031720488173
954 -0.0021084346641202885
955 -0.0012061142956909857
956 -0.0003855588820374283
957 -0.0001655133370499029
958 -0.0023602563187684385
959 -7.432425539448794e-05
960 -0.0008490616908281415
961 0.0
962 0.0
963 0.0
964 0.0
965 -0.0011781168302889167
966 0.0
967 0.0
968 -0.0013103301401743612
969 -0.000931287880682078
970 0.0
971 0.0
972 0.0
973 0.0
974 0.0
975 0.0
976 0.0
977 0.0
978 0.0
979 0.0
980 0.0
981 0.0
982 -0.0016813254573211918
983 -0.000671635185874513
984 0.0
985 0.0
986 0.0
987 0.0
988 0.0
989 -0.0006011652832689812
990 -0.0008031494997924592
991 -1.7544264119905261e-06
992 0.0
993 0.0
994 0.0
995 0.0
996 0.0
997 0.0
998 0.0
999 0.0
1000 -1.952323062392377e-05
1001 -0.00048596950359147575
1002 -0.000997292757342105
1003 0.0
1004 0.0
1005 -2.1544939494704054e-05
1006 0.0
1007 0.0
1008 0.0
1009 0.0
1010 0.0
1011 0.0
1012 0.0
1013 0.0
1014 0.0
1015 0.0
1016 -0.0010158918017158986
1017 0.0
1018 0.0
1019 0.0
1020 0.0
1021 -0.0006397913926266195
1022 -0.00022704658158809415
1023 0.0
1024 0.0
1025 0.0
1026 0.0
1027 0.0
1028 0.0
1029 0.0
1030 0.0
1031 -2.773855385478421e-05
1032 0.0
1033 -0.00029101392190986097
1034 0.0
1035 0.0
1036 0.0
1037 0.0
1038 0.0
1039 0.0
1040 0.0
1041 0.0
1042 0.0
1043 0.0
1044 0.0
1045 0.0
1046 0.0
1047 0.0
1048 -9.594286246155066e-05
1049 0.0
1050 -0.00018764478519904133
1051 -0.0019854486181915087
1052 -0.0035318609567318126
1053 -0.0015771738017398762
1054 -0.0018794819695169187
1055 -0.00035063035375243495
1056 0.0
1057 0.0
1058 0.0
1059 0.0
1060 0.0
1061 0.0
1062 0.0
1063 0.0
1064 0.0
1065 0.0
1066 0.0
1067 0.0
1068 0.0
1069 -4.256345984453148e-05
1070 0.0
1071 0.0
1072 0.0
1073 0.0
1074 0.0
1075 0.0
1076 0.0
1077 0.0
1078 0.0
1079 0.0
1080 0.0
1081 0.0
1082 0.0
1083 0.0
1084 0.0
1085 0.0
1086 0.0
1087 0.0
1088 0.0
1089 0.0
1090 0.0
1091 0.0
1092 0.0
1093 0.0
1094 0.0
1095 -0.0011092758242541847
1096 0.0
1097 0.0
1098 -0.0005564997049336475
1099 -8.364440283386803e-05
1100 0.0
1101 0.0006998928761297606
1102 0.0
1103 0.0
1104 0.0
1105 0.0
1106 0.0
1107 0.0
1108 0.0
1109 0.0
1110 0.0
1111 0.0
1112 0.0
1113 0.0
1114 0.0
1115 -0.0017209865276897637
1116 -0.003650633087423058
1117 -0.0034069965977318903
1118 -0.0025510102607429717
1119 0.0
1120 0.0
1121 0.0
1122 0.0
1123 0.00047573458889001705
1124 0.00033244733844062956
1125 0.0
1126 0.0
1127 0.0
1128 0.0
1129 0.0
1130 0.0
1131 0.0
1132 0.0
1133 0.0
1134 0.0
1135 0.0
1136 0.0
1137 0.0
1138 0.0
1139 0.0
1140 0.0
1141 0.0
1142 0.0
1143 0.0
1144 0.0
1145 0.0
1146 0.0
1147 0.0
1148 0.0
1149 0.0
1150 0.0
1151 0.0
1152 0.0
1153 0.0
1154 0.0
1155 0.0
1156 0.0
1157 0.0
1158 0.0
1159 0.0
1160 0.0
1161 0.0
1162 -8.084651581140898e-05
1163 0.0
1164 0.0
1165 0.00018590964119645167
1166 0.0
1167 0.0
1168 0.0
1169 0.0
1170 0.0
1171 0.0
1172 0.0
1173 0.0
1174 0.0
1175 0.0
1176 0.0
1177 0.0
1178 0.0
1179 -0.001581950769935195
1180 -0.00151686171985033
1181 -0.001597398888241893
1182 0.0
1183 0.0
1184 0.0
1185 0.0
1186 0.0
1187 0.0008293666629604348
1188 0.0
1189 0.0
1190 0.0
1191 0.0
1192 0.0
1193 0.0
1194 0.0
1195 0.0
1196 0.0
1197 0.0
1198 0.0
1199 0.0
1200 0.0
1201 0.0
1202 0.0
1203 0.0
1204 0.0
1205 0.0
1206 0.0
1207 0.0
1208 0.0
1209 0.0
1210 0.0
1211 0.0
1212 0.0
1213 0.0
1214 0.0
1215 0.0
1216 0.0
1217 0.0
1218 0.0
1219 0.0
1220 0.0
1221 0.0
1222 0.0
1223 0.0
1224 0.0
1225 0.0
1226 0.0
1227 0.0
1228 0.0
1229 0.0
1230 0.0
1231 0.0
1232 0.0
1233 0.0
1234 0.0012257147104856533
1235 0.0
1236 0.0
1237 0.0
1238 0.0
1239 0.0
1240 0.0
1241 0.0
1242 0.0
1243 -0.00025107831926249444
1244 0.0
1245 0.0
1246 0.0
1247 0.0
1248 2.9138388577895187e-05
1249 0.0011348590589486194
1250 0.0030328551009833602
1251 0.0027399148569786486
1252 0.0
1253 0.0
1254 0.0
1255 0.0
1256 0.0
1257 0.0
1258 0.0
1259 0.0
1260 0.0
1261 0.0
1262 0.0
1263 0.0
1264 0.0
1265 0.0
1266 0.0
1267 0.0
1268 0.0
1269 0.0
1270 0.0
1271 0.0
1272 0.0
1273 0.0
1274 0.0
1275 0.0
1276 0.0
1277 0.0
1278 0.0
1279 0.0
1280 0.0
1281 0.0
1282 0.0
1283 0.0
1284 0.0
1285 0.0
1286 0.0
1287 0.0
1288 0.0
1289 0.0
1290 0.0
1291 0.0
1292 0.0
1293 0.0
1294 0.0
1295 0.0
1296 0.0
1297 0.0
1298 0.0
1299 0.0
1300 0.0
1301 0.0
1302 0.0
1303 0.0
1304 0.0
1305 0.0
1306 -5.8734931887917334e-05
1307 -0.0002964654106479706
1308 0.0
1309 0.0
1310 0.0
1311 0.0
1312 0.0004490106466098555
1313 0.0025920107270675646
1314 0.005152176887086186
1315 0.003183377547107927
1316 0.0006875704119422805
1317 0.0
1318 0.0
1319 0.0
1320 0.0
1321 -0.00042193826116971407
1322 0.0
1323 -0.00026684351892318665
1324 0.0
1325 0.0
1326 0.0
1327 0.0
1328 0.0
1329 0.0
1330 0.0
1331 0.0
1332 0.0
1333 0.0
1334 0.0
1335 0.0
1336 0.0
1337 0.0
1338 0.0
1339 0.0
1340 0.0
1341 0.0
1342 0.0
1343 0.0
1344 0.0
1345 0.0
1346 0.0
1347 0.0
1348 0.0
1349 0.0
1350 0.0
1351 0.0
1352 0.0
1353 0.0
1354 0.0
1355 0.0
1356 0.0
1357 0.0
1358 0.0005141714749244946
1359 0.0
1360 0.0
1361 0.0
1362 0.0
1363 0.00040136997481430534
1364 0.0
1365 0.0
1366 0.0
1367 1.887887195942997e-05
1368 0.0
1369 0.0
1370 0.0
1371 -0.00023378537168609827
1372 0.0
1373 0.0
1374 0.0
1375 0.0
1376 0.0
1377 0.0005971385160813297
1378 0.0038105980131242115
1379 0.0008431951758047919
1380 0.0
1381 0.0
1382 0.0
1383 0.0
1384 0.0
1385 0.0
1386 0.0
1387 0.0
1388 0.0
1389 0.0
1390 0.0
1391 0.0
1392 0.0
1393 0.0
1394 0.0
1395 -0.0006310562450365975
1396 0.0
1397 0.0
1398 -0.0016180882801743708
1399 0.0
1400 0.0
1401 0.0
1402 0.0
1403 0.0
1404 0.0
1405 0.0
1406 0.0
1407 0.0
1408 0.0
1409 0.0
1410 0.0
1411 0.0
1412 0.0
1413 0.0
1414 0.0
1415 0.0
1416 0.0
1417 0.0
1418 0.0
1419 0.0
1420 0.0
1421 0.001604996831336513
1422 0.0026232960716411555
1423 0.0
1424 0.0
1425 0.0
1426 0.0
1427 0.0
1428 0.0006085894212169567
1429 0.0014156533427010988
1430 0.002456449419278976
1431 0.0011254968428056095
1432 0.0
1433 0.0
1434 0.0
1435 0.0
1436 0.0
1437 0.0
1438 0.0
1439 0.0
1440 0.0
1441 0.0
1442 0.0
1443 0.0
1444 0.0
1445 0.0
1446 0.0
1447 0.0
1448 0.0
1449 0.0
1450 0.0
1451 0.0
1452 0.0
1453 0.0
1454 0.0
1455 0.0
1456 0.0
1457 0.0
1458 0.0
1459 0.0
1460 0.0
1461 0.0
1462 -0.0022831677626473025
1463 0.0
1464 0.0
1465 0.0
1466 0.0
1467 0.0
1468 0.0
1469 0.0
1470 0.0
1471 0.0
1472 0.0
1473 0.0
1474 0.0
1475 0.0
1476 0.0
1477 0.0
1478 0.0
1479 0.0
1480 0.0
1481 0.0
1482 0.0
1483 0.0
1484 0.0
1485 0.0010157079560267131
1486 0.003359661572601212
1487 0.0
1488 0.0
1489 0.0
1490 0.0
1491 0.0
1492 0.0
1493 0.0
1494 0.0008015888477258767
1495 0.001740369529452045
1496 0.0009454469362125148
1497 0.0004518103418262592
1498 0.0
1499 0.0
1500 0.0
1501 0.0
1502 0.0
1503 0.0
1504 0.0
1505 0.0
1506 0.0
1507 0.0
1508 0.0
1509 0.0
1510 0.0
1511 0.0
1512 0.0
1513 0.0
1514 0.0
1515 0.0
1516 -0.0005929020946128024
1517 0.0
1518 0.0
1519 0.0
1520 -0.0002567828849172527
1521 0.0
1522 0.0
1523 0.0
1524 0.0
1525 0.0
1526 -0.0003360025520685989
1527 0.0
1528 0.0
1529 0.0
1530 0.0
1531 0.0
1532 0.0
1533 0.0
1534 0.0
1535 0.0
1536 0.0
1537 0.0
1538 0.0
1539 0.0
1540 0.0
1541 0.0
1542 0.0
1543 0.0
1544 0.0
1545 0.0
1546 0.0
1547 0.0
1548 0.0
1549 0.0
1550 0.0011734207029027095
1551 0.0
1552 0.0
1553 0.0
1554 0.0
1555 0.0
1556 0.0
1557 0.0004905592543072573
1558 0.0006372112083520918
1559 0.0019711956769444907
1560 0.0004895484062608013
1561 0.0006858596562463071
1562 0.0
1563 0.0
1564 0.0
1565 -0.0004679942201904191
1566 0.0
1567 0.0
1568 0.0
1569 0.0
1570 0.0006783177530764157
1571 0.002243027973009088
1572 0.0
1573 0.0013826348409858396
1574 0.0
1575 0.0
1576 0.00281818921010601
1577 0.0007957120709622931
1578 0.0
1579 0.0
1580 0.0
1581 0.0
1582 0.0
1583 0.0
1584 0.0
1585 0.0
1586 0.0
1587 0.0
1588 0.0
1589 -0.00017043613429811207
1590 -0.00235403611333751
1591 0.0
1592 0.0
1593 0.0
1594 0.0
1595 0.0
1596 0.0
1597 0.0
1598 0.0
1599 0.0
1600 0.0016314766498579023
1601 0.0
1602 0.0
1603 0.0
1604 0.0
1605 0.0
1606 0.0
1607 0.0
1608 0.0
1609 0.0
1610 0.0
1611 0.0
1612 0.0
1613 0.0
1614 0.0028447913860104716
1615 0.0003282140379717259
1616 0.0
1617 0.0
1618 0.0
1619 0.0006970340994334987
1620 0.0
1621 0.0
1622 0.0001902051495291383
1623 0.00044384495378919854
1624 4.7093139733127024e-05
1625 0.0
1626 0.0
1627 0.0
1628 -0.00063055779289483
1629 -0.002494529650638064
1630 -1.6152013019723202e-05
1631 0.0
1632 0.0
1633 0.0
1634 0.0
1635 0.0014843555633391133
1636 0.0019520391613493627
1637 0.001763350198820043
1638 0.002841232391554872
1639 0.002274401372221495
1640 0.0035886727166261315
1641 0.0028671811950752
1642 0.0013022467159554602
1643 0.0
1644 0.0
1645 0.0
1646 0.0
1647 0.0
1648 0.0
1649 0.0
1650 0.0
1651 0.0
1652 0.0
1653 0.0
1654 -0.001914649880236887
1655 0.0
1656 0.0
1657 0.0
1658 0.0
1659 0.0
1660 0.0
1661 0.0
1662 0.0
1663 0.0
1664 0.0
1665 0.0
1666 0.0
1667 0.0
1668 0.0
1669 0.0
1670 0.0
1671 0.0
1672 0.0
1673 0.0
1674 0.0
1675 0.0
1676 0.0
1677 0.0003154540228763555
1678 0.0030735678180226736
1679 0.0
1680 0.0
1681 0.00010159215238484946
1682 5.6961059129861474e-05
1683 0.0
1684 0.0
1685 0.0
1686 0.000865763188602982
1687 0.0022806130724349533
1688 0.000131181854818715
1689 0.0
1690 0.0
1691 0.0
1692 0.0
1693 0.0
1694 0.0
1695 0.0
1696 0.0
1697 0.0
1698 0.0
1699 0.0
1700 0.0
1701 9.988120872193359e-05
1702 0.0012356370350990367
1703 0.001918913244429958
1704 0.0020565973366824773
1705 0.0009494448003982502
1706 0.0
1707 0.0
1708 0.0
1709 0.0
1710 0.0
1711 0.0
1712 0.0
1713 0.0
1714 0.0
1715 0.0
1716 0.0
1717 -7.024588087941896e-06
1718 -0.0017310448853753
1719 0.0
1720 0.0
1721 0.0
1722 0.0
1723 0.0
1724 0.0
1725 0.0
1726 0.0
1727 0.0
1728 0.0
1729 0.0
1730 0.0
1731 0.0
1732 0.0
1733 0.0
1734 0.0
1735 0.0
1736 0.0
1737 0.0
1738 0.0
1739 0.0
1740 0.0
1741 0.00042027024416177027
1742 0.000244743714656307
1743 0.0
1744 0.0
1745 0.0
1746 0.0022886732253825097
1747 0.00041060956230873065
1748 0.0
1749 0.0
1750 0.0
1751 0.0
1752 0.0
1753 0.0
1754 0.0
1755 0.0
1756 0.0
1757 0.0
1758 0.0
1759 0.0
1760 0.0
1761 0.0
1762 0.0
1763 0.0
1764 0.0
1765 0.0002791965352815837
1766 0.0008425379360722144
1767 0.0
1768 0.0
1769 0.0
1770 0.0
1771 0.0
1772 0.0
1773 0.0
1774 0.0
1775 0.0
1776 0.0
1777 -0.0005414547024064594
1778 -0.0018307950024437662
1779 -0.0025481105935753175
1780 -0.0008522458166039064
1781 -0.0013056078281982679
1782 0.0
1783 0.0
1784 0.0
1785 0.0
1786 0.00020256121513714668
1787 0.0
1788 0.0
1789 0.0
1790 0.0
1791 0.0
1792 0.0
1793 0.0
1794 0.0
1795 0.0
1796 0.0
1797 0.0
1798 0.0
1799 0.0
1800 0.0
1801 0.0
1802 0.0
1803 0.0
1804 0.0
1805 0.0
1806 0.0
1807 0.0
1808 0.0
1809 0.000289041841592422
1810 0.00034809470684097563
1811 0.0028343868925966367
1812 0.00016779524887849652
1813 0.0
1814 0.0
1815 0.0
1816 0.0
1817 0.0
1818 0.0
1819 0.0
1820 0.0
1821 0.0
1822 0.0
1823 0.0
1824 0.0
1825 0.0
1826 0.0
1827 0.0
1828 0.0
1829 0.0009036193781933837
1830 0.00040653693200447315
1831 0.0
1832 0.0
1833 0.0
1834 0.0
1835 0.0
1836 0.0
1837 0.0
1838 0.0
1839 0.0
1840 -0.0016670669065178422
1841 -0.001618418497941641
1842 -0.002006334043255466
1843 -0.0013148243046813514
1844 0.0
1845 0.0
1846 -0.0008555516837942669
1847 -0.0015015552430604833
1848 0.0
1849 0.0
1850 0.0
1851 0.00014160147581037638
1852 0.0
1853 0.0
1854 0.0
1855 0.0005510384359177072
1856 0.0
1857 0.0
1858 0.0
1859 0.0
1860 0.0
1861 0.0
1862 0.0
1863 0.0
1864 0.0
1865 0.0
1866 0.0
1867 0.0
1868 0.0
1869 0.0
1870 0.0003255494643638965
1871 0.0
1872 0.0
1873 0.0
1874 0.0
1875 0.001000362092672026
1876 0.0012074095097146555
1877 0.0
1878 0.0
1879 0.0
1880 0.0002499364270108752
1881 0.0
1882 0.0007126586271777589
1883 0.0005799678406410771
1884 0.000775456529064348
1885 0.0
1886 0.0
1887 0.0
1888 0.0
1889 0.0
1890 0.0
1891 0.0
1892 0.0
1893 0.0
1894 0.0
1895 0.0
1896 0.0
1897 0.0
1898 0.0
1899 0.0
1900 0.0
1901 -0.000700312454700186
1902 0.0
1903 -0.0018925107553584822
1904 -0.0037801510870197927
1905 -0.0011242617249176932
1906 -0.00160592049903908
1907 0.0
1908 0.0
1909 0.0
1910 0.0
1911 -0.0013874604612900182
1912 0.0
1913 0.0
1914 0.0
1915 0.0
1916 0.0
1917 0.0
1918 0.0
1919 0.0015760703119861235
1920 0.0
1921 0.0
1922 0.0
1923 0.0
1924 0.0
1925 0.0
1926 0.0
1927 0.0
1928 0.0
1929 0.0
1930 0.0
1931 0.0
1932 0.0
1933 0.0
1934 0.0006166710951865092
1935 0.0006724082647308945
1936 0.00035562467798230893
1937 0.0009206207918634945
1938 0.00010287743989596744
1939 0.0012562695715493755
1940 0.0013387871604124619
1941 0.0002532407525027142
1942 0.0
1943 0.0
1944 6.836713557529912e-05
1945 0.0011417885509151994
1946 0.0021179371775891347
1947 0.0010722092138380481
1948 0.0005265875142781969
1949 0.0009772407128258178
1950 0.0018255066740433781
1951 0.0011454632067150917
1952 0.0
1953 0.0
1954 7.896658415034191e-05
1955 0.0
1956 0.0
1957 0.0
1958 0.0
1959 0.0
1960 0.0
1961 0.0
1962 0.0
1963 0.0
1964 -9.216481229097631e-05
1965 -0.0010917970624493858
1966 -2.4444809955538926e-05
1967 -0.0009059172673524422
1968 -0.00282079537184287
1969 -0.0006950528369410068
1970 0.0
1971 0.0
1972 0.0
1973 0.0
1974 -0.000502584730134259
1975 0.0
1976 -0.0004990961872034249
1977 0.0
1978 0.0
1979 0.0
1980 0.0
1981 0.0
1982 0.0
1983 0.0029948125672563876
1984 0.0
1985 0.0
1986 0.0
1987 0.0
1988 0.0
1989 0.0
1990 0.0
1991 2.356219656630244e-05
1992 0.0
1993 0.0
1994 0.0
1995 0.0
1996 0.0
1997 0.0024156600862494473
1998 0.00101127728237761
1999 0.0
2000 0.0007830147963195224
2001 0.0
2002 0.0009620777379758371
2003 0.001127412451375196
2004 0.0
2005 0.0
2006 0.0
2007 0.0
2008 0.0
2009 0.0
2010 3.761929198029397e-05
2011 0.000441859432925307
2012 0.0
2013 0.0007667616429172514
2014 0.00014313243693960586
2015 0.0
2016 0.0
2017 0.0005134182815545518
2018 0.0017059181347092794
2019 0.00029885055138225726
2020 0.0
2021 0.0
2022 0.0
2023 0.0
2024 0.0
2025 0.0
2026 0.0
2027 0.0
2028 -0.0004821583847618091
2029 -0.0025009003279595366
2030 -0.0023551809472928662
2031 -0.0010431918252312676
2032 -0.002011018786362068
2033 0.0
2034 0.0
2035 0.0
2036 -0.0016263441453354729
2037 -0.0036574216087958363
2038 -0.002917405892631399
2039 0.0
2040 0.0
2041 0.0
2042 0.0
2043 1.995208968812539e-05
2044 0.0
2045 0.0
2046 0.0
2047 0.002146008400708727
2048 0.0
2049 0.0
2050 0.0
2051 0.0
2052 0.0
2053 0.0
2054 0.0
2055 0.0
2056 0.0
2057 0.0
2058 -4.69667630645227e-05
2059 0.0
2060 0.0
2061 0.0
2062 0.0
2063 0.0
2064 0.0
2065 0.0
2066 0.0
2067 0.0
2068 0.0
2069 0.0
2070 0.0
2071 0.0
2072 0.0
2073 0.001997245421886819
2074 0.0
2075 0.0
2076 0.0
2077 0.0
2078 0.0
2079 0.0
2080 0.0
2081 0.0004890299660889836
2082 0.0011653815606483319
2083 0.0
2084 0.0
2085 0.0
2086 0.0
2087 0.0
2088 0.0
2089 0.0
2090 0.0
2091 0.0
2092 -0.00039678617201413746
2093 -0.001746491408965832
2094 -0.0006875815932967522
2095 -0.0012216321092766247
2096 -0.0025046663845106117
2097 0.0
2098 0.0
2099 -0.0021984110842148126
2100 -0.0006351472776896004
2101 -0.004467241568683687
2102 -0.0036007732387575058
2103 -0.0017644435813624763
2104 0.0
2105 0.0
2106 0.0
2107 0.0015479945342912458
2108 0.0
2109 0.0
2110 0.0
2111 0.0023696805231979566
2112 0.0
2113 0.0
2114 0.0
2115 0.0
2116 0.0
2117 0.0
2118 0.0
2119 0.0
2120 0.0
2121 0.0
2122 0.0
2123 0.0
2124 0.0
2125 0.00027136449533985736
2126 0.0
2127 0.0
2128 0.0
2129 0.0007031493749848534
2130 0.0
2131 0.0
2132 0.0
2133 0.0
2134 0.0003551658397545297
2135 0.0009358557336425504
2136 0.0
2137 0.0005449440567354896
2138 0.0010634177413952758
2139 0.0
2140 0.0
2141 0.0
2142 0.0
2143 0.0
2144 0.0005146883344732277
2145 0.0025063019427722347
2146 0.0024531138132021816
2147 0.0
2148 0.0
2149 0.0
2150 0.0
2151 0.0
2152 0.0
2153 0.0
2154 0.0
2155 0.0
2156 -0.0004311798507492077
2157 0.0
2158 0.0
2159 0.0
2160 -0.0009647098402015292
2161 0.0
2162 0.0
2163 0.0
2164 -0.0003662041892524446
2165 -0.0023350470970670894
2166 -0.0024297674545791605
2167 0.0
2168 0.0
2169 0.0
2170 0.0004931530716160554
2171 0.001417362132854274
2172 0.0
2173 0.0
2174 0.0
2175 0.0016194844310515287
2176 0.0007770068203703268
2177 0.0
2178 -0.0007841392123336434
2179 0.0
2180 0.0
2181 0.0
2182 0.001233093504893203
2183 0.0013782097237851315
2184 0.0
2185 0.0
2186 0.0
2187 0.0
2188 0.0
2189 0.0003219608933620866
2190 0.0
2191 0.0
2192 0.0
2193 0.0
2194 0.0
2195 0.0
2196 0.0
2197 0.0
2198 0.0
2199 0.00013126320579225195
2200 0.0
2201 0.0
2202 0.0
2203 0.0010012005073629813
2204 0.0009863318209499723
2205 0.0
2206 0.0
2207 0.0
2208 0.0
2209 0.0018824821023534764
2210 0.002281847001060788
2211 0.0
2212 0.0
2213 0.0
2214 0.0
2215 0.0
2216 0.0
2217 0.0
2218 0.0
2219 0.0
2220 0.0
2221 -0.00025617760766146483
2222 0.0
2223 0.0
2224 0.0
2225 0.0
2226 0.0
2227 0.0
2228 0.0
2229 -0.0009302908651482463
2230 -2.5664063041418518e-05
2231 -1.3525458297823675e-05
2232 0.0
2233 0.0
2234 0.0002196633307404914
2235 0.001312639919629858
2236 0.0
2237 0.0
2238 0.0
2239 0.0
2240 0.0
2241 0.0
2242 -0.001539380368306756
2243 0.0
2244 0.0
2245 0.0
2246 0.0004932555021552583
2247 6.658399572092278e-05
2248 0.0
2249 0.0
2250 0.0
2251 0.0
2252 0.0
2253 0.0
2254 0.0
2255 0.0
2256 0.0
2257 0.0
2258 0.001689278051970298
2259 0.0
2260 0.0
2261 0.0
2262 0.0
2263 0.00032724174685444074
2264 0.0
2265 0.0
2266 0.0001234807804208636
2267 0.0007029576321546389
2268 0.0
2269 0.0
2270 0.0
2271 0.0
2272 0.0
2273 0.001175807411488418
2274 0.00025593066063803177
2275 0.0
2276 0.0
2277 0.0
2278 0.0
2279 0.0
2280 0.0
2281 0.0
2282 0.0
2283 0.0
2284 0.0
2285 0.0
2286 0.0
2287 0.0
2288 0.0
2289 0.0
2290 0.0
2291 0.0
2292 0.0
2293 0.0
2294 0.0
2295 0.0
2296 0.0
2297 0.0
2298 0.00013139880356169734
2299 0.0
2300 0.0
2301 0.0
2302 0.0
2303 0.0013239370668905823
2304 0.0
2305 0.0
2306 -0.0009228176423542841
2307 0.0
2308 0.0
2309 0.0
2310 0.0
2311 0.0005416899824061493
2312 0.0
2313 0.0
2314 0.0
2315 0.0
2316 0.0
2317 0.0
2318 0.0
2319 0.0
2320 0.0
2321 0.001075455297552906
2322 0.0001936697538645483
2323 0.00019433651935182742
2324 0.0
2325 0.0009771573762974261
2326 0.0
2327 0.0018228080682206997
2328 0.0009231658990802344
2329 1.8065218919615197e-05
2330 0.0
2331 0.0
2332 0.0
2333 0.0
2334 0.0
2335 0.0
2336 0.0
2337 0.0
2338 0.0
2339 0.0
2340 0.0
2341 0.0
2342 0.0
2343 0.0
2344 0.0
2345 0.0
2346 0.0
2347 0.0
2348 -7.012066183471319e-05
2349 0.0
2350 -0.0016890561490643704
2351 0.0
2352 0.0
2353 0.0
2354 0.0
2355 0.0
2356 0.0
2357 0.0
2358 0.0
2359 0.0
2360 0.0
2361 0.0
2362 0.0
2363 0.0
2364 0.0
2365 0.00010787635164562703
2366 5.629959628184692e-06
2367 0.0
2368 0.0
2369 0.0
2370 0.0
2371 0.0
2372 0.0
2373 0.0
2374 0.0
2375 0.0
2376 0.0
2377 0.0
2378 0.0
2379 0.0
2380 0.0
2381 0.00026887929489322244
2382 0.0
2383 0.0
2384 0.0
2385 0.0
2386 0.0009294283850667206
2387 1.3077212921176469e-05
2388 0.0011042970641992954
2389 0.0
2390 0.0
2391 0.0
2392 0.0
2393 0.0
2394 0.0
2395 0.0
2396 0.0
2397 0.0
2398 0.0
2399 0.0
2400 0.0
2401 0.0
2402 0.0
2403 0.0
2404 0.0
2405 0.0
2406 0.0
2407 0.0
2408 0.0
2409 0.0
2410 0.0
2411 0.0
2412 -0.000554799683313335
2413 -0.0007569893230760236
2414 -0.001338990840363574
2415 -0.0002543170230595268
2416 -0.0010384710098797713
2417 0.0
2418 0.0
2419 -0.001933041843107329
2420 -8.75862264250112e-06
2421 0.0
2422 0.0
2423 0.0
2424 0.0
2425 0.0
2426 0.0
2427 0.0
2428 0.0
2429 0.00015028763612552412
2430 0.0002922909790997038
2431 0.0014319668028468886
2432 0.0
2433 0.0
2434 0.0
2435 0.0
2436 0.0
2437 0.0
2438 0.0
2439 0.0
2440 6.117694749150229e-05
2441 0.0
2442 0.0
2443 -0.0006519023202603333
2444 0.0
2445 0.0
2446 0.0
2447 0.0
2448 0.0
2449 0.0
2450 0.0007868082012434659
2451 0.0012561368753842706
2452 0.0009083025390375014
2453 0.0
2454 0.0
2455 0.0
2456 0.0
2457 0.0
2458 0.0
2459 0.0
2460 0.0
2461 0.0
2462 0.0
2463 0.0
2464 0.0
2465 0.0
2466 0.0
2467 0.0
2468 0.0
2469 0.0
2470 0.0
2471 0.0
2472 0.0
2473 0.0
2474 0.0
2475 0.0
2476 0.0
2477 -0.0015899296271080488
2478 -0.0014193769965100563
2479 -0.00027932793336300917
2480 0.0
2481 -0.0018181528966145944
2482 -0.001153622884396867
2483 0.0
2484 0.0
2485 0.0
2486 0.0
2487 0.0
2488 0.0
2489 0.0
2490 0.0
2491 0.0
2492 0.00021528438566595414
2493 0.0006609638557007773
2494 0.0024804837025156332
2495 0.0029761316348779977
2496 0.0
2497 0.0
2498 0.0
2499 0.0
2500 0.0
2501 0.0
2502 0.0
2503 0.0
2504 0.0
2505 0.0
2506 0.0
2507 -0.0014544645808421937
2508 0.0
2509 0.0
2510 0.0
2511 0.0
2512 0.0
2513 0.0
2514 0.00037305149343138863
2515 0.0
2516 0.0014593889814351793
2517 0.0
2518 0.0
2519 0.0
2520 0.0
2521 0.0
2522 0.0
2523 0.0
2524 0.0
2525 0.0
2526 0.0002811204834537981
2527 0.0003915002696564989
2528 0.0
2529 0.0
2530 0.0
2531 0.0
2532 0.0
2533 0.0
2534 0.0
2535 0.0
2536 0.0
2537 0.0
2538 0.0
2539 -0.0014580136565279823
2540 -0.002070779912105467
2541 -0.001495594349914812
2542 -0.00043042815880416264
2543 -0.0001594056145996559
2544 0.0
2545 -0.002566286187607218
2546 -0.004181228493384901
2547 -0.0008212974712157714
2548 0.0
2549 -0.0015459648931914198
2550 -0.002124215612188625
2551 -0.0004003753587083043
2552 -0.0007059942090523641
2553 0.0
2554 0.0
2555 0.000506223411874027
2556 0.0022804599469416816
2557 0.002074770263157301
2558 0.0010844260884995424
2559 0.001462675764247065
2560 0.0
2561 0.0
2562 0.0
2563 0.0
2564 0.0
2565 0.0
2566 0.0
2567 0.0
2568 0.0
2569 0.0
2570 0.0
2571 0.0
2572 0.0
2573 0.0
2574 0.0
2575 0.0
2576 0.0
2577 0.0
2578 0.001280115653907166
2579 0.00033754204223658047
2580 0.0010964435812562353
2581 3.231515926271857e-05
2582 0.0
2583 0.0002442153566017187
2584 0.0
2585 0.0
2586 0.0
2587 0.0
2588 0.0
2589 0.0
2590 0.0
2591 0.0
2592 0.0
2593 0.0
2594 0.0
2595 0.001975437129206317
2596 0.0014008488554467483
2597 0.0
2598 0.0
2599 0.0
2600 0.0
2601 0.0
2602 0.0
2603 0.0
2604 -0.001019946191853038
2605 -0.0003409790187595954
2606 0.0
2607 -1.942055529796317e-05
2608 0.0
2609 -0.0017504655043093897
2610 -0.0018238446264962369
2611 -0.0025839366913797653
2612 -0.0020710978794386513
2613 -0.00013294215573738532
2614 0.0
2615 0.0
2616 0.0
2617 0.0
2618 0.0
2619 1.0683841070204147e-05
2620 0.0
2621 0.00032953238020366006
2622 8.203146911980766e-05
2623 0.0017190913477363548
2624 0.0
2625 0.0
2626 0.0
2627 0.0005305753419194407
2628 0.0005906428524590563
2629 0.0
2630 0.0
2631 0.0
2632 0.0
2633 0.0
2634 0.0
2635 0.0
2636 0.0
2637 0.0
2638 0.0
2639 0.0
2640 0.0
2641 0.0
2642 5.548312598939887e-05
2643 0.0
2644 0.0
2645 0.0
2646 0.0
2647 0.0
2648 0.0
2649 0.0
2650 0.0
2651 0.0
2652 0.0
2653 0.0
2654 0.0
2655 0.0
2656 0.0
2657 0.0
2658 0.0
2659 0.0
2660 0.0
2661 0.0
2662 0.0
2663 0.0
2664 0.0
2665 0.0
2666 0.0
2667 0.0
2668 0.0
2669 -0.0011758368075028792
2670 -0.0015690607628474288
2671 -0.0010360977262444556
2672 0.0
2673 0.0
2674 0.0
2675 -0.0007369358700861527
2676 -0.000670650162123943
2677 0.0
2678 0.0
2679 0.0
2680 0.0
2681 0.0
2682 0.0
2683 0.0
2684 0.0
2685 0.0014175322387243406
2686 0.0003844367530574896
2687 0.002678841999410839
2688 0.0
2689 0.0
2690 0.0
2691 0.0
2692 0.0015399791539864904
2693 8.546215891409235e-05
2694 0.0
2695 0.0
2696 0.0
2697 0.0
2698 0.0
2699 0.0
2700 0.0
2701 0.0
2702 0.0
2703 0.0
2704 0.0
2705 0.0
2706 0.0
2707 0.0
2708 0.0
2709 0.0001534684192573808
2710 0.0
2711 0.0
2712 0.0
2713 0.0
2714 0.0
2715 0.0
2716 0.0
2717 0.0
2718 0.0
2719 0.0
2720 0.0
2721 0.0
2722 1.7667180132323363e-05
2723 0.001958655533547242
2724 0.0
2725 0.0
2726 0.0
2727 0.0
2728 0.0
2729 0.0
2730 0.0
2731 0.0
2732 -0.0008899280894981588
2733 -0.0025963632907595874
2734 -0.0019550268805066965
2735 -2.1341203194956457e-05
2736 0.0
2737 0.0
2738 0.0
2739 0.0
2740 0.0
2741 0.0
2742 0.0
2743 0.0
2744 0.0
2745 0.0
2746 0.0
2747 0.0
2748 0.0
2749 0.0
2750 0.0
2751 0.001324638772939877
2752 0.0
2753 0.0
2754 0.0
2755 0.0
2756 0.0015363319804578622
2757 0.0
2758 0.0
2759 0.0
2760 0.0
2761 0.0
2762 0.0
2763 0.0
2764 0.0
2765 0.0
2766 -0.00035633964640383855
2767 0.0
2768 0.0
2769 0.0
2770 0.0
2771 0.0
2772 0.0
2773 0.0
2774 0.0
2775 0.0
2776 0.0
2777 0.0
2778 0.0
2779 0.0
2780 0.0
2781 0.0
2782 0.0
2783 0.0
2784 0.0
2785 0.0
2786 0.001188542808494895
2787 0.0005552217120303705
2788 0.0
2789 0.0
2790 0.0
2791 0.0
2792 0.0
2793 0.0
2794 0.0
2795 0.0
2796 0.0
2797 -0.002627571454475154
2798 -0.0010546274620899057
2799 -0.0018245584350475327
2800 0.0
2801 0.0
2802 0.0
2803 0.0
2804 0.0
2805 0.0
2806 0.0
2807 0.0
2808 0.0
2809 0.00020315314662957792
2810 0.0
2811 0.0
2812 0.0
2813 0.0
2814 0.0
2815 0.0013746819297745909
2816 0.0
2817 0.0
2818 0.0
2819 0.0
2820 0.0009461853293477287
2821 0.0
2822 0.0
2823 0.0
2824 0.0
2825 0.0
2826 0.0
2827 0.0
2828 0.0
2829 -1.427918081279913e-05
2830 0.0
2831 0.0
2832 0.0
2833 0.0
2834 0.0
2835 0.0
2836 0.0
2837 0.0
2838 0.0
2839 0.0
2840 0.0
2841 0.0
2842 0.0
2843 0.0
2844 0.0
2845 0.0
2846 0.0
2847 0.0
2848 0.0
2849 0.0
2850 0.0008432262381947155
2851 0.0014259658896699531
2852 0.001007418572535927
2853 0.0
2854 0.0
2855 0.0
2856 0.0
2857 0.0
2858 0.0
2859 0.0
2860 0.0
2861 -0.00041045490126689655
2862 0.0
2863 0.0
2864 0.0
2865 0.0
2866 0.0
2867 0.0
2868 0.0
2869 0.0
2870 0.0
2871 0.0
2872 0.0
2873 0.0
2874 0.0
2875 0.0
2876 0.0
2877 0.0
2878 0.000278061291673392
2879 0.000920309911245307
2880 0.0
2881 0.0
2882 0.0
2883 0.0
2884 0.00022960628738323826
2885 0.0
2886 0.0
2887 0.0
2888 0.0
2889 0.0
2890 0.0
2891 0.0
2892 0.0
2893 0.0
2894 0.0
2895 0.0007034411648148024
2896 0.001615239862722903
2897 1.6254597630321926e-05
2898 0.0
2899 0.0
2900 0.0
2901 0.0
2902 0.0
2903 0.0
2904 0.0
2905 0.0
2906 0.0
2907 0.0
2908 0.0
2909 0.0
2910 0.0
2911 0.0
2912 0.0
2913 0.0009440429774389093
2914 0.0029505682778340927
2915 0.0020108710456079315
2916 0.0027173180399240326
2917 0.0
2918 0.0
2919 0.0
2920 0.0
2921 0.0
2922 0.0
2923 0.0
2924 0.0
2925 0.0
2926 0.0
2927 0.0
2928 0.0
2929 0.0
2930 0.0
2931 0.0
2932 0.0
2933 0.0
2934 0.0
2935 0.0
2936 0.0
2937 -0.002226331439194125
2938 0.0
2939 0.0
2940 0.0
2941 0.0
2942 0.0
2943 0.00048681356070044577
2944 0.0
2945 0.0
2946 0.0
2947 0.0
2948 0.0016634093836407334
2949 0.0
2950 0.0
2951 0.0
2952 0.0
2953 0.0
2954 0.0
2955 0.0
2956 0.0
2957 0.0
2958 0.0012854691969838368
2959 0.00014275619985829627
2960 0.0010537353007269142
2961 0.002301804871798946
2962 0.001559733738562339
2963 0.0004967313603642001
2964 0.0
2965 0.0
2966 0.0
2967 0.0
2968 0.0
2969 0.0
2970 0.0
2971 0.0
2972 0.0
2973 0.0
2974 0.0
2975 0.0
2976 0.0
2977 0.002189066721934048
2978 0.003904389975667159
2979 0.0
2980 0.0
2981 0.0
2982 0.0
2983 0.0
2984 0.0
2985 0.0
2986 0.0
2987 0.0
2988 0.00017101259209147124
2989 0.0
2990 0.0
2991 0.0
2992 0.0
2993 0.0
2994 0.0
2995 -1.3402724683437016e-05
2996 -0.002718350080117822
2997 -0.0011720161366882528
2998 0.0
2999 -0.0019467876688059596
3000 -0.0005669727156768
3001 -0.0011469170117073568
3002 0.0
3003 0.0
3004 0.0
3005 0.0
3006 0.0
3007 0.0
3008 0.0
3009 0.0
3010 0.0
3011 0.0
3012 0.0
3013 0.0
3014 0.0
3015 0.0
3016 0.0
3017 0.0
3018 0.0
3019 0.0
3020 0.0
3021 0.00044374366132420847
3022 3.1934455554401096e-05
3023 0.0
3024 0.0
3025 0.0
3026 0.0005892479409106186
3027 0.0
3028 0.0
3029 0.0
3030 0.0
3031 0.0
3032 0.0
3033 -0.00010214025379371911
3034 0.0
3035 0.0
3036 0.0
3037 0.0
3038 0.0
3039 0.0
3040 0.0
3041 0.0014755820248142373
3042 0.0008636664419017192
3043 0.0
3044 0.0
3045 0.0
3046 0.0
3047 0.0
3048 0.0
3049 0.0
3050 0.0
3051 0.000731896550451117
3052 0.0002822860720243269
3053 0.0
3054 0.0
3055 0.0
3056 0.0
3057 0.0
3058 0.0
3059 0.0
3060 -0.000730112754933265
3061 -0.0017466397632368244
3062 0.0
3063 -0.0016622472422887073
3064 -0.0017744429345552114
3065 -0.0006090740955086071
3066 0.0
3067 0.0
3068 0.0
3069 0.0
3070 0.0
3071 0.0
3072 0.0
3073 0.0
3074 0.0
3075 0.0
3076 0.0
3077 0.0
3078 0.0
3079 0.0
3080 0.0
3081 0.0
3082 0.0
3083 0.0
3084 0.0013021207353706226
3085 0.0009288888729852895
3086 0.0
3087 0.0
3088 0.0
3089 0.0
3090 0.0
3091 0.0
3092 0.0
3093 0.0
3094 0.0
3095 0.0
3096 0.0
3097 0.0
3098 0.0
3099 0.0
3100 0.0
3101 0.0
3102 0.0
3103 0.0
3104 0.0
3105 0.0
3106 0.0
3107 0.0
3108 0.0
3109 0.0
3110 0.0
3111 0.0
3112 0.0
3113 0.0
3114 0.0
3115 0.0
3116 0.0009846401738976495
3117 0.0
3118 0.0
3119 0.0
3120 0.0
3121 0.0
3122 -3.753825675685481e-05
3123 0.0
3124 -0.0003471356682899701
3125 -0.001064657218560316
3126 0.0
3127 0.0
3128 0.0
3129 0.0
3130 0.0
3131 0.0
3132 0.0
3133 0.0
3134 0.0
3135 0.0
3136 0.0
3137 0.0
3138 0.0
3139 0.0
3140 0.0
3141 0.0
3142 0.0
3143 0.0
3144 0.0
3145 0.0
3146 0.0
3147 0.0012633715569412493
3148 0.0
3149 0.0
3150 0.0
3151 0.0
3152 0.0
3153 0.0
3154 0.0
3155 0.0
3156 0.0
3157 0.0
3158 0.0
3159 0.0
3160 0.0
3161 0.0
3162 0.0
3163 0.0
3164 0.0
3165 0.0
3166 0.0
3167 0.0
3168 0.0
3169 0.0
3170 0.0
3171 0.0
3172 0.0
3173 0.0
3174 0.0
3175 0.0
3176 0.0
3177 0.0
3178 0.0
3179 0.0
3180 0.0
3181 0.0
3182 0.0
3183 0.0
3184 0.0
3185 0.0
3186 0.0
3187 0.0
3188 0.0
3189 -0.002420420884143172
3190 0.0
3191 0.0
3192 0.0
3193 0.0
3194 0.0
3195 0.0
3196 0.0
3197 0.0011587621873864007
3198 0.0
3199 0.0
3200 0.0
3201 0.0
3202 0.0
3203 0.0
3204 0.0
3205 0.0
3206 0.0
3207 0.0
3208 0.0
3209 7.752620582985712e-05
3210 0.0
3211 0.0
3212 0.0
3213 0.0
3214 0.0
3215 0.0
3216 0.0
3217 0.0
3218 0.0
3219 0.0
3220 0.0
3221 0.0
3222 0.0
3223 0.0
3224 0.0
3225 0.0
3226 0.0
3227 0.0
3228 0.0
3229 0.0
3230 0.0
3231 0.0
3232 0.0
3233 0.0
3234 0.0
3235 0.0
3236 0.0
3237 -0.0005664713937815362
3238 -0.00044347601835788443
3239 0.0
3240 0.0
3241 0.0
3242 0.0
3243 0.0
3244 0.0
3245 0.0
3246 0.0
3247 0.0
3248 0.0
3249 0.0
3250 0.0
3251 0.0
3252 0.0
3253 0.0
3254 0.0
3255 0.0
3256 0.0
3257 0.0
3258 0.0
3259 0.0
3260 0.0
3261 0.0
3262 7.799922780302275e-06
3263 0.0
3264 0.0
3265 0.0
3266 0.0
3267 0.0
3268 0.0
3269 0.0
3270 0.0
3271 0.0
3272 3.5548727447732266e-06
3273 0.002489781689112139
3274 0.0009682631500993692
3275 0.0
3276 0.0
3277 0.0
3278 0.0
3279 0.0
3280 0.0
3281 0.0
3282 0.0
3283 0.0
3284 0.0
3285 0.0
3286 0.0
3287 -0.0009607019309862668
3288 -0.0002161603005150319
3289 0.0
3290 0.0
3291 0.0
3292 0.0
3293 0.0
3294 0.0
3295 0.0
3296 0.0
3297 0.0
3298 0.0
3299 0.0
3300 0.0
3301 -0.001212561596113813
3302 -0.001998727295689218
3303 -4.1596052230468065e-05
3304 0.0
3305 0.0
3306 0.0
3307 0.0
3308 0.0
3309 0.0
3310 0.0
3311 0.0
3312 0.0
3313 0.0
3314 0.0
3315 0.0
3316 0.0
3317 0.0
3318 0.0
3319 0.0
3320 -2.8464754221086387e-05
3321 -6.082927815657828e-05
3322 0.0
3323 0.0
3324 0.0
3325 0.0
3326 0.0
3327 0.0005505526739042308
3328 0.0
3329 0.0
3330 0.0
3331 0.0
3332 0.0
3333 0.0
3334 0.0
3335 0.0011742147879143076
3336 0.0025222796298875107
3337 0.00038345594260701284
3338 0.0002537876079204909
3339 0.001324216365489268
3340 0.0
3341 0.0
3342 0.0
3343 0.0
3344 0.0
3345 0.0
3346 0.0
3347 0.0
3348 0.0
3349 0.0
3350 0.0
3351 -0.0001259181388111245
3352 0.0
3353 0.0
3354 0.0
3355 0.0
3356 0.0
3357 0.0
3358 0.0
3359 0.0
3360 0.0
3361 0.0
3362 0.0
3363 0.0
3364 0.0
3365 -0.00051072386911608
3366 -0.00024785104133307807
3367 0.0
3368 0.0
3369 0.0
3370 0.0
3371 0.0
3372 -0.0011382309812041432
3373 0.0
3374 0.0
3375 0.0
3376 0.0
3377 0.0
3378 0.0
3379 0.0
3380 0.0
3381 0.0
3382 0.0
3383 0.0
3384 -1.425320796038905e-05
3385 0.0
3386 0.0
3387 0.0
3388 0.0
3389 0.0
3390 0.0
3391 0.0
3392 -0.0008245974983100645
3393 -0.0012565094198591312
3394 0.0
3395 -0.0009025369039231215
3396 0.0
3397 0.0
3398 0.0
3399 0.0022759064857011376
3400 0.0
3401 0.0
3402 0.0
3403 0.0
3404 0.0
3405 0.0
3406 0.0
3407 0.0
3408 -0.0006931576421396312
3409 0.0
3410 0.0
3411 0.0
3412 0.0
3413 0.0
3414 0.0
3415 0.0
3416 0.0
3417 0.0
3418 0.0
3419 0.0
3420 0.0
3421 0.0
3422 0.0
3423 0.0
3424 0.0
3425 0.0
3426 0.0
3427 0.0
3428 0.0
3429 0.0
3430 0.0
3431 0.0
3432 0.0
3433 0.0
3434 0.0
3435 -0.00027483004889712934
3436 -0.001030162949418649
3437 -0.0005230162497165651
3438 0.0
3439 0.0
3440 0.0
3441 0.0
3442 0.0
3443 0.0
3444 0.0
3445 0.0
3446 0.0
3447 0.0
3448 -0.00021606778059880867
3449 -1.7257436792079625e-05
3450 -0.00039862362140687634
3451 0.0
3452 0.0
3453 0.0
3454 0.0
3455 0.0
3456 -0.0005893130695389515
3457 -0.0014457140682719806
3458 0.0
3459 0.0
3460 0.0
3461 0.0
3462 0.0
3463 0.0
3464 0.0
3465 0.0
3466 0.0
3467 0.0
3468 0.0
3469 0.0
3470 0.0
3471 -0.00033617980426625855
3472 -0.001279842974070628
3473 0.0
3474 0.0
3475 0.0
3476 0.0
3477 0.0
3478 0.0
3479 0.0
3480 0.0
3481 0.0
3482 0.0
3483 0.0
3484 0.0
3485 0.0
3486 0.0
3487 0.0
3488 0.0
3489 0.0
3490 0.0
3491 0.0
3492 0.0
3493 0.0
3494 0.0
3495 0.0
3496 0.0
3497 0.0
3498 0.0
3499 0.0
3500 -0.0008341780896492768
3501 0.0
3502 0.0
3503 0.0
3504 0.0
3505 0.0
3506 0.0
3507 0.0
3508 0.0
3509 0.0
3510 0.0
3511 0.0
3512 -0.00015907784075181204
3513 -6.927332216411426e-06
3514 -0.0015112602934951105
3515 0.0
3516 0.0
3517 0.0
3518 0.0
3519 0.0
3520 -0.00021488160592520638
3521 0.0
3522 -0.0008711546895179811
3523 0.0
3524 0.0
3525 0.0
3526 0.0
3527 0.0
3528 0.0
3529 0.0
3530 0.0
3531 0.0
3532 0.0
3533 0.0
3534 0.0
3535 0.0
3536 -0.001292189258816379
3537 -0.0004044378483780933
3538 -0.00027569068248861476
3539 0.0
3540 0.0
3541 -5.0824711787948094e-05
3542 0.0
3543 0.0
3544 0.0
3545 0.0
3546 0.0
3547 0.0
3548 0.0
3549 0.0
3550 0.0
3551 0.0
3552 0.0
3553 0.0
3554 0.0
3555 0.0
3556 0.0
3557 0.0
3558 0.0
3559 0.0
3560 0.0
3561 0.0
3562 0.0
3563 0.0
3564 0.0
3565 0.0
3566 0.0
3567 0.0
3568 0.0
3569 0.0
3570 0.0
3571 0.0
3572 0.0
3573 -0.000424867596157941
3574 -2.4591637718426855e-05
3575 -3.9537790673669086e-05
3576 0.0
3577 -0.0004659557310322929
3578 -0.0010153067090846975
3579 -0.0001320071017125487
3580 0.0
3581 0.0
3582 0.0
3583 0.0
3584 0.0
3585 0.0
3586 -0.0007280137885960922
3587 -0.0003584079153080073
3588 0.0
3589 0.0
3590 0.0
3591 0.0
3592 -3.2661851543921694e-06
3593 0.0
3594 0.0
3595 0.0
3596 0.0
3597 0.0
3598 0.0
3599 0.0
3600 0.0
3601 -0.0008840493771068423
3602 -0.0007646668717302061
3603 -0.0006869358239090647
3604 0.0
3605 -8.354101799886788e-05
3606 0.0
3607 0.0
3608 0.0
3609 0.0
3610 0.0
3611 0.0
3612 0.0
3613 0.0
3614 0.0
3615 0.0
3616 0.0
3617 0.0
3618 0.0
3619 0.0
3620 0.0
3621 0.0
3622 0.0
3623 0.0
3624 0.0
3625 0.0
3626 0.0
3627 0.0
3628 0.0
3629 0.0
3630 0.0
3631 0.0
3632 0.0
3633 0.0
3634 -0.001075045271387651
3635 -9.182378529077073e-05
3636 -0.00081775036747387
3637 -0.0009745402637528948
3638 0.0
3639 0.0
3640 0.0
3641 0.0
3642 -0.0009896830915033707
3643 -0.0005793707265617147
3644 0.0
3645 0.0
3646 0.0
3647 0.0
3648 0.0
3649 0.0
3650 0.0
3651 0.0
3652 0.0
3653 0.0
3654 0.0
3655 0.0
3656 0.0
3657 -0.0006682755163529978
3658 -4.7893350174405184e-06
3659 0.0
3660 0.0
3661 0.0
3662 0.0
3663 0.0
3664 -0.0004480353505348901
3665 -0.0020626037973238602
3666 -0.0023773189936931454
3667 -0.0004447019714572146
3668 -0.0001779974455528449
3669 -0.0011643726367384386
3670 0.0
3671 0.0
3672 0.0
3673 0.0
3674 0.0
3675 0.0
3676 0.0
3677 0.0
3678 0.0
3679 0.0
3680 -0.0003596620200770749
3681 -0.0010087739826289267
3682 0.0
3683 0.0
3684 0.0
3685 0.0
3686 0.0
3687 0.0
3688 0.0
3689 0.0
3690 0.0
3691 0.0
3692 0.0
3693 0.0
3694 0.0
3695 0.0
3696 0.0
3697 0.0
3698 -0.0008468594608649801
3699 -0.00038078081737674864
3700 -0.00020079285652395914
3701 0.0
3702 0.0
3703 -0.00045344611792401456
3704 0.0
3705 0.0
3706 0.0
3707 0.0
3708 0.0
3709 0.0
3710 0.0
3711 0.0
3712 0.0
3713 0.0
3714 0.0
3715 0.0
3716 0.0
3717 0.0
3718 0.0
3719 0.0
3720 -0.0007215622681115836
3721 0.0
3722 0.0
3723 0.0
3724 0.0
3725 0.0
3726 0.0
3727 0.0
3728 0.0
3729 0.0
3730 0.0
3731 0.0
3732 0.0
3733 0.0
3734 0.0
3735 0.0
3736 0.0
3737 0.0
3738 0.0
3739 0.0
3740 0.0
3741 0.0
3742 0.0
3743 0.0
3744 -0.0010199879590735619
3745 -0.0006715579739651315
3746 0.0
3747 0.0
3748 0.0
3749 0.0
3750 0.0
3751 0.0
3752 0.0007892648046135679
3753 0.0
3754 0.0
3755 0.0
3756 0.0
3757 0.0
3758 0.0
3759 0.0
3760 0.0
3761 0.0
3762 0.0
3763 0.0
3764 0.0
3765 0.0
3766 -1.843844835456699e-05
3767 -0.00020595363026809603
3768 0.0
3769 0.0
3770 0.0
3771 0.0
3772 0.0
3773 0.0
3774 0.0
3775 0.0
3776 0.0
3777 0.0
3778 0.0
3779 0.0
3780 0.0006053535469334676
3781 0.002495217791888745
3782 0.0013377804917162877
3783 0.0
3784 0.0
3785 0.0
3786 0.0
3787 0.0
3788 0.0
3789 0.0
3790 0.0
3791 0.0
3792 0.0
3793 0.0
3794 0.0
3795 0.0
3796 -0.0004563755049664545
3797 0.0
3798 0.0
3799 0.0
3800 0.0
3801 0.0
3802 0.0
3803 0.0
3804 0.0
3805 0.0
3806 0.0
3807 0.0
3808 -0.0026963786569594644
3809 -0.0016403180781966134
3810 0.0
3811 0.0
3812 0.0
3813 0.0
3814 0.0
3815 0.0
3816 3.188336092161376e-05
3817 0.0
3818 0.0
3819 0.0
3820 0.0
3821 0.0
3822 0.0
3823 0.0
3824 0.0003234884703124279
3825 0.0
3826 0.0
3827 0.0
3828 0.0
3829 0.0
3830 0.0
3831 0.0
3832 0.0
3833 0.0
3834 0.0
3835 0.0
3836 -0.00028163353640418896
3837 0.0
3838 0.0
3839 0.0
3840 -0.0015487161774848284
3841 -0.001375019278117106
3842 0.0
3843 0.0
3844 0.0004625041648672603
3845 0.0023846014665334686
3846 0.004007745391817705
3847 0.004098866920762999
3848 0.0026713207431606225
3849 0.00271566007770603
3850 0.0008533675119657384
3851 0.0
3852 0.0
3853 0.0
3854 0.0
3855 0.0
3856 0.0
3857 0.0
3858 0.0
3859 0.0
3860 0.0
3861 0.0
3862 0.0
3863 0.0
3864 0.0
3865 0.0
3866 0.0
3867 0.0
3868 0.0
3869 0.0
3870 0.0
3871 0.0
3872 0.0
3873 0.0
3874 0.0
3875 0.0
3876 0.0
3877 0.0
3878 0.0
3879 0.0
3880 0.0
3881 0.00036080778287306877
3882 0.0003649790206073387
3883 0.0005420204925273924
3884 0.0
3885 7.880205282698546e-05
3886 0.0001528303785185686
3887 0.0006107366098330529
3888 0.0006774180585078059
3889 0.0
3890 0.0
3891 0.0
3892 0.0
3893 0.0
3894 0.0
3895 0.0
3896 0.0
3897 0.0
3898 -0.0008649295474351736
3899 0.0
3900 0.0
3901 0.0
3902 0.0
3903 0.0
3904 -0.00021486383019052782
3905 0.0
3906 0.0
3907 0.0
3908 0.0
3909 0.0
3910 0.0015921079229509823
3911 0.0034871928874470803
3912 0.005277338844987656
3913 0.00683060960323092
3914 0.003624487480122311
3915 0.002332053044302371
3916 0.0001950075039442832
3917 0.00020704027879755868
3918 0.0
3919 0.0
3920 0.0
3921 0.0
3922 -0.0006798108757233495
3923 -0.002254319277607035
3924 0.0
3925 0.0
3926 0.0
3927 0.0
3928 0.0
3929 0.0
3930 0.0
3931 0.0
3932 0.0
3933 0.0
3934 0.0
3935 0.0
3936 0.0
3937 0.0
3938 3.7375320048016322e-06
3939 0.0
3940 0.0
3941 0.000557199043167225
3942 0.0
3943 0.0
3944 0.0
3945 0.0
3946 0.0
3947 0.0
3948 0.0
3949 0.0012195995726844893
3950 0.00041074527976712235
3951 0.00087468873477629
3952 0.00015137771692770696
3953 0.0
3954 0.0
3955 0.0
3956 0.0
3957 0.0
3958 0.0
3959 0.0
3960 0.0
3961 0.0
3962 0.0
3963 0.0
3964 0.0
3965 0.0
3966 0.0
3967 0.0
3968 -0.00028929268523066086
3969 0.0
3970 0.0
3971 0.0
3972 0.0
3973 0.0
3974 0.0
3975 0.0
3976 0.0
3977 0.0
3978 0.0
3979 0.0
3980 0.0
3981 0.0
3982 0.0
3983 0.0
3984 0.0
3985 0.0
3986 0.0
3987 -0.000253084480428756
3988 0.0
3989 0.0
3990 0.0
3991 0.0
3992 0.0
3993 0.0
3994 0.0
3995 0.0
3996 0.0
3997 0.0
3998 0.0015948604953924036
3999 0.0011557175840601174
4000 5.2908352133574214e-05
4001 0.0
4002 0.0007600514864719975
4003 0.0002623193005652482
4004 0.0005666750664355786
4005 0.0003042119088463794
4006 0.0003328007484129041
4007 0.0
4008 0.000356952460197817
4009 0.0002279711721628855
4010 0.0
4011 0.0008335699888699417
4012 0.00013357919481039285
4013 0.0
4014 0.0
4015 5.3346387050757136e-06
4016 0.0
4017 0.0
4018 0.0
4019 0.0
4020 0.0
4021 0.0
4022 0.0
4023 0.0
4024 0.0
4025 0.0
4026 0.0
4027 -0.0005831991587524411
4028 -0.0011635413310312384
4029 -0.0004914926469736211
4030 -0.001084764021813174
4031 0.0
4032 -0.0021840868632567994
4033 -0.001584950747022224
4034 -0.0003212851927656323
4035 0.0
4036 0.0
4037 0.0
4038 0.0
4039 0.0
4040 0.0
4041 0.0
4042 0.0
4043 0.0
4044 0.0
4045 0.0
4046 0.0
4047 0.0
4048 0.0
4049 0.0
4050 0.0
4051 0.0
4052 0.0
4053 0.0
4054 0.0
4055 0.0
4056 0.0
4057 0.0
4058 0.0
4059 0.0
4060 0.0
4061 0.0
4062 1.57126397064461e-05
4063 0.002176935297831118
4064 0.003380894674940728
4065 0.0013756206915064317
4066 0.0009751711092603433
4067 0.00030566440176129056
4068 0.0
4069 0.00034743721936228173
4070 0.0006813114291032904
4071 0.0013277305556230752
4072 0.00030796970603444397
4073 0.0
4074 0.0
4075 0.0
4076 0.0
4077 0.0
4078 0.0
4079 0.0
4080 0.0
4081 0.0
4082 0.0
4083 0.0
4084 0.0
4085 0.0
4086 0.0
4087 0.0
4088 -0.00012294549064806204
4089 -0.00048675641793746933
4090 0.0
4091 0.0
4092 0.0
4093 0.0
4094 0.0
4095 0.0
