 0
0 3.9911936488820023
1 3.6323548127193095
2 3.852037830575117
3 4.394930787821628
4 4.549336307699025
5 3.5302056501289334
6 2.8769247186100615
7 1.910817186177626
8 2.661657226324354
9 3.0816368918312302
10 2.3049656442867996
11 2.8497137056596396
12 2.938080957430536
13 2.558775887150653
14 2.098925882645392
15 1.9167786988878965
16 1.9284197660500504
17 1.0029698696558835
18 0.4043906395834807
19 0.5060139894170793
20 0.7433885937624884
21 0.5699774631336308
22 0.07048232977298641
23 0.0009404863238849441
24 0.07799223966868488
25 0.018222321293299443
26 0.0027523020267483022
27 0.0788418905420235
28 0.1386723637674472
29 0.44672477924753023
30 0.35384735568453496
31 0.618745711235656
32 0.9998125144277875
33 1.7247043174545507
34 1.4559074323521852
35 0.5308036808155111
36 0.4373603018074886
37 1.1163726787188544
38 1.3546379255058725
39 1.5379550717420623
40 1.5990570549426522
41 1.5235447240213205
42 1.2584392838194267
43 0.6755096324375341
44 0.935386598650653
45 0.8008196774467349
46 1.6860731459050728
47 1.960564791955096
48 1.639300334568512
49 1.3236234834650809
50 2.134253511735982
51 1.6951212457642053
52 1.3612758552619875
53 1.0799631266045155
54 0.9845615778000707
55 0.43262489538899274
56 0.38993136804037953
57 0.43539956946467295
58 0.7151374559233971
59 0.5367875003568606
60 0.1613759021111477
61 0.35834365731440293
62 0.45894645737768675
63 0.52467028287162
64 3.4727624906454486
65 2.68800080521697
66 2.8460635095551483
67 2.774911707970448
68 2.589860745071746
69 2.1894343814960675
70 1.8139266988350424
71 1.321150989670289
72 1.1875741423155775
73 1.2298763265559793
74 0.627420032638264
75 1.0597107678108422
76 1.5515132233323194
77 2.2913379358942114
78 2.6829987928640993
79 2.641965649764238
80 1.6805288185517333
81 0.9396867323636143
82 0.5719165759755542
83 0.3771468541151163
84 0.5278578018491822
85 0.4570050308946734
86 0.01673683809703975
87 0.03500540181359949
88 0.1129086446807912
89 0.08489105795862929
90 0.10860187152586455
91 0.11898163181457909
92 0.4281538310636735
93 0.6880168950774931
94 0.6577186496978292
95 0.7492868223144848
96 1.384868924213217
97 1.6512240800685243
98 1.6680954561982904
99 1.46378446240901
100 1.7035574484741374
101 3.038187545753551
102 2.3287076798222097
103 1.9876006905965427
104 1.2865867742290171
105 1.1829526591166577
106 0.7957912183434106
107 0.48540715878607593
108 0.7489341766872036
109 0.42796175514557994
110 0.8204937405639597
111 0.7999668438591693
112 1.0148011398036139
113 0.773341105645503
114 1.1664988237593061
115 1.0869932564948528
116 0.8663173326073246
117 0.808085594352447
118 0.9541176521536477
119 0.9374263765866984
120 0.6422837243041325
121 0.7765226381622867
122 0.6086006292374859
123 0.513351011083344
124 0.07973643781259143
125 0.12775023681616493
126 0.07124484658583298
127 0.15216027873255847
128 2.3194331295769577
129 2.3591816040575857
130 2.365220582323609
131 1.8583298297738988
132 2.5542526075038166
133 1.0864051606136103
134 0.7235538936851559
135 0.4181329504237833
136 0.506093659313535
137 0.71071334394121
138 0.28503101345774023
139 0.44814255819705223
140 0.27231876601999905
141 0.66993483468295
142 0.8483836975758692
143 1.6201717224748964
144 1.0262847814712646
145 0.8618478163799616
146 0.5651384701117853
147 0.21141423833832873
148 0.09213637530125057
149 0.074321339370572
150 0.04744811736368921
151 0.5546895092339365
152 0.6071734458076186
153 0.4111634565156292
154 0.10746394417442798
155 0.2272103646235732
156 0.5000251122272146
157 0.6546014259082499
158 1.3250791544875933
159 2.229251943078329
160 3.663499635325973
161 3.669798158042438
162 2.738822167176615
163 3.230932178755987
164 3.2141715813521468
165 3.209698115754661
166 2.140131274074466
167 1.760867083528915
168 0.8529780930279754
169 1.1598936436962666
170 0.6503543939002271
171 0.6557311025294651
172 0.3937886293799377
173 0.1933522325843124
174 0.31307640295800276
175 0.6553076954120692
176 0.4545818931877487
177 0.3840450207991955
178 0.9102835587203021
179 1.0940250563001457
180 0.9829027676304352
181 0.6786676813193997
182 0.3739536885126627
183 0.8501783336940123
184 0.6401012969429414
185 0.7214335694224839
186 0.2877821675977811
187 2.607817925404625e-08
188 0.005116848731475711
189 0.04522462812875851
190 0.07556962574091887
191 0.1272245741030079
192 1.8101692935229579
193 1.3576825247144573
194 1.884408774114201
195 0.8407552817837202
196 1.0480422706575976
197 2.192076911660487
198 1.6524637991332762
199 0.904084008471894
200 0.6647406244868478
201 1.0422996775461972
202 0.6658123092770653
203 1.3016055212017084
204 1.2785227788285822
205 1.3668490680117402
206 1.1753333773559127
207 1.2506042378334892
208 0.5498118136744278
209 0.49407276713238435
210 0.031760440579270265
211 0.028558948080290764
212 0.020851850810521655
213 0.01006027753435215
214 0.6472207288767571
215 0.9241772843838202
216 0.8253101568810295
217 0.6126603987602033
218 0.4590070260395454
219 0.3743099825543394
220 0.9332688615144155
221 1.6102324958955743
222 2.755659185066399
223 4.631855965492767
224 5.4785134652158325
225 2.906590552496943
226 2.426112482528096
227 2.309285226340394
228 1.7636057500187792
229 2.2807761073784167
230 2.5082126511628435
231 2.2921673698279172
232 1.57538823435911
233 1.3517647202596623
234 1.7999147278655414
235 1.724379936614755
236 1.011277811442504
237 0.4199018918936622
238 0.36671642640168983
239 0.45347577438175257
240 0.32489687766426956
241 0.08641356044636145
242 0.07219986469670177
243 0.29025311858929226
244 0.3694892090347626
245 0.2151218409887821
246 0.23744497552232174
247 0.49769614154100167
248 0.6614243719868929
249 0.4821397315092917
250 0.05096353818902137
251 0.01960525752387816
252 0.01985718626159799
253 0.1390026690309432
254 0.31509622140860993
255 0.6974492253952261
256 2.07201394563461
257 0.6005144314533974
258 0.6225671697399179
259 0.6671761455939753
260 0.4501755808653041
261 1.9765049354846211
262 1.9770352822853836
263 1.7603861160568455
264 2.8019712198838524
265 3.542927574238687
266 2.9096449243910647
267 4.962834675075745
268 3.904011298856698
269 3.226495775099578
270 2.6507301560028824
271 1.795122291219137
272 0.5939888222802389
273 0.43098539365042426
274 0.3829524413280283
275 0.12161765377976698
276 0.014531377249245789
277 0.45684696058166785
278 1.0055494060107721
279 0.7850352657310287
280 0.6592312363890149
281 1.0670612448833299
282 0.964325685059404
283 0.9495143689600082
284 1.678637427573347
285 2.2867278963923052
286 2.0144339669781144
287 2.604848732965648
288 3.7558008489642525
289 2.766487091285638
290 2.6377242198440327
291 2.321188806151029
292 2.0369453386442307
293 2.664436658500099
294 2.7151027224766344
295 2.9592303839145027
296 2.939225634813475
297 3.1509800070695992
298 2.8352976063708324
299 2.617031278121964
300 1.2250017641924396
301 0.8940802394765245
302 0.3819119770269606
303 0.3466864676169205
304 0.2093555122769529
305 0.03479072467937473
306 0.00013967670060815708
307 0.052409755009793585
308 0.009721603097054696
309 0.04102343313297157
310 0.02608948325260664
311 0.14607512362504257
312 0.44624759519894946
313 0.7315174720672472
314 0.23049582945910368
315 0.20502977057820662
316 0.4209064418727339
317 0.5719955046477274
318 0.6160918115409084
319 0.7345317294541129
320 3.0592367202645128
321 1.9289730712923936
322 0.6178513588483525
323 1.0595347011196223
324 0.6852374708448868
325 2.3600871912708374
326 3.0445305912126774
327 4.1311903230554945
328 4.880607128013742
329 7.187340251208583
330 6.861858545405285
331 6.689996232635796
332 4.57792834034967
333 5.494941114255542
334 3.761857355804407
335 3.0333730678778634
336 1.6431225917239223
337 1.0100605353060732
338 0.25167397805024205
339 0.34368847161471144
340 0.4049566611973165
341 0.0035735036325629395
342 0.08182365237593056
343 0.26663799540415645
344 0.7103416473890782
345 0.6921614177982812
346 0.7975668396830866
347 1.9914394177496908
348 3.1340463918232335
349 2.4684798610495724
350 1.1567640694130283
351 1.1716377242901843
352 1.7250692273080392
353 2.8043432604708682
354 1.974478022840622
355 1.9465402230510707
356 1.830102280337658
357 2.10070861272813
358 2.599086600905097
359 2.8626243257250477
360 4.214480701087037
361 3.818818675084773
362 2.75063619734576
363 1.7380397497651527
364 1.935924844397078
365 1.3429153062121628
366 0.5965778053220034
367 0.3731287394207875
368 0.36944900903104805
369 0.06513755536541344
370 0.012929752642693453
371 0.00040419392782171167
372 0.07284670903144758
373 0.38463751056887513
374 0.005728078155256411
375 0.17059080991109132
376 0.36653611015072024
377 0.8145925333105832
378 0.9295584675707329
379 0.494230772490357
380 0.5170170065619062
381 0.5219133781113752
382 0.6792044170805069
383 0.9541627262197221
384 2.506911401896063
385 2.966420263086353
386 1.1111880969286863
387 0.37937252888806067
388 0.5589490171748284
389 1.104661724566734
390 4.224792868539315
391 6.229900243815816
392 7.780396963921575
393 8.675555145172284
394 9.260576897971267
395 7.461624426952413
396 5.3844485147861985
397 6.63556861901186
398 3.9776298827254446
399 2.6704097137504896
400 2.4106995652155043
401 1.5922478065820793
402 0.7718447563697756
403 0.6014938262782407
404 0.17625037055460344
405 0.017159547181423516
406 0.041922837080471245
407 0.36731680471792877
408 0.26997254561533
409 0.17540706948457027
410 0.6773387379840643
411 1.5554209515355348
412 3.105160595225893
413 2.5639379204719566
414 1.6819584809245225
415 0.8315423105756653
416 0.8273659978388238
417 1.2535375229769465
418 0.3848225040325195
419 0.4618992106668176
420 0.8180657625585291
421 0.6424634583181856
422 0.733953227599287
423 1.0033226586323079
424 1.8612583451639686
425 2.2907541837750762
426 2.6258125529611474
427 1.411821463465946
428 0.8597088395613642
429 0.6286675881132539
430 0.31637351319362494
431 0.6098258352792145
432 0.31753188774671515
433 0.025397900987016823
434 0.042055220372723086
435 0.0082366012279237
436 0.13570314761951682
437 0.06474233969425529
438 0.017708025885254865
439 0.0015756382890365409
440 0.15691141273155815
441 0.14929408812444975
442 0.44591788671120347
443 0.2634644455011588
444 0.30869190241215916
445 0.24302390286117193
446 0.2580898343785578
447 0.41806868660214186
448 3.005744504703123
449 3.2252443892405016
450 2.9166613361619294
451 0.33883137661913465
452 0.3382362097369798
453 0.9956475564337004
454 2.496312551532758
455 6.3068238145849245
456 7.136036963071359
457 8.402653139605366
458 8.482399832893604
459 7.5821949740494965
460 6.016123202537546
461 5.996812133328105
462 4.203324824095091
463 4.341442695166495
464 5.011539542051764
465 3.038466413870332
466 1.414151503986098
467 1.1785596912488887
468 0.10779918695922469
469 0.0011521708915291707
470 0.1778150928487448
471 0.2186120799880843
472 0.08762406449836901
473 0.003960559038224003
474 0.05849720931638716
475 0.501108274815599
476 0.9246020812317612
477 1.1581537416049186
478 0.32441521652706184
479 0.26308002119926066
480 0.03194668649025588
481 0.028360301354128037
482 0.21010638640779203
483 0.06215834132458127
484 0.0009693090082305819
485 0.021538177059179132
486 0.07314185224282534
487 0.24261142711307088
488 0.2622904912353455
489 0.28136369240667264
490 0.4952657490415253
491 0.08785504558513023
492 0.023770966961900588
493 0.0011130350527252064
494 0.2570802652863224
495 0.5036604784759524
496 0.3391995999636405
497 0.0004856157056551304
498 0.09798966803061748
499 0.01378849986395882
500 0.5561464383808207
501 0.01850252923339296
502 0.007517147239892999
503 0.01929428820757718
504 0.11367786272147286
505 0.00018371792501755096
506 0.006327936851699055
507 0.0018513626638873334
508 0.11621639716347912
509 0.09513267963287916
510 0.034275344170205356
511 0.00704541059502752
512 2.037106422573725
513 2.17061975677623
514 3.23285333945861
515 1.811097744573709
516 0.10045570356297205
517 0.9646773231843183
518 1.387731680368705
519 3.7797914491148856
520 5.63106287123209
521 6.4400884792151905
522 4.928263747781544
523 4.925118675204663
524 5.328634939393792
525 5.382435565853987
526 5.297870909508341
527 5.400385796275843
528 4.527947435185523
529 3.70952321335194
530 2.890557705084644
531 1.4699133640560924
532 0.4058335200770153
533 0.024677915724773864
534 0.013389008911281503
535 0.023171014947534985
536 0.0002921513088310709
537 0.0685225923258906
538 0.16843195713942577
539 0.06807691058304474
540 0.7228159804237367
541 0.6439292786012485
542 0.007271719029197901
543 0.12950297586825485
544 0.5190276282653918
545 0.9564578638208182
546 0.8098742191173286
547 0.29069896599933653
548 0.002717671787901092
549 0.0572173681808222
550 0.10063978594546069
551 0.06853022607025158
552 0.03495806647436597
553 0.011821051553642796
554 0.0017972022752682313
555 0.24724388367759054
556 0.591723439051985
557 0.17604629610992203
558 0.0007966143459173727
559 0.19638651511503377
560 0.13600898922461652
561 0.031959158142627654
562 0.10903802569220303
563 0.03136253063722438
564 0.3764869930433698
565 0.11813394379992276
566 0.05168119167215187
567 0.2037639152908392
568 0.40783193258756684
569 0.30164023150018926
570 0.08006065843709981
571 0.04679227096676081
572 0.05171449566610818
573 0.02429921683376732
574 0.03972160811112913
575 0.05614470138247324
576 1.7168813384443222
577 1.624435660427717
578 1.9031334076203388
579 2.5553390155674136
580 0.9914376491084372
581 0.03541650211866439
582 0.31866323966663723
583 0.33909701189899494
584 2.1161158681156285
585 2.19800140056577
586 2.2524942079084536
587 3.4220666877817596
588 3.5890677409912293
589 3.8125267465278334
590 5.133122636853131
591 5.142565343570162
592 4.574095382244496
593 3.205413175618736
594 1.8085582131709281
595 1.3549711751531406
596 0.569771945573119
597 0.10851561489206288
598 0.1515832978150425
599 0.45257971971763994
600 0.7098113949141435
601 0.1420202077053793
602 0.00700005406830844
603 0.03307799314107711
604 0.05717477941115993
605 0.07848283065126829
606 0.001565969590572332
607 0.30388420582894393
608 0.8484146578550653
609 0.9266280197478128
610 1.5187818061287026
611 1.4713052826317363
612 0.5882605578493664
613 0.45526185914856454
614 0.28133343238852077
615 0.08308424785186891
616 0.1219899524714832
617 0.3947058173443528
618 0.5815164370527307
619 1.1105126051763705
620 0.7687958403175427
621 0.7624966619526834
622 0.3600363892155494
623 0.014348327377674157
624 0.004262099368173939
625 0.05977179230449371
626 0.2209936695210162
627 0.3973412671936819
628 0.3043030528523638
629 0.13321429623861564
630 0.2783176077007031
631 0.4611786083414524
632 0.4614754947940751
633 0.3732457932511763
634 0.08053205739995997
635 0.2754554851593238
636 0.06889587218092373
637 0.15696093379995377
638 0.05242807765244227
639 0.08458573796806218
640 1.269778657731507
641 0.8849884024825434
642 1.0194711471462277
643 1.4468702320944768
644 0.9657498486245418
645 0.053349692832927766
646 0.0005673864373532665
647 0.0021337425383731027
648 0.015650112928578458
649 0.24892311560353378
650 0.4326425744009235
651 1.0785207402859824
652 1.7830744502064841
653 2.530289974099118
654 3.5766929993578587
655 4.467975236106763
656 3.638920735705871
657 3.093285005080077
658 2.00875428388181
659 1.6419250953681732
660 0.6564545768286255
661 0.15732988992831617
662 0.6161699228971445
663 1.021086305138635
664 0.34065916860303985
665 0.2683907274632359
666 0.020715383442227436
667 0.010123910471534176
668 0.06177032675513938
669 0.09563597237047973
670 0.0006411656925607044
671 0.14028347003222652
672 0.3939358936981453
673 1.0753047291088629
674 1.5508714842440254
675 1.963430831364066
676 0.8767638709588235
677 0.48045198284704604
678 0.24062839458611657
679 0.3035784831315157
680 0.3065562495776496
681 0.11496272463002427
682 0.28180534827774445
683 0.6823870062777534
684 0.5416813900206369
685 0.9991000409784396
686 0.7718822799847077
687 0.06211002170835339
688 0.09188000106592518
689 0.20237876698298882
690 0.7504675218629777
691 0.8263245931083439
692 1.0849081433531065
693 1.1984658248536928
694 0.5931277721988388
695 2.3078095191030465
696 1.0269606582041464
697 1.278344501027484
698 0.9303462624661646
699 0.5711985019591005
700 0.24239729192352727
701 0.40120450596595275
702 0.33863519368470074
703 0.21265129847959474
704 2.171355177242429
705 1.5409923669421837
706 1.1251436461320266
707 1.6720415357465177
708 1.0550654371623074
709 0.17072031710068095
710 0.09956280851650134
711 0.01321339071937612
712 0.644734200457671
713 0.4121148178621596
714 0.0033970523889234093
715 0.157738302778444
716 0.3461424710902798
717 1.0454957235422575
718 1.7659127656014262
719 2.519211522723969
720 2.47194619316634
721 2.5704982663777938
722 1.6613054951368484
723 1.2215420741231107
724 0.2639815304525696
725 0.00019518286720382694
726 0.5360808839396302
727 0.8096828282657057
728 0.6615865520773186
729 0.05351495985178261
730 0.04319168281902335
731 0.1364909977051781
732 0.4287341718960191
733 0.3404675749279179
734 0.008828294755122328
735 0.07523128838741754
736 0.35506547950700357
737 0.4857252984977858
738 0.17860289086709838
739 0.5155080516981336
740 0.33551037775903364
741 0.0034120651975027842
742 0.04250263426500559
743 0.32594983152512813
744 1.0942939574811064
745 0.9626830358614465
746 0.7806054753960849
747 0.8096544877248205
748 0.7300698706413644
749 1.7020948738580866
750 2.3081508963857567
751 0.8436197445370908
752 0.9306509166310454
753 1.670299244277434
754 2.0429898998843554
755 1.8592877533588696
756 1.4488914496630136
757 1.5206099985065336
758 0.8273760289256441
759 1.8774993925174923
760 2.2139891448324818
761 2.5131610801413644
762 2.079319513530186
763 1.403869526771635
764 1.1809323254446844
765 0.9683312897700488
766 1.024914536864061
767 0.3430497249311574
768 2.7295584039971112
769 1.7348128374534901
770 1.3119869369248707
771 2.0312536493570335
772 0.6883060425517873
773 0.016870937609231047
774 3.318784715659318e-05
775 0.026751097523646943
776 1.1099588346135876
777 1.5982688476977742
778 0.24686544259200038
779 0.003529556474780424
780 0.1129773871406154
781 0.3192050226934692
782 0.956065697268326
783 0.845691070919222
784 0.9101396498232195
785 1.2609997923929663
786 1.0472244364674985
787 0.8778802557094768
788 0.4988502613616864
789 0.8509820699576898
790 1.3581099278790671
791 1.2578428813718239
792 0.9964535173249509
793 0.27649309777643477
794 0.11781910841599784
795 0.08310905253617211
796 0.010051554306902164
797 0.008766448857591164
798 0.18191869769847804
799 0.1677631333515075
800 0.1176902811595534
801 0.2433340841047503
802 0.03558496750683569
803 0.2225888833658815
804 0.03929656249801153
805 0.01933243429576129
806 0.1345122984765365
807 0.17449552159370002
808 0.6847137113611568
809 1.0360731093482436
810 1.0180332334725208
811 0.4358788045157215
812 0.31472358670168876
813 1.6369643772677582
814 1.8212609500356118
815 0.7378912458342959
816 0.6610343349170056
817 1.5074818453990921
818 2.64066280106483
819 2.0232224334006204
820 1.776352546130046
821 2.038408451823161
822 1.2726070305889357
823 2.129944809833647
824 2.3100256009760294
825 3.0018846762910036
826 3.413551735731666
827 2.5746993893518173
828 2.4750443641012962
829 2.30377621587434
830 1.9316487302809442
831 0.8937391090351859
832 3.9273705203019293
833 1.8572251951005465
834 0.8913667656404798
835 0.6496499502603754
836 0.010179194972623927
837 0.09715207711470397
838 0.10279838513329964
839 0.4214562363439116
840 2.1099007218836947
841 2.9289882240424534
842 2.888112463634822
843 0.8623268160838744
844 0.20480630580993833
845 0.026947109078313578
846 0.041337984061006326
847 0.03096262213965269
848 0.3492446823838718
849 0.4966543568936988
850 0.8822718149939053
851 0.6010674141712429
852 0.7910398177872107
853 1.194696169186135
854 1.6412061085020608
855 0.5992754543749287
856 0.300730350475012
857 0.00022612901789084998
858 0.025510477780454836
859 0.09307263736510678
860 0.01988372376666451
861 0.07432662624726567
862 0.3105442532479623
863 0.8214463036143856
864 0.7642311518941928
865 0.7700211130123186
866 0.21447485265047384
867 0.1574519044247746
868 0.028376669387109397
869 0.2263935669953001
870 1.4990323796961882
871 1.3253600805325425
872 0.9032739688406014
873 0.8792427887156524
874 1.1763714436311346
875 1.1939464534670599
876 1.0075815128175674
877 1.6194979738134745
878 2.1740147392917057
879 1.926042817572913
880 1.8406957333166347
881 3.5440889674093077
882 3.744991422205887
883 2.8518077620815023
884 3.7029648527385364
885 2.8911493769313794
886 4.0200191293256005
887 3.7252998819676635
888 3.5133443569053275
889 3.8287494698039906
890 4.415158869790169
891 4.319074961905448
892 3.60573240122302
893 3.866826727038674
894 3.7142235210128947
895 1.864691779977036
896 2.8409776854550013
897 1.0164930721485648
898 0.6180989020294999
899 0.4354131059006754
900 0.00310818150291658
901 0.16989492558322322
902 0.7753372274846725
903 2.439374076035586
904 2.6651818087779824
905 3.292258751357914
906 5.812299293349897
907 3.728252527781723
908 1.6476568464805417
909 0.9466863204688821
910 0.45827145916461665
911 0.06596219563042598
912 0.13786015555617973
913 0.24437379968579853
914 0.2694310332946079
915 0.42073461685007196
916 0.3865263438928077
917 0.47792319846954734
918 0.7605745170049477
919 0.25941584838078624
920 0.009292361924760179
921 0.01894279595978066
922 0.029514333384286103
923 0.12664696454632812
924 0.3371467263150422
925 0.09804173893114167
926 0.3407893088857949
927 0.3876061769738458
928 0.8924204543862297
929 0.43496458480849964
930 0.09954056226932625
931 0.10374591020277413
932 0.009843601555439807
933 0.601006107049095
934 4.366207325767311
935 4.3122080468616755
936 3.429428297702711
937 2.979992188660101
938 1.8693390660089033
939 3.437492227420702
940 3.2239548518529912
941 3.945265161264195
942 4.312923763937925
943 4.199212570547581
944 5.745657292911164
945 6.8993753563102524
946 7.652533632771429
947 5.343800175366674
948 6.596593992369905
949 4.53566984223932
950 3.627912802667916
951 4.7075497997573645
952 7.573452603843439
953 5.961575919375505
954 5.874868336725705
955 6.093598415089834
956 5.790630426530583
957 5.953966013081837
958 6.172921252001969
959 2.913624502330005
960 2.0615038501443936
961 1.2006773985090737
962 0.5082886092903192
963 0.49022676993502895
964 0.07522673102692407
965 0.1617470769689524
966 1.7148584432957463
967 2.158430067648662
968 2.0274739268243978
969 3.140417940009151
970 4.4057404049425415
971 7.383145336618502
972 5.34092063519491
973 2.8905187156406322
974 2.8907435111703443
975 1.716279454850666
976 0.3565136992953827
977 0.13112506209839445
978 0.002304249928131852
979 0.008516141288898452
980 3.8939896988003027e-05
981 0.08385114779516424
982 0.18800782868783517
983 0.03619792076554739
984 0.020173200618058322
985 0.0003941310942300993
986 0.05580700135547715
987 0.03523613850949558
988 0.10168058317804814
989 0.206122239069607
990 0.37435260019699357
991 0.20692637277342107
992 0.47951673888018403
993 0.19409122748725025
994 0.011742903719409453
995 0.0027075030919963094
996 0.21791818902588392
997 0.6003097216234994
998 4.75199938005002
999 6.83250159959418
1000 5.272159434525801
1001 3.816005525029356
1002 2.2794858058151806
1003 3.473340883056345
1004 2.733387336158286
1005 5.232597329710248
1006 5.632705147887626
1007 3.589245278936268
1008 4.585554604049413
1009 6.247314282292934
1010 6.100022022012861
1011 5.113273250831648
1012 5.472169174027563
1013 6.036044876946079
1014 3.986188559266942
1015 6.907834323239069
1016 9.528487155202576
1017 6.844575727733174
1018 5.156506738409278
1019 4.887453925842878
1020 5.862165076014457
1021 7.9762266355611375
1022 6.116535156161415
1023 2.9130044025653814
1024 0.9026600341881795
1025 0.5860397002955005
1026 0.27557484256884845
1027 0.2754961793292691
1028 0.004346830375427453
1029 0.3431811628815939
1030 1.0227264009635568
1031 0.8661887819018194
1032 1.6613090568727427
1033 3.163218487637
1034 4.411740330210663
1035 8.77136212494362
1036 10.41279403527853
1037 6.34105069926968
1038 5.575853620252429
1039 3.4463471664405954
1040 1.656837865798541
1041 0.9376650874388089
1042 0.3988415354574413
1043 0.010478594482580997
1044 0.07653119541973821
1045 0.0934210845091535
1046 0.5598019857659563
1047 0.5548594787490947
1048 0.6452126265308077
1049 0.6837805706713098
1050 0.7201584183913674
1051 1.0743944443167046
1052 1.5601282543154604
1053 1.6643910510186368
1054 1.0761994892182312
1055 0.15557310428953952
1056 0.7902282316231304
1057 0.39090750377933814
1058 0.11041936772250589
1059 0.059907450690104024
1060 0.010322839414334718
1061 0.2410854663539397
1062 2.679728090612833
1063 3.973296113655648
1064 4.177699716849072
1065 2.7215304444387822
1066 2.7522573744887913
1067 2.718484923459163
1068 2.728050968368327
1069 5.510805102516512
1070 6.549161370400882
1071 4.049035390106399
1072 5.47297820601436
1073 6.798987385019041
1074 4.9195062791255255
1075 5.73092243805815
1076 5.372380336853955
1077 6.665881505978166
1078 4.759212740454302
1079 6.003602883255505
1080 6.151874211165042
1081 4.990207368138639
1082 4.576226026609336
1083 6.342732587706409
1084 6.7480129629875565
1085 6.223933281122326
1086 4.398971476309066
1087 2.041811591798389
1088 0.7327024370299998
1089 0.4500445745335055
1090 0.08659883129729642
1091 0.06850540217507184
1092 0.19153077401920662
1093 1.1106873706364457
1094 1.362758406791329
1095 0.7804844924730675
1096 1.7980902824778304
1097 7.117339571977258
1098 8.822317712946367
1099 8.344660676011157
1100 12.462914907400435
1101 11.229115499623127
1102 6.421047272271844
1103 4.653995099453096
1104 2.8684493843754137
1105 2.623100560239627
1106 0.6700877574173646
1107 0.0687996150392973
1108 0.004981438315748517
1109 0.0028551853394786046
1110 0.01591903165642208
1111 0.002667787655483923
1112 0.0021305251478497583
1113 0.07742206138273679
1114 0.28013174975747135
1115 0.6485924955007711
1116 1.4213217909427318
1117 1.5569559906204984
1118 0.8134059697231052
1119 0.0010235302957929135
1120 0.6470475424394504
1121 0.3499449775785289
1122 0.015801897763492268
1123 1.33143890407062
1124 1.4068562834560545
1125 0.040211841027802675
1126 1.2790711861414934
1127 4.436676737109119
1128 4.143925207375893
1129 3.3404990240226207
1130 5.742352166169833
1131 5.41857161968133
1132 4.844718993284099
1133 6.645226591842497
1134 7.426762005149663
1135 6.731543700870975
1136 6.567997662314544
1137 8.689796328447299
1138 8.2554808875007
1139 9.477056411880412
1140 9.302435846969221
1141 8.105068118877627
1142 5.605043409952022
1143 5.1946275068478185
1144 4.249343648523252
1145 3.8512812962008107
1146 4.5005032416209
1147 4.575628469824748
1148 7.689252568047577
1149 5.482922838990258
1150 2.97443760950077
1151 1.8090389601780126
1152 0.6117236363265173
1153 0.26510842672605867
1154 0.018815931306957082
1155 0.029832238365645407
1156 0.2316053189188524
1157 1.3150922401515839
1158 3.3338398145596613
1159 2.914494259713393
1160 3.9251568344300436
1161 6.3138676192971435
1162 7.690835801312851
1163 9.184291551143911
1164 11.136965821924306
1165 13.322038244068885
1166 11.937319002051197
1167 7.961939663660847
1168 6.568092707796636
1169 5.028532112207596
1170 3.720402230448723
1171 2.378779722399881
1172 2.2939848921038246
1173 1.3073768638491572
1174 0.5422953445667302
1175 0.3008024113670115
1176 0.09093198715623445
1177 0.0007853321041196906
1178 0.000409298238026751
1179 0.014119874866865202
1180 0.014667234406720058
1181 0.250473694048268
1182 0.014389140343534897
1183 0.02698048603058473
1184 0.026791199825518336
1185 0.008232398842819476
1186 0.8763499433167434
1187 3.1784133649059516
1188 3.19496056111973
1189 1.6051562583595098
1190 0.012062626783205747
1191 1.3967488608812328
1192 2.7522723238220306
1193 3.0432930125626876
1194 2.9749568499573447
1195 4.6122461101251115
1196 4.094239760682082
1197 4.792931891669895
1198 5.374192602518969
1199 4.901040767099717
1200 6.080265148178732
1201 8.130522664270355
1202 9.21010361913627
1203 11.791527785613413
1204 12.719680975231427
1205 11.247184784091091
1206 8.194342107229268
1207 8.297883191131874
1208 5.353562086865876
1209 3.8628256460343025
1210 3.2019783041246357
1211 3.713512969241372
1212 4.982664515489801
1213 2.8940233871719223
1214 1.9846356247193684
1215 0.9269863280999009
1216 0.3798889762408089
1217 0.19270822896126613
1218 0.030518646363360578
1219 0.09826843226792532
1220 0.8625574824827321
1221 1.7762828300893387
1222 4.0222769736978785
1223 6.370642378637794
1224 7.68447752502336
1225 7.515802056759447
1226 7.8659563815055575
1227 8.039049143723567
1228 9.664806352422891
1229 10.306133989606199
1230 12.266680027498762
1231 11.039921233408824
1232 8.326663456370593
1233 8.351890983483296
1234 7.53680695575013
1235 5.9260339467248775
1236 4.990741442782365
1237 2.612740504600359
1238 1.6373455561019399
1239 0.9309078240712096
1240 0.694858441647169
1241 0.02089115003601727
1242 0.004111408337073808
1243 0.020129593898823225
1244 0.15574837273224945
1245 0.32835150190214624
1246 0.25470416199746637
1247 0.22962920897987987
1248 1.1559794058286177
1249 2.1543296802255774
1250 5.809174072960938
1251 7.6036764287838166
1252 5.609203613284733
1253 3.9793133439749773
1254 2.516546111587296
1255 0.19076928625064674
1256 0.7999689766718846
1257 2.5414099609595935
1258 2.1760533827388526
1259 5.819497855126403
1260 4.922234237682729
1261 5.054328596817413
1262 6.009571151425821
1263 7.10765840203238
1264 9.656853702374667
1265 12.243478506542433
1266 12.13659664602306
1267 11.73183085019468
1268 14.247497777313965
1269 14.485445373377202
1270 10.755321223105227
1271 10.387017699632429
1272 6.211429648158441
1273 4.313025685420311
1274 3.4681133415662866
1275 3.4141121891228208
1276 3.2680714288126347
1277 2.121212821634677
1278 1.558635068851745
1279 0.5229568662375436
1280 0.052523772230786046
1281 0.00017599652172956947
1282 0.08692166470030843
1283 0.27966767400825343
1284 1.316982319896576
1285 2.4641669094882794
1286 4.426556785866838
1287 8.074214031692462
1288 9.070017065441755
1289 8.311764788526927
1290 7.786164155967338
1291 6.69362026523943
1292 7.171535742686472
1293 8.968579439583579
1294 11.587791598549293
1295 12.408646111606428
1296 12.748310603180903
1297 13.708292796934003
1298 11.63562749671833
1299 8.096187427525589
1300 7.284920470949432
1301 5.465189042945918
1302 3.881486857999191
1303 2.2401980819819007
1304 0.6497436684024099
1305 0.04539174833895472
1306 0.11763182934647015
1307 0.11406290645996654
1308 0.0054395880259579575
1309 0.28897215693186595
1310 0.2508469339929594
1311 0.45619351653186857
1312 3.413874075921977
1313 7.531714697844705
1314 13.797655692691356
1315 15.298378696883116
1316 14.295775225740348
1317 7.987844123535176
1318 8.254700280400266
1319 2.4183583991295348
1320 0.049012851132424935
1321 1.7715273092845225
1322 1.432918764856647
1323 4.299637072908118
1324 4.097816820136734
1325 4.088673312361503
1326 6.004659883499389
1327 7.464932711809295
1328 11.180397196874685
1329 12.122572467318117
1330 13.282074663521145
1331 12.893400107796573
1332 12.716021121696414
1333 14.254877336670837
1334 11.580786330420858
1335 9.39674007153353
1336 6.825985299576698
1337 6.284219515522273
1338 5.334152485555499
1339 4.093068058396631
1340 3.2760101527193948
1341 2.1404841821018885
1342 1.3982869336167367
1343 0.5732667918146763
1344 0.05375569086191929
1345 0.0009127080182249762
1346 0.040533094711905096
1347 0.6717148215018869
1348 2.3787636858472463
1349 3.199488519327933
1350 5.692895220158204
1351 8.665008913372278
1352 9.46651087224243
1353 9.474735147173952
1354 12.588978145123061
1355 9.818975015003764
1356 11.281967916821419
1357 14.210617387607945
1358 13.928524191222442
1359 15.373031907929944
1360 18.172090930034575
1361 18.682267819387356
1362 15.541406958592146
1363 14.29093710044906
1364 10.14035444180019
1365 10.186256834728253
1366 7.162538700116004
1367 3.5600257872180814
1368 0.5900992356661116
1369 0.023292693394999474
1370 0.25506989160365073
1371 0.6371302501806279
1372 0.24190540207394012
1373 0.05984453015179318
1374 0.3509782258218421
1375 0.3111367694833351
1376 2.4553688602044392
1377 7.70577996705612
1378 14.663165464364159
1379 16.8074116504881
1380 14.820245570851052
1381 9.872789492367744
1382 8.640003065140808
1383 5.184123960103341
1384 1.5851374250432457
1385 0.1671204838423917
1386 1.1694104748118028
1387 1.5080146237968184
1388 2.624635825662785
1389 2.637735086051543
1390 4.242135704558975
1391 7.165292557296699
1392 8.67988054966403
1393 11.641607085643708
1394 12.265770849204994
1395 12.322167080793903
1396 11.550546472701567
1397 13.436182487183272
1398 13.615290568087683
1399 12.557300473737467
1400 6.732470200242809
1401 6.065822912771057
1402 4.648851263422393
1403 5.9924414246000195
1404 4.091440493982988
1405 3.1390634050236623
1406 1.939264759221693
1407 0.6639364581816626
1408 0.09019235452929455
1409 0.00016508450906987333
1410 0.05110566100059695
1411 1.1064168531454153
1412 3.5556992593974464
1413 4.8217329272921985
1414 4.6865734290865
1415 9.350430469514109
1416 9.68590592205716
1417 12.060737037042633
1418 14.212773839563894
1419 13.190337017498386
1420 12.95790452364245
1421 20.849454764858475
1422 20.638357245440016
1423 18.54435668191984
1424 17.371156852778967
1425 21.880629638977627
1426 22.060150865239272
1427 20.44144944316967
1428 13.724007446940279
1429 10.228527734240256
1430 7.68732026030553
1431 4.018787762060467
1432 0.6891336608748785
1433 0.01239977883794856
1434 0.021201408328972847
1435 0.2412453383101083
1436 0.3627454982288007
1437 0.22950200076659913
1438 0.8104786408994684
1439 0.7769986108931828
1440 1.8512165936671512
1441 6.995024595570058
1442 13.144885449103807
1443 13.050295558714398
1444 8.822629576361392
1445 6.767796221845981
1446 4.905324466422791
1447 2.835674384720595
1448 2.6068311049192245
1449 0.16170738962089706
1450 0.7344138680165284
1451 1.2196870866100868
1452 1.2493535546755339
1453 2.310695306242355
1454 2.797034026200184
1455 3.8759745081724573
1456 4.979654074079133
1457 8.440349411023
1458 10.287135090459614
1459 8.97951944061059
1460 8.785625409041398
1461 9.849409789869968
1462 11.549034338743969
1463 11.980572125189104
1464 7.442615287724407
1465 6.678553544045312
1466 5.144963699682289
1467 4.028844947930186
1468 4.392586526185363
1469 4.864141398038813
1470 2.3769576745263725
1471 0.5050411996994882
1472 0.020642119395701725
1473 0.016113229795794375
1474 0.4425522765292817
1475 2.0758109931410136
1476 4.66021997244153
1477 6.044981212887707
1478 5.806390113503393
1479 10.316834644546791
1480 10.806264793624944
1481 13.42559128760607
1482 14.671894381892793
1483 17.12244109329489
1484 18.032758745557732
1485 22.292971597292336
1486 25.161345161447485
1487 24.615678715539346
1488 19.05428179296425
1489 23.840979612623958
1490 20.8604970068237
1491 19.84221994180515
1492 12.16015481087988
1493 6.618571954452155
1494 4.1734186609316355
1495 2.149932129778877
1496 0.340703908944589
1497 0.7848706557510114
1498 0.524716670666739
1499 0.02578010577246036
1500 0.49601658469775106
1501 0.02787558192597899
1502 0.6175288365189552
1503 0.9613456256686628
1504 1.3218281802645209
1505 4.710734586006974
1506 9.322090304495184
1507 7.642197325596988
1508 7.625857469879803
1509 6.615485677101561
1510 7.264907564443636
1511 4.758886937726729
1512 3.2473001684513636
1513 0.7830779936518668
1514 0.18961880923781557
1515 0.8542038297731872
1516 1.984808976053294
1517 2.411157873437604
1518 2.7164672233282308
1519 3.5201352587617207
1520 4.284899870124547
1521 4.810564880275902
1522 6.102836099797806
1523 7.248874042883194
1524 7.48303471247874
1525 8.138534968335014
1526 8.286309607035056
1527 9.510984355698463
1528 8.25441267473151
1529 7.097365953617184
1530 5.889702871143452
1531 5.6686892103026905
1532 4.502371734814692
1533 3.9153554102268746
1534 2.1747280086384677
1535 1.1205337904574548
1536 0.014459340932700902
1537 0.02218879710027409
1538 0.48789917023983137
1539 2.2924656237038246
1540 5.198424387361957
1541 5.569274676485431
1542 7.07266623477495
1543 9.889317566546465
1544 10.747069810349489
1545 12.763475839185022
1546 12.66419276041216
1547 16.82753209575904
1548 21.834649878032316
1549 26.093600693420655
1550 25.276711371874757
1551 26.67604857276248
1552 25.01248878380164
1553 27.232717492566973
1554 24.21804892294189
1555 20.37799602474284
1556 12.74247426391866
1557 7.4233905525312025
1558 4.243361195279783
1559 1.2349815091923269
1560 0.4125429211413228
1561 0.26953186356165804
1562 0.6282266228073314
1563 0.13506946368229322
1564 0.46289902138478306
1565 0.2726927070302379
1566 0.2698388905281551
1567 0.8242924124986524
1568 0.8352929178732327
1569 2.894868447614297
1570 6.894226846795991
1571 6.023068108570532
1572 8.58606129524196
1573 9.600312522520317
1574 8.228873512505018
1575 6.977181969213616
1576 5.6814424717620495
1577 2.6398435796743405
1578 0.4202372802308264
1579 0.02342726494790246
1580 0.760707730804756
1581 0.7841786305778351
1582 1.2362570774589687
1583 1.9743975412728278
1584 3.194589494355538
1585 3.752396951959135
1586 4.154124513786495
1587 6.362400462531545
1588 9.02032377464305
1589 11.85762742199044
1590 10.0499508176828
1591 8.15302803309169
1592 7.269137294502576
1593 7.688722212506528
1594 6.0635378548373176
1595 5.603733500412259
1596 3.72488784827374
1597 3.1358610948286048
1598 1.7926404465604904
1599 1.1391369355696852
1600 0.0141482470668181
1601 0.029705005780656008
1602 0.3869640976595884
1603 3.0149959761094274
1604 5.629793497629077
1605 6.64272126879478
1606 8.822483649068861
1607 10.384194431021053
1608 11.845025743383221
1609 15.603619927063887
1610 13.600542723013957
1611 17.601441222693804
1612 23.907561360745653
1613 29.53381393659552
1614 33.81320309390678
1615 29.782990114700617
1616 21.92159441326981
1617 25.465457700259208
1618 27.195276863531664
1619 20.88155759053789
1620 16.281803059699385
1621 10.440079631262172
1622 5.775619665231211
1623 2.8041601422913827
1624 1.345444126149259
1625 0.5792078052284013
1626 0.25338996752066173
1627 0.11767677809818666
1628 1.4563221894595721e-05
1629 0.018775888298794063
1630 0.2581288046367607
1631 0.8382635400737037
1632 1.426183282567921
1633 1.8505045022604822
1634 3.2031836596144956
1635 4.073502956439389
1636 5.855687491428197
1637 9.728447467116943
1638 11.079915739723136
1639 10.846038001601109
1640 9.349915140135652
1641 4.086092501416094
1642 1.156633573796321
1643 0.0377243178728186
1644 0.1634577415068109
1645 0.5282534434876968
1646 2.5450534720094327
1647 2.89174423130081
1648 3.8463487194272026
1649 6.837364018980755
1650 6.492561273893807
1651 8.21486890630864
1652 9.354289210537324
1653 14.183905169975024
1654 13.176730286203373
1655 10.16817777006
1656 8.456791361655059
1657 8.270476189662036
1658 5.274212134757462
1659 5.997551566425275
1660 6.1040680928673945
1661 4.462536488006752
1662 3.936199873124221
1663 2.2047425390263675
1664 0.0340365284084287
1665 0.0040916597009339525
1666 0.5895654208055965
1667 3.0857294274435767
1668 4.667835261800194
1669 7.414453224500177
1670 10.192316059173889
1671 11.062729337347381
1672 11.116580540566567
1673 15.044840751420299
1674 16.632567615060868
1675 18.09244427903663
1676 26.092626783985597
1677 30.153387923079176
1678 36.51533248211419
1679 32.61550016536622
1680 26.65645567887632
1681 29.665378892265682
1682 33.2233739915657
1683 25.410618892020743
1684 21.33275372943545
1685 15.152091245496011
1686 9.79902489213084
1687 7.270014864078242
1688 3.556227829060975
1689 2.705080659945385
1690 1.178585153899297
1691 0.6560429613925501
1692 0.3399634251138935
1693 0.3663909153416298
1694 0.7637888479031034
1695 1.5644586480341969
1696 2.893227127323807
1697 2.3587945718499657
1698 1.7747977677519386
1699 1.9918249536793502
1700 2.953703661574524
1701 5.151653081214012
1702 8.176928576591347
1703 7.12148271020967
1704 5.216667279870293
1705 2.418859783505771
1706 1.4004551430126275
1707 0.25742111721979294
1708 0.0794642627307868
1709 1.0010134300349374
1710 2.1260079266456846
1711 2.9437698708855398
1712 4.623507319355516
1713 7.47048436331304
1714 8.003696328786313
1715 10.200222277702759
1716 12.093482172553925
1717 13.631923410107834
1718 13.147096719845702
1719 9.920670270302281
1720 7.183571955136485
1721 7.175453979471301
1722 6.9724863266888075
1723 7.421129696392097
1724 6.73629458508905
1725 6.769393733850533
1726 5.37420902523581
1727 3.444184354591896
1728 0.01759897771671585
1729 0.041164699269653916
1730 0.40216860590784487
1731 3.1530535870367404
1732 4.83285690017275
1733 6.947764453602693
1734 9.070934209527763
1735 11.009463925813678
1736 11.417579560381155
1737 14.527302294097472
1738 16.111794693238593
1739 16.745801439601554
1740 23.97392666117254
1741 27.915155968278683
1742 28.48682115230683
1743 30.324052145185924
1744 30.127807764596774
1745 33.08461519120992
1746 31.081293074984032
1747 23.842420840981536
1748 19.730576000069394
1749 17.47523914993682
1750 10.816968635323015
1751 8.47760453798414
1752 4.192937892592056
1753 2.752408756737994
1754 2.2686696367401358
1755 2.261808012000225
1756 1.9753368863748006
1757 1.4833629958685712
1758 1.6063868119728253
1759 2.2833293354865427
1760 3.81582303853553
1761 2.991195556809142
1762 2.7114795991965233
1763 2.4064256856205817
1764 2.91224527362805
1765 3.581783279090773
1766 4.6432618475196765
1767 2.6074600769154634
1768 1.472661175879293
1769 0.47795108221609905
1770 0.45247562606061886
1771 0.12433505244886592
1772 0.12247431941116214
1773 0.6008490209224103
1774 1.6292690091901603
1775 3.06404192712467
1776 4.195226566410073
1777 5.211861458559494
1778 7.578503158425158
1779 9.464210982372386
1780 10.652267501530481
1781 10.928714517205295
1782 7.792169377586063
1783 8.181239007373316
1784 6.066399225175587
1785 5.548761669721684
1786 6.904956914050253
1787 8.078285550578332
1788 9.146256118290198
1789 9.417613221734094
1790 6.98964622791283
1791 2.9727410420041473
1792 0.27212209525672365
1793 0.4360362293785601
1794 0.7506123940219837
1795 1.8831999736702263
1796 3.6323264530351747
1797 5.918870951533552
1798 8.462016688270175
1799 10.19133985458353
1800 11.924589727124596
1801 15.495486787292851
1802 15.115053384833093
1803 15.849243903064524
1804 21.829168516351444
1805 26.577075182336586
1806 25.340529190829635
1807 26.687538868396057
1808 33.91032925089837
1809 36.159891426037646
1810 30.81913226273547
1811 27.76272926466199
1812 22.359525837978126
1813 18.27598176507665
1814 10.305202048220657
1815 6.568006565252625
1816 5.076616994437979
1817 5.035521293083523
1818 3.8156005499185026
1819 4.717877112327629
1820 3.1037379358757757
1821 3.7182000863793214
1822 2.890697118794991
1823 3.0345675913115264
1824 5.274721491625109
1825 3.0831530219906256
1826 2.4631003676317107
1827 1.0310845897400212
1828 1.0603943986543631
1829 0.9800381969662527
1830 0.5073500389864004
1831 0.4068356499581833
1832 0.3330697147271034
1833 0.002610209235287967
1834 0.0552951009479018
1835 0.1030801728216108
1836 0.7507032544662006
1837 0.9925687774752179
1838 1.4237580614194703
1839 2.2035467546233707
1840 4.151180415240941
1841 4.383229585871976
1842 4.922435704651112
1843 6.023858836862243
1844 6.1145414350546075
1845 7.0055180851566625
1846 8.31533104556796
1847 7.0014555109217635
1848 6.869239991858545
1849 6.00584694416061
1850 7.4497575718824285
1851 9.458853829090739
1852 11.604576934034823
1853 13.53343359547522
1854 6.8759674358120755
1855 2.3064568114583954
1856 0.526367256016268
1857 0.6384086014558183
1858 0.8852663136498965
1859 1.8012311094662148
1860 3.816248665562247
1861 6.435450879128187
1862 9.176586112131142
1863 9.641475909381663
1864 12.754712601688324
1865 15.90617492014477
1866 14.952005945692012
1867 16.757352531628236
1868 22.82886875223137
1869 30.775303848582116
1870 30.878595733725188
1871 30.18250283660977
1872 31.943666630755366
1873 31.531530527439564
1874 30.202587771830256
1875 26.020496885191207
1876 21.206153998854074
1877 18.119311505371293
1878 12.989512274453526
1879 11.158193739523401
1880 8.766042765161382
1881 5.89255909075763
1882 6.215837882041142
1883 4.758019358664462
1884 4.497690435733952
1885 5.137101043405329
1886 5.141460513129364
1887 4.408011806009657
1888 4.871708766446091
1889 2.733188611534605
1890 1.5834462796792694
1891 0.07948187771585825
1892 0.025411677947914227
1893 0.21940260010911466
1894 0.23591054302703243
1895 0.10146794762230624
1896 0.24564654696857416
1897 0.8476559837672917
1898 1.0569591893413195
1899 1.5145350054887037
1900 3.239771832047642
1901 3.414765807954813
1902 3.0798339550107503
1903 4.106385761853604
1904 5.567814090870617
1905 5.624453559481386
1906 5.412160429763596
1907 4.525480548195086
1908 4.723896081693889
1909 4.671712838185635
1910 6.086936037422553
1911 6.4516593246643
1912 7.76607883822873
1913 6.933528332140618
1914 7.959539236606265
1915 11.648541378196658
1916 13.606600585149074
1917 17.295804428675783
1918 11.473761085312223
1919 4.3892481170107835
1920 0.6925363637913675
1921 0.6746089084434796
1922 1.498850609226184
1923 2.8910674040842155
1924 5.86174119282505
1925 8.008314385312037
1926 11.673304254071708
1927 14.03892026532058
1928 17.178484966527495
1929 17.347682429324358
1930 14.924461786478492
1931 18.06427348790883
1932 22.48550809642159
1933 30.908581802194842
1934 33.46303601759383
1935 33.933561607191145
1936 36.691389808143974
1937 39.037818035470565
1938 34.34419083633158
1939 28.228577111093394
1940 24.667120794652412
1941 19.601985159365196
1942 16.850149604816746
1943 14.985677221185068
1944 11.130747584948205
1945 8.404452990234152
1946 8.196887270639312
1947 7.181553841360917
1948 6.262007165098372
1949 5.963009007920257
1950 5.519864347465827
1951 5.317319801179576
1952 4.403665332898658
1953 2.5222236595249887
1954 1.0535550886078187
1955 0.1637907797284776
1956 0.0019646688136861798
1957 0.45101757891326866
1958 0.7446575117521672
1959 1.218446475987235
1960 1.6189331899674413
1961 2.366072128336229
1962 2.438432898309017
1963 3.5502380233606696
1964 5.586094662844116
1965 6.853071397638629
1966 6.911283008603481
1967 7.2415131054720545
1968 7.065605007539624
1969 7.143409890043454
1970 5.275039422698126
1971 4.245657351418985
1972 4.119870033038486
1973 5.01891425772866
1974 4.272470695869814
1975 3.77116725045353
1976 6.299515044122026
1977 9.076603580075195
1978 11.095410591458126
1979 12.447650444948241
1980 12.583534458923275
1981 18.799515130693052
1982 15.229058392201068
1983 5.957053250659252
1984 0.6786007613058755
1985 0.6652621366028981
1986 1.5381055042771083
1987 2.751629706651992
1988 5.019243849657422
1989 7.92975728909479
1990 12.636710861799557
1991 16.37660347849041
1992 19.41566289985907
1993 21.278101490122825
1994 17.79881042968661
1995 21.155192014614766
1996 22.936520751554657
1997 28.616731468040495
1998 34.89045031972861
1999 32.75177365999537
2000 38.83268428095138
2001 41.47111426455272
2002 36.43496540341315
2003 32.87978931380733
2004 27.916790572680142
2005 23.83150902036144
2006 19.036306226025616
2007 15.76950047803832
2008 11.65233266809647
2009 10.857552294100854
2010 10.650185865602712
2011 9.941730869985607
2012 8.800623008740887
2013 6.525619306740644
2014 5.487579030703071
2015 3.9064593762534283
2016 2.080191191185399
2017 1.19307492710465
2018 0.5623587329565702
2019 0.003944025963054865
2020 0.023654178723298294
2021 0.23072842831115226
2022 1.4154280384397067
2023 1.8806204575209422
2024 2.461861733226911
2025 3.4962697579821564
2026 3.660514992484482
2027 5.002874060129728
2028 7.098071862420748
2029 10.521473210502714
2030 12.095151232111913
2031 10.590394725832216
2032 7.717068468431333
2033 6.920195856325047
2034 6.38567435226709
2035 3.903929880747267
2036 3.6755963454360394
2037 5.3586524415249315
2038 4.181926651419478
2039 2.7152585359391446
2040 6.871534452819562
2041 8.871460860345607
2042 10.180087979211203
2043 7.735796887138322
2044 11.11050971647258
2045 17.171222367038034
2046 16.59632152758737
2047 5.938212567580857
2048 0.5005511633777481
2049 0.6529301861979404
2050 1.896129171908567
2051 3.2352525399147507
2052 4.704067587560712
2053 8.553983755520798
2054 13.334988456600051
2055 16.003482861442627
2056 16.304139946122753
2057 15.504906969863045
2058 15.322101312941685
2059 19.080256076822607
2060 19.631944752876503
2061 27.316284918132023
2062 29.44193142367109
2063 26.837311870172112
2064 35.98206133626849
2065 37.88755682048655
2066 31.224406839908564
2067 24.97279471538231
2068 24.096892163650182
2069 19.98599429006334
2070 16.583883305101782
2071 13.915120892723499
2072 13.981234931416491
2073 18.88048247559824
2074 16.383568765154898
2075 11.764123930025297
2076 7.515316433074932
2077 6.178884552008135
2078 4.359107145247263
2079 3.0361301629325093
2080 2.2030227182993922
2081 1.0862631041828494
2082 0.25491254898588167
2083 4.392110050335971e-05
2084 0.006689847509662352
2085 0.055133966995599366
2086 0.3642831787211157
2087 0.6038271142729991
2088 1.3676972282205018
2089 2.140514603946628
2090 3.1764686712510546
2091 3.9498382410527197
2092 6.436914892343259
2093 11.66809703589369
2094 15.362554350403924
2095 14.270891575740597
2096 11.423137787431118
2097 8.825959475925863
2098 7.441233075504103
2099 4.960510166345918
2100 2.84566486050929
2101 3.6459549172605987
2102 5.3527041910815765
2103 5.275496101996065
2104 7.036978612118377
2105 7.333776652897055
2106 8.602644315765044
2107 7.082488181969296
2108 9.721059722207109
2109 15.621327206699299
2110 16.513918225628927
2111 5.767862693100531
2112 0.7844052059685539
2113 0.7933849965573042
2114 1.7653114565134536
2115 3.187298152214861
2116 5.45759289325008
2117 9.454250532028153
2118 12.558667903269399
2119 15.020727837861564
2120 14.478361280701868
2121 14.197669354541148
2122 13.005124775365491
2123 17.682856305488954
2124 20.07725914054437
2125 28.106542925892033
2126 30.607274702170546
2127 27.435990021074776
2128 35.24812840104573
2129 37.80832219569503
2130 34.37768780675283
2131 25.74095686774427
2132 19.439917149192325
2133 17.285603980006076
2134 18.129165341926242
2135 18.60674823970895
2136 15.444548799822341
2137 15.425705869416776
2138 13.630916847555476
2139 9.422940746028525
2140 8.743477018756963
2141 6.4840508758081175
2142 5.966010913793826
2143 4.649738679164112
2144 3.0779765092899023
2145 1.5476608555225508
2146 0.35677791211587156
2147 0.00010712106190442547
2148 0.04990840083483127
2149 0.01065636705362425
2150 0.0011617178680294557
2151 0.041671541697707516
2152 0.4256921686890968
2153 1.1683578777952814
2154 2.331139995131284
2155 3.3095229137993414
2156 6.095888372319043
2157 12.52611618381278
2158 14.155354079483386
2159 15.39429423407411
2160 14.461670058611418
2161 10.10202311979589
2162 8.020129563921781
2163 5.727122122547004
2164 3.7862585475764643
2165 2.8119283839349305
2166 6.311776312084339
2167 7.425464968329246
2168 9.077500836726587
2169 7.8586203493722495
2170 9.38703016333143
2171 7.620046893742859
2172 9.108739481012835
2173 15.504821181480523
2174 13.298268459427113
2175 5.720919691448632
2176 0.8622901340892316
2177 0.3590607959489235
2178 1.0915793258293567
2179 2.773498707008112
2180 5.390771465795642
2181 9.080822761352447
2182 13.75663066750609
2183 16.07865787055902
2184 13.975471466090271
2185 14.290261509907602
2186 14.465529668779588
2187 18.877574549097247
2188 20.522596863767767
2189 29.954941799675627
2190 29.199973990515314
2191 27.453011546065355
2192 34.22175161506425
2193 39.61656924035293
2194 39.46383783345628
2195 29.78771272356803
2196 20.67334616081833
2197 17.30200910485653
2198 16.82436530297122
2199 19.221709743798886
2200 14.125830750855256
2201 9.407550172735522
2202 7.828784269911611
2203 7.586215058812918
2204 7.704074403081907
2205 5.799268692098202
2206 4.298278355131287
2207 3.4019866732464217
2208 2.231088152294025
2209 2.0113325417482217
2210 0.9029913716895973
2211 0.07350858518653278
2212 0.08886401188133305
2213 0.09616873687238732
2214 0.052500010306504634
2215 0.1334650464307283
2216 0.9013752799890553
2217 2.019854880260249
2218 3.2717816389620173
2219 5.180414688059722
2220 7.563218823376603
2221 13.38186641249841
2222 14.047808991598613
2223 13.655337161007667
2224 12.866910767796563
2225 11.877083754485856
2226 8.184462208041618
2227 6.837914687365201
2228 5.941028265547784
2229 6.82565215374463
2230 5.575507614034627
2231 6.6643258002401025
2232 9.039826156290072
2233 7.831833801034327
2234 9.25319485209884
2235 7.940133058277183
2236 9.893858343102373
2237 14.571555032068803
2238 9.329563855875557
2239 4.156379346293081
2240 0.3675945712475503
2241 0.5609118364291539
2242 1.1752312553119248
2243 2.3674831967744403
2244 5.565781131135251
2245 9.336371041108308
2246 14.022130982252783
2247 15.745675996345048
2248 14.644643404048558
2249 13.905477663901483
2250 13.613813899075678
2251 18.01399965845064
2252 23.165070712614437
2253 30.376033163218096
2254 30.11909329234076
2255 27.68503280494642
2256 30.166661943327927
2257 32.24143041286072
2258 35.47325625814836
2259 29.01093899950639
2260 23.109562897435055
2261 17.476389079003514
2262 14.933156809267167
2263 13.886137934984454
2264 10.814807813121698
2265 8.753177888499021
2266 7.979569140463515
2267 8.388205762120563
2268 6.593161175882532
2269 4.894485796875558
2270 2.303828053237757
2271 2.2484995006836153
2272 2.06939269599422
2273 1.9471061465043293
2274 1.1242133074573832
2275 0.2229631524149447
2276 0.1926100934026453
2277 0.04607142457289741
2278 0.02895066820334316
2279 0.029776887113858598
2280 0.7623919284374759
2281 2.7866991658045253
2282 4.104260777943167
2283 5.583534554437735
2284 7.659601915267469
2285 11.276642123494765
2286 12.657941758626677
2287 10.871535622311834
2288 11.325098145030365
2289 10.252337595975696
2290 6.502399417535771
2291 7.737654368691918
2292 9.035739364804632
2293 12.275791583944116
2294 8.160582069145539
2295 6.588931610347306
2296 7.082229106299959
2297 6.837994877051818
2298 7.804440057133587
2299 8.882871464952046
2300 9.567271683168915
2301 10.350619494772879
2302 6.570168480126569
2303 4.222209669273765
2304 0.27450301401655997
2305 0.6529265087362618
2306 1.0250094436248733
2307 1.6222833526271336
2308 3.6637526844959787
2309 7.409054909101494
2310 12.159216311059765
2311 13.99362767762803
2312 13.798009142367768
2313 12.222521907272522
2314 11.904093973859109
2315 17.338729067882756
2316 22.01878186067743
2317 29.676161575097478
2318 29.388063554315043
2319 28.548024863163167
2320 36.15481518545329
2321 38.26135391839461
2322 39.3486556036782
2323 33.575955914191105
2324 26.46355883327545
2325 20.059485215397775
2326 13.73675625999284
2327 11.424492763017271
2328 9.455978482566746
2329 8.540920168105718
2330 6.663495233966162
2331 4.3988817145296775
2332 3.2599953161553055
2333 3.349250767640357
2334 2.1132002287117366
2335 1.1612619713733112
2336 0.8329692513391072
2337 1.2333115154600438
2338 0.418333196894851
2339 0.05573691122141174
2340 0.09939761078451122
2341 0.14460845000104022
2342 0.010967884868889482
2343 0.07692736510448167
2344 1.1468677162230012
2345 3.3922391568555166
2346 5.430306758421017
2347 7.920229547810296
2348 9.780742837349743
2349 9.428077758625637
2350 10.564504419243477
2351 9.56173607130152
2352 8.767639489762322
2353 7.888468289033919
2354 9.035912886414959
2355 14.458604202601999
2356 16.40209275440293
2357 15.732639440337703
2358 10.141012414980095
2359 9.246915054635185
2360 6.682375079378946
2361 8.514459155951213
2362 10.551325928962434
2363 9.970297618033678
2364 10.666129885195966
2365 7.340840422811769
2366 5.118602003560704
2367 3.180582574859413
2368 0.23341670373403464
2369 0.8188667458486366
2370 1.6921609775071054
2371 1.7580917349003389
2372 3.4385921796351124
2373 7.313493551531155
2374 11.156808891579606
2375 13.091732456534212
2376 13.788276617614587
2377 13.093769247645591
2378 12.190684671153084
2379 16.83697191413411
2380 22.4411822119422
2381 31.160355198197685
2382 31.733890205630708
2383 29.217040762972992
2384 36.561085940373346
2385 43.06147527306072
2386 45.83967019811904
2387 37.66508266577303
2388 31.793343536933413
2389 21.36500957673341
2390 11.251725650380958
2391 7.413356106707272
2392 5.461672742183918
2393 4.078185303638617
2394 3.1003625755641573
2395 2.4339835949790185
2396 1.7512235956733497
2397 1.5077563374833751
2398 0.8340321270720671
2399 0.512192221428649
2400 0.20803214538707712
2401 0.3681842389647147
2402 0.26640750948634684
2403 0.013726777892555225
2404 0.11310265887652587
2405 0.28876093027697736
2406 0.11454314340847203
2407 0.00010090593492159785
2408 0.5096784347714094
2409 1.3177436727694039
2410 3.5622040161531334
2411 4.614989143120289
2412 6.726051902247885
2413 7.663172119525808
2414 8.767297124831659
2415 9.432294467806072
2416 9.76426634050386
2417 10.330687745251103
2418 13.819057217482435
2419 19.23595141866578
2420 21.510119249534736
2421 20.482664288391657
2422 14.314851659486822
2423 13.670672085240533
2424 11.037007916620238
2425 13.336777743293032
2426 12.549769629279178
2427 11.824581911632526
2428 9.637851943452691
2429 5.18360596498036
2430 3.0946810365263024
2431 1.5220352000305633
2432 0.013893326010457056
2433 0.3549758333124424
2434 1.5361802074176099
2435 2.0907401513266635
2436 4.240567636149892
2437 8.005651161297344
2438 11.537160612500577
2439 14.581393402033628
2440 15.952439918548725
2441 15.70299822199196
2442 15.163250439434313
2443 15.850317766182005
2444 23.990222023964318
2445 28.58162076702015
2446 27.417308577666557
2447 28.487975717794985
2448 33.94815485203284
2449 35.73117205540975
2450 40.217537827085614
2451 35.775466074474664
2452 31.464787773295544
2453 22.54384173339248
2454 12.798720013382889
2455 7.9721346322611915
2456 3.797069761228503
2457 2.743327319609378
2458 2.409725663724477
2459 1.8711017844745805
2460 0.8873859997768232
2461 0.7084293571142205
2462 0.5624216901948577
2463 0.7059454171875172
2464 0.6624538296007741
2465 0.3506692384741557
2466 0.20365094457924648
2467 0.3476343120564193
2468 0.45367223344024693
2469 0.45822719064382883
2470 0.4024504336032216
2471 0.05305413576891585
2472 0.006248337846256014
2473 0.4141403811759772
2474 1.261034316081202
2475 2.9623007759424134
2476 4.703422005311232
2477 6.626213059097407
2478 9.112556024369576
2479 9.986133397275056
2480 11.446199116808296
2481 17.14744232558263
2482 22.200873050908235
2483 24.14601465702027
2484 23.065439046551738
2485 25.78633918915686
2486 19.017144411574826
2487 19.972667653531012
2488 14.139565307890349
2489 14.5192348976313
2490 13.773597474691996
2491 11.72532147347229
2492 9.435560571883645
2493 4.517769597467811
2494 1.571787381822734
2495 0.6337547231920483
2496 0.07451339952954429
2497 0.21515569102163767
2498 2.1099923600052155
2499 2.857010339853331
2500 5.1951154475123245
2501 7.961993186346496
2502 11.230782541873142
2503 13.493976042355003
2504 14.991948937313774
2505 16.975733471790694
2506 16.94291783875549
2507 16.568071471981256
2508 23.015968443670765
2509 22.320462941756436
2510 29.010159471275507
2511 26.09959384756507
2512 29.448459718016696
2513 37.62928697381474
2514 35.77206756911034
2515 30.799287974156094
2516 32.89465916946801
2517 27.1736735167279
2518 14.950511778850021
2519 7.2523470525388625
2520 3.9796630887209585
2521 3.739572143306098
2522 3.231755138274174
2523 2.043988451589604
2524 1.1290652834408508
2525 1.3544372158329123
2526 2.438915026826221
2527 2.2369371699888103
2528 2.4824217889644364
2529 1.3402083439915824
2530 1.3286105317278647
2531 1.9403920444378535
2532 3.0443064688714445
2533 2.8687036050237165
2534 3.0396227042400996
2535 2.0529169656941924
2536 0.5578290080450645
2537 0.00612126687235134
2538 0.37846931816717405
2539 3.1219187851570425
2540 6.173781095982453
2541 6.332929786489413
2542 10.153161854681178
2543 11.936817520792518
2544 14.866522913831105
2545 19.648571463883272
2546 21.208462942024298
2547 24.20139982191277
2548 21.50361512578681
2549 27.345139667768382
2550 26.83752522151118
2551 21.552537317084806
2552 20.068443362466223
2553 15.234341690919852
2554 15.172511520145957
2555 11.973577755354867
2556 7.978396448361771
2557 4.843969917274599
2558 2.060661590021736
2559 0.6059985311882053
2560 0.1673654106042813
2561 0.08176976237514548
2562 2.094301973543221
2563 3.3119549224670854
2564 4.216293299325308
2565 6.68776158025493
2566 10.624215304185414
2567 11.930768034911255
2568 14.107340010204998
2569 17.743859799937557
2570 17.60101324609814
2571 16.916008613186435
2572 20.404364520087423
2573 21.904323051690586
2574 29.881447927415405
2575 27.679975273324683
2576 27.906910243915384
2577 31.539356554446115
2578 31.593855156143196
2579 29.85538983748456
2580 28.162822428257467
2581 23.994086115244627
2582 11.864146156129626
2583 6.1398120316852625
2584 2.721722651781086
2585 2.459949416470858
2586 2.1226000758152224
2587 2.08290558619848
2588 2.0186817273042132
2589 1.7754075339753586
2590 3.0655547279927213
2591 3.5058091149695145
2592 2.8493442019327064
2593 4.128145481811388
2594 4.43070077642963
2595 5.315124889608168
2596 6.303405326892801
2597 5.8060292643047084
2598 6.534178909912795
2599 5.343561369929707
2600 1.142102428020634
2601 0.0016917133722526734
2602 0.14225210257673135
2603 2.3180114076710407
2604 6.9374947933086375
2605 6.5947517960766415
2606 9.228041110758559
2607 12.68269515786765
2608 15.701247991984715
2609 19.613271139791106
2610 19.480975414834397
2611 24.66250749213639
2612 20.541607023461637
2613 25.589740323812624
2614 19.95681182797792
2615 14.174715762644981
2616 19.811547020493165
2617 20.53031371128602
2618 16.305325030722216
2619 12.556756167064318
2620 7.036922452359201
2621 4.236853431639822
2622 3.0514804283362196
2623 0.7341368500451709
2624 0.20084499197920774
2625 0.001673429197342119
2626 0.7830091286573332
2627 2.7098532198312664
2628 4.3184834360485365
2629 6.053956869624106
2630 8.81997894453543
2631 10.663511194162556
2632 12.488647184932068
2633 14.993783039070994
2634 15.955352251266312
2635 18.356494706491244
2636 17.896900260315395
2637 25.44995368172755
2638 29.184360530431636
2639 26.565210249595168
2640 28.022919577409887
2641 28.91042611330484
2642 30.792581863265383
2643 28.958479761176644
2644 24.969860882041775
2645 19.210668997760685
2646 10.055170576560242
2647 5.600448470395696
2648 2.1572890557839597
2649 1.715301787328456
2650 1.3438000058089372
2651 1.690614753670078
2652 1.5409323559006718
2653 1.4680617737729482
2654 2.8774144278173304
2655 3.1778748432931936
2656 5.195585509718555
2657 7.31738370943635
2658 8.53852611320577
2659 7.362393000003911
2660 7.047540130293888
2661 7.992168325833967
2662 6.342198713415341
2663 4.007280080255919
2664 2.2229525286337926
2665 0.17950812272571837
2666 0.00027727218609818836
2667 0.5033478038144413
2668 4.0138599094173815
2669 5.612553652015795
2670 7.417172601401278
2671 9.400514571397055
2672 12.281566211929226
2673 13.603049088593549
2674 16.201954594689408
2675 19.796196031040544
2676 16.32403245353446
2677 20.757061220023537
2678 16.819352559159093
2679 15.244619103133362
2680 16.30790063805596
2681 18.77644025348395
2682 14.06986614798284
2683 11.935080560244964
2684 5.903577794165576
2685 3.825810245669696
2686 3.9322487650529374
2687 1.890123370501332
2688 1.360932714033808
2689 0.3478668151791783
2690 0.29676717799942637
2691 2.4504656067237556
2692 5.229400219775029
2693 5.4267093723879904
2694 7.323521537558383
2695 8.961320384223443
2696 9.225231181960348
2697 12.236274590333924
2698 13.285274148030252
2699 13.65046568113431
2700 16.97702113086538
2701 19.933191527308043
2702 21.55709473458007
2703 24.291676688960877
2704 28.279837880967598
2705 29.35355094445326
2706 28.162236821137313
2707 23.29893168374591
2708 20.127285620975442
2709 13.668328278720391
2710 8.31265806995835
2711 3.8833906355113763
2712 1.16452361201908
2713 0.5853908270412765
2714 0.27056163740559075
2715 0.28152266825247013
2716 0.6738667102275216
2717 0.9465844546983091
2718 2.604140457746729
2719 2.4431924509368925
2720 4.129152562289849
2721 5.5686924451076765
2722 10.198785362045287
2723 11.195262647608425
2724 8.93575823760566
2725 10.81558355427127
2726 8.670899189173648
2727 3.7985263930171835
2728 3.195244332305172
2729 0.5887388437900868
2730 0.07166443635346936
2731 0.4467742647523353
2732 3.0246821297334856
2733 5.072372274395265
2734 5.709687470949928
2735 6.78177348361556
2736 8.788933018382327
2737 9.69577396630446
2738 10.375914727345647
2739 12.031936652027767
2740 13.908028214964508
2741 17.36292560323584
2742 15.52066254347575
2743 16.73514322728625
2744 14.143441541339453
2745 14.668903615210615
2746 12.055180542198368
2747 8.665783076022011
2748 5.979062366942079
2749 5.472174513334172
2750 4.178111076559141
2751 1.929331286979696
2752 1.6164663657452951
2753 0.7467100423720431
2754 0.00526770635648727
2755 1.2552838443881233
2756 4.473704148002593
2757 4.528671833493584
2758 4.456047660258979
2759 6.657700513684956
2760 8.460775450788365
2761 8.458841021090695
2762 7.957983224951667
2763 10.419990078311558
2764 13.010732527274518
2765 15.094885547472327
2766 17.012627766689434
2767 21.375659022139295
2768 24.899839383057955
2769 25.122798601871207
2770 22.220231952190662
2771 18.777932374074187
2772 15.80252179259052
2773 11.159025785604063
2774 6.675275507479927
2775 3.098364789113101
2776 0.6505324182887097
2777 0.09281334056876114
2778 0.05269336036872394
2779 0.18766498643724636
2780 0.5195187917244237
2781 1.3564734693523102
2782 3.165246341952828
2783 5.014907988304445
2784 6.0246898969963985
2785 6.467508952071193
2786 12.150505712268119
2787 14.094712998329586
2788 11.791044315157299
2789 10.217058200450843
2790 9.666671636539647
2791 5.209655148975162
2792 3.507850482225234
2793 0.4234263662947468
2794 0.02731987876503012
2795 0.5850494524537136
2796 2.6623856062771223
2797 4.318534595534416
2798 4.734238095541756
2799 6.8416666685165834
2800 7.184931437289368
2801 7.341172170103756
2802 7.3492059697462375
2803 8.833288710954815
2804 10.138315032150519
2805 13.379693095082402
2806 15.143337173608709
2807 15.11780844339282
2808 15.757214823214607
2809 14.485614100432885
2810 11.160503174637336
2811 8.170141851211616
2812 5.687359772116794
2813 4.9014814402711275
2814 2.865732298407621
2815 1.1303679721226654
2816 1.7267142432065155
2817 1.5127129185949684
2818 0.06882421993498052
2819 0.5152362069524632
2820 2.706339220303953
2821 4.547528195476298
2822 3.4817147358573806
2823 3.6848384740455575
2824 4.285766823921015
2825 3.9732495489110966
2826 4.513549550138672
2827 6.078076941485633
2828 10.491985487403866
2829 13.99871106614055
2830 18.545045267726262
2831 19.603928424959125
2832 21.740378388077794
2833 23.2364300716404
2834 18.312790155506296
2835 15.82648784426784
2836 12.86035661623552
2837 9.26405935431929
2838 6.184892721458174
2839 1.9580953967104706
2840 0.31699685576154046
2841 0.028028542510988488
2842 0.0347394010094047
2843 1.0375662264180256
2844 0.9686591217222219
2845 2.63172165266783
2846 4.723955934939572
2847 8.087290033387546
2848 9.899897023369974
2849 10.48182881093658
2850 13.260221329668541
2851 15.136916401499798
2852 15.088895711029279
2853 7.432255207270153
2854 4.922439943465036
2855 2.8286239615367674
2856 1.7215255512606509
2857 0.01261913248788572
2858 0.22287550711495205
2859 0.5650313543294415
2860 1.9840477518115553
2861 2.433478637294628
2862 3.766044330391129
2863 5.121184959843738
2864 6.172209416180537
2865 9.148153270670905
2866 8.271908535797781
2867 7.956110348112325
2868 7.813916082478838
2869 7.496766492708806
2870 11.981849956870303
2871 11.946092426456996
2872 14.061375487991716
2873 14.128500383010723
2874 10.21890689942922
2875 7.135381837741063
2876 4.628657193550125
2877 3.4887258041438693
2878 2.0497297580386435
2879 0.9320416490361658
2880 1.9556511952707696
2881 0.9048492462894696
2882 0.0003467775042995724
2883 0.22160506735700067
2884 2.2983693746603615
2885 3.4227857645469193
2886 2.38604986972255
2887 2.5412054452891746
2888 2.942128386880485
2889 1.7560692054450995
2890 1.296042879646504
2891 3.311030089163861
2892 10.317079976354442
2893 12.035476073919002
2894 17.218451063395733
2895 17.47802030980107
2896 20.578432039008877
2897 23.945308308954303
2898 17.978857656501518
2899 15.770455744310857
2900 14.185865108123602
2901 8.831664815471651
2902 4.370154271891976
2903 1.9860046225967833
2904 0.043936143199000646
2905 0.037985655613318244
2906 0.6404486412546879
2907 1.1155861526963364
2908 1.9445246412540855
2909 3.53865646880385
2910 5.197796616027077
2911 7.832162500578839
2912 10.358088194174043
2913 13.814842564226785
2914 16.07396969868284
2915 12.29554495417268
2916 15.574820145167582
2917 7.455041841097809
2918 3.1697958629242886
2919 1.8611906653466277
2920 0.7651405780956223
2921 0.1043986166205618
2922 1.0615007813407635
2923 1.1919083017247956
2924 1.6669511575007443
2925 1.7245409699959922
2926 3.1859291129388434
2927 5.435548740609227
2928 5.644859159228965
2929 8.023175387718586
2930 9.332189400058311
2931 9.013665767294642
2932 8.244156972438788
2933 8.347064370687017
2934 11.831933175102405
2935 13.93761903354194
2936 11.381008803551442
2937 12.863738696588648
2938 9.30535260700861
2939 5.72997590520013
2940 3.3904917361267843
2941 2.0188945913685963
2942 1.5632985228484606
2943 1.0358322437710488
2944 0.7592061207295304
2945 0.19255109192701703
2946 0.0010659023138473477
2947 0.11830434730382239
2948 1.2206872458645317
2949 1.8087748677551199
2950 1.6824066364656713
2951 2.2082025932385525
2952 2.3432060434314694
2953 1.1827588210388478
2954 2.09484192609207
2955 4.8370811241123
2956 7.849376088849867
2957 10.620599082975248
2958 14.516739912188845
2959 14.799488458132599
2960 14.284539147948527
2961 18.862620934614377
2962 15.711204604455892
2963 15.961292772833668
2964 11.730521039650393
2965 7.346518290939134
2966 4.834485913447683
2967 1.8984260803007955
2968 0.3731472813852348
2969 0.4734564204492223
2970 0.5322292864729304
2971 1.2474066373041288
2972 2.950679579320119
2973 4.348957642384843
2974 4.049520269563305
2975 6.011190974552772
2976 7.716897063211064
2977 12.978258499011998
2978 13.667015061684737
2979 13.013730118313918
2980 11.079686792306251
2981 9.868273352837676
2982 4.304688455374721
2983 1.1992867566268635
2984 0.040980740678667193
2985 0.5448049447787137
2986 1.5312575841029648
2987 2.573938691197281
2988 3.256224438689141
2989 3.0443239302142877
2990 4.755118854023554
2991 5.912788776366658
2992 5.567156327615173
2993 8.811855860571287
2994 9.440442270243993
2995 11.859759218749211
2996 12.929414514394521
2997 14.216325053177274
2998 13.227338249618125
2999 17.237813201446844
3000 14.400139522057733
3001 10.969590594623563
3002 9.478192227652295
3003 4.826619901224122
3004 3.2162455819130473
3005 2.187706804458652
3006 2.470765965679249
3007 1.6584212498727464
3008 0.7748162082704656
3009 0.22044844333446856
3010 0.006650769358751405
3011 0.17254737705651096
3012 0.5512913226030716
3013 0.7581175019751919
3014 0.8562457258483166
3015 1.0193089148264771
3016 0.6141456972261651
3017 1.683235185468432
3018 4.448007356349375
3019 5.213826108349193
3020 6.28954964490798
3021 6.3643075767861275
3022 7.5354544841864985
3023 8.054039439466631
3024 9.66828260042165
3025 10.381166208749558
3026 9.408248212542793
3027 8.928477552907003
3028 6.77663512782363
3029 3.9978620384976655
3030 2.6605815460742743
3031 0.8083458165401721
3032 1.1014621810626237
3033 0.36099345725320475
3034 0.3371262597659493
3035 1.5521952124013436
3036 2.708429805879976
3037 2.5063532814347234
3038 1.7435664659907932
3039 3.856921347356307
3040 6.511176646496615
3041 10.253237091755329
3042 11.075779938179544
3043 8.976372898561163
3044 6.892168564106074
3045 5.915731065218699
3046 1.3558462507228994
3047 0.5067596559793205
3048 0.016035706834500653
3049 0.05577332513280415
3050 0.19340969926782198
3051 1.0664493468920995
3052 2.4648867761182864
3053 3.60698350060028
3054 5.224610129594317
3055 6.320415017709944
3056 6.58181469289116
3057 8.863532346939511
3058 10.1727726908718
3059 13.446582092554454
3060 12.682955603881146
3061 16.959854334802095
3062 12.798758181196874
3063 13.62477012708759
3064 12.543313246036497
3065 10.821423515401634
3066 7.506063142206549
3067 7.191196884552187
3068 4.790024973126796
3069 4.281973754609173
3070 5.560716844927374
3071 2.431802744009048
3072 0.5776525551465309
3073 0.12120090270142188
3074 0.0223697011702209
3075 0.14838102125614672
3076 0.6121592208350514
3077 0.5145980206939457
3078 0.3568127751962971
3079 0.6919351065914562
3080 1.1010682285924944
3081 3.8463178261888555
3082 5.671516921564649
3083 6.247601210528937
3084 5.179235560519171
3085 3.335352273657406
3086 2.8927045586441857
3087 3.4398181493484707
3088 3.822173296608341
3089 4.299713330014541
3090 4.6839302048239695
3091 3.037880429223471
3092 1.8416448057836259
3093 1.1124688728321321
3094 1.0496405416836656
3095 0.923341990746891
3096 0.9244343874816339
3097 0.14940009531573578
3098 0.37229879726346304
3099 0.44128933925865416
3100 0.9540102537167576
3101 0.9071838322391224
3102 0.2969049772462536
3103 0.5792989539658405
3104 2.0167252489509586
3105 2.8117224943347714
3106 3.491699425299556
3107 2.6671663580551237
3108 3.410750540727511
3109 1.3069900205187481
3110 0.40772899858069916
3111 0.09231468631594582
3112 4.6851719013039526e-05
3113 0.038255782000609154
3114 0.07138641506382498
3115 0.4103353892507639
3116 0.8150684931119481
3117 1.6818268909023364
3118 2.9828280702211023
3119 5.161535259002176
3120 7.924173848331487
3121 8.14835299442603
3122 11.178800232364056
3123 14.454073666006233
3124 15.987153584381847
3125 18.610316318114222
3126 12.349598844110744
3127 12.920365727839192
3128 12.827867500448228
3129 9.772263231940693
3130 7.136763313165037
3131 7.146974536555719
3132 5.96095674108983
3133 4.805359921019981
3134 4.605604936397655
3135 2.966679239584699
3136 0.6542536504303733
3137 0.2557472759802394
3138 9.026426278324773e-05
3139 0.23096309518525873
3140 0.44334323651456575
3141 0.3432498320916793
3142 0.144597001364401
3143 0.5244662310287315
3144 2.280823145561805
3145 4.6689234422961645
3146 5.96806057109006
3147 5.411834557449507
3148 3.065373260336483
3149 1.6775060668438808
3150 0.85785383756291
3151 0.9278106094536489
3152 0.6610123941303535
3153 2.3826435549155143
3154 2.8525221001417815
3155 1.9666308086220627
3156 0.5329344315782254
3157 0.8552884874744521
3158 1.1070814125745374
3159 1.6296388767831438
3160 0.978123726610849
3161 0.24962968726825358
3162 0.29261936111661624
3163 0.4423117714375536
3164 0.3085019602586907
3165 0.9509466345741484
3166 0.6345212682978757
3167 1.074028821294496
3168 2.091975220517299
3169 2.2576944450381196
3170 2.8634581439115356
3171 2.3433489316246967
3172 1.5923015799134568
3173 0.23694130536265004
3174 0.04075789122317215
3175 0.001513877729960469
3176 0.03353308356923161
3177 0.26028790161119103
3178 0.1745692723746237
3179 0.5395188408031468
3180 0.525458372376869
3181 1.137928983421357
3182 2.0105923647382826
3183 3.5593084091412104
3184 4.9463132624170045
3185 5.042050072128267
3186 8.104991349640626
3187 12.583647075911163
3188 15.039287987983098
3189 17.099456276372678
3190 13.20866910694388
3191 12.888625857645192
3192 10.852284058169491
3193 7.941675040718581
3194 8.34901493264445
3195 5.950221936935549
3196 4.990539111817491
3197 4.424145843810512
3198 3.7712801234141975
3199 2.512942121103694
3200 0.5088003489474356
3201 0.3038584326446206
3202 0.02048207390721602
3203 0.12327058805139163
3204 0.02702236868680756
3205 0.224799205298055
3206 0.5930117660766226
3207 0.8993126441280423
3208 1.6922859087514777
3209 5.054102301759504
3210 4.423959797199807
3211 2.585313918032976
3212 1.2973697937968334
3213 0.8470384439183797
3214 0.051795396055269484
3215 0.15605230847902424
3216 0.3796681280871057
3217 0.009934161025057594
3218 0.1828967979915428
3219 0.1783485081210151
3220 2.607115211201441e-05
3221 0.04906564023433353
3222 0.542673143803354
3223 0.3391763356253626
3224 0.4252437730509976
3225 0.3427525729082619
3226 0.0799909716571297
3227 0.17930479446174866
3228 0.5770274854420822
3229 0.39958672328822276
3230 0.4157955746597357
3231 0.22962867634748135
3232 0.42306574220861703
3233 0.8581593662796894
3234 0.4615723749370112
3235 0.5233825335470318
3236 0.12117333915129765
3237 0.19571387199581378
3238 0.809197090811871
3239 0.7227006064198793
3240 0.5136900088573478
3241 0.50077661140597
3242 0.3965459276193546
3243 0.6622859311899788
3244 0.815198755264631
3245 1.1831393333014557
3246 1.9470794002158471
3247 2.2957727940104333
3248 3.076710303446092
3249 2.642141172960838
3250 3.5736207392960426
3251 5.488790063768322
3252 7.569149771056763
3253 10.741498385858886
3254 12.88190349733641
3255 10.287024408693705
3256 8.725955439129452
3257 7.644014414981583
3258 7.032002856841224
3259 6.145447325356455
3260 5.737319158664535
3261 5.456439137508306
3262 3.6851955985395635
3263 2.9494791946534282
3264 0.43058261638621487
3265 0.17984677219765524
3266 0.1730101627903587
3267 0.11883180978010743
3268 0.0006883523190555873
3269 0.43563355478091764
3270 0.9920729853079027
3271 1.700025753041083
3272 2.0623459940732043
3273 4.561824415626985
3274 2.896310794874365
3275 1.4966198274550173
3276 0.2949908762520755
3277 0.0023331651335190824
3278 0.19927251640429192
3279 0.7935745375863207
3280 1.3426091856891993
3281 1.6452591721329344
3282 1.2861042671536307
3283 0.7805131480007362
3284 0.49228388672793116
3285 0.5086313529138288
3286 0.02752204633818976
3287 1.5575752384353515e-08
3288 0.03709120183422666
3289 0.02657797523390095
3290 0.1162783681660886
3291 0.32974299647209177
3292 0.4266971851451201
3293 0.502425275690579
3294 0.41257095962725526
3295 0.3982782460775694
3296 0.8051808372395037
3297 0.5419806577290216
3298 0.10206087305336956
3299 0.008962676603172298
3300 0.059575044557121676
3301 0.5291504021192946
3302 0.7556883284194613
3303 0.9244146387401418
3304 0.7460253861579534
3305 0.7412562754284586
3306 0.5954931786793931
3307 0.528315768574066
3308 0.39824727054365955
3309 0.6281778336483221
3310 0.31545431309965094
3311 0.8852480309588282
3312 1.0822449861483983
3313 1.3115759099105635
3314 1.8242369904399487
3315 2.849422247295738
3316 5.83519693570651
3317 8.19754569718455
3318 9.736590097135286
3319 8.807495498436026
3320 9.632672571513332
3321 10.029413002747646
3322 7.870922680326532
3323 8.45401366436804
3324 10.622400028853846
3325 6.69951816949322
3326 4.682429579968133
3327 3.582910695247748
3328 0.3903457027467216
3329 0.31706160595722094
3330 0.4970609788479231
3331 0.5365318874819028
3332 0.002363961680193207
3333 0.6868555559135195
3334 1.1217041458278652
3335 2.6268625644550996
3336 2.6847873121926575
3337 1.5768817097982721
3338 1.452740865975386
3339 1.0926060044841477
3340 0.08722566083010039
3341 0.07999348962534729
3342 0.48998942686951946
3343 1.8895732795745792
3344 2.278596636340052
3345 2.8908184396000927
3346 2.3261387776772593
3347 1.4685764822839373
3348 1.4015973945714986
3349 0.48900313225683206
3350 0.6628680625330647
3351 0.3081447114319129
3352 0.01406613788971681
3353 0.009785297019007785
3354 0.11647173345145581
3355 0.3949110059616224
3356 0.16176859590384374
3357 0.7665264552854206
3358 0.6136094313611168
3359 0.7267423050586388
3360 0.6440224011835356
3361 0.6141541186440422
3362 0.21824143104668123
3363 0.18817213405729027
3364 3.624460756159317e-05
3365 0.12512808701595493
3366 0.3236177839117888
3367 0.3355363372674311
3368 0.49934913772976713
3369 0.6614911317722855
3370 1.454856724156542
3371 1.4724677401939894
3372 1.6176672571736346
3373 0.6345024589430242
3374 0.5854624464122568
3375 1.3117255225655968
3376 0.4880360988840913
3377 1.0700702446977666
3378 1.3901635245700747
3379 1.7203762425952294
3380 3.6783289653163656
3381 6.167662217600737
3382 6.4018654985291095
3383 8.972535079080412
3384 10.889741932937925
3385 11.767574961572075
3386 8.302617965596793
3387 6.95429619532893
3388 8.287153499088278
3389 8.985178538251011
3390 6.36383214305582
3391 4.122671212089189
3392 0.5441282903751123
3393 0.5089116071289078
3394 1.0030675088107968
3395 0.54433492298005
3396 0.019324618516074647
3397 0.4134280988829586
3398 0.92069212582266
3399 1.6846992685582696
3400 0.6264839513737234
3401 0.13540557432248204
3402 0.20688563851377698
3403 0.15492753643424767
3404 0.16141188031077267
3405 0.06865839850678895
3406 1.0089547545217323
3407 2.453291301395502
3408 2.5854836987626797
3409 3.002462817053837
3410 3.433570007973681
3411 1.6887988216324878
3412 0.30953514088449385
3413 0.2500825902440383
3414 0.40186715196755013
3415 0.12092079217995436
3416 0.012219377905431268
3417 0.013664310621196355
3418 0.07886308532323394
3419 0.321616335173267
3420 1.0569185922748867
3421 1.0335830019605166
3422 0.71859765593558
3423 0.31368578911022166
3424 0.4189014047939145
3425 0.7721577545311491
3426 0.44978739350159297
3427 0.14948225603537058
3428 0.006419578412615124
3429 0.01771834801934103
3430 0.007104826600556675
3431 0.0213004385179588
3432 0.009771254085690505
3433 0.07074380504223865
3434 0.9979490451083294
3435 2.0245704093053387
3436 1.5667090666529166
3437 0.8541423931477401
3438 0.7769960153542237
3439 1.487189889813847
3440 1.5408548335544492
3441 2.2842319318611017
3442 2.6748212743936404
3443 2.110191084637408
3444 3.5984369225214343
3445 6.798587334194601
3446 6.484031389188126
3447 10.078796467479084
3448 12.057785977541268
3449 10.213927095487364
3450 10.090447071967871
3451 7.9576510172186445
3452 7.585707193667022
3453 8.930657017100257
3454 8.147714636399746
3455 6.157516248571729
3456 0.9581705047800384
3457 0.7394004389757062
3458 0.4134721973011106
3459 0.16505744654943566
3460 0.0029636448308672353
3461 0.06588137354339998
3462 1.2634078055816376
3463 1.190464088930578
3464 0.1849216290611939
3465 0.00866043885468308
3466 9.322375485204344e-06
3467 0.011484895598899468
3468 0.019517553597918753
3469 0.09420537867994042
3470 0.9467930602683626
3471 2.888039776846477
3472 2.5110946878736744
3473 2.2021384111505187
3474 3.0281541289088363
3475 1.59424650731866
3476 0.38562195275789113
3477 0.08287833715196312
3478 0.1984662225830279
3479 0.059453901494448944
3480 0.04962893838254343
3481 0.2643068378068024
3482 0.43220013786956785
3483 0.8369474544272214
3484 1.635397522801873
3485 1.1855278566760494
3486 0.7512541121495157
3487 0.4691579611326895
3488 0.5322296316527
3489 0.42620753440554615
3490 0.43958922078215945
3491 0.23703915204103657
3492 0.32362514655353053
3493 0.47071766772690143
3494 0.14613552269347346
3495 0.2530846736317174
3496 0.33076043021362445
3497 0.26765621285289753
3498 0.10725198539387346
3499 0.03429066664806263
3500 0.5907739371925836
3501 0.38460236801586706
3502 0.7064083559307319
3503 1.6439117500512055
3504 2.632754080041828
3505 1.7737539492052117
3506 2.318476032749251
3507 2.4859792148161595
3508 4.339311173438683
3509 6.890137524878792
3510 7.697133414169673
3511 12.485454658984713
3512 10.500669496641653
3513 9.78628871207073
3514 9.966367363928352
3515 7.415546706597174
3516 5.161396593642964
3517 6.12439226985957
3518 7.488600972555913
3519 5.174202186534394
3520 1.1412459158106965
3521 1.0363975775932617
3522 0.55950075456878
3523 0.17393617929457184
3524 0.11025391196170366
3525 0.055408427656254436
3526 0.5600962285395632
3527 0.18326444872654574
3528 0.0005213808061176372
3529 0.10404421075997379
3530 0.09234087954910918
3531 0.0985383907748578
3532 0.08014903766882824
3533 0.2705708864568421
3534 0.5284276571364026
3535 1.5855674786509293
3536 3.057884626494938
3537 2.4008632930855933
3538 1.8289271864463184
3539 1.4777033877130694
3540 0.4928744025085486
3541 0.20403576922268998
3542 0.012338049125352767
3543 0.3235991217329085
3544 0.0827592841447817
3545 0.3925596021030844
3546 0.7636654333297734
3547 0.8381484514562846
3548 1.746517336181289
3549 1.5541582599440165
3550 1.0970347490750512
3551 0.27383166320256663
3552 0.08177426785433255
3553 0.2765107428347935
3554 0.36702822747561836
3555 0.5197346346179617
3556 1.4419144974510505
3557 1.2490880133964952
3558 1.0148978842680216
3559 0.6096774406596916
3560 0.47309166145518755
3561 0.5734048589768085
3562 0.1371760940795344
3563 1.7548059264058937e-05
3564 0.1607714777606186
3565 0.15032644819066368
3566 0.1992671234425863
3567 0.7342244018088138
3568 1.7609860878119161
3569 1.7992459011078652
3570 2.6863877110960073
3571 2.899785674261369
3572 4.743524725545331
3573 8.267521802324941
3574 7.759518237083044
3575 6.766626776186986
3576 5.412586111775393
3577 8.407401201433924
3578 8.482929978940343
3579 7.422638322388558
3580 4.991222068984475
3581 4.646124926525229
3582 6.850471450793486
3583 3.425009305181067
3584 0.7611158006777964
3585 1.0061961777199764
3586 0.5299025152432487
3587 0.16304179238075922
3588 0.03979159698261993
3589 0.12214419955081404
3590 0.29625677064246997
3591 0.0026862471115775615
3592 0.022363755295414768
3593 0.18944210618004326
3594 0.3154516255209376
3595 0.5516627566111284
3596 0.3462674496065568
3597 0.378980401231056
3598 0.3126801378712836
3599 0.3252781521119813
3600 1.1585448638948812
3601 1.6220889046752764
3602 1.1965101949975756
3603 1.2450284359062058
3604 0.5497896750782072
3605 0.12497854280344148
3606 0.02134332704746269
3607 0.10220509776156604
3608 0.28080639581031047
3609 0.9625834167801715
3610 1.01939554434342
3611 1.7337378299428166
3612 2.835845304313993
3613 2.1121817149048683
3614 1.0782544886879983
3615 0.37207444300094317
3616 0.0692867444418114
3617 0.20525292880262283
3618 0.314807211775492
3619 0.766823053870717
3620 1.2136223348366504
3621 1.4914705749081154
3622 1.1735196390105418
3623 1.048199575485334
3624 0.8722079667475743
3625 0.43669433874538766
3626 0.08543111173025607
3627 0.0008557902260065818
3628 0.029166994857157177
3629 0.17163593757244366
3630 0.373147267187335
3631 1.005982337689547
3632 1.915947886137452
3633 3.1716585779794584
3634 3.9829672411208157
3635 2.3206174908157258
3636 5.283018474569159
3637 7.351162708490332
3638 3.5216026517632324
3639 1.5446249151435334
3640 2.303834870363594
3641 3.7341668490599287
3642 6.2160850054304175
3643 3.8064436674265822
3644 3.268100366400547
3645 3.0867596597085187
3646 3.1483294269256743
3647 2.483158915084365
3648 0.7569206719939265
3649 0.7444651218708952
3650 0.22118491658737954
3651 0.12170480364303617
3652 0.03037425436984265
3653 0.37242777573830443
3654 0.014200361350553973
3655 0.21937238697039316
3656 0.17550989950817444
3657 0.6951950631857431
3658 0.9976813125449709
3659 1.365029190444883
3660 0.5840738045478767
3661 0.45783274225774057
3662 0.4123530519724628
3663 0.0722569034989288
3664 0.24591025824472762
3665 0.4594218218473659
3666 0.7239943533926794
3667 0.723921295694352
3668 0.0768431689947146
3669 0.013645076011419701
3670 3.729876068944759e-08
3671 0.22176400645594735
3672 0.38474456694702935
3673 2.375938561074196
3674 1.9945909176783556
3675 1.5649688328962719
3676 2.1421836921283894
3677 1.1809453452359389
3678 0.6136953668091562
3679 0.5048737844298601
3680 0.144676371741294
3681 0.08432439554286661
3682 0.8138017676692416
3683 1.6117129505454488
3684 2.68220891020001
3685 2.0265523054390036
3686 1.0218032859611137
3687 1.4949345317389429
3688 1.2301412852684641
3689 1.2731133739004377
3690 0.4413350174586066
3691 0.005183738490620184
3692 0.2653817399942307
3693 0.9306488150508826
3694 1.0296454680755327
3695 1.6752638082054039
3696 2.486941658200192
3697 3.963197693613635
3698 5.985686226362218
3699 3.2933455879357796
3700 3.9614146053146615
3701 2.8214053721871686
3702 2.0322807647054857
3703 2.2645481395857736
3704 2.4346605402702113
3705 2.803613565407647
3706 4.275339687791138
3707 4.3264145176618
3708 3.1984033947643757
3709 3.0621796430690256
3710 3.0121856860964273
3711 2.299033128498612
3712 0.5727688188697442
3713 0.4413417936001853
3714 0.1712363700270358
3715 0.03965867819912359
3716 0.638918154775582
3717 0.3816012758222283
3718 0.0005736469968916504
3719 0.007005639501236307
3720 0.045113521752132214
3721 0.103485167105762
3722 0.3912759085900557
3723 1.3721245927473111
3724 1.0601103992278158
3725 0.6746361558092968
3726 0.2804889785197947
3727 0.06600450147508415
3728 0.020578124166701846
3729 0.08923563039695151
3730 2.6971417256825696e-05
3731 0.019315084639637117
3732 0.1905148456488352
3733 0.031174004122357192
3734 0.04736894708233027
3735 0.407594118244856
3736 0.75073083026564
3737 1.3538996429020784
3738 1.6662297048925052
3739 0.8041891203118342
3740 1.1217340568930212
3741 0.5538264769441252
3742 0.41152926184234073
3743 0.07245773473503994
3744 0.009083951706529475
3745 0.011949887429704514
3746 0.23357350111911493
3747 0.790776897572734
3748 0.920181769911242
3749 0.5243663602090618
3750 0.3896908109243576
3751 0.5558285058177932
3752 0.3224647654320207
3753 0.14153504663625668
3754 3.7890859401014726e-05
3755 0.32774215270038837
3756 0.6244181105493066
3757 1.0320326056073175
3758 0.9847772270567042
3759 1.5577118773497223
3760 1.8063541378709436
3761 2.5317207139212563
3762 4.134927816420946
3763 3.0314365208988225
3764 2.6359534659283024
3765 2.660754312227363
3766 2.54569474252267
3767 3.265405844235722
3768 3.038409525706616
3769 2.5911032180229516
3770 2.103576743493099
3771 2.923122524807086
3772 2.503062591199764
3773 2.599895347674497
3774 3.170798633152861
3775 1.8660992925849609
3776 0.19698609062044325
3777 0.36477000341315036
3778 0.19712917560165835
3779 0.09246287194580664
3780 0.6910926521444106
3781 1.0979073543528244
3782 0.6368311423532368
3783 0.4627863725640216
3784 0.09816883267799653
3785 0.017619381384627514
3786 0.04291134110735944
3787 0.45326462367360837
3788 0.5437764871773924
3789 0.24286733093466364
3790 0.01457222977635063
3791 0.037636627222121716
3792 0.003296187021794528
3793 0.0010543206459319
3794 0.03909714454440791
3795 0.013925016261006585
3796 0.02104820654695256
3797 0.1183007332486218
3798 0.0256240649856214
3799 0.0004937823073778165
3800 0.05596513050646916
3801 0.49124971876697054
3802 1.2520537305117172
3803 0.18268243985822205
3804 0.32236709132829805
3805 0.14090697325035026
3806 0.13637754972977884
3807 0.00011969312133765022
3808 0.19792989106006492
3809 0.34275222012001416
3810 0.04782551769352768
3811 0.0012557847888317332
3812 0.1532197754542769
3813 0.36680340846493215
3814 0.4335580236997518
3815 0.15365943604562085
3816 0.0018336499897387167
3817 0.042502137787653854
3818 0.06188466825369136
3819 0.6589726657355748
3820 1.5070354915656654
3821 1.230757257400552
3822 1.2882388406488012
3823 1.7499139951947071
3824 0.794199740493787
3825 1.0344419319768834
3826 1.2663746012593582
3827 1.7506107334119454
3828 2.2705809233828926
3829 2.8915267738661674
3830 2.8181337446763863
3831 2.3595004737904515
3832 1.0655186936435757
3833 1.452522553437111
3834 2.5054836215967367
3835 2.253189748758647
3836 2.245589901227973
3837 2.438680654866602
3838 3.2780633065670335
3839 2.147613436253737
3840 0.4199914222449038
3841 0.35725182310969994
3842 0.17906392139332072
3843 0.0001209456057703612
3844 0.1535519143060651
3845 0.7439590440225987
3846 0.6585829874019152
3847 0.8800582546125231
3848 0.4379216948424055
3849 0.13463713908944228
3850 0.004826955497110031
3851 0.15400892646559705
3852 0.21554859295651868
3853 0.7391381181069596
3854 1.5178240107077088
3855 0.8252001202120144
3856 0.6690888568576667
3857 0.2747901296263083
3858 0.05727285332897724
3859 0.14786145313684623
3860 0.021936365877835293
3861 0.36323038616890707
3862 0.2885003492821456
3863 0.3259808900218607
3864 0.21696583452680318
3865 0.46788081555967515
3866 0.7240127239217892
3867 0.5033740293426255
3868 0.18035132820546465
3869 0.0008453295201776219
3870 0.05379602507135619
3871 0.019093177620759256
3872 0.012942491973286658
3873 0.0010471803075449478
3874 0.014609274606956092
3875 0.037024387848771795
3876 0.06829717568586047
3877 0.17145249068429613
3878 0.06202845064042553
3879 0.16115203569615136
3880 0.0070601955700698785
3881 0.0012416521191236404
3882 0.0022024885364434754
3883 0.006379813865267742
3884 0.5220747821229904
3885 0.4671691053215442
3886 0.6585128377428916
3887 0.326489551410021
3888 0.1360056460395938
3889 0.03132825981508724
3890 0.4532531304849439
3891 2.007345939878897
3892 2.763891204562215
3893 2.217193708884916
3894 1.7635301647446953
3895 1.0405968562719035
3896 0.3830450783438853
3897 0.8802268329786199
3898 1.2348124028744274
3899 1.2939741197527777
3900 1.8414931990090282
3901 1.493187911505857
3902 1.834210674525487
3903 1.3833970546028589
3904 0.3693485196601018
3905 0.28802482939063817
3906 0.15412882111865703
3907 0.008800622175850495
3908 0.006194181413380793
3909 0.1782715654069934
3910 0.8119617223000363
3911 1.6385324486208306
3912 1.6942961612999834
3913 1.0506487566925347
3914 0.4928474021381242
3915 0.011275211464003263
3916 0.18038411784072936
3917 1.1089387035702798
3918 1.8376461537013538
3919 2.3391545238483076
3920 2.2586368106025065
3921 2.7061849879562954
3922 1.2205438899249592
3923 0.7533033382079669
3924 0.3618450653948369
3925 0.008492057064797892
3926 0.04724254981594542
3927 0.021310571164542456
3928 0.08410264789096257
3929 0.17250398559450983
3930 0.6751785268949995
3931 0.9103114855036047
3932 0.2800112999734384
3933 0.2724052113100525
3934 0.6255006969028143
3935 0.18285219575241482
3936 0.06047177146650681
3937 0.10853636330455564
3938 0.2998245740502837
3939 0.2399351856346718
3940 0.2526426373141936
3941 0.19616268553917415
3942 0.022988561896026518
3943 0.004570108107588576
3944 0.04937427338114043
3945 0.03763071546417337
3946 0.2823732878639396
3947 0.003618489882010754
3948 0.10725462544339782
3949 0.010157546800077553
3950 0.019776256234398094
3951 0.0030032526207135436
3952 0.06972426438538988
3953 1.661539422875293e-05
3954 0.153156267364343
3955 0.8081535551202614
3956 1.4268179965180372
3957 1.255615355692709
3958 1.5806581450399801
3959 0.7264342752389283
3960 0.25535219040526624
3961 0.2922537459426444
3962 0.6299523504438248
3963 0.8616936053889269
3964 1.0168300853171246
3965 1.3103524858539812
3966 1.7648148787623572
3967 2.062055637101952
3968 0.586412843634994
3969 0.47756341917138295
3970 0.15962590556734335
3971 0.01226966806829539
3972 0.04785480784325058
3973 0.055783260578283866
3974 0.024354187111797286
3975 0.14101694347349963
3976 0.12278908088164647
3977 0.00019894163574878283
3978 0.14218504787788663
3979 0.43409763099765597
3980 1.088020363853675
3981 1.5979610895992404
3982 2.235138380548187
3983 2.3504762070823255
3984 2.9657056601184544
3985 2.5972140912073254
3986 1.5831834633838582
3987 0.7664186498630867
3988 0.42742092775265994
3989 0.00016639881764483343
3990 0.03268200977615989
3991 0.030208923324608002
3992 0.04488383070531816
3993 0.35788463342922927
3994 0.8832893572132777
3995 0.6089482870171888
3996 0.5824455073850969
3997 1.0435247194877606
3998 1.0739149589716002
3999 0.6817750648062907
4000 0.8361212265304024
4001 0.6636647950178524
4002 1.1618865630994057
4003 0.7632342548506447
4004 0.3984168997642665
4005 0.29349589653101443
4006 0.09279897034733618
4007 0.18226297121292434
4008 0.19134672575315084
4009 0.46410395419285305
4010 0.5540126862567728
4011 0.34363095414040434
4012 0.056644349533046146
4013 0.1629973805870732
4014 0.04145150382174312
4015 0.07489672676805137
4016 0.0029202236831538417
4017 0.09155158402807392
4018 0.36966997495181636
4019 1.0342428499839107
4020 0.895062459893704
4021 1.5811653310885292
4022 0.9051129256628088
4023 1.1284068342212388
4024 0.47030545259890966
4025 0.4974143090861354
4026 0.18030109199985836
4027 0.4022372962528839
4028 0.805517495356076
4029 2.4530023664761673
4030 2.599400667756203
4031 2.447783064521231
4032 2.226713866210327
4033 1.6896749384022522
4034 0.7006678132745511
4035 0.079931441386996
4036 0.05205411453555862
4037 0.026379862455319515
4038 0.5330430960866821
4039 0.2630043692737068
4040 0.18525800981560134
4041 0.36351175906011507
4042 0.11761356386062712
4043 0.37371394550686543
4044 0.5134918487773796
4045 0.14290998004332714
4046 0.04409045814430897
4047 0.15376805351804498
4048 0.15704485421134262
4049 0.2486121591451914
4050 0.2648914120211761
4051 0.2138479480456366
4052 0.17415387197876303
4053 0.0076640626331978415
4054 0.018805212449732538
4055 0.00024617053392217046
4056 0.033127511017919796
4057 0.1613909822158478
4058 0.7959949436937118
4059 1.1287092118970339
4060 0.5732851419847427
4061 0.7941414498388426
4062 1.326502696948249
4063 1.1139231355152197
4064 1.2180092308974497
4065 1.2083593039945135
4066 1.0659205862794738
4067 0.5459922716802494
4068 0.36883425934010894
4069 0.6136326244805819
4070 0.329325004263873
4071 0.4646396479697197
4072 0.2794319068460383
4073 0.4615327790454481
4074 0.4161678820063436
4075 0.0935877712759506
4076 0.03754441139719032
4077 0.018419978038330138
4078 0.005332474279246423
4079 0.0001716977706496767
4080 0.08229164089335354
4081 0.39284634912458183
4082 0.6024071967614025
4083 1.447019681283932
4084 1.020289114225492
4085 1.5261411991544567
4086 1.0114862891210978
4087 1.2668730600025426
4088 0.8783271869059904
4089 0.5448245449172499
4090 0.5468477163292114
4091 0.42017346312808246
4092 0.6857160207747172
4093 1.263322314349904
4094 1.6379094227010405
4095 1.2883090969598585
