 0
0 2.0448585011162153
1 2.210288294078463
2 2.609308392517094
3 2.4368305213258674
4 2.365530494054659
5 1.6048856764436807
6 1.3678255835539426
7 1.1149097928767195
8 1.7986444720681107
9 2.475612448554224
10 2.438960203845057
11 3.1940229367140254
12 3.0242962380208285
13 2.3869673681037655
14 2.0668911588305843
15 2.1775734600647367
16 2.240555063993411
17 1.12738309446119
18 0.9941667689516012
19 0.8854839862643301
20 0.8560311690982946
21 0.505695484310982
22 0.12868177448338028
23 0.03944923753104666
24 0.006223042854195212
25 0.05684020371873412
26 0.16284780529139473
27 0.41413406971777744
28 0.00860763396783556
29 0.17612701879255913
30 0.252435283323499
31 0.9105391916787565
32 1.3918757721344868
33 2.198563568387411
34 2.433719748053949
35 1.6076799409948488
36 2.417390293218199
37 3.4759456628759158
38 2.8465870803868336
39 2.2127746078138446
40 1.1007995716348875
41 0.5877302986006753
42 0.4577287735637075
43 0.13732171455852532
44 0.09208506371420845
45 0.06290607101925948
46 0.10353368316031304
47 0.14490729100785474
48 0.03477457833641387
49 0.014563624173577672
50 0.017067299097398007
51 0.01704084327955881
52 0.0004653372729691822
53 0.0001623355029540891
54 0.02202676671340334
55 0.05430685782579495
56 0.07480382560797663
57 0.06477804196041134
58 0.025754963098274804
59 0.0026456254075571646
60 0.07584592574555801
61 0.00831331976414968
62 0.03204322605404932
63 2.826774167283441e-06
64 1.564400375691459
65 1.6271643417527275
66 2.0066320161296236
67 1.8025832582876034
68 1.5853781390321662
69 0.7728586971787267
70 0.7139216839619836
71 0.6747982447915468
72 0.8995368206310987
73 1.3200407526933529
74 0.9720403531115652
75 1.7008348982680064
76 2.588549085404479
77 3.0620548199568405
78 3.396109112120016
79 3.5421354757129957
80 1.8016081325035116
81 1.4299957789866025
82 1.7081866017794065
83 1.3274120613480063
84 0.7527151418484428
85 0.2676756498112391
86 0.007694251641389837
87 0.0016117107279662937
88 0.004039596961719977
89 5.369067557881015e-05
90 0.006381167695978092
91 0.009761917158327376
92 0.49326913663591726
93 1.0132892283566575
94 1.02325184199883
95 1.499318595523354
96 2.9091729572931464
97 3.0409073187920326
98 3.093619035808875
99 2.5623491165058256
100 4.053204588416148
101 4.599597926531892
102 2.651997643839397
103 2.1300151554238993
104 0.8209858897319114
105 0.2561705393251087
106 0.0673842743229172
107 0.020340060309345483
108 0.0034521174154467362
109 0.037526159878109255
110 0.0006207493179656782
111 0.0015919204441488658
112 0.00023178563712874354
113 0.10803081428673159
114 0.0008572552161808268
115 0.07320017937027243
116 0.0010894952703384617
117 0.0033649215061074913
118 0.014546989890523726
119 0.04173427777279789
120 0.03748991361816024
121 0.06447987680481264
122 0.1214260686180233
123 0.04161555953367254
124 0.22320656263756
125 0.16154948052852455
126 0.26084051661069385
127 0.15713473109605652
128 0.7213215068294687
129 0.6842901208622469
130 1.3997587541457719
131 1.1800530394134372
132 1.5661373329423072
133 0.4387719425785066
134 0.5953057494883298
135 0.4657457342642724
136 0.6696841222597195
137 1.833700894774803
138 0.9821749382716944
139 1.4429304718627676
140 1.5569127370695812
141 2.3129576121339728
142 2.21889033204333
143 2.602613266167975
144 1.393557271611531
145 1.4401184085314451
146 2.3961521616670876
147 1.760746406448874
148 0.7869348424421231
149 0.1907042629379518
150 0.01827607159435249
151 0.008743675576008548
152 0.09709411313308978
153 0.1321828754033355
154 0.10905964430199043
155 0.39412859557496155
156 1.074086493707916
157 1.7243617332399814
158 2.7697782651656495
159 3.4693042992607275
160 4.327564499282582
161 4.277081441538741
162 3.871855407598072
163 4.065756705781656
164 4.79688057837895
165 3.4821841451598337
166 2.9033626149807157
167 2.2554301455374883
168 0.7185014587815307
169 0.3809161326365264
170 0.15701828354866793
171 0.06075701456502665
172 0.06766336010153533
173 0.12610231552299345
174 0.11523511942189289
175 0.0312730570176315
176 0.018371874986802556
177 0.19549379972565073
178 0.0016949549670638264
179 0.11388001339195922
180 0.07056702565094575
181 0.000660243739270183
182 0.009473104417461842
183 0.022625147955638646
184 0.039684563844687146
185 0.0393960828434541
186 0.22955109602467993
187 0.5123907586057124
188 0.5707515670773232
189 0.3804991573964593
190 0.21631893448386147
191 0.3749008486875144
192 0.39409640607018775
193 0.1786099263986041
194 1.0803898864469024
195 0.3171824409297562
196 0.24066030877596528
197 0.7935914189965164
198 1.0345122958857258
199 0.6166742376871402
200 0.8049677348916707
201 0.9906605658131149
202 0.8529663117913254
203 1.7462321857657792
204 2.167395656519287
205 2.5190804076929796
206 2.312872996142075
207 2.3419324025567234
208 2.003353400955555
209 2.399095738666441
210 1.6820029722637275
211 0.8328770567058523
212 1.2346877845328437
213 0.2369396861221188
214 0.0005155632093934703
215 0.007284813933286848
216 0.1566354498209189
217 0.42177622447550517
218 1.0699297097377274
219 0.7126417036449412
220 1.3953377483732108
221 2.029481661753795
222 3.3878325369982765
223 4.735799256876314
224 4.8890357341432775
225 3.16177848687783
226 2.9760825847308925
227 3.2654931011640573
228 2.4722730050956443
229 2.637663567038633
230 2.8562383804385862
231 2.7413196899308603
232 1.2508231900537727
233 0.678045691542094
234 0.7798743788510427
235 0.6023809086379831
236 0.127875117411029
237 9.681309135502586e-05
238 0.0019479654434281003
239 0.0052972002524018635
240 0.010948955945821983
241 0.12221749515776462
242 0.0305574748903965
243 0.008850075831941646
244 0.001681440804909265
245 0.09268668187783621
246 0.016279381192321876
247 0.009212107703328812
248 0.004371039198912043
249 0.023147882950877306
250 0.18690857335335911
251 0.46719485932604604
252 0.2903546727971882
253 0.2429085549323947
254 0.1050040791966866
255 0.09989775489537547
256 0.5117607336647079
257 0.0914423653345258
258 0.39144392215419616
259 0.23728061060684077
260 0.016558068838544878
261 1.1890516626306569
262 1.6439343528290735
263 1.9211762464246156
264 3.1146515227551386
265 2.5537565320403717
266 2.5792106533908257
267 4.103856021975523
268 4.34866073385778
269 4.4470429375522205
270 4.160744145720834
271 3.4014385881317137
272 2.8340821720542047
273 2.3018472144605027
274 2.0392896060540395
275 0.921743334739671
276 0.3303263859387997
277 0.10259895066127722
278 0.32248176577080445
279 0.39980506111589553
280 0.33151035943520607
281 1.3794963180250017
282 2.632469880671943
283 2.017740574282998
284 2.5245023659219283
285 2.4207627158446714
286 2.809389060691271
287 3.652150098279248
288 3.957732506131061
289 2.788805804625651
290 2.406425128506696
291 3.0936166018780495
292 2.879739304495711
293 4.504089267586473
294 3.774898925475479
295 3.2423289590027853
296 2.9837863568470406
297 1.9321708097924721
298 1.4184716772672077
299 1.468666258252401
300 0.47233971231874117
301 0.28326104112288897
302 0.08053504642353344
303 0.045141535219649837
304 0.039029555156404966
305 0.19506599692738835
306 0.08306631588144113
307 0.011107926509720577
308 0.0716878557640995
309 0.4193229341197334
310 0.01869745277938961
311 0.03037417696600351
312 0.013264786761125037
313 0.017958854017652844
314 0.1455387985645365
315 0.09886365575078095
316 0.0071258237885937215
317 0.019285748118946133
318 0.022473479892635827
319 0.002130076833493675
320 0.8905018007935441
321 0.7628792781174111
322 0.4063884319694875
323 0.4451669490823137
324 0.18918049820713967
325 1.5110004355445286
326 2.5992542874870157
327 4.207500217985182
328 3.9181272602124433
329 5.47721537483283
330 6.0672916322095425
331 6.791812917494098
332 4.990980865445666
333 6.586381956639168
334 6.765731023284789
335 4.382393589994218
336 3.4576728707586937
337 3.1390920076116196
338 2.764022087316391
339 2.8627916940355282
340 1.925396232790103
341 0.052415133590087766
342 0.29230873783367384
343 0.9253547714636012
344 1.4867297734763276
345 2.1947464661282523
346 2.448920443699141
347 3.876312774454291
348 4.769580484393724
349 3.664632342576295
350 1.9782534842854695
351 1.1421002452801456
352 0.7471483916761819
353 1.8492501961494314
354 1.9173005641626286
355 2.5733572643858573
356 2.777793055705424
357 3.589846475849711
358 4.144673481381245
359 3.300412214948034
360 4.754646103861644
361 2.7638650463303533
362 1.9099614951580173
363 1.1210683488336326
364 0.8206983756549968
365 0.6524125301602992
366 0.576492771784786
367 0.31648039231591685
368 0.12812521269773716
369 0.041822030529442854
370 0.1706516954857775
371 0.39108132569501786
372 0.555403719870862
373 0.5150238417228274
374 0.03289853404594176
375 0.024741503911569325
376 0.04703216455389931
377 0.026771791794261954
378 0.01651988854546676
379 0.008917927001832042
380 0.0015391071930450696
381 0.0029062833632333006
382 0.01235578087348668
383 0.025251990167494864
384 0.5629310888125955
385 1.0497794484113687
386 0.9595457208187274
387 0.08788639068107469
388 0.04630505655843063
389 0.5866268715523651
390 2.980094741593009
391 4.9741795851047
392 5.575228470132898
393 6.86126872931122
394 7.299503166265818
395 7.1745070064404555
396 5.803594787291946
397 7.727395420421593
398 6.5278505264275966
399 3.592449768288776
400 2.749801269365534
401 2.7620799393291326
402 2.3883276116540695
403 2.3202247024330696
404 0.7711642722709994
405 0.37804112603800205
406 0.0016249336855270217
407 0.2133019367726223
408 0.3236612219273819
409 0.8251056354215641
410 2.4313902964624527
411 3.9142141409363087
412 5.221852056364552
413 4.105276542348356
414 2.0367585396400494
415 0.5004338322176053
416 0.19948738434634544
417 0.8305476679893365
418 0.6598705755796831
419 1.1725824773810565
420 1.6611427304568924
421 1.6438470309878084
422 1.8802552419957133
423 2.288041401666354
424 2.467345464778271
425 1.8711254422115953
426 1.875642835403852
427 0.8087079976564594
428 0.3714424028336684
429 0.35222139654341106
430 0.32443419587132727
431 0.7120366718124815
432 0.22776057107243186
433 0.0021914584676830215
434 0.22356719593559393
435 0.2950377542432899
436 0.9235824477533179
437 0.43887326894812945
438 0.12431683530411952
439 0.08794754962290266
440 0.027956721068834997
441 0.04789915372710595
442 0.00015412647833903568
443 0.003178084645462117
444 0.05167531444432399
445 0.09622414960907556
446 0.10711476461788529
447 7.614243309199607e-05
448 0.8796315497873287
449 0.8986389012321283
450 1.7809082805060352
451 0.28250191750809217
452 0.003908703218818875
453 0.0738960548352463
454 0.7681035084519449
455 3.2364641204036086
456 4.4613468675058465
457 4.946805349186851
458 4.972681104475896
459 5.618618591817126
460 5.676655876743418
461 6.458939349902349
462 5.5596926869336345
463 4.760123365343458
464 5.29857380742374
465 4.325513075712879
466 1.5481448408222025
467 1.6586807694337782
468 0.33386848260341845
469 0.26823993494700854
470 0.0455537525392586
471 0.0026029633338567637
472 0.011632412588618286
473 0.18670352345937463
474 1.3874536616083764
475 2.5945516605703993
476 2.2365176164084124
477 2.030647300052741
478 0.5240676839741719
479 0.15592259579613635
480 0.07193519995049269
481 0.10623086423043297
482 0.004055735684417621
483 0.06141166669179031
484 0.21640182804013816
485 0.6960641624563602
486 1.1292060660908925
487 0.857398485192462
488 0.4040363287617098
489 0.33097867320625657
490 0.4146351496100913
491 0.008870087868245061
492 0.00641673362151561
493 0.036397179432301856
494 0.12613017668722454
495 0.4191507656182024
496 0.3825190314270162
497 0.024992698741075667
498 0.04554930509950763
499 0.02364855669227308
500 0.7762054835160915
501 0.065164325284503
502 0.09159310567257825
503 0.28083111353289864
504 0.6573696054407844
505 0.18801820958736545
506 0.2982924719904082
507 0.17791923576223592
508 0.005830773482183378
509 0.046062482777597114
510 0.3768586333535868
511 0.1580331457056408
512 0.9839640701460151
513 0.9814379680235271
514 1.8625692909200493
515 1.3803829259537939
516 0.0010768124844974896
517 0.0072107391834338175
518 0.0666583894051017
519 1.168875286827889
520 2.8133336285200943
521 3.284512750865427
522 2.4277225121824895
523 3.574870689022022
524 4.903839997567386
525 4.739707126389526
526 5.101323159557657
527 5.493077372362277
528 5.162455239366709
529 4.656817676211075
530 3.3131814968641624
531 1.9341477873821051
532 0.41077232026443156
533 0.16758953391281478
534 0.08399854904769437
535 0.009962734907300114
536 0.010483465198522732
537 0.26859462741239476
538 1.0111884684280417
539 0.49622306987925774
540 1.332905319420686
541 1.2486965679565307
542 0.1632140553748099
543 0.0009405770186326421
544 0.04405482509121164
545 0.025181921432655425
546 0.0017658376622560353
547 0.09375268497773319
548 0.27676813329153666
549 0.17622913100804238
550 0.0012484087185619104
551 0.0002320070212575578
552 0.1268914522869976
553 0.07476673803842403
554 0.037906349484944354
555 0.14091633458193517
556 0.31088702992221284
557 0.23744674687710673
558 0.1019543277481422
559 0.07985202392744521
560 0.299988348489584
561 0.0007854462923841389
562 0.07092097229740872
563 0.00928105398568844
564 0.3741124480230096
565 0.09124603907587363
566 0.0959379383423899
567 0.7642330093824787
568 0.9232604387783302
569 0.35904633819098025
570 0.4873399493192392
571 0.30669053411388
572 0.07546572262523997
573 0.2459589978810105
574 0.45050425373116365
575 0.8258665886904865
576 0.5098196740501378
577 0.6515032175020622
578 1.2995295827589677
579 1.6464717983904347
580 0.5080337483943002
581 0.25866936463687956
582 0.1760199098967131
583 0.12503073337577492
584 0.4297952390539713
585 0.5817883352115998
586 1.0719295218827654
587 2.046026869134827
588 2.8439642432874894
589 2.8125752787530205
590 4.2577613886392855
591 4.410688645683892
592 4.33734607982569
593 3.494216941638264
594 1.7496886005643533
595 1.376109832213995
596 0.4705958738549326
597 0.5053279525025919
598 0.549416978974527
599 0.5408462054094136
600 0.9362883437417676
601 0.05168375429747459
602 0.3796716935152967
603 0.491280683398385
604 0.3208004528412631
605 0.5497697158024094
606 0.37333438466043606
607 0.04119662772063644
608 0.021264419865569543
609 0.011955286770454703
610 0.005151910211754437
611 0.021161486833510174
612 0.009909441283739545
613 0.07665515395557433
614 0.0409759348236524
615 0.005038484402687329
616 0.006994539116500961
617 0.03083497887206383
618 0.24782602764406406
619 0.7238168360016635
620 0.6448133426217816
621 0.741252799817633
622 0.3074466114964325
623 0.009762589118867218
624 0.1291084066745422
625 0.0024328618331291014
626 0.1694296573094925
627 0.05014883302928541
628 0.08291161857124768
629 4.788808329284666e-05
630 0.022184719861019067
631 0.8670863014704924
632 0.9182211306982778
633 0.9564212245721704
634 0.5351366178864858
635 0.25015246932030827
636 0.3884213737701682
637 0.3743119134718449
638 0.3958549694941924
639 1.0346126414495562
640 0.336245121390275
641 0.517071963212655
642 1.003378975058803
643 1.1736734889053495
644 0.511689696325884
645 0.09869552475240397
646 1.0480712644171084
647 1.2952704622845557
648 0.45875357412755996
649 0.008968449341101636
650 0.03848302303051102
651 0.4293997180911713
652 0.8527472257521188
653 1.1421665536663168
654 2.055528673355801
655 3.5613113363289544
656 3.0226216577506264
657 3.201380572668568
658 1.6496470787669604
659 1.138725073376544
660 0.6071437783640024
661 0.2990249448621551
662 0.5310518296579055
663 0.4332296954645985
664 0.37724405431456215
665 0.05612479946065067
666 0.4998848322158044
667 0.11451394070724942
668 1.214303372145642
669 1.9267294936886525
670 0.6365734035615567
671 0.07085500330432709
672 0.045875310105408296
673 0.04930758950158943
674 0.09393926222646735
675 0.282284264170755
676 0.3744280624282959
677 0.22993506116373896
678 0.029667210596732264
679 0.0024977649034083798
680 0.002698169567358301
681 0.008333498853544436
682 0.011633247124032327
683 0.19673448423262224
684 0.3763466597600397
685 0.5984981674543042
686 0.11394273691461815
687 0.018525485914380035
688 0.029475374852235916
689 4.557871853620639e-05
690 0.12309885092243511
691 0.173155900497513
692 0.33596817682475333
693 0.3558471970188893
694 0.15905406755014515
695 1.6807670241805914
696 0.8768075838702618
697 2.17562357804289
698 1.6146920199055583
699 0.5337983498032183
700 0.13594836589017945
701 0.24309307095451602
702 0.41687087110153653
703 1.0116759648382774
704 0.6768291121845409
705 0.6858455325030908
706 0.8635334219202779
707 1.2178063692712895
708 0.5941848691091747
709 0.0024718819396485486
710 0.6280417716787159
711 1.3367430087201584
712 2.6966089621214477
713 1.6723099160422206
714 0.4798209619760497
715 0.08962344777066741
716 6.722081093133987e-06
717 0.2213887799917118
718 0.6099555796302673
719 1.9240145824176005
720 2.29082252744127
721 2.2208716564029265
722 1.1504237418185956
723 0.8024222188772686
724 0.20691385681073998
725 0.009542323288822152
726 0.41017054240551265
727 0.37287215925204964
728 0.6000326380174333
729 0.020944168122149193
730 0.22433961863527943
731 0.07259236582005682
732 1.1123272287904724
733 1.3463319207804065
734 0.49267467217009425
735 0.026131095599792792
736 0.12691986578633996
737 0.05305379962672577
738 0.06032386245861736
739 0.07067888764288734
740 0.20724834409496543
741 5.743157421157348e-07
742 0.0015876059942885202
743 0.0021289479813533596
744 0.04526688839351685
745 0.07361746989267254
746 0.07046033999509169
747 0.12443496294122972
748 0.3682050943679688
749 0.8679704922624891
750 1.1507000535257366
751 0.3624021406927586
752 0.2018992797739954
753 0.5053694575982457
754 0.9424240929419534
755 1.0308445686357728
756 0.9364131693422464
757 0.7197326638033805
758 0.5597261565887509
759 1.7946179667179294
760 0.9426685376583104
761 2.3626455995960307
762 2.260326898881895
763 1.249118506156889
764 0.7870060553541868
765 0.48403706006930786
766 0.6403988083385697
767 1.052224685241956
768 0.452350049779325
769 0.420640907972257
770 0.3987968257153035
771 0.4650954778783742
772 0.0951277716118891
773 0.06220606351205413
774 0.4599306595323121
775 1.4090756700050346
776 3.8572277515130837
777 3.4353298141426034
778 2.0730445009111538
779 0.990041664025516
780 0.20203564863231877
781 0.0159273822277122
782 0.19167532581819804
783 0.3726029978174263
784 0.601545537748708
785 0.7384902915482315
786 0.9038039656913216
787 0.497393356794545
788 0.367267422628725
789 0.7190128343674537
790 0.921261504897329
791 0.6750541433496536
792 0.7217795637871413
793 0.2462393718789876
794 0.1517555148864623
795 0.30568496708212783
796 0.0007602789709756886
797 0.021073047596355206
798 0.12118954034794245
799 0.07004913202950923
800 0.1362427297898364
801 0.3432905706690674
802 0.07979616210957352
803 0.2713825155794974
804 0.23626176640184804
805 0.07210601638796407
806 0.27263372159145793
807 0.08962376699603988
808 0.16824138982020234
809 0.17711222991363265
810 0.06574033937329415
811 0.0468677751397889
812 0.15195043277547415
813 0.6831516427150025
814 0.8578146152829439
815 0.7688714964832659
816 0.2804775733949195
817 0.590615821060587
818 1.8307856592817409
819 1.3850388248221268
820 1.552298293072036
821 1.1689303804072873
822 1.3954231738186975
823 2.3665826487185306
824 1.507666192676797
825 2.731506934348626
826 3.0785050119634003
827 2.022529089147945
828 1.744410003709939
829 1.930177143929145
830 1.7740331261205209
831 1.8187482512508888
832 0.5995235420356669
833 0.1926832156665902
834 0.08323678327401397
835 0.027610799580589162
836 0.18902091864003084
837 0.613804119229915
838 0.8718683308937943
839 1.7140520177106722
840 4.424428101767093
841 5.651056735524806
842 6.568735567983427
843 4.182772667238559
844 1.659460029942991
845 0.43376757256811915
846 0.009608617181843995
847 0.004937174697812025
848 0.1568086605718052
849 0.5164393995292821
850 0.6759727578032425
851 0.23672976333585732
852 0.903132117874284
853 1.272146490424162
854 1.7155978580357483
855 1.1721721473497655
856 0.9013857391482069
857 0.26438321604331033
858 0.12223712434006265
859 0.281158464950873
860 0.04164068617129948
861 0.05305345409701758
862 0.38092086538470943
863 0.54211664733975
864 0.6668591928344102
865 0.973145250413975
866 0.5739924787087949
867 0.8111279868081835
868 0.6286075737872662
869 1.2400104467170614
870 2.533856477193465
871 1.701159907808099
872 0.8111097726595056
873 0.6197397931383124
874 0.14925855856228798
875 0.29270368141204806
876 0.6572377803292182
877 1.539657066663066
878 1.6211383813510742
879 1.5391816104779146
880 0.9838764078220867
881 2.235070394844912
882 2.6688416688904693
883 2.4038656108154255
884 3.1761952953720165
885 2.151949164219788
886 4.320804839852994
887 4.310657132841417
888 3.217376284483419
889 3.605013248064157
890 3.7943383691569603
891 4.307400568460608
892 2.705294743416002
893 3.737126958922884
894 4.302583523713866
895 3.067770261738159
896 0.06448614849045448
897 0.009692803600058524
898 0.0042611396229721215
899 0.03206012661377131
900 0.2720853662655519
901 0.7212852598840539
902 1.8730298786937942
903 3.0222404143672357
904 4.11634471844105
905 6.573508478433938
906 10.907208124287907
907 8.025033235233133
908 3.9265080383301627
909 2.666284878802383
910 1.2539641858508919
911 0.3142735862036139
912 0.02636577245449879
913 0.296035959053485
914 0.15746482688943828
915 0.5576034876341505
916 1.2848619146490665
917 1.6502339024496404
918 1.6140128465436352
919 0.9112865469121763
920 0.24705323025825293
921 0.11839353267262902
922 0.027384948529561862
923 0.13292219517807372
924 0.5459321725360585
925 0.32299370852353015
926 0.24380343888666442
927 0.8556273804981527
928 1.2260517714766408
929 0.7147364821853102
930 0.32646976335431693
931 0.5557122574985512
932 0.4920006807945968
933 1.75581368768802
934 4.9041883300406255
935 3.4519400690958233
936 2.5264440216325106
937 2.132130236811157
938 1.2113647373577239
939 1.415033154012735
940 1.8831868649048067
941 3.6953195312247185
942 3.899268965789652
943 3.553262164374079
944 4.122218474131626
945 5.712825407581359
946 6.615649086806959
947 5.392092802764545
948 6.224632156682676
949 4.3282279132147785
950 5.251050456583948
951 6.348838207783666
952 9.813765263030813
953 7.217407977176062
954 7.3561208510345955
955 6.6445037348790565
956 4.876489518601003
957 5.83793586030278
958 5.914142848589441
959 4.180460941783467
960 0.11353557333314658
961 0.07534147527028173
962 0.0014266805050791754
963 0.019753084504528295
964 0.12812287269138653
965 0.5766817680802528
966 2.2899099439970585
967 3.3612211171043875
968 3.644998274643089
969 5.048145104707993
970 7.96763989220774
971 11.50057584497815
972 9.571422747528654
973 6.354011700922152
974 4.457383161142764
975 2.5725838893685866
976 0.908257368927609
977 0.27170731162774453
978 0.023300920137765455
979 0.04771317903679946
980 0.41074478414227406
981 0.7104783391028662
982 0.9516228344945455
983 0.36567704305686344
984 0.049419124822898106
985 0.04846880446384966
986 0.332948418313244
987 0.3327162007244617
988 0.018792223557649413
989 0.070207255235363
990 0.24194489211576045
991 0.22722668807523558
992 0.2005791659102465
993 0.13017096952970947
994 0.013412398988692068
995 0.00028988842857383145
996 0.003567299257761309
997 1.4546615934336906
998 5.099228963801814
999 6.750256693290732
1000 5.048123400659185
1001 2.3333671366382953
1002 1.586068052997786
1003 1.7919548099657125
1004 1.2893092489902533
1005 3.7147359512396596
1006 3.644314962848372
1007 2.141623133349118
1008 3.324695297487067
1009 5.125921233644012
1010 5.675254672897743
1011 5.933880357439995
1012 7.131427812444642
1013 6.445387562077457
1014 6.554402179298643
1015 10.469026372841519
1016 14.32408972844101
1017 10.063614211521482
1018 8.401705199412199
1019 7.184597116711456
1020 5.5921621915737845
1021 6.979588208361259
1022 6.075543591476331
1023 4.433082632119005
1024 2.2123399835179924e-05
1025 0.002583433866788578
1026 0.03845974056386714
1027 0.026067465741850288
1028 0.2476635164577187
1029 0.9572366812829274
1030 1.3431857024445917
1031 1.851676913902285
1032 4.066595401076375
1033 5.256553070715119
1034 6.290621873136042
1035 10.862712349620384
1036 13.655506751358745
1037 10.058779292493682
1038 8.253402768494087
1039 5.507780120821166
1040 3.520304941412553
1041 1.8619585646103292
1042 0.5725383304748684
1043 0.038769807839518056
1044 0.14932617339277235
1045 0.2646029461070603
1046 0.34937907504899113
1047 0.16136325048581734
1048 1.99097970862828e-05
1049 0.004340300484343512
1050 0.0038517198282242444
1051 0.137674363066036
1052 0.38421071548020813
1053 0.5476162571366484
1054 0.3096234973799114
1055 0.0060890973564791725
1056 0.004807008812595068
1057 0.0035647582440514686
1058 0.2262336787092581
1059 0.535427801502261
1060 0.5728928480642682
1061 0.019845631338296407
1062 1.679121627831587
1063 4.681631367267289
1064 4.117406629502536
1065 2.2938534577104512
1066 2.8705922415115728
1067 2.349697477058851
1068 1.5716513650688875
1069 3.376759597581385
1070 3.0620818544721593
1071 1.358528529170948
1072 3.4104519939800477
1073 4.919636082494318
1074 5.262905148933044
1075 6.659869886707252
1076 6.891439623238517
1077 9.20078613465023
1078 8.91869495223008
1079 9.735196641005114
1080 11.651571850014355
1081 9.962312866997642
1082 8.509666985505998
1083 7.783052535258367
1084 6.72173277996991
1085 6.136740101066884
1086 5.434582098493357
1087 3.9548180803204613
1088 0.06636768343154166
1089 0.027271332317874142
1090 0.1068823702466279
1091 0.041748649640300936
1092 0.4580333708821819
1093 1.3499695830874425
1094 1.6105345734750658
1095 1.5068559844044673
1096 3.2463326646237767
1097 8.590151312036182
1098 8.228930381443051
1099 8.76125571589242
1100 13.042293416398348
1101 13.714311997720545
1102 9.389030251300023
1103 7.850147054113725
1104 6.391881986855462
1105 3.791547329945501
1106 1.3276503123995342
1107 0.553200049462894
1108 0.3125184308425205
1109 0.14523504666084405
1110 0.2152514553397681
1111 0.28614892739700637
1112 0.10772006399387207
1113 0.11210347142429457
1114 0.06315312327202585
1115 0.019394975540979204
1116 0.1603578200232435
1117 0.3741841209453561
1118 0.07689400040721567
1119 0.23408818535373113
1120 0.1547210852117572
1121 0.17480925474789855
1122 1.2675415302924304
1123 4.323344734706066
1124 5.510867813853677
1125 1.4746832464869417
1126 0.05719788297933519
1127 1.3927138903708027
1128 1.7758745863531045
1129 2.7833715938808457
1130 5.433001406798872
1131 4.025181887378729
1132 2.4878008262907585
1133 2.7787787380988886
1134 3.1870319493539574
1135 2.668073459967744
1136 4.4216867557161015
1137 6.391635852938833
1138 7.949196450887251
1139 8.960361047205422
1140 9.634458560465017
1141 9.880621183908701
1142 8.898190244296696
1143 7.75861388804146
1144 8.046191195009245
1145 8.361770367924002
1146 7.607133194643262
1147 5.409941060610289
1148 7.334323962195826
1149 5.553934229613646
1150 3.3054991718935223
1151 3.148418060431209
1152 0.019048289555674832
1153 0.003476500800565899
1154 0.01530826710503341
1155 0.14802441993906093
1156 0.29893963662263123
1157 1.1856809570011837
1158 2.868793790642026
1159 3.6623974682992526
1160 5.977832618062011
1161 8.83031763489493
1162 8.828442166114183
1163 8.034645442796963
1164 9.811442623787803
1165 12.23148110483107
1166 12.295610472044418
1167 10.734199218308024
1168 10.811663984576773
1169 6.8622856749830525
1170 4.883726122785056
1171 3.0142182660009333
1172 2.5964626846624737
1173 2.607087967221948
1174 1.4665003234240108
1175 0.770196414140089
1176 0.27767075687847814
1177 0.10301623281156028
1178 0.12473639218232882
1179 0.03185278339916581
1180 0.00010804538623785016
1181 0.11872373324030232
1182 0.04990609280537719
1183 0.6407398431054622
1184 1.372731704227834
1185 1.437477886417777
1186 4.42731770587563
1187 6.3307549943294985
1188 5.592776715790019
1189 5.2031421585221675
1190 0.29652980724780276
1191 0.5642135943131238
1192 1.5191525471328775
1193 1.4795329532974437
1194 1.9602489756326922
1195 2.7591686300666987
1196 2.2747775976550795
1197 2.09676949482551
1198 2.746188172997151
1199 2.8996986074981863
1200 4.362533368742145
1201 6.3812899032614006
1202 8.791343061366693
1203 10.523816039853955
1204 14.052551344297576
1205 13.455177097280757
1206 11.370680868646089
1207 9.78205832581731
1208 7.729524980808119
1209 6.86227244459085
1210 4.861498083787945
1211 3.163187263941022
1212 4.365804672316563
1213 3.02454365575484
1214 2.55997553066597
1215 2.1291082699192003
1216 0.004775540958185469
1217 0.01450526324362644
1218 0.0023639594855544423
1219 0.07687924894078597
1220 0.6333688761824059
1221 1.6997590041630124
1222 5.049569142281061
1223 8.08068841348726
1224 10.562701915634028
1225 10.572651810954683
1226 10.155795545914414
1227 8.707864658102311
1228 7.516132527952816
1229 8.872869457815758
1230 11.996079637822117
1231 13.24657200101092
1232 12.064273746627999
1233 10.912274249584096
1234 8.078054946935934
1235 6.027687115707656
1236 4.834935675331574
1237 3.029226072319687
1238 2.237953777667625
1239 0.9693574659610327
1240 1.119948692435006
1241 0.13272771036529016
1242 0.008528107156548533
1243 0.0474146814216242
1244 0.005468279423144735
1245 0.028512582878344846
1246 0.17961025330258773
1247 0.25131596240150134
1248 3.6959107912954297
1249 7.5426916324313575
1250 12.41607741281122
1251 9.728174074347912
1252 4.568718233555227
1253 3.393245417472359
1254 2.7489297928422003
1255 0.04736647265746573
1256 0.9300218037579107
1257 1.5188662545737865
1258 1.3394685970061355
1259 2.7750887482012785
1260 2.8890758767522566
1261 1.677304702911257
1262 3.350504809889348
1263 6.1398147483379235
1264 6.1016608426989745
1265 9.263913928415725
1266 11.384400950582375
1267 12.423374004164977
1268 13.435204680826217
1269 13.564975568049906
1270 12.843336747885518
1271 12.04195812680021
1272 10.49082136850158
1273 6.85901789836194
1274 5.620452374763311
1275 3.8351835105325387
1276 3.236703579673722
1277 1.8121116077803743
1278 2.1291749041450365
1279 1.604798808191858
1280 0.13126348101557775
1281 0.12434767356690567
1282 0.0811282765496326
1283 0.25407323707440094
1284 1.0801172187983474
1285 2.882423990980837
1286 6.820981647410328
1287 11.52835642191396
1288 12.73863735384987
1289 10.231574351591775
1290 9.512347168466269
1291 7.619392577013845
1292 6.63690949303104
1293 7.04698804609407
1294 12.261773095312673
1295 13.282929543170114
1296 16.138641155121526
1297 15.425910340708716
1298 10.97361591854337
1299 6.331810398591608
1300 4.40190264036142
1301 4.527642311511624
1302 4.105490237773748
1303 2.9572516654035925
1304 1.0448087054446358
1305 0.1446296477219325
1306 0.0177082483793201
1307 0.23066890411001495
1308 0.06283030792513193
1309 0.04500646371421998
1310 0.0944752056336762
1311 0.4985163636918976
1312 4.277046333961336
1313 10.243854312556849
1314 18.945038872943694
1315 14.620869638471088
1316 9.502584020345614
1317 3.438593183779233
1318 4.152073225540329
1319 0.7645052479369975
1320 0.07526970687901613
1321 1.5218275287650964
1322 1.4781000173389451
1323 2.8462206818974978
1324 3.3818372707185955
1325 2.5577894742765293
1326 3.96051239515896
1327 5.970472754370309
1328 7.916863113943863
1329 10.714535683125813
1330 11.525952924754312
1331 14.346952313505843
1332 14.93415466819994
1333 16.208838706148708
1334 14.76592206686162
1335 12.52120530892193
1336 10.306499384986681
1337 9.240540007824835
1338 7.544249641577665
1339 5.139326143739464
1340 3.3955276815631104
1341 1.6973031883393874
1342 0.9679086238691784
1343 1.0807082310185014
1344 0.15538771019431896
1345 0.5084431398166651
1346 0.19473588254797286
1347 0.5682769269552784
1348 2.521768768336297
1349 4.783332354483126
1350 8.88247625759027
1351 11.714510539172714
1352 11.671918490785131
1353 9.492767842376644
1354 11.987293560569809
1355 9.820053518522801
1356 10.200806099048618
1357 13.26435346992062
1358 11.894683694873011
1359 12.662573989911474
1360 17.70230441951073
1361 19.931276869161444
1362 15.278729470980489
1363 10.669069208195792
1364 6.751075063116259
1365 7.760050110973005
1366 7.216800421209025
1367 4.366093732513702
1368 0.7233283533927053
1369 0.011130408749413912
1370 0.05328678620806533
1371 0.5099288036898084
1372 0.46092685881608064
1373 0.010984805650694115
1374 0.089996329479498
1375 0.7575884045764423
1376 3.3616182304429354
1377 9.40618836419829
1378 18.864865176055783
1379 16.4748758446231
1380 8.752859365302019
1381 5.449398447239356
1382 4.267005453917224
1383 1.3980720700968774
1384 0.16435447365352882
1385 0.4558459982408302
1386 1.841515007218496
1387 1.196495553277449
1388 1.8517399062086843
1389 1.6336917900817582
1390 2.639762247336458
1391 4.8947063239301425
1392 6.254803212094988
1393 10.484658278354278
1394 10.528354478433227
1395 17.000566428934892
1396 15.851974060330171
1397 16.542333722396197
1398 18.264153371493027
1399 17.259597491936145
1400 10.210549459945396
1401 9.055026332902244
1402 6.323775397410707
1403 6.74025275215381
1404 4.305740494877891
1405 2.23525390502765
1406 0.8947435209544662
1407 1.0057472058760892
1408 0.11245641158740813
1409 0.3473790213140469
1410 0.35031090808343057
1411 1.3496914603886065
1412 3.7059016608370348
1413 6.62905245379499
1414 7.41567792273558
1415 12.808282269103254
1416 12.395198594519936
1417 11.216087395735277
1418 12.29139814529574
1419 11.353523817512755
1420 11.507066165393951
1421 18.955619167497947
1422 18.515678896640594
1423 14.243619813769484
1424 15.231856878549872
1425 19.80196808636113
1426 17.116343717930615
1427 14.414244649914734
1428 11.512740460108958
1429 10.138004928006
1430 7.781711067855055
1431 4.256557050575777
1432 0.8972591432399202
1433 0.01428101151091719
1434 0.11646620093366222
1435 0.3360470272230779
1436 0.46525185997600044
1437 0.0704444875719201
1438 0.5571300992154353
1439 1.5238227088400722
1440 3.936202023709109
1441 7.552238745950494
1442 13.476914243506805
1443 13.618227630797497
1444 6.307115621640185
1445 4.4262446354577865
1446 3.7548503676695284
1447 1.2800400572375903
1448 1.4132412117049338
1449 0.011817386474339771
1450 1.0452106648388044
1451 0.5555226951280636
1452 0.2913646906421358
1453 0.9542827382818498
1454 1.4928605699845052
1455 2.562140828185116
1456 4.5752312125142325
1457 8.077075039590841
1458 9.225753474113159
1459 12.760633868162811
1460 14.04064669045435
1461 13.848704696420734
1462 15.726719908480133
1463 15.210560086113212
1464 10.139076312424873
1465 7.306723506797087
1466 5.641594102164264
1467 3.1419975824516566
1468 2.922141426695973
1469 3.2598187334435895
1470 1.0266043442205004
1471 0.6762009817017415
1472 0.2628422311076006
1473 0.29711822566226437
1474 0.913796436441107
1475 2.536149278655619
1476 5.2639761947795
1477 8.685760812765896
1478 8.830569575052602
1479 13.852545594927657
1480 13.087385102342076
1481 12.736098571455862
1482 11.534209729971325
1483 13.908286831963999
1484 15.451655561121573
1485 21.01055656611863
1486 27.75872968352347
1487 25.47828893471649
1488 19.54606051260138
1489 22.356187837701263
1490 15.982393194317789
1491 13.795405853118572
1492 11.173736366298042
1493 7.201291987615466
1494 5.6859064363207334
1495 4.046190130885556
1496 0.9279277738379941
1497 0.4612727145901327
1498 0.01211860593795434
1499 0.2837180409000633
1500 0.9056333232189873
1501 0.01804535446076955
1502 0.7998292099368308
1503 2.160278303932642
1504 3.1427326348776425
1505 4.23815569603234
1506 7.374238920803129
1507 8.735008801461808
1508 6.872156735832898
1509 4.851904692834602
1510 5.809317079877001
1511 3.835220218137428
1512 1.9179167950003835
1513 0.30539897481683703
1514 0.06485376404009009
1515 6.689745728950778e-07
1516 0.044532145759776466
1517 0.28477179331528824
1518 0.590800207493424
1519 1.7406206479435375
1520 2.767460364866668
1521 3.8993302468410893
1522 5.363429686519205
1523 10.227103042146684
1524 12.195387218184385
1525 12.013736328221597
1526 12.755823629582107
1527 13.489832402264858
1528 10.90382118438288
1529 7.427640444521296
1530 6.785056906766319
1531 6.215704262088206
1532 3.4493794336331587
1533 2.6843805685185345
1534 1.2227103294648336
1535 1.5449565423638358
1536 0.8199974238845749
1537 0.6019297926400939
1538 1.0590727628990353
1539 2.860691872596934
1540 6.040744104958277
1541 8.026480807038372
1542 10.610075523221985
1543 13.603122431408295
1544 13.078075106010212
1545 12.479586711862797
1546 11.02545118420121
1547 15.283569023262132
1548 17.364499484083055
1549 22.53491278666315
1550 26.49904865509761
1551 29.330320603835506
1552 28.264209399502807
1553 30.207071294472826
1554 23.237834241821727
1555 16.795445359631266
1556 11.322364872966142
1557 7.4257471290279105
1558 5.190783453262642
1559 3.381417994363132
1560 1.5867936649343442
1561 0.5505088336983712
1562 0.29795360476126964
1563 0.02743165716805962
1564 0.26502052772033724
1565 0.11202900336650345
1566 0.2317545376085404
1567 0.44590179089552723
1568 1.4052858716977248
1569 3.5792876762833714
1570 4.9912280588202025
1571 6.760203604611772
1572 11.89026993892519
1573 7.407848122538886
1574 5.519737065137269
1575 5.697223947486231
1576 2.956954998280418
1577 1.9482155077995134
1578 0.8228172046048808
1579 0.25162144179033985
1580 5.311074086865484e-05
1581 0.0006753772871653683
1582 0.1528887727592286
1583 0.7585404970057099
1584 1.2098193502425767
1585 2.7606554627548503
1586 4.782121380463413
1587 7.451687184198066
1588 11.772643697269121
1589 13.855747913465143
1590 14.151334715146405
1591 11.833698127565109
1592 12.10311858275661
1593 9.338525121958256
1594 5.8483467167630545
1595 4.767856181636966
1596 3.4139370336990345
1597 3.6253088878621784
1598 1.5837165107301188
1599 1.6903698376845775
1600 1.1533123602137467
1601 0.8365569146024712
1602 1.1858633031906598
1603 3.4715098192471903
1604 6.482614272374118
1605 8.31791027722519
1606 11.42360096388518
1607 13.008772857666651
1608 13.625053080218548
1609 13.887158585006091
1610 12.944487987728515
1611 16.023271074741377
1612 19.33694558618016
1613 22.36634555147689
1614 30.70762030389784
1615 29.960631741441503
1616 27.605117023132703
1617 28.18338988498973
1618 25.28851279788952
1619 19.474617231426915
1620 14.446255317612767
1621 8.795461097406633
1622 5.5689540393904595
1623 2.781208255933744
1624 1.900838518428841
1625 1.3357228361124969
1626 0.5292074999992623
1627 0.08025855381363012
1628 0.015023389421192034
1629 0.000462095982924168
1630 0.06447600486436031
1631 0.44638947674767193
1632 1.6628314303360603
1633 2.7838943098361946
1634 2.8571096487823224
1635 4.388431420280815
1636 8.539835431270479
1637 10.152024764307404
1638 9.248845774817363
1639 7.58181163009351
1640 4.622709673186038
1641 2.971082477812869
1642 1.8092089106326055
1643 0.2632043777095815
1644 0.0009734891445133436
1645 0.13386359234794779
1646 0.9312710096018507
1647 1.250485581364123
1648 2.1991849864979423
1649 5.951002236011426
1650 7.69825217586357
1651 10.62400779210622
1652 13.370518354369919
1653 15.852834393594806
1654 17.234806589448688
1655 14.247299833584218
1656 13.50667900245149
1657 10.880741622963225
1658 5.594708112560599
1659 5.941399614030422
1660 6.154259571924789
1661 4.885889987818195
1662 4.373615681314915
1663 2.829881988816567
1664 0.7721849311057472
1665 0.879966318497883
1666 1.8902407003282362
1667 4.000209093534846
1668 5.433968335711447
1669 9.378694984449133
1670 11.859834829490811
1671 13.118566825410802
1672 12.528382198117404
1673 12.111824649973665
1674 14.875484632883326
1675 18.12960439571258
1676 22.48788475760131
1677 25.860048828261327
1678 31.55021083615227
1679 30.74506856382336
1680 29.935256947999438
1681 33.131426427283486
1682 32.20439457772352
1683 21.721743695042974
1684 17.82783103619586
1685 13.125948460608154
1686 8.786092849228208
1687 5.357243330383229
1688 2.971771776792548
1689 1.8688191425783292
1690 0.9200351808984888
1691 0.6402765506329552
1692 0.4570799334102205
1693 0.7996273368516096
1694 0.8503668754043121
1695 2.4317038682189267
1696 4.270655950009432
1697 4.660996085094026
1698 3.237810157852036
1699 2.372408571612462
1700 4.084822026829441
1701 6.682258214727066
1702 7.396993707911332
1703 5.394333169636875
1704 2.9902802866381015
1705 1.3388278027192007
1706 1.1004504319499686
1707 0.12876741062890587
1708 0.05940779208353906
1709 1.0275350171120046
1710 1.8886918977893927
1711 1.8488835807905435
1712 3.4687407412963283
1713 7.676237826295564
1714 12.065770990350371
1715 17.361041641638565
1716 19.479046807595548
1717 18.199548063162307
1718 16.42748270193194
1719 12.874811943116468
1720 10.165223623659326
1721 8.271026416777609
1722 7.925307752865412
1723 8.164038619491164
1724 7.168382520404404
1725 7.424603784677608
1726 6.0395520647166965
1727 4.494212716712783
1728 1.8206024766437592
1729 1.1782246387408186
1730 1.54793497330378
1731 4.534277797739604
1732 6.000713370193276
1733 8.184562586230353
1734 10.722056703810367
1735 11.945744893566886
1736 11.968004129293353
1737 12.579841531711988
1738 14.411183722522306
1739 16.696747598530486
1740 19.410994692587032
1741 21.827452432091903
1742 21.853659467258346
1743 24.36771829141715
1744 28.911516843761067
1745 34.77050174935876
1746 32.400421613522205
1747 22.257250016126235
1748 19.273641257549286
1749 16.174637639790163
1750 9.168262250429004
1751 6.373313217621361
1752 4.085200536129236
1753 2.980859290107039
1754 2.252819227137877
1755 2.697774269007043
1756 2.811664352678729
1757 2.4704266127498573
1758 2.891551150103954
1759 4.852774596378411
1760 7.02056839718694
1761 6.396802274806179
1762 5.82084210549918
1763 3.6631348890696414
1764 3.7172937497621072
1765 3.3980037567283587
1766 3.6317922961648543
1767 2.305695702482133
1768 0.6789678752180875
1769 0.023436060955873177
1770 0.012084430525179437
1771 0.058386064342575254
1772 0.4248339516568576
1773 1.6182720374713169
1774 2.580365215851461
1775 2.4844274383295972
1776 3.793934454664907
1777 7.070923186052787
1778 12.376692252677943
1779 18.202430881292518
1780 19.20938136497292
1781 18.618664312557268
1782 12.04941463389659
1783 11.544656779535014
1784 8.20126425197946
1785 6.066573957332904
1786 7.608127225070369
1787 8.430830637439733
1788 10.752731319549062
1789 10.056121937158949
1790 7.937658769578934
1791 4.739984133002927
1792 3.469232022268564
1793 2.6684495774241577
1794 1.9019775311132603
1795 3.595666564284293
1796 4.241068235210085
1797 6.002794287140218
1798 10.17646580562338
1799 11.4021915110365
1800 12.969524929696092
1801 13.373038048471905
1802 13.25516275697927
1803 14.681528340706896
1804 17.35916074786655
1805 18.963987026161213
1806 18.291363066930828
1807 20.822498839562375
1808 33.51666951029995
1809 36.67099560732997
1810 33.95141871264944
1811 28.212078734274737
1812 23.89190699146114
1813 17.549970987527125
1814 8.334100195154981
1815 5.399709488353788
1816 5.280045367216138
1817 5.679522710626354
1818 4.267027505572017
1819 5.747319753259955
1820 5.643574080077707
1821 6.273921223349171
1822 6.847333799829912
1823 8.827543621145182
1824 9.72677722913697
1825 6.615095364986586
1826 5.41634699581655
1827 2.8602386820271755
1828 2.6963135490628014
1829 1.2211904758664174
1830 0.37327770308227
1831 0.056208190582025495
1832 0.06179935253894678
1833 0.7906984290664419
1834 1.0970713410079145
1835 1.2500536627753203
1836 1.8094698067874118
1837 2.8064539985644763
1838 3.4777384693791515
1839 2.960563860157781
1840 4.925070969699224
1841 5.912531245618282
1842 7.197013089660288
1843 11.120733887079627
1844 11.58869330303265
1845 13.686004214285763
1846 12.228991842015434
1847 8.956788840718367
1848 7.228210617745809
1849 9.127612009929816
1850 9.394405054918641
1851 9.264719357097482
1852 12.854149481672794
1853 14.259127779579027
1854 8.812810202214846
1855 4.223875966661389
1856 3.173760880617685
1857 3.2620322967422357
1858 2.7488594917604483
1859 3.229683097171535
1860 5.1181323687249565
1861 5.689920667433827
1862 9.259419165201596
1863 10.881279211278096
1864 13.347796246824988
1865 14.295772281947096
1866 13.77286610537948
1867 15.963906250667181
1868 19.959926379326852
1869 23.238690242586255
1870 23.882130198322596
1871 25.93998988127051
1872 32.77025432713114
1873 30.014384703907897
1874 31.97903835285015
1875 29.899459768085993
1876 26.941784083914662
1877 18.860038726414256
1878 12.23222600626482
1879 10.392416785083965
1880 9.652048522679511
1881 7.209773110833585
1882 8.709022449255059
1883 8.26024307866591
1884 10.460976107735373
1885 11.544043478999352
1886 10.135019522148625
1887 11.872964606938586
1888 11.357768580566312
1889 6.587217177367257
1890 3.3625065090414523
1891 1.1311174583965713
1892 0.24854139632810246
1893 0.0034895084412549806
1894 0.09192573396715006
1895 0.7458626692587277
1896 2.102992651639546
1897 3.445005894198992
1898 3.1195332480269884
1899 5.043557034774731
1900 8.035566359195538
1901 7.222682437904357
1902 6.902032691414602
1903 7.168783077099349
1904 8.38957271200764
1905 7.032156128764668
1906 7.07831757990172
1907 8.06806235552406
1908 8.31086570226847
1909 11.493503509175275
1910 11.68065907537299
1911 8.164416549809047
1912 8.74142045790593
1913 9.786602027724207
1914 10.652402520841143
1915 12.302798702799162
1916 13.3905850578651
1917 15.672762257018361
1918 12.297088159356251
1919 5.579806502130469
1920 3.7827595047793467
1921 3.4937814044031668
1922 3.8311686100890934
1923 4.749632927921794
1924 6.51634109549212
1925 6.972817390307885
1926 11.445273321449847
1927 15.100651926303637
1928 15.745598896436793
1929 13.78366689575063
1930 12.893823509418027
1931 16.751995340059572
1932 19.14831685412595
1933 23.27176603392324
1934 26.03478850563742
1935 32.13850158669966
1936 38.34148118789771
1937 41.233561555864625
1938 39.91507800770193
1939 34.846445737420616
1940 29.76547320254959
1941 22.037854703272153
1942 17.674541389227546
1943 17.505377086229146
1944 15.702733424161298
1945 13.235480750409433
1946 13.411896363809982
1947 12.286675498432826
1948 11.33025612762319
1949 12.322301786383496
1950 13.936044860395496
1951 12.974723850423027
1952 11.617379224738258
1953 6.761501926123377
1954 2.7886369086656497
1955 0.8873728323118638
1956 0.1271076883400933
1957 0.07268857093455991
1958 0.43640741439816844
1959 1.7541183718296975
1960 3.622910860676028
1961 6.9660549340768965
1962 7.233978348402364
1963 10.73910736437024
1964 13.542282347450033
1965 13.515164877573861
1966 12.800479120681004
1967 12.295912734840401
1968 10.58069902186136
1969 7.622618007014503
1970 6.292386585710874
1971 7.0933371418811575
1972 9.109107460488234
1973 14.504414773037258
1974 9.572550211973066
1975 5.161168176484011
1976 6.879341992076339
1977 9.449622831005566
1978 12.599471250828994
1979 12.337398909809295
1980 11.183890788783225
1981 15.365780922695528
1982 11.919535693440531
1983 5.790293468515617
1984 4.523191180037834
1985 3.4269981172941257
1986 3.766907197371255
1987 4.797886777249902
1988 6.138628456903027
1989 8.230132026012281
1990 13.05255521453873
1991 16.497432993485138
1992 17.018160104345935
1993 16.408255882865006
1994 14.399840663374716
1995 16.433971463405605
1996 18.440765839843802
1997 21.87947227295384
1998 26.43771823402854
1999 27.307067000050946
2000 37.261964705501875
2001 41.364229099996955
2002 41.53314474066071
2003 35.715975390248026
2004 31.91043997082075
2005 25.893196679066005
2006 21.043211724404497
2007 19.16769927889173
2008 18.25843496446464
2009 19.20930663293157
2010 18.025336959577025
2011 16.726696028548034
2012 15.21299304436279
2013 13.553059066713898
2014 13.355578017354413
2015 10.958148093914902
2016 7.976658999408729
2017 4.836872709859539
2018 2.503922059486409
2019 0.4374307461531926
2020 0.056221936388495965
2021 0.023218193975306382
2022 0.3390104556826016
2023 1.8953081807689733
2024 4.328619581953836
2025 7.676625712024476
2026 10.399284559989367
2027 13.807268327396644
2028 15.609273478587436
2029 17.91945001774163
2030 18.42772773963539
2031 15.291261949279406
2032 11.50434111691687
2033 8.555126213851453
2034 8.027697625221847
2035 7.27897588852606
2036 6.725964667213891
2037 11.051723073125672
2038 8.169320942786825
2039 3.3683978406709967
2040 8.430449977394119
2041 13.173271815855014
2042 13.141657448522208
2043 8.30487976255937
2044 10.55059073318313
2045 14.940955204597511
2046 13.329754417140101
2047 6.0927363893891
2048 2.8533213042982486
2049 2.7881928561393363
2050 3.940777290708291
2051 4.7143335280677405
2052 6.0018344178064575
2053 8.882245821062945
2054 13.004621983661664
2055 15.774357684735493
2056 14.63244644746364
2057 13.2303841066319
2058 12.135316680112973
2059 14.024912289183469
2060 16.313033439107564
2061 23.803071944156727
2062 23.738044573407905
2063 21.68965038990548
2064 31.51915894442584
2065 36.63594067024842
2066 34.452573989898646
2067 27.943827275151115
2068 25.798207852370027
2069 21.99005545875544
2070 19.212971970276573
2071 16.80462966298318
2072 17.655376455393654
2073 24.711944835590053
2074 24.681111318805872
2075 22.870943630304385
2076 17.82634286703289
2077 15.607337680423596
2078 13.224506237950967
2079 9.713931120202657
2080 7.365661635994037
2081 5.574633566639834
2082 3.2696185368119757
2083 0.8664347786469572
2084 0.27868577211560175
2085 0.05893979854916531
2086 0.02107548377824008
2087 0.4036886449321256
2088 1.4226658583896306
2089 4.088205298020096
2090 7.292240688761871
2091 8.787120305642764
2092 11.716736571283919
2093 15.963099607119922
2094 18.022772759168095
2095 15.378394997357006
2096 12.307665542403628
2097 10.758892646619886
2098 12.278049832020615
2099 9.726689703123084
2100 6.282566679676993
2101 5.632465534814255
2102 7.518829434986989
2103 8.146855366774446
2104 10.750658027876478
2105 11.428672824422652
2106 10.667524386448708
2107 8.947376223179097
2108 9.353942680431077
2109 14.47356179811282
2110 13.965140562677059
2111 6.358538870221424
2112 2.6855036357612785
2113 2.091754820699707
2114 3.1446128588689595
2115 4.025686820237173
2116 7.061489738619104
2117 9.993083799719784
2118 13.114574876829545
2119 15.989141911189733
2120 13.52333677421806
2121 11.853568115025475
2122 10.057455357794405
2123 12.764176059115371
2124 16.607759047292927
2125 24.001930463966186
2126 24.213799865605214
2127 21.51950468661658
2128 30.528978033234303
2129 39.410481755768444
2130 37.219274919142116
2131 29.20843787130577
2132 22.759796369145448
2133 23.200670472541752
2134 25.329214655377513
2135 22.714382138441085
2136 18.70019112304181
2137 20.51648887083841
2138 20.52831698702158
2139 18.183924531986392
2140 16.240689846786612
2141 13.083944878403933
2142 11.818288611038962
2143 9.877223922029174
2144 8.605489814472897
2145 6.890318297896192
2146 4.100044212262091
2147 1.6079369854314614
2148 1.396765444334359
2149 0.6687899515531794
2150 0.06992422729635757
2151 0.00033611793811206235
2152 0.29722080944980944
2153 1.0844480751402097
2154 3.507374084411267
2155 5.509535503013685
2156 7.669364811765921
2157 12.520555647308937
2158 14.892250943912863
2159 15.19078070072144
2160 14.050997792473991
2161 12.069306391087304
2162 10.6773560644789
2163 9.432818180505787
2164 5.384967085248605
2165 4.057226339206909
2166 10.749648064177345
2167 13.356423812266458
2168 14.450535435592789
2169 11.469512052516508
2170 11.224257885141025
2171 8.520936880704364
2172 8.283269520424543
2173 14.104651802557978
2174 11.319120681162252
2175 7.152292295243146
2176 2.3698605088777103
2177 1.2109062100463994
2178 1.7531661003063963
2179 3.6787748047193745
2180 6.4413329703021125
2181 10.18685375421461
2182 14.076511194496282
2183 16.43374465688484
2184 13.515949253742487
2185 12.973264696230979
2186 11.22745330630335
2187 14.256142395030997
2188 16.76895659245141
2189 23.05237814027512
2190 23.60494727234999
2191 23.371492070240652
2192 32.301684035729274
2193 39.32274821178248
2194 39.75742608833547
2195 29.767070557822347
2196 22.459881911527937
2197 22.026533631962263
2198 22.410278562246674
2199 23.65933228905034
2200 20.061578347199294
2201 16.99975434447898
2202 14.942004689492244
2203 15.136752850876867
2204 15.527603331006409
2205 12.783592432230837
2206 9.130655792391119
2207 7.740824412060721
2208 6.9382582725702235
2209 6.917636387989677
2210 5.184913839383622
2211 2.678796800742235
2212 1.9094834197174388
2213 1.0272052902740139
2214 0.6082435243462087
2215 0.009100512743186077
2216 0.2925095955014054
2217 1.487999719471268
2218 2.816555874807408
2219 5.210994335696562
2220 6.78818775122446
2221 10.867147039015212
2222 11.61085260514236
2223 10.737925403925825
2224 10.720144859384154
2225 10.292653427521955
2226 8.288227687195413
2227 9.402348023683464
2228 6.89778520032308
2229 10.11165588258804
2230 12.766390314159535
2231 13.338895234972524
2232 12.73319326302899
2233 9.648889142665748
2234 10.305371129813988
2235 7.575688235797937
2236 9.6247554685759
2237 13.039647603113059
2238 7.446202004390459
2239 5.267264226921989
2240 0.9773627263820016
2241 1.2097445460370857
2242 1.8799233002381095
2243 3.4227027840052076
2244 6.093944395277386
2245 9.736927996825939
2246 13.647932298062656
2247 15.476167815985976
2248 14.15441249323914
2249 12.980537264451632
2250 11.61535485529383
2251 13.881341344197917
2252 17.94749525717275
2253 22.85495238161262
2254 23.38735201632691
2255 21.7128037907439
2256 27.65473439216407
2257 31.297385585318644
2258 35.066979108193976
2259 29.719992521139996
2260 25.167824649205585
2261 22.402003474045127
2262 21.293833787007056
2263 19.965372607021205
2264 15.769350725833073
2265 13.34248357593112
2266 10.73483194927468
2267 9.7409613626618
2268 8.74110525997638
2269 7.412252612769819
2270 5.530341121778017
2271 5.501834829041269
2272 5.45151518113692
2273 6.323538061284395
2274 5.358504329117982
2275 3.5668447544801327
2276 2.4584145034766736
2277 1.6462859765437214
2278 1.5451304682112934
2279 0.572067064995297
2280 0.0035481327532923346
2281 1.1157032930048452
2282 2.0325081867667367
2283 3.619632027283506
2284 6.035168411551308
2285 8.46470108136407
2286 9.376167532390037
2287 7.26124050999794
2288 7.663831732865559
2289 7.010428975788677
2290 6.562185611543821
2291 8.055276155866641
2292 10.449067631138595
2293 16.105287305230863
2294 13.53293129988286
2295 11.14661547163739
2296 9.02659139740816
2297 7.414283853180267
2298 7.5826500826875245
2299 7.299030051679972
2300 8.292863689153867
2301 9.242540736802205
2302 5.512167406032371
2303 4.659333378074306
2304 0.7685586008092339
2305 1.4358303623345339
2306 1.920278763879444
2307 2.429124191381885
2308 4.257124694676368
2309 7.858041321099286
2310 11.979454711060395
2311 14.580326152967999
2312 13.99928259929582
2313 12.859369607775363
2314 11.00521201406248
2315 14.177569323569937
2316 18.70858739316417
2317 23.60523698688335
2318 23.765831816833376
2319 24.302477193333882
2320 32.063521964823536
2321 37.54142538209381
2322 36.821648373435934
2323 33.51929076565355
2324 32.289719779803
2325 25.256356302142027
2326 16.359084388413848
2327 15.431466674214256
2328 12.486185526388542
2329 10.847925600477627
2330 8.674975363775497
2331 6.434588269449535
2332 5.0611950932601575
2333 4.440006837236233
2334 4.291209114577073
2335 3.831840265400311
2336 4.476622729254873
2337 6.076579978606263
2338 5.530781334880526
2339 3.5748348614867287
2340 3.4694955858342156
2341 3.32259380482723
2342 2.2655613266899226
2343 0.9776428104523662
2344 0.006054815272179771
2345 0.5530423881032581
2346 1.9702032804430807
2347 4.6649711180097215
2348 7.131874759220903
2349 6.685783233829348
2350 7.317029312418103
2351 6.4820711672277
2352 6.359942811568357
2353 6.001713318112989
2354 6.3070256454481255
2355 11.20932443899764
2356 15.705459080052888
2357 15.031775261031202
2358 10.514763098791466
2359 9.288719255545137
2360 7.693938258176533
2361 7.953591788287717
2362 8.204364852816292
2363 7.056967574503347
2364 7.816313037394814
2365 5.8082761548696835
2366 3.6820561741675455
2367 3.0893883047013673
2368 0.6988647459108872
2369 1.4589816250128582
2370 2.3202708806493026
2371 2.6925669955658895
2372 4.563119694676617
2373 7.663463938464391
2374 11.620586636439514
2375 13.692356160520786
2376 13.998162937545922
2377 12.893980360289657
2378 11.236390940812937
2379 12.113267842570677
2380 18.169876839527035
2381 24.421811130944977
2382 25.175304436889324
2383 24.905636245468557
2384 32.34915125634743
2385 38.90262825095381
2386 40.487184186441525
2387 35.57430611384914
2388 34.322963327417824
2389 24.979548098051435
2390 15.640190385323415
2391 11.91348778661426
2392 9.675065871265279
2393 7.217635769471346
2394 5.78800712819122
2395 4.542485024561108
2396 4.207005663580757
2397 3.705665321129702
2398 3.1680816247579244
2399 2.2751557960707185
2400 2.4340167743096606
2401 3.171177077097283
2402 4.177426641013344
2403 2.8260930402860422
2404 3.2186723007864244
2405 3.7898511274782116
2406 2.1673693083229444
2407 1.8920480958158015
2408 0.6741537497708583
2409 0.06122860085635357
2410 0.7239263097513264
2411 2.034365130922569
2412 4.605045967960828
2413 5.72754192341578
2414 6.904283572385628
2415 6.90334404891716
2416 7.255984758585847
2417 7.521034976518688
2418 9.60002011073865
2419 16.38955582608299
2420 19.656748755520944
2421 16.51985870329223
2422 10.932836222886465
2423 9.163430749244089
2424 8.4034391123527
2425 10.02109334585085
2426 7.554727773605721
2427 8.370980624932532
2428 7.833102171487077
2429 4.278332047454998
2430 2.3274150637942412
2431 1.4133548691281868
2432 0.1746091296181002
2433 0.945190954758295
2434 2.2082005550848915
2435 2.984139434725472
2436 5.452646726698647
2437 8.862725775852631
2438 12.833776619621855
2439 15.140544288737683
2440 15.493182330805416
2441 14.776615991037714
2442 13.045340563602993
2443 12.422426279888985
2444 20.040374564740784
2445 25.007975398209076
2446 25.528044976277723
2447 27.64053117333085
2448 34.11192636040785
2449 34.90662748832541
2450 35.00653567842808
2451 32.935215818350414
2452 30.075084705515774
2453 22.948807284900433
2454 14.753876216956966
2455 10.750849611480731
2456 6.307930183643889
2457 5.633058247708858
2458 5.459403473689328
2459 5.257671071667571
2460 3.8694967027740694
2461 2.7433894328008943
2462 1.8661641021313287
2463 2.4464538385393326
2464 2.687010137562753
2465 2.5820182183810396
2466 2.6412950883170327
2467 3.541303090025068
2468 4.2182731391274375
2469 5.028203942793543
2470 4.038620028647882
2471 2.6591700288144606
2472 1.3501772358116262
2473 0.13746610086050004
2474 0.17129900717084787
2475 1.291557943106256
2476 3.4298390799855314
2477 5.5449925008848595
2478 6.986587784754711
2479 7.4482106833503785
2480 8.52749652084953
2481 13.22662395947381
2482 17.966624739203628
2483 19.617904679851407
2484 17.54625229826262
2485 17.895707776533555
2486 13.4397530940862
2487 12.933121253994264
2488 9.360076235795116
2489 9.514428113388867
2490 7.402632977583975
2491 6.083694809679262
2492 7.09819528515827
2493 4.500745585384059
2494 1.1335345282280076
2495 0.40314538547708484
2496 0.2436769820202224
2497 0.7764147078970237
2498 2.713651116918905
2499 3.575931586215561
2500 6.655147319282359
2501 10.386089837245123
2502 15.218025693504993
2503 14.506281110224533
2504 14.88563716672958
2505 15.14304908408367
2506 13.845381231729176
2507 12.764671654095336
2508 18.84478653673598
2509 21.088763928761917
2510 28.522632928604207
2511 26.123990112450695
2512 29.531603409051215
2513 36.23579891655827
2514 31.7407251528987
2515 27.449542594645973
2516 31.324752639346787
2517 25.044426988583865
2518 14.568625523665608
2519 10.060443524209552
2520 6.800960123118542
2521 5.8249858400541425
2522 3.6886027601187195
2523 2.1039509586570038
2524 1.4264667488868676
2525 1.7195300035539915
2526 3.2655751669880644
2527 3.2178169891393353
2528 3.4406341127733393
2529 3.525723870199049
2530 3.5180617137815124
2531 3.949838632046539
2532 6.00813789471051
2533 7.116236626561382
2534 6.733341908876742
2535 6.094597903505534
2536 2.92963049116005
2537 1.0282506066438866
2538 0.0033819463909205995
2539 2.266359464334681
2540 4.359723091583725
2541 3.6430666816670927
2542 5.213204466590731
2543 7.316589200056782
2544 9.919109169432655
2545 16.521136173345845
2546 18.574161923983965
2547 18.826754265742824
2548 15.659680419212709
2549 18.171096761499193
2550 16.236793233403276
2551 14.260079911737291
2552 14.295546100731782
2553 9.996544378194805
2554 8.897404090457295
2555 6.970984089846187
2556 6.3035920258025
2557 4.5409330394077605
2558 2.0408903565913725
2559 0.7472501573373286
2560 0.0020232268926979958
2561 0.15062622537709008
2562 2.2026047349051936
2563 3.419235557957789
2564 5.873179427788704
2565 10.100448492380456
2566 15.29538361876333
2567 14.275295439692728
2568 13.903039327597225
2569 14.286418623525838
2570 12.88579200097165
2571 11.793027099801355
2572 16.095386970672127
2573 20.261559246772165
2574 28.333669916254518
2575 25.010776413947845
2576 24.13044504718379
2577 29.727693999187434
2578 27.316308168875185
2579 25.228513491306757
2580 23.031700628214995
2581 19.130019763995243
2582 12.324461446622575
2583 9.453700277495532
2584 4.7382016175622566
2585 3.56615190804292
2586 1.6106237976700877
2587 1.599037494177827
2588 2.0703992670433102
2589 1.7308325374151545
2590 3.8411461654755206
2591 4.28669303399097
2592 3.8476655361288703
2593 6.349292022061137
2594 5.88015031993542
2595 7.520614937439314
2596 9.358966303725353
2597 10.697508239866384
2598 12.052896913049125
2599 9.741846657217291
2600 3.941933251747862
2601 0.7850173022711622
2602 0.17388021877623483
2603 1.4292720926488252
2604 4.664302186417723
2605 4.0888425801799695
2606 4.9517440939214294
2607 7.6848108056245765
2608 10.10682908552348
2609 13.619744830668193
2610 12.478001044311148
2611 15.70436776720149
2612 13.756664235817377
2613 13.85943581878389
2614 11.799215344450374
2615 9.987956355703059
2616 12.85485159577262
2617 11.645526610995374
2618 9.876701150730685
2619 7.95435847271625
2620 6.745967735948627
2621 4.522001250606301
2622 2.4446725998766388
2623 0.7489245251821984
2624 0.00024316632908286175
2625 0.01899936652412965
2626 0.9716849660016313
2627 3.2826265966517134
2628 6.165361798091156
2629 9.847909342025353
2630 12.837907717927157
2631 13.726873209797605
2632 13.313227745010828
2633 11.962949491200751
2634 11.474281421331703
2635 12.606936710663797
2636 13.326284037398027
2637 21.582180677633524
2638 25.265245500220015
2639 22.470741243484248
2640 22.74278714964563
2641 28.16040221940658
2642 26.90188093847492
2643 22.584055183925766
2644 20.69943292389471
2645 16.57907394067127
2646 11.936035035689478
2647 8.07033889829827
2648 3.77429299041953
2649 1.972662451452091
2650 0.7869058774961313
2651 0.9909043433864341
2652 1.3938174042281235
2653 1.5209094804275425
2654 3.6689538850706462
2655 5.0064911937922645
2656 7.96456351982752
2657 10.056688227568902
2658 12.124434803815555
2659 11.935889248416132
2660 12.4903720370718
2661 11.3762009293968
2662 12.377374400955636
2663 9.783689896831069
2664 4.989156287092257
2665 0.8868320812639378
2666 0.4902087837734085
2667 0.4107949609551261
2668 2.633155757526547
2669 3.7487661817310003
2670 5.815518188286341
2671 7.09745018199319
2672 6.980500705203681
2673 7.9673163851677415
2674 9.131822347263709
2675 9.3887031931417
2676 7.938970007189479
2677 8.486601012452823
2678 9.456404203448855
2679 9.185411293290532
2680 8.760527293508158
2681 11.733455247256918
2682 8.68332848595093
2683 9.007551124398837
2684 4.961541662517582
2685 3.0421015504458726
2686 2.898516934232908
2687 1.6823064092971127
2688 0.28933610028649137
2689 0.046070738021520626
2690 0.4263263580566021
2691 3.44257697474081
2692 7.269896482324306
2693 8.184062567553216
2694 10.239025043685784
2695 11.407489497740329
2696 10.740433177232935
2697 11.513392597330323
2698 11.330659403989149
2699 13.235091485056
2700 14.008538122944628
2701 19.072654619409317
2702 20.605293802132415
2703 20.97649405251893
2704 23.763220368732355
2705 25.59262092528259
2706 22.8478163010944
2707 18.7785020805843
2708 19.647610807050558
2709 14.62924020150927
2710 10.051067466742985
2711 5.467153561814023
2712 1.802302872149148
2713 0.6174284285268475
2714 0.20276524514243705
2715 0.16991868911258196
2716 0.9166027832515532
2717 2.1664157271331494
2718 3.760904835495608
2719 4.7201838441058745
2720 6.850148801239967
2721 9.27497830999084
2722 16.526246113244106
2723 19.054084068898558
2724 16.996050246121186
2725 12.818858195031064
2726 12.960256067731235
2727 7.794945668116804
2728 4.15345634508249
2729 0.5853784079182689
2730 0.01819428062414765
2731 0.7989068132658398
2732 2.363068540932211
2733 4.040884627347933
2734 4.553027500413632
2735 4.827938731175838
2736 4.893639811398229
2737 4.6867076945163095
2738 4.706992916424469
2739 4.499852374279814
2740 7.908863514650272
2741 8.437280812555372
2742 8.049987170756804
2743 10.072819450936253
2744 6.379696353534393
2745 8.018875948605706
2746 7.120837399090378
2747 5.049954382906952
2748 2.877605082433349
2749 2.73629048414856
2750 2.1789534584177006
2751 1.6874896976288736
2752 0.3597482837187511
2753 0.13038921978235019
2754 0.07929059393468484
2755 1.8916840364968508
2756 5.8295517597758755
2757 5.9023710549331465
2758 6.1287758711032065
2759 7.879076659307311
2760 9.568151534947003
2761 9.593027548150692
2762 11.08265050807775
2763 13.033720225546338
2764 14.144980076740708
2765 14.784887083691661
2766 13.719520356009731
2767 18.809480684562327
2768 21.545841352472276
2769 23.971714147796682
2770 19.538746025736724
2771 15.568952713617081
2772 15.135189376975356
2773 13.452260343561735
2774 8.887087663046357
2775 4.427228078140443
2776 1.2526210938943483
2777 0.12864798645668568
2778 0.23820002067230603
2779 0.22512818387727893
2780 0.9776930988341415
2781 2.088570712372837
2782 3.1842146304746057
2783 6.5686410619018245
2784 9.089742996331749
2785 13.230879668689122
2786 24.1878619376704
2787 27.40476210793562
2788 19.646658863251
2789 10.760837246213844
2790 10.959943955400348
2791 8.413948402374167
2792 4.353280524402309
2793 0.26798564156555094
2794 0.003978669309799806
2795 0.9923722009402635
2796 1.236158238313305
2797 2.731876913565104
2798 3.0369895465654793
2799 3.117905020608476
2800 2.1558678795853403
2801 2.5888675428424768
2802 2.595679318151832
2803 3.4785503374547497
2804 5.15163107825459
2805 5.403348149005706
2806 7.475921970928322
2807 9.016333466018658
2808 6.325171986412495
2809 6.053712430650337
2810 6.263200731157058
2811 4.336752955607299
2812 2.966686963052202
2813 2.8137934100378263
2814 1.603064217868564
2815 0.9545442355908511
2816 0.2875471572244988
2817 0.29439641821489343
2818 0.010501252161842133
2819 0.7397685197673763
2820 3.5266946436450612
2821 4.766023285714441
2822 4.241101251187518
2823 4.933008777499676
2824 6.468854920499221
2825 6.486827271112588
2826 8.514555187124992
2827 9.77964095514453
2828 12.141469586505675
2829 10.273833513781666
2830 14.430965388872961
2831 16.482124458130567
2832 19.979558146072392
2833 23.525652173582785
2834 19.668055463967836
2835 15.509236658494011
2836 13.060565997750091
2837 10.214900927869149
2838 7.006813821635206
2839 3.0430354399680026
2840 0.898774011266985
2841 0.017067141703496103
2842 0.12257532335664442
2843 0.5742012153983335
2844 0.6124034374392799
2845 2.3606611401214392
2846 4.40372894166357
2847 8.325809726333928
2848 12.23672126422114
2849 19.181513018132712
2850 26.21313476610451
2851 29.19787491699687
2852 24.54070516287418
2853 10.69367673238615
2854 9.53712734521451
2855 7.311215748489115
2856 3.1829814219976678
2857 0.23827448287420483
2858 0.21339051242433854
2859 0.45818006969513214
2860 0.16649164408414632
2861 0.34644253507040396
2862 0.7103905807631622
2863 0.7776538713031622
2864 0.7146843469328616
2865 2.3883003410313473
2866 1.8141381158439247
2867 2.399001522002635
2868 3.6257773539414053
2869 2.4137148510340785
2870 5.2073113977183585
2871 6.0720759647907645
2872 5.538632393339395
2873 5.70000611247064
2874 4.329910692675436
2875 2.944348971788776
2876 2.782026695847992
2877 2.934602925728755
2878 1.199652304478461
2879 1.2007980487959637
2880 0.4432712320938441
2881 0.03492852701795164
2882 0.4133716447298094
2883 0.8347906081850714
2884 2.7336048788539102
2885 3.3090019935380957
2886 3.1220116159092868
2887 3.8080373200361333
2888 4.339475543747843
2889 4.141088741264366
2890 4.318941903860084
2891 4.939631870030689
2892 9.334809914195272
2893 7.951873799864147
2894 13.202478454297294
2895 15.54110349432664
2896 20.613222173114274
2897 23.243126059809065
2898 19.852656504671355
2899 16.096121225392196
2900 13.465002701649526
2901 9.094172970073208
2902 5.066222860453316
2903 3.13424308536013
2904 0.5337482961444061
2905 0.07325041984563793
2906 0.7594565439777743
2907 0.8128064331779826
2908 2.0182843011020224
2909 4.234837943580573
2910 5.891841732449937
2911 8.095127980418596
2912 10.101940001314071
2913 21.951635052805678
2914 31.13096004988902
2915 24.212707841349793
2916 23.195841409157815
2917 10.717807270913305
2918 7.90809783210142
2919 4.452500976779782
2920 1.2541590601186268
2921 0.014384515628142911
2922 0.46194968411822784
2923 0.2053636692273506
2924 0.02361955808659505
2925 0.01841422234489677
2926 0.16467671185243912
2927 0.35528356274507195
2928 0.43696908935229234
2929 1.4115555677555625
2930 2.393077397678934
2931 3.6209667444106612
2932 3.5616756493216037
2933 2.9967778767254805
2934 5.570254671526799
2935 8.543354376236053
2936 6.8493790905240575
2937 7.014795576726907
2938 3.6743008672757624
2939 1.9394343155842144
2940 2.0188863195927125
2941 1.6238325258492345
2942 0.822559682802036
2943 0.9826317739629258
2944 0.08771283381626462
2945 0.08967602380168357
2946 0.49275607747839817
2947 0.7282490247360882
2948 1.8056482854398106
2949 2.355504890457704
2950 2.2896590618736004
2951 3.362330519855395
2952 3.4298854208318805
2953 3.12999390982811
2954 3.08535416082991
2955 3.7029952369316055
2956 7.122311691033578
2957 9.953713318777382
2958 12.006645184648386
2959 13.791431675420439
2960 14.272814442953772
2961 17.78597101404705
2962 15.815742334793306
2963 15.519497948953143
2964 12.194267925984379
2965 8.167985746055363
2966 5.788821929626825
2967 2.9982693100246873
2968 1.215915366812304
2969 1.1028800973935409
2970 0.9822368971561756
2971 2.0148936874993004
2972 5.04497587040197
2973 5.275140968345665
2974 4.166329102087981
2975 7.4099772853454295
2976 9.802634178174552
2977 15.96894360089994
2978 21.67456457501044
2979 19.738466353247837
2980 13.638293816252654
2981 13.833225582855134
2982 8.61882038929374
2983 3.082370471169475
2984 0.29688361678450115
2985 0.2455689894573198
2986 0.9047138108431564
2987 0.3894441624177056
2988 0.3785215159157894
2989 0.43188194942096375
2990 0.34921999464773146
2991 0.6672192469115125
2992 0.8342696622559046
2993 2.8715310540353616
2994 4.898547838790418
2995 6.174468450159982
2996 8.51420860746441
2997 8.68781333992148
2998 8.00752153501541
2999 12.8112945770307
3000 9.716533736006424
3001 6.443590459781282
3002 4.633204412522338
3003 1.82497704309877
3004 2.125900732823671
3005 1.257935743780014
3006 0.8213375907669317
3007 1.4556775416956476
3008 0.017357123079916804
3009 0.035082163105743296
3010 0.4980459592977445
3011 1.065607958520208
3012 1.272944028878443
3013 1.2242607170081947
3014 1.3525060901294803
3015 2.179767133446621
3016 1.6296458272182561
3017 2.5081321125051432
3018 3.618737564697485
3019 3.433324530609745
3020 6.214284296686986
3021 7.400742684734534
3022 9.203263013308083
3023 9.78892606389319
3024 11.685851152136587
3025 10.69442411698093
3026 10.134450474788355
3027 10.227209574750198
3028 7.667821294133379
3029 5.086004168329092
3030 3.556046453828604
3031 1.6892921215533476
3032 1.6074513169703946
3033 0.47427828254926857
3034 0.3901290155061476
3035 1.4848058204614853
3036 3.0259049872627277
3037 3.1006880564492163
3038 2.047132798288918
3039 4.002433028443416
3040 6.713024407510813
3041 9.94481796779795
3042 10.859644963113698
3043 10.17910115279437
3044 7.4653670699252554
3045 7.793009828848393
3046 3.236171740543247
3047 0.8456094475982531
3048 0.0031622796938096777
3049 0.013673140428462351
3050 0.005506017792417284
3051 0.12134154953199885
3052 0.41949184874125256
3053 0.6561162517586048
3054 1.382362100172102
3055 2.3568393118015307
3056 3.6654912155668073
3057 6.161532716700752
3058 6.94603317470102
3059 8.2759223519911
3060 10.167994155426365
3061 12.352268165422435
3062 10.947062812981558
3063 14.684591604772491
3064 10.929126076007444
3065 6.631041650769555
3066 2.665345859175264
3067 4.0133209253353845
3068 1.9410983868504368
3069 1.6422222416046037
3070 2.0710634794770244
3071 1.6105219791659005
3072 0.005891565198904304
3073 0.030382587787114248
3074 0.36783506764420626
3075 1.1058092731753273
3076 1.563229119632243
3077 1.0718828710911388
3078 0.9550533290961103
3079 1.573297390688516
3080 1.598972433308216
3081 4.155712077619168
3082 4.553353211461981
3083 5.699716630183029
3084 5.654407313953314
3085 4.914195524749316
3086 5.0392031423018
3087 5.633274680838435
3088 7.009238947791519
3089 6.986539394044629
3090 6.398472353479905
3091 3.864592406811583
3092 2.338929080277382
3093 1.6690191552175382
3094 1.66054504083532
3095 1.637045345770951
3096 1.6217933884857767
3097 0.4154464656074825
3098 0.11883534253259835
3099 0.1735040093577572
3100 0.42679774707560353
3101 0.5930737936908119
3102 0.21888955961602002
3103 0.6558978635983258
3104 1.8450354749878675
3105 2.3131944705688756
3106 2.389209241897063
3107 2.611427102048323
3108 3.789653296533564
3109 1.7871177747232212
3110 0.3922531048103783
3111 0.0378816331733203
3112 0.04664561389678831
3113 0.09197004379242707
3114 0.03880509381383905
3115 0.3551896790111302
3116 0.25024702854706954
3117 0.510186896933616
3118 0.7562295449471327
3119 2.9799565443385725
3120 5.501748508357041
3121 7.909082731999613
3122 9.931635045022887
3123 10.700435352940834
3124 14.002171204141282
3125 15.333529293421545
3126 9.917628174984408
3127 10.22487724702712
3128 7.318425636637753
3129 5.221860864269616
3130 3.3479642345060436
3131 3.8488383849327
3132 1.9830990832611732
3133 1.0622688331417423
3134 1.6952682872128728
3135 2.2004686525925172
3136 0.02067003503312182
3137 0.024352390469177906
3138 0.39779643532874065
3139 1.3790133184526605
3140 1.0490085193558978
3141 1.1368499469238513
3142 1.584128328260404
3143 1.968042715594402
3144 4.092756823888356
3145 5.806086969448823
3146 6.093035949669159
3147 6.438289846024245
3148 4.395232062761778
3149 2.851185072217513
3150 2.3146681168835053
3151 2.864815369572426
3152 3.496345724010757
3153 6.550458508463504
3154 5.854859824405562
3155 3.883109351817896
3156 1.8750208466158613
3157 1.55705847970999
3158 2.0109606290904445
3159 2.7912791322280177
3160 1.423895425274278
3161 0.5989842909053102
3162 0.21057626393855733
3163 0.15036044275083785
3164 0.14003911432447813
3165 0.2251222905361253
3166 0.19684833729258483
3167 0.6320342867995564
3168 1.6003930618536615
3169 2.5537333205140307
3170 1.7982907321801502
3171 1.9492838215439992
3172 0.668440652576441
3173 0.1333260601822928
3174 0.12999047394142374
3175 0.0039119674645039385
3176 0.0702158175692731
3177 0.00689926428931603
3178 0.24341449823086947
3179 0.3630360034211953
3180 0.20462096256914655
3181 0.51517144011118
3182 0.7935206968744328
3183 2.025788812840124
3184 3.4345513759439683
3185 4.596818122167096
3186 6.750363983390945
3187 9.127906058457564
3188 12.747678621852245
3189 14.263807663042444
3190 8.400007790356028
3191 7.003497766352594
3192 4.316189020591849
3193 4.180691795656501
3194 4.514487159065823
3195 2.8695054508871563
3196 1.7387993151752374
3197 1.017684304069846
3198 1.238351070301373
3199 1.567795301333466
3200 0.002672307908893874
3201 0.014574010673936304
3202 0.3821504126711748
3203 1.082802868466057
3204 0.531603896282836
3205 1.1497637467613693
3206 3.1764604066804454
3207 3.4363989490350657
3208 5.156219129079892
3209 7.880698762818047
3210 5.2550425735252375
3211 4.456300065895742
3212 3.0792164243541507
3213 2.186108437773448
3214 0.9388247138494581
3215 0.26944170411710266
3216 0.4763590656858899
3217 1.299537486305777
3218 1.6430550528092691
3219 1.3214058867088139
3220 0.8219051673464892
3221 1.3025779879814203
3222 1.831465635914539
3223 1.5411181291303544
3224 1.5515628862053137
3225 1.3834304137658353
3226 0.5214291140969511
3227 0.5241444410597376
3228 0.6044836621969925
3229 0.4529758207202059
3230 0.5414154670072651
3231 0.3607871467983846
3232 0.5057140424752828
3233 1.5835045227168267
3234 1.398020815431048
3235 0.4629193599249987
3236 0.015645708744143234
3237 0.08381582247310025
3238 0.5866616314212264
3239 0.7151405092037915
3240 0.31270547765961276
3241 0.07338403744569065
3242 0.2023161688797066
3243 0.29127380114177875
3244 0.4902969709393408
3245 0.7995692809367746
3246 1.6920152458021147
3247 2.1981690129322655
3248 1.7099936349094012
3249 2.3414802463051014
3250 4.29267636945302
3251 5.228779813714265
3252 6.896290587422693
3253 6.93476308496642
3254 5.882722814520015
3255 4.631637890803431
3256 2.611975862039343
3257 3.6358851078333334
3258 2.8301184064515343
3259 2.9620653098955954
3260 2.4522093996453918
3261 2.110139972676535
3262 1.3649168857494685
3263 1.777722514917525
3264 0.008097484624447421
3265 0.087292181616916
3266 0.14658051403821812
3267 0.3937014357325708
3268 0.5827448732964426
3269 1.7248728813751562
3270 3.6242636800626182
3271 5.199363848557071
3272 5.394114483460694
3273 6.582647377833519
3274 4.323446688108469
3275 4.319811196440044
3276 2.270906836876788
3277 0.9238807770699049
3278 0.4745432252164525
3279 0.12703766110541345
3280 0.04317963944977844
3281 0.003287095763965639
3282 0.024761613094745213
3283 0.07165273730061818
3284 0.1631444800856718
3285 0.0014158333426149143
3286 0.16804881400760793
3287 0.4106757900495552
3288 1.5446747853650498
3289 1.4462014366632472
3290 1.1816154515290973
3291 1.8814367007426898
3292 1.0571083170293196
3293 1.3004223451325478
3294 1.057969596944933
3295 0.6701611362053431
3296 1.6172449971093175
3297 2.0305925412280525
3298 1.6916137352124025
3299 0.4604586873793098
3300 0.007443201640900746
3301 0.2770887011577817
3302 0.3365310318863887
3303 0.705447437122626
3304 0.07431276661297893
3305 0.10877424595483871
3306 0.18155986889842188
3307 0.16285601722121165
3308 0.22418591135005864
3309 0.5872562683109858
3310 0.6471759910833859
3311 1.2710296592092987
3312 0.8002467009589009
3313 1.6706559272266854
3314 2.5194190886869636
3315 3.29528685626957
3316 4.700928693852959
3317 4.240106635504315
3318 4.98728867318142
3319 5.217654227987418
3320 5.015388474295556
3321 5.227480476456908
3322 3.917993422929508
3323 2.6860645701268386
3324 5.843598692021787
3325 3.408682496044482
3326 2.3513640452722684
3327 2.2058939893611234
3328 0.01403465054436314
3329 0.04146046389537628
3330 0.011779447795944207
3331 0.12657999837143583
3332 0.9286954245819945
3333 2.5748857413366757
3334 4.492811454886968
3335 6.6597323881503545
3336 5.423584643102925
3337 2.5736709684755
3338 2.448652144768857
3339 3.400315242043122
3340 1.8858578646720772
3341 0.5928223636408148
3342 0.5039794768281938
3343 0.010824122281736341
3344 0.002598141066417055
3345 0.1004023131426074
3346 0.1473277858893619
3347 0.00644814184249684
3348 5.756909343700238e-05
3349 0.05978508817601806
3350 0.024447245949087447
3351 0.0014682844504794632
3352 0.5289041036286432
3353 0.6976682945876606
3354 1.3081628595613135
3355 1.633217299160079
3356 0.9250420906810312
3357 1.8437477623184317
3358 1.3181612105065914
3359 1.7233517271934584
3360 1.8760539262798812
3361 2.0004805086558037
3362 1.7123902099624257
3363 1.1120567957522798
3364 0.02887734932195735
3365 0.05787405422915993
3366 0.09026423050109485
3367 0.032876510427479945
3368 0.1488058059807065
3369 0.44939388812474884
3370 0.6196864036588731
3371 0.63065026120381
3372 1.0314633484013696
3373 0.280844075618196
3374 0.2004244036862581
3375 0.8276421629453888
3376 0.48041296270270617
3377 0.9657341980396463
3378 1.1586426285536229
3379 2.2423594010533483
3380 2.460323754937806
3381 2.7828523964728253
3382 3.2478029667334836
3383 4.773162050580066
3384 6.9228943233482845
3385 5.316633358093902
3386 3.971798693813865
3387 2.0722396064578117
3388 3.7565687978434554
3389 4.343490902909251
3390 4.691815990568994
3391 2.584199294801186
3392 0.0019625557191719077
3393 0.011337038956492808
3394 0.013191300848820758
3395 0.07640708182295336
3396 1.199781049616283
3397 1.731171410626907
3398 3.6964275498178143
3399 4.837083914642559
3400 1.9324424329732306
3401 0.6710445774736291
3402 1.0619327467142916
3403 1.7438580241863824
3404 1.7553693194526665
3405 0.6242910348668769
3406 0.13276475638138033
3407 0.021436597964223827
3408 0.06814295143500405
3409 0.2989124658030691
3410 0.3836961265006783
3411 5.70494076834438e-05
3412 0.09886549107841809
3413 0.10684293048475617
3414 1.70367571599281e-05
3415 0.0701979810173932
3416 0.2166632792627551
3417 0.2797844760842602
3418 0.5211425523218024
3419 0.9424020383305366
3420 2.7125655473718115
3421 2.777950215126684
3422 1.6464267923300608
3423 1.2397264000654842
3424 1.8902237322315827
3425 2.644106046896648
3426 2.042416856567053
3427 1.6951516313255497
3428 0.4870862025911932
3429 0.1678213619329349
3430 0.4536795322658676
3431 0.57281347422775
3432 0.6395909366886232
3433 0.03207940605183577
3434 0.06244090307261198
3435 0.44922741442379277
3436 0.3709992729560765
3437 0.2078238614343404
3438 0.11988746028184906
3439 0.6341278037135666
3440 0.6744064545842068
3441 0.8109703317480331
3442 1.7864997248088252
3443 2.095683261610708
3444 2.087704761263024
3445 2.9648309281542455
3446 3.4618244393161164
3447 4.876762970660018
3448 7.030176851021159
3449 5.499560071759343
3450 5.810331912744007
3451 3.493265037563187
3452 2.722438125955377
3453 4.961900149384905
3454 5.165639709278333
3455 3.5714404419605463
3456 0.00020316418189193032
3457 0.040342968562167916
3458 0.0994280197142589
3459 0.2403729898915681
3460 0.41577380425411753
3461 0.9506424001861153
3462 2.818944804603042
3463 2.822301672258651
3464 0.8210516213121767
3465 0.361998195750074
3466 0.5915579993962751
3467 0.9271266969030343
3468 0.7370025027031825
3469 0.3331790302442102
3470 0.02278526642228469
3471 0.18984380949937682
3472 0.36778716740300205
3473 0.2576256662678281
3474 0.30218252310700416
3475 0.09273078016521646
3476 0.009714459411119656
3477 0.2162396653140658
3478 0.014007894253562721
3479 0.44142775752303176
3480 0.42579898326331367
3481 1.1715932594781355
3482 1.3187398468968592
3483 1.9251264933294712
3484 2.272775974231924
3485 2.126977625635696
3486 1.3756444885381085
3487 1.173349287675377
3488 1.2376020226857822
3489 1.5868470953249436
3490 2.367873758139003
3491 1.8184958096475072
3492 2.3582132897852484
3493 2.7739754739603373
3494 2.754156055688218
3495 2.3722354864784267
3496 1.383633939647101
3497 0.9529625347871389
3498 0.5496031212489858
3499 0.06403380740906353
3500 0.027574395912456095
3501 0.005744851008651651
3502 0.021370288276378154
3503 0.5610822720973838
3504 1.5262775026201798
3505 0.9310541410371306
3506 1.837990598739355
3507 2.8216636406318245
3508 3.9842115779204503
3509 5.192669312748581
3510 4.932795138197975
3511 7.5075963114413025
3512 6.140709597607001
3513 6.385339396867589
3514 6.032961313342148
3515 4.57448199580098
3516 2.630900362996701
3517 4.065256875333212
3518 4.780524903909904
3519 2.8629804713230644
3520 0.03917783121381421
3521 0.016199945405072493
3522 0.07159709801421525
3523 0.08197488077984935
3524 0.08729456648887989
3525 1.0829439797196951
3526 1.0787250307354082
3527 0.47917901234508425
3528 0.33683439905256984
3529 0.45362974153497354
3530 0.5039357681703057
3531 0.29322657076595343
3532 0.43742572638817695
3533 0.06434194165601405
3534 0.014264678079167988
3535 0.1828170835804349
3536 1.1279123180512571
3537 0.519895371750977
3538 0.23294511542530424
3539 0.4838543408606816
3540 0.07712219540838453
3541 0.022167155868808276
3542 0.00861126872723543
3543 0.44129959388299717
3544 0.3280825445116017
3545 1.155314454450422
3546 1.4806504380712189
3547 1.4874375180635993
3548 2.2225565759358803
3549 1.9037821851139245
3550 1.2460572610778606
3551 0.7204414679281651
3552 0.3684348222176395
3553 0.8843444785755773
3554 1.2988387157305323
3555 1.850770445271032
3556 3.9170747546347084
3557 4.8243472600759425
3558 5.471314643616023
3559 2.9832493121511714
3560 1.7222639789635517
3561 1.609033615665882
3562 0.7532558811797346
3563 0.19971322404090228
3564 0.015080221175130623
3565 0.0012532977871926635
3566 0.08039393416895257
3567 0.727674044279696
3568 0.9991154047507148
3569 0.9608174609825142
3570 1.5918300332462054
3571 2.507038392549227
3572 3.7829175047026427
3573 5.696393771746294
3574 4.986493846760286
3575 3.7853112759962624
3576 2.3916885995056143
3577 4.9821323916850435
3578 4.21627664946094
3579 3.603899408419319
3580 2.6301394043489736
3581 2.395797556447523
3582 3.424000226499545
3583 2.1401839898698363
3584 3.7698191430354225e-05
3585 0.009756048567339136
3586 0.039961315651799556
3587 0.017706566017749732
3588 0.07077123951228646
3589 0.38387030343781703
3590 0.46077000877379576
3591 0.028101256222493855
3592 0.2745089424502311
3593 0.10933282379239603
3594 0.10670852140532208
3595 0.08467772800312573
3596 0.22460107356148865
3597 1.8265008404596472e-05
3598 0.020410862641407058
3599 0.003439312712458809
3600 0.4483403408294656
3601 0.3374867322116468
3602 0.6852898327252304
3603 0.9515589905707524
3604 0.14105853867364387
3605 0.0006833131419756285
3606 0.04131273127081017
3607 0.20363561458219154
3608 0.7541508214921496
3609 2.2544948599461923
3610 2.5787273066390655
3611 2.781891137832227
3612 2.958193847642788
3613 2.552210687383217
3614 1.25180821110642
3615 0.9281426058693393
3616 0.4790953212218327
3617 0.6955824388112406
3618 1.5011903466351904
3619 1.9635448581131736
3620 2.528315363859594
3621 3.6883702509322425
3622 4.222735686470657
3623 4.126850213938618
3624 3.3059105502878907
3625 2.5166910916909804
3626 1.2878526642952957
3627 0.2501464296097291
3628 0.13191418472344982
3629 0.04155071224662913
3630 0.8012415660928423
3631 1.2833227714115523
3632 1.4236120460193515
3633 2.253366039618857
3634 3.1981860318165314
3635 2.256639292872541
3636 4.779707945719918
3637 5.402390806637437
3638 3.3031831632343334
3639 1.3004561630130922
3640 0.9926745235739873
3641 1.5257726826529678
3642 4.16031758898573
3643 3.0189591521509755
3644 2.3388133420719517
3645 1.8258370260496886
3646 1.2306841601341507
3647 1.6476254234784187
3648 0.0020040929338443697
3649 0.0007965392474463574
3650 0.05211511164401866
3651 0.012604596654092791
3652 0.2756063787263318
3653 0.42493874280552557
3654 0.2527960338482675
3655 0.04072392398729028
3656 0.026800291702875748
3657 0.06114248454033793
3658 0.10488040003051124
3659 0.08086429818551188
3660 0.07109439508872334
3661 0.02400007983220941
3662 4.0869833684986244e-05
3663 0.08884461688845088
3664 0.07358021380043778
3665 0.14536166523701854
3666 0.7530217439750906
3667 1.2467389959822368
3668 0.07209924237967653
3669 0.0312093127605302
3670 0.0008030224715863019
3671 0.16433638053730892
3672 0.7408533890786966
3673 4.148800441189364
3674 4.042087552348748
3675 3.6324802441161093
3676 3.043759588680523
3677 1.7979600504844462
3678 1.764463928751234
3679 1.5624978675641392
3680 0.7121641980070138
3681 0.4594304530022743
3682 2.1686885172484716
3683 2.9984662597701712
3684 3.930188537959855
3685 3.5538893048923583
3686 3.14544711017652
3687 4.366846339757577
3688 3.5832346372622723
3689 4.07897558059796
3690 1.4993381111050648
3691 0.31995143713070656
3692 0.05441000585460256
3693 0.17655050941267317
3694 0.8418649962245786
3695 0.8978682749859946
3696 1.2286743423028967
3697 2.0501020763601514
3698 3.4418352729839636
3699 2.1332400903914643
3700 2.685134030345844
3701 1.9323581048461893
3702 1.2207561268037048
3703 0.8786964483656815
3704 0.7106067221170489
3705 0.9342446317534703
3706 2.3010155909205743
3707 3.1393941816540853
3708 2.1297894011805085
3709 1.4273660140299194
3710 0.862382598030344
3711 1.0159224957936919
3712 0.00839663403709166
3713 0.009651559931630497
3714 0.011843979083093781
3715 0.2024701829202141
3716 0.949477735711756
3717 0.5057751653234196
3718 0.12236737729028711
3719 0.24784663416282687
3720 0.04270604567578379
3721 0.015668725132537715
3722 0.003400047742815871
3723 0.14529391723442514
3724 0.14001933118102747
3725 0.13375090132125292
3726 0.01444717057813126
3727 0.003555135196998205
3728 0.20191480382832294
3729 0.0027126551255281387
3730 0.024949733657501704
3731 0.2608766351198785
3732 0.0053157385405817196
3733 0.09671286458341032
3734 0.0024099448054325542
3735 0.3268598697997578
3736 0.5733781142839677
3737 2.2225079498177904
3738 3.5314825403455448
3739 2.799929214984065
3740 3.3959121476708054
3741 1.743746659605682
3742 1.9564926051849358
3743 0.9138652742020887
3744 0.38459600635731345
3745 0.22933729880090148
3746 0.9398165902699609
3747 2.2339876383643196
3748 2.1933618670262702
3749 1.573305803437701
3750 1.7474324877508178
3751 2.605807974444016
3752 2.297143139603005
3753 1.7688244510573174
3754 0.6025240679987406
3755 0.08573819808805513
3756 0.003236609877087536
3757 0.0315264886977667
3758 0.29020345884472276
3759 0.8756423055351383
3760 1.1424637734391847
3761 1.603242280882802
3762 2.413211532136044
3763 1.9724895234628153
3764 1.5548247989862527
3765 1.6677317000544682
3766 1.1574992643504485
3767 2.0132787860064156
3768 1.5804711224092762
3769 1.2507338813946218
3770 1.3442331191217538
3771 2.3850020372191914
3772 2.4459030800465906
3773 1.7656497111291423
3774 1.6223909700317791
3775 0.793962251396818
3776 0.09195809435962038
3777 0.002046136988578036
3778 0.05738918054684285
3779 0.4213498728674371
3780 1.2945665782241356
3781 0.9507482976445683
3782 0.5266453802503552
3783 0.4360485668230642
3784 0.12490277225910876
3785 0.0017029686464522407
3786 4.194834089800868e-05
3787 0.1997922811630575
3788 0.38537961049266195
3789 0.2798376569743213
3790 0.12462155617587933
3791 0.01680087676671341
3792 0.6007949845931219
3793 0.6775780775834156
3794 0.7636082725396371
3795 0.7301612260119582
3796 0.6286750695559981
3797 0.006336943292123688
3798 0.025663942550637163
3799 0.1648603963103732
3800 0.6580595510175564
3801 2.9406140285351365
3802 3.6790326528888717
3803 1.5092634201812352
3804 1.6669871642665166
3805 1.019474008792805
3806 1.3793856639485653
3807 0.523961199932329
3808 0.010159371063189825
3809 0.0001930820216572276
3810 0.06472769372075049
3811 0.5281071302409942
3812 0.85082901127856
3813 1.2226535397406169
3814 1.3323198761361557
3815 0.8949102755767472
3816 0.6197259296260774
3817 0.36462875822145424
3818 0.4720532155154046
3819 0.013049691889695916
3820 0.15876707485441993
3821 0.10140100378586861
3822 0.5727037322294908
3823 0.9162166500587615
3824 0.3685585234344285
3825 0.6291199526633604
3826 0.823781166637038
3827 1.1154518907928903
3828 1.3554785455278489
3829 1.6472039639774072
3830 1.5596914398195894
3831 1.9267820936435476
3832 1.163532505811161
3833 0.800707130902541
3834 2.214254895555224
3835 2.516801654415255
3836 1.7408399665656202
3837 2.1121777316682144
3838 2.3106437220126184
3839 1.3183838964400028
3840 0.04560760465728188
3841 0.01590192678473957
3842 2.7113387534118595e-05
3843 0.12432693960782111
3844 0.567376138332889
3845 0.9084694044202891
3846 1.092218965837849
3847 1.6845094760462742
3848 1.0225968329709907
3849 0.6398044740363432
3850 0.033188451251876055
3851 0.49432098403049135
3852 0.7208456396408293
3853 1.1317585931568637
3854 1.6980007083096726
3855 0.9730143674125069
3856 1.0147080804190465
3857 1.1742920435060382
3858 0.713767253857717
3859 0.6459452909686044
3860 0.0757983272861734
3861 0.11163964019278516
3862 0.1680004088051537
3863 0.6871735135653564
3864 0.8711824118643655
3865 1.6990302097213577
3866 2.2865596226284186
3867 1.7766544935291513
3868 0.6841035291445139
3869 0.26901031735207526
3870 0.45511492611184295
3871 0.38528024475039674
3872 0.18546818020993
3873 0.17916375174628996
3874 0.2024051851859024
3875 0.4255455640645809
3876 0.3207353121856405
3877 0.5042366268168441
3878 0.3728124495571762
3879 0.5957486862004725
3880 0.03938828085907181
3881 0.1521123877937
3882 0.30825258327688504
3883 0.1575423319257417
3884 0.04057551889153718
3885 0.22546864466019634
3886 0.4657546957844835
3887 0.24742402369175595
3888 0.054647553219511466
3889 0.16160701954918966
3890 0.7629283428927744
3891 2.620739143160341
3892 2.806810455156945
3893 1.8272281642381112
3894 1.6550687420738082
3895 1.3204329972255395
3896 1.2430735382676827
3897 1.763090916769853
3898 2.483546616695914
3899 2.383096943336873
3900 2.432769420504422
3901 1.5511765976609106
3902 1.912804180953327
3903 1.430972321487165
3904 0.0002585120291034327
3905 0.0038217699145108646
3906 0.03196374918265396
3907 0.4880613788823844
3908 0.39217009096431665
3909 0.26017716609548597
3910 0.6496606560969529
3911 1.2760248121253066
3912 2.033387079057817
3913 1.4717946736434329
3914 0.4195422513598069
3915 3.3507704328221785e-07
3916 0.36398638921603477
3917 0.7317363375231151
3918 1.5304235274484634
3919 1.3589851298286872
3920 1.173174840288292
3921 1.3201285431913203
3922 0.7536896510538025
3923 0.654723649707674
3924 0.3581518244376145
3925 0.030150816601606765
3926 0.0647671956541785
3927 0.16020292241632644
3928 0.374934852122828
3929 0.5249232589178943
3930 1.8161856300572445
3931 1.743788292284608
3932 1.1660170940593888
3933 1.1054260413126928
3934 0.8729667348704555
3935 0.3195227330734545
3936 0.18232597720714308
3937 0.33613091826717933
3938 0.6210768046451158
3939 0.584617460144193
3940 0.3907605219156437
3941 0.20018567985212338
3942 0.10216059257978923
3943 0.032973336903785774
3944 0.0023480291595248844
3945 0.0494078721801747
3946 0.10011193679496562
3947 0.007849243631394935
3948 0.08788104016877547
3949 0.09787273895727436
3950 0.0964371600037861
3951 0.19269076641352828
3952 0.10148738956482417
3953 0.4742837496632969
3954 1.083259754378066
3955 2.65677358431051
3956 2.6387853638501313
3957 2.6696645267340533
3958 2.8794896508145653
3959 1.7523753189424989
3960 1.6044701288060481
3961 1.3125055006417892
3962 1.1851732931664476
3963 1.6801950665979994
3964 2.6500659757894782
3965 2.4709484903562706
3966 2.4061770308818975
3967 2.2533240640619945
3968 0.22701160787711167
3969 0.09445778480372695
3970 0.00976074297110081
3971 0.17649883199375518
3972 0.3469241152325321
3973 0.0755987512339984
3974 0.008693133742691657
3975 0.038616521393336975
3976 0.15655924526396772
3977 0.08424865424129144
3978 0.004604871675340377
3979 0.2411469916741338
3980 0.45441454067363746
3981 0.816771961357612
3982 0.9936816437158916
3983 1.6889604069245259
3984 1.3119974532979497
3985 0.5177088243700683
3986 0.45134456108992743
3987 0.1009511816655628
3988 0.023023940044422108
3989 0.4716654249544772
3990 0.6079759239853618
3991 0.5799474735747852
3992 0.5399227520899964
3993 1.0279931906663964
3994 2.3607691177188634
3995 1.80930489703912
3996 1.7542820587488388
3997 2.109028347900545
3998 1.883020618779064
3999 0.847670130994868
4000 1.354094014192273
4001 0.9090718978214276
4002 1.324426627854947
4003 0.8775724120703413
4004 0.2347003795434585
4005 0.11766335479708356
4006 0.028997047627294516
4007 0.006694429870885366
4008 0.0002726812780392936
4009 0.07682860758157611
4010 0.031338600357104264
4011 0.044321390425518505
4012 6.128089359035852e-05
4013 0.024154631351568704
4014 0.12088237827253046
4015 0.21179956587612261
4016 0.6498690518172948
4017 1.410740885284742
4018 2.1625646452743457
4019 3.8550717401331087
4020 2.9561580869579918
4021 4.681118097331284
4022 3.26718206446211
4023 3.2102716942858107
4024 2.5678728315086676
4025 2.3238381314310677
4026 1.7414345941391625
4027 2.4930366634873544
4028 3.537954421469543
4029 4.925985393488489
4030 4.461042192736229
4031 4.01165183833519
4032 1.8668364500688013
4033 1.1661700031255287
4034 0.3767773892612156
4035 0.01596420125147197
4036 0.05986829954163495
4037 0.13803861387423685
4038 0.5130388870991535
4039 0.3585022435123416
4040 0.13956004159071636
4041 0.3248932522883837
4042 0.10881883324899251
4043 0.13541670337031272
4044 0.5008274827692348
4045 0.18214116066478658
4046 0.11120138982276519
4047 0.18115656008174952
4048 0.02501254883700918
4049 0.00011752550853869641
4050 0.002933434946939885
4051 0.013488625650985284
4052 0.09856875133599377
4053 0.24314097075709368
4054 0.19969005271343904
4055 0.1758858872771067
4056 0.4001593478180241
4057 0.4674978611628698
4058 1.1675110319887152
4059 2.1337247117198883
4060 1.1046254694156354
4061 1.2556967565459514
4062 1.389687754323941
4063 1.476462524338955
4064 1.7676892228778205
4065 1.3551708018390558
4066 0.9174277736458211
4067 0.31849526018799296
4068 0.02912828289185484
4069 0.054121910791264875
4070 0.08065978256808463
4071 0.2140444713104496
4072 0.025227091436065188
4073 0.12181174417657434
4074 0.09299446103719941
4075 0.001685723342571787
4076 0.008604602991288514
4077 0.2653377860106683
4078 0.5653964464333681
4079 0.6590110791394792
4080 1.7834935572111128
4081 3.56334754135549
4082 4.090037228609195
4083 6.255581065723
4084 4.441932115432648
4085 5.616262825098641
4086 4.032973223823587
4087 4.05010777050345
4088 3.4913345556307935
4089 2.7441261871630647
4090 2.6791801744025574
4091 3.130147367206956
4092 2.642396025046688
4093 2.9486063230956674
4094 3.0036677228340096
4095 2.4102081319301236
