 0
0 -0.000831644242366447
1 0.0
2 0.0
3 -9.703197263533774e-06
4 0.0
5 0.0
6 0.0
7 0.0
8 0.0
9 0.0
10 0.0
11 0.0
12 0.0
13 -0.0007311376561268191
14 -0.0001593830454096273
15 -0.0015801130859207286
16 -0.0015465046241312152
17 0.0
18 0.0
19 0.0
20 -0.00018743957798158096
21 -0.0003846815393708278
22 -3.299224452200217e-05
23 0.0
24 0.0
25 -0.0025015689942146893
26 -0.0006788812036480353
27 0.0
28 0.0
29 0.0
30 0.0
31 0.0
32 0.0
33 0.0
34 0.0
35 0.0
36 0.0
37 0.0
38 0.0
39 0.0
40 0.0
41 0.0
42 0.0
43 0.0
44 0.0
45 0.0
46 0.0
47 0.0016263264613885213
48 0.0016928510709597248
49 0.0008918913421432906
50 0.0007264049643391832
51 0.0
52 0.0
53 0.0008405524753602918
54 0.0004458837159572316
55 0.0003572474594537774
56 0.0
57 0.0
58 0.0
59 0.0
60 0.0
61 0.0
62 0.0
63 0.0
64 0.0
65 0.0
66 0.0
67 0.0
68 0.0
69 0.0
70 0.0
71 0.0
72 0.0
73 0.0
74 0.0
75 0.00012717882422640705
76 0.0
77 0.0
78 0.0
79 0.0
80 0.0
81 0.0
82 0.0
83 0.0
84 -0.00022012908378814564
85 0.0
86 0.0
87 0.0
88 -0.00031051128011937916
89 -0.002116009570872818
90 0.0
91 0.0
92 0.0
93 0.0
94 0.0
95 0.0
96 0.0
97 0.0
98 0.0
99 0.0
100 0.0
101 0.0
102 0.0
103 0.0
104 0.0
105 0.0
106 0.0
107 -0.00021013780290552933
108 -0.0010657545484480874
109 -0.0005082777318473823
110 0.0
111 0.0
112 0.0007590144540510376
113 6.575622659374012e-05
114 0.00020447797208855334
115 0.0005147778913144416
116 0.0001476257869807262
117 0.0010649979858183018
118 0.0013513305390469117
119 0.0004057370170454927
120 0.0015632447301584516
121 0.0008398193713224499
122 0.0
123 0.0
124 0.0
125 0.0
126 0.0
127 0.0
128 -0.0013291399055172946
129 0.0
130 -0.0011291315986571029
131 -0.0008651687575967941
132 -0.0007300160481507507
133 0.0
134 0.0
135 0.0
136 0.0
137 0.0
138 0.0
139 0.0
140 0.0
141 0.0
142 0.0
143 0.0
144 0.0
145 0.0
146 0.0
147 0.0
148 0.0
149 0.0
150 0.0
151 0.0
152 0.0
153 0.0
154 0.0
155 0.0
156 0.0
157 0.0
158 0.0
159 0.0
160 0.0
161 0.0
162 0.0
163 0.0
164 0.0
165 0.0
166 0.0
167 0.0
168 0.0
169 0.0
170 -0.0009144271561045892
171 -0.0027692389948997934
172 -0.00159254029027334
173 0.0
174 0.0
175 0.0
176 0.0
177 0.0
178 0.0
179 0.0
180 0.0007180046057462978
181 0.00045199352262087267
182 0.0007090218997812844
183 0.001016061313504846
184 0.00037574217630396316
185 0.000766754442715713
186 0.0
187 0.0
188 0.0
189 0.0
190 0.0
191 0.0
192 -0.00433101133743195
193 -0.0012343103727644944
194 -0.00351333079946392
195 0.0
196 0.0
197 0.0
198 0.0
199 0.0
200 0.0
201 0.0
202 0.0
203 0.0
204 0.0
205 0.0
206 0.0
207 0.0
208 0.0
209 0.0
210 0.0
211 0.0
212 0.0
213 0.0
214 0.0
215 0.0
216 0.0
217 0.0
218 0.0
219 0.0
220 0.0
221 0.0
222 0.0
223 0.0
224 0.00026383635244989624
225 0.0
226 0.0
227 0.0
228 0.0
229 0.0
230 0.0
231 0.0
232 0.0
233 0.0
234 0.0
235 0.0
236 0.0
237 0.0
238 0.0
239 0.0
240 0.0
241 0.0
242 0.0
243 0.0
244 0.0
245 0.0
246 0.00028917623616098463
247 0.0
248 0.0
249 0.0
250 0.0
251 0.0
252 0.0
253 0.0
254 0.0
255 0.0
256 -6.9421926613999916e-06
257 0.0
258 0.0
259 0.0
260 0.0
261 0.0
262 0.0
263 0.0
264 0.0
265 0.0
266 0.0
267 0.0
268 0.0
269 0.0
270 0.0
271 0.0
272 0.0
273 0.0
274 0.0
275 0.0
276 0.0
277 0.0
278 0.0
279 0.0
280 0.0
281 0.0
282 0.0
283 0.0
284 0.0
285 0.0
286 0.0
287 0.0
288 0.0
289 0.0
290 0.0
291 0.0
292 0.0
293 0.0
294 0.0
295 0.0
296 0.0
297 0.00020393746460931213
298 4.891647828925864e-05
299 0.0
300 0.0
301 0.0
302 0.0
303 0.0
304 0.0
305 0.0
306 0.0
307 0.0
308 0.0
309 0.0
310 0.0
311 0.0
312 0.0
313 0.0
314 0.0
315 0.0
316 0.0
317 0.0
318 0.0
319 0.0
320 0.0
321 0.0
322 0.0
323 0.0
324 0.0
325 0.0
326 0.0
327 0.0
328 0.0
329 0.0
330 0.0
331 0.0
332 0.0
333 0.0
334 0.0
335 0.0
336 0.0
337 0.0
338 0.0
339 0.0
340 0.0
341 0.0
342 0.0
343 0.0
344 0.0
345 0.0
346 0.0
347 0.0
348 0.0
349 0.0
350 0.0
351 0.0
352 0.0
353 0.0
354 0.0
355 0.0
356 0.0
357 0.0
358 0.00018009450778711439
359 0.00019358277536573007
360 0.002024933212715223
361 0.004208155511444852
362 0.0025340561673754688
363 0.00012125376293516272
364 0.0
365 0.0001858976947353119
366 0.0
367 0.0
368 0.0
369 0.0
370 0.0
371 0.0
372 0.0
373 0.0
374 0.0
375 0.0
376 0.0
377 0.0
378 0.0
379 0.0
380 0.0
381 0.0
382 0.0
383 0.0
384 0.0
385 -0.0004703624872519911
386 0.0
387 0.0
388 0.0
389 0.0
390 0.0
391 0.0
392 0.0
393 0.0
394 0.0
395 0.0
396 0.0
397 0.0
398 0.0
399 0.0
400 0.0
401 0.0
402 0.0
403 0.0
404 0.0
405 0.0
406 0.0
407 8.34508508156681e-06
408 0.0
409 0.0
410 0.0
411 0.0
412 0.0
413 0.0
414 0.0
415 0.0
416 0.0
417 0.0
418 0.0
419 0.0
420 0.0
421 0.0
422 0.0
423 0.0
424 0.0
425 0.0
426 0.0
427 0.0
428 0.0
429 0.0
430 0.0
431 0.0
432 0.0
433 0.0
434 0.0
435 0.0
436 0.0
437 0.0
438 0.0
439 0.0
440 0.0
441 0.0
442 0.0
443 0.0
444 0.0
445 0.0
446 0.0
447 0.0
448 -0.0002756417056925623
449 -0.0005866275451262556
450 0.0
451 0.0
452 0.0
453 0.0
454 0.0
455 0.0
456 0.0
457 0.0
458 0.0
459 0.0
460 -0.00016347552349532934
461 -0.00031526206948846085
462 -0.0014835156640209885
463 -0.0005710854655473806
464 -0.0010572409183958853
465 -0.001562914594138057
466 0.0
467 0.0
468 0.0
469 0.0
470 0.0
471 0.0
472 0.0
473 0.0
474 0.0
475 0.0
476 0.0
477 0.0
478 0.0
479 0.0
480 0.0
481 0.0
482 0.0
483 0.0
484 0.0
485 0.0
486 0.0
487 0.0
488 0.0
489 0.0
490 0.0
491 0.0
492 0.0
493 0.0
494 0.0
495 0.0
496 0.0
497 0.0
498 0.0
499 0.0
500 0.0
501 0.0
502 0.0
503 0.0
504 0.0
505 0.0
506 0.0
507 0.0
508 0.0
509 0.0
510 0.0
511 0.0
512 -0.0002389010915507948
513 -0.0012942340230150948
514 -0.0024419528252315596
515 0.0
516 0.0
517 0.0
518 0.0
519 0.0
520 0.0
521 0.0
522 0.0
523 0.0
524 -0.0011157615321546444
525 -0.0022560841474922114
526 -0.0021105757753958456
527 -0.0007243793242324114
528 -0.0003698423717112241
529 -0.0005613399517738484
530 0.0
531 0.0
532 0.0
533 0.0
534 0.0
535 0.0
536 0.0
537 0.0
538 0.0
539 0.0
540 0.0
541 0.0
542 0.0
543 0.0
544 -0.0004881801164976236
545 0.0
546 0.0
547 0.0
548 0.0
549 0.0
550 0.0
551 0.0
552 0.0
553 0.0
554 0.0
555 0.0
556 0.0
557 0.0
558 0.0
559 0.0
560 0.0
561 0.0
562 0.0
563 0.0
564 0.0
565 0.0
566 0.0
567 0.0
568 0.0
569 0.0
570 0.0
571 0.0
572 0.0
573 0.0
574 0.0
575 0.0
576 0.0
577 -0.0003983537022082224
578 0.0
579 0.0
580 0.0
581 0.0
582 0.0
583 0.0
584 0.0
585 0.0
586 0.0
587 0.0
588 -0.0004652419841691008
589 -0.00294664376661264
590 -0.001346905223107555
591 -0.0016486223863826242
592 -0.0007698574540326894
593 -2.8285822641669646e-05
594 0.0
595 0.0
596 0.0
597 0.0
598 0.0
599 0.0
600 0.0
601 0.0
602 0.0
603 0.0
604 0.0
605 0.0
606 0.0
607 0.0
608 0.0
609 0.0
610 0.0
611 0.0
612 0.0
613 -0.00035658448038409677
614 0.0
615 0.0
616 0.0
617 0.0
618 0.0
619 0.0
620 0.0
621 0.0
622 0.0
623 0.0
624 0.0
625 0.0
626 0.0
627 0.0
628 0.0
629 0.0
630 0.0
631 0.0
632 -0.0010173178391002455
633 0.0
634 0.0
635 0.0
636 0.0
637 0.0
638 0.0
639 0.0
640 0.0
641 0.0
642 0.0
643 0.0
644 0.0
645 0.0
646 0.0
647 0.0
648 0.0
649 0.0
650 0.0
651 0.0
652 -0.0011813027931010412
653 -0.0005003607109474912
654 0.0
655 -0.0002901078171790721
656 -0.0013495881267804736
657 0.0
658 0.0
659 0.0
660 0.0
661 0.0
662 0.0
663 0.0
664 0.0
665 0.0
666 0.0
667 0.0
668 0.0
669 0.0
670 0.00026668430240067817
671 0.0
672 0.0
673 0.0
674 0.0
675 0.0
676 0.0
677 0.0
678 0.0
679 0.0
680 0.0
681 0.0
682 0.0
683 0.0
684 0.0
685 0.0
686 0.0
687 0.0
688 0.0
689 0.0
690 0.0
691 0.0
692 -0.00012791361877938418
693 -4.657648907874882e-05
694 0.0
695 0.0
696 0.0
697 0.0
698 0.0
699 0.0
700 0.0
701 0.0
702 0.0
703 0.0
704 -0.000969543569388861
705 0.0
706 0.0
707 0.0
708 0.0
709 0.0
710 0.0
711 0.0
712 0.0
713 0.0
714 0.0
715 0.0
716 0.0
717 0.0
718 0.0
719 0.0
720 -0.0005522298075225992
721 0.0
722 0.0
723 0.0
724 0.0
725 0.0
726 -0.002173558539815454
727 -0.001059071630967526
728 0.0
729 0.0
730 0.0
731 0.0
732 0.0
733 0.0013107252115919072
734 0.0
735 0.0
736 0.0
737 0.0
738 0.0
739 0.0
740 0.0
741 0.0
742 0.0
743 0.0
744 0.0
745 0.0
746 0.0
747 0.0
748 0.0
749 -2.7028398736647293e-05
750 0.0
751 0.0
752 0.0
753 -0.0012007623255521074
754 -0.0008559928451315417
755 -0.000885148167614743
756 -0.00045425058153400466
757 0.0
758 0.0
759 0.0
760 0.0
761 0.0
762 0.0
763 0.0
764 0.0
765 0.0
766 0.0
767 0.0
768 0.0
769 0.0
770 0.0
771 0.0
772 0.0
773 0.0
774 0.0
775 0.0
776 0.0
777 0.0
778 0.0
779 0.0
780 0.0
781 0.0
782 0.0
783 0.0
784 0.0
785 0.0
786 0.0
787 0.0
788 0.0
789 -0.002475626168992671
790 -0.003179729321880159
791 -0.0044127224762172505
792 -0.0006946329380238228
793 0.0
794 0.0
795 0.0
796 0.0
797 0.0
798 0.0
799 0.0
800 0.0
801 0.0
802 0.0
803 0.0
804 0.0
805 0.0
806 0.0
807 0.0
808 0.0
809 0.0
810 0.0
811 0.0
812 0.0
813 0.0
814 0.0
815 0.0
816 0.0
817 -0.00036413901248591213
818 0.0
819 -2.405178538594161e-05
820 -9.192390261716732e-05
821 0.0
822 0.0
823 0.0
824 0.0
825 0.0
826 0.0
827 0.0
828 0.0
829 0.0
830 0.0
831 0.0
832 0.0
833 0.0
834 0.0
835 0.0
836 0.0
837 0.0
838 0.0
839 0.0
840 0.0
841 0.0
842 0.0
843 0.0
844 0.0
845 0.0
846 0.0
847 0.0
848 0.0
849 0.0
850 0.0
851 0.0
852 0.0
853 -0.002553637213464957
854 -0.004031225590335567
855 -0.00033119828427367106
856 -0.000874269914107694
857 0.0
858 -0.0004686445575177592
859 -0.0019127016832168513
860 0.0
861 0.0
862 0.0
863 0.0
864 0.0
865 0.0
866 0.0
867 0.0
868 0.0
869 0.0
870 0.0
871 0.0
872 0.0
873 0.0
874 0.0
875 0.0
876 0.0
877 0.0
878 0.0
879 0.0
880 0.0
881 0.0
882 -0.00047251083793733566
883 -0.0005417309295629764
884 -0.0012821132349950881
885 0.0
886 -3.891583434955775e-05
887 0.0
888 0.0
889 0.0
890 0.0
891 0.0
892 0.0
893 0.0
894 0.0
895 0.0
896 0.0
897 0.0
898 0.0
899 0.0
900 0.0
901 0.0
902 0.0
903 0.0
904 0.0
905 0.0
906 0.0
907 0.0
908 0.0
909 0.0
910 0.0
911 0.0
912 0.0
913 -3.646395081069933e-05
914 0.0
915 0.0
916 0.0
917 -0.0028489159238661355
918 -0.0028380242791797446
919 -0.0012321321605321459
920 0.0
921 0.0
922 0.0
923 0.0
924 0.0
925 0.0
926 0.0
927 0.0
928 0.0
929 0.0
930 0.0
931 0.0
932 0.0
933 0.0
934 0.0
935 0.0
936 0.0
937 0.0
938 0.0
939 -0.0002862541263099367
940 0.0
941 -0.0005883219593947422
942 -0.0006821394356732217
943 -0.0006310260729018171
944 -8.374397772456489e-05
945 0.0
946 -0.00025013442673204103
947 -0.0018165874949102997
948 -0.001966282116399084
949 -0.0003908378555954942
950 -0.00013115500964320948
951 0.0
952 -0.0012450266410954523
953 -0.00015542625130445369
954 0.0
955 0.0
956 0.0
957 0.0
958 -0.0008809800517669399
959 -0.00020135765678664077
960 0.0
961 0.0
962 0.0
963 0.0
964 0.0
965 -0.0002477398816921119
966 0.0
967 0.0
968 0.0
969 0.0
970 0.0
971 0.001371689199175139
972 0.0
973 0.0
974 0.0
975 0.0
976 0.0
977 0.0
978 -0.00025090282261331157
979 0.0
980 0.0
981 -0.0017378511435238197
982 -0.0018400379860292753
983 -0.001315594363420252
984 0.0
985 0.0
986 0.0
987 0.0
988 0.0
989 0.0
990 0.0
991 0.0
992 0.0
993 0.0
994 0.0
995 0.0
996 0.0
997 0.0
998 0.0
999 0.0
1000 0.0
1001 0.0
1002 0.0
1003 0.0
1004 0.0
1005 -0.0008263985251617284
1006 -0.000181953357081726
1007 0.0
1008 -0.0006113941432029054
1009 0.0
1010 0.0
1011 -0.0003503728717013653
1012 0.0
1013 0.0
1014 0.0
1015 0.0
1016 -0.0015653410438868861
1017 0.0
1018 0.0
1019 0.0
1020 0.0
1021 0.0
1022 -0.0010916061656388602
1023 0.0
1024 0.0
1025 0.0
1026 0.0
1027 0.0
1028 0.0
1029 0.0
1030 -0.00031550656305512456
1031 -0.0019646503097110277
1032 0.0
1033 0.0
1034 0.0
1035 0.0
1036 0.0005873505033425114
1037 0.0
1038 0.0
1039 0.0
1040 0.0
1041 0.0
1042 0.0
1043 0.0
1044 0.0
1045 0.0
1046 0.0
1047 0.0
1048 0.0
1049 -0.0002324718955765301
1050 -7.910478548729591e-06
1051 -0.002179252143917356
1052 -0.0032953904045759258
1053 -0.0020204507665780814
1054 -0.00035383160950703694
1055 0.0
1056 0.0
1057 0.0
1058 0.0
1059 0.0
1060 0.0
1061 -5.899854659183112e-06
1062 -0.0009857465630938246
1063 0.0
1064 0.0
1065 0.0
1066 0.0
1067 0.0
1068 0.0
1069 0.0
1070 -1.7800153397655363e-05
1071 0.0
1072 0.0
1073 0.0
1074 0.0
1075 0.0
1076 0.0
1077 0.0
1078 0.0
1079 0.0
1080 0.0
1081 0.0
1082 0.0
1083 0.0
1084 0.0
1085 0.0
1086 0.0
1087 0.0
1088 0.0
1089 0.0
1090 0.0
1091 0.0
1092 0.0
1093 0.0
1094 0.0
1095 -0.001175589935372854
1096 0.0
1097 0.0
1098 0.0
1099 0.0
1100 0.001129999559241135
1101 0.0014747773811282776
1102 0.0
1103 0.0
1104 0.0
1105 0.0
1106 0.0
1107 0.0
1108 0.0
1109 0.0
1110 0.0
1111 0.0
1112 0.0
1113 0.0
1114 0.0
1115 -0.0026093256432747633
1116 -0.0032592389122370192
1117 -0.0035898016886192147
1118 -0.0033653035593669825
1119 -0.0020915948511524497
1120 0.0
1121 0.0
1122 0.0
1123 0.001312066015171743
1124 0.0
1125 0.0
1126 -0.001485615498060118
1127 0.0
1128 0.0
1129 0.0
1130 0.0
1131 0.0
1132 0.0
1133 0.0
1134 0.0
1135 0.0
1136 0.0
1137 0.0
1138 0.0
1139 0.0
1140 0.0
1141 0.0
1142 0.0
1143 0.0
1144 0.0
1145 0.0
1146 0.0
1147 0.0
1148 0.0
1149 0.0
1150 0.0
1151 0.0
1152 0.0
1153 0.0
1154 0.0
1155 0.0
1156 0.0
1157 0.0
1158 0.0
1159 0.0
1160 0.0
1161 0.0
1162 0.0
1163 0.0
1164 0.0
1165 0.0006991576145936024
1166 0.0
1167 0.0
1168 0.0
1169 0.0
1170 0.0
1171 0.0
1172 0.0
1173 0.0
1174 0.0
1175 0.0
1176 0.0
1177 0.0
1178 0.0
1179 0.0
1180 0.0
1181 -0.0005152625131529926
1182 0.0
1183 0.0
1184 0.0
1185 0.0
1186 0.00079845532500493
1187 0.0016395972028020148
1188 0.0
1189 -0.0008177091173040662
1190 -0.0030713663430677576
1191 0.0
1192 0.0
1193 0.0
1194 0.0
1195 0.0
1196 0.0
1197 0.0
1198 0.0
1199 0.0
1200 0.0
1201 0.0
1202 0.0
1203 -0.00035837011317818
1204 -0.00041265529634503304
1205 0.0
1206 0.0
1207 0.0
1208 0.0
1209 0.0
1210 0.0
1211 0.0
1212 0.0
1213 0.0
1214 0.0
1215 0.0
1216 0.0
1217 0.0
1218 0.0
1219 0.0
1220 0.0
1221 0.0
1222 0.0
1223 0.0
1224 0.0
1225 0.0
1226 0.0
1227 0.0
1228 0.0
1229 0.0
1230 4.031913670075639e-06
1231 0.0
1232 0.0
1233 0.0
1234 0.0
1235 0.0
1236 0.0
1237 0.0
1238 0.0
1239 0.0
1240 0.0
1241 0.0
1242 0.0
1243 0.0
1244 0.0
1245 0.0
1246 0.0
1247 0.0
1248 0.0
1249 0.0015432654905448272
1250 0.0021316942891822506
1251 0.0043515510327643316
1252 0.0
1253 0.0
1254 0.0
1255 0.0
1256 0.0
1257 0.0
1258 0.0
1259 0.0
1260 0.0
1261 0.0
1262 0.0
1263 0.0
1264 0.0
1265 0.0
1266 0.0
1267 0.0
1268 0.0
1269 0.0
1270 0.0
1271 0.0
1272 0.0
1273 0.0
1274 0.0
1275 0.0
1276 0.0
1277 0.0
1278 0.0
1279 0.0
1280 0.0
1281 0.0
1282 0.0
1283 0.0
1284 0.0
1285 0.0
1286 0.0
1287 0.0005824798519747106
1288 0.0
1289 0.0
1290 0.0
1291 -0.0012593414341653913
1292 0.0
1293 0.0
1294 0.0
1295 0.0
1296 0.0
1297 0.0
1298 0.0
1299 0.0
1300 0.0
1301 0.0
1302 0.0
1303 0.0
1304 0.0
1305 0.0
1306 0.0
1307 0.0
1308 0.0
1309 0.0
1310 0.0
1311 0.0
1312 0.000872642286987452
1313 0.002572064267153221
1314 0.004742488773460198
1315 8.898433795788213e-05
1316 0.0
1317 0.0
1318 0.0
1319 0.0
1320 0.0
1321 0.0
1322 0.0
1323 0.0
1324 0.0
1325 0.0
1326 0.0
1327 0.0
1328 0.0
1329 0.0
1330 0.0
1331 0.0
1332 0.0
1333 0.0
1334 0.0
1335 0.0
1336 0.0
1337 0.0
1338 0.0
1339 0.0
1340 0.0
1341 0.0
1342 0.0
1343 0.0
1344 0.0
1345 0.0
1346 0.0
1347 0.0
1348 0.0
1349 0.0
1350 0.0
1351 0.0
1352 0.0
1353 0.0
1354 0.0007136562790488002
1355 0.0
1356 0.0
1357 0.0
1358 0.0
1359 0.0
1360 0.0
1361 0.0
1362 0.0
1363 0.0002757937792347814
1364 0.0
1365 0.0
1366 0.0
1367 0.000212207964673227
1368 0.0
1369 0.0
1370 0.0
1371 0.0
1372 0.0
1373 0.0
1374 0.0
1375 0.0
1376 0.0
1377 0.0013039712759094226
1378 0.005988557171924763
1379 0.0034693238565085007
1380 0.0
1381 0.0
1382 0.0
1383 0.0
1384 0.0
1385 0.0002514668865119692
1386 8.867648605130262e-05
1387 0.0
1388 0.0
1389 0.0
1390 0.0
1391 0.0
1392 0.0
1393 0.0
1394 0.0
1395 0.0
1396 0.0
1397 0.0
1398 0.0
1399 0.0
1400 0.00013920132948309146
1401 0.0
1402 0.0
1403 0.0
1404 0.0
1405 0.0
1406 0.0
1407 0.0
1408 0.0
1409 0.0
1410 0.0
1411 0.0
1412 0.0
1413 0.0
1414 0.0
1415 0.0
1416 0.0
1417 0.0
1418 0.0012844092556268329
1419 0.0
1420 0.0
1421 0.001402750841664413
1422 0.0011514367591684905
1423 0.0
1424 0.0
1425 0.0
1426 0.0
1427 0.0009817570917410514
1428 0.0
1429 0.0
1430 0.0
1431 0.0
1432 0.0
1433 0.0
1434 0.0
1435 0.0
1436 0.0
1437 0.0
1438 0.0
1439 0.0
1440 0.0
1441 0.0
1442 0.0016785159228364403
1443 0.0016806689234291179
1444 0.0
1445 0.0
1446 0.0
1447 0.0
1448 0.0
1449 0.0007397000465354684
1450 0.0
1451 0.0
1452 0.0
1453 0.0
1454 0.0
1455 0.0
1456 0.0
1457 0.0
1458 0.0
1459 0.0
1460 0.0
1461 0.0
1462 0.0
1463 0.0
1464 0.0
1465 0.0
1466 0.0
1467 0.0
1468 0.0
1469 0.0
1470 0.0
1471 0.0
1472 0.0
1473 0.0
1474 0.0
1475 0.0
1476 0.0
1477 0.0
1478 0.0
1479 0.0
1480 0.0
1481 0.0
1482 0.0
1483 0.0
1484 1.7082493341864277e-06
1485 0.00020000857413572754
1486 0.0012984750419289192
1487 0.0003984037637408108
1488 0.0
1489 7.267648093570475e-06
1490 0.0
1491 0.0
1492 0.0
1493 0.0
1494 0.0
1495 0.0
1496 0.0
1497 0.0
1498 0.0
1499 0.0
1500 0.0
1501 0.0
1502 0.0
1503 0.0
1504 0.0
1505 0.0
1506 0.0008067599567678567
1507 0.00012498539470500017
1508 0.0
1509 0.0
1510 0.0008852723165482909
1511 0.0
1512 0.0006747561874465025
1513 0.0
1514 0.0
1515 0.0
1516 0.0
1517 0.0
1518 0.0
1519 0.0
1520 0.0
1521 0.0
1522 0.0
1523 0.0
1524 0.0
1525 0.0
1526 0.0
1527 0.0
1528 0.0
1529 0.0
1530 0.0
1531 0.0
1532 0.0
1533 0.0
1534 0.0
1535 0.0
1536 0.0011905985323425372
1537 0.0
1538 0.0
1539 0.0
1540 0.0
1541 0.0
1542 0.0
1543 0.0
1544 0.0
1545 0.0
1546 0.0
1547 0.0
1548 0.0
1549 0.00016041646218861432
1550 0.0006449970309800317
1551 0.0
1552 0.0
1553 0.00019018279491651272
1554 0.0
1555 0.0
1556 0.0
1557 0.0
1558 0.0
1559 0.0
1560 5.0848627993148935e-06
1561 0.0
1562 0.0
1563 0.0
1564 0.0
1565 0.0
1566 0.0
1567 0.0
1568 0.0
1569 0.0
1570 0.002272526238121641
1571 0.0029618784679361094
1572 0.00105627743682031
1573 0.0
1574 0.0
1575 0.0
1576 0.0025844455218483127
1577 0.003116290206650647
1578 0.00022532429932940935
1579 0.0
1580 0.0
1581 0.0
1582 0.0
1583 0.0
1584 0.0
1585 0.0
1586 0.0
1587 0.0
1588 0.0
1589 -0.0003950900679622505
1590 -0.0004026223738205205
1591 0.0
1592 0.0
1593 0.0007500323336067756
1594 0.0015036741873857631
1595 0.0
1596 0.0
1597 0.0
1598 0.0
1599 0.0
1600 0.0006234560559061656
1601 0.0
1602 0.0
1603 0.0
1604 0.0
1605 0.0
1606 0.0
1607 0.0
1608 0.0009843663455471408
1609 0.0
1610 0.0
1611 0.0
1612 0.0
1613 0.0
1614 0.0007156022305581863
1615 0.00031753089963704694
1616 0.0
1617 0.0
1618 0.00013462879227922522
1619 0.0
1620 0.0
1621 0.0
1622 0.0
1623 0.0
1624 0.0
1625 0.0
1626 0.0
1627 0.0
1628 0.0
1629 0.0
1630 0.0
1631 0.0
1632 0.0
1633 0.0
1634 0.0025243090422434377
1635 0.005958482091090795
1636 0.0022591574288544736
1637 0.0025009780594586997
1638 0.0008195408636534979
1639 0.0004094270353365942
1640 0.002174507052017722
1641 0.0033289010274820626
1642 0.00020828229740040387
1643 0.0
1644 0.0
1645 0.0
1646 0.0
1647 0.0
1648 0.0
1649 0.0
1650 0.0
1651 0.0
1652 -0.00031778350148451513
1653 -0.0009454486379753466
1654 -0.0028410498259832592
1655 -0.000520351296792835
1656 0.0
1657 0.0
1658 0.0012937142097357323
1659 0.0
1660 0.0
1661 0.0
1662 0.0
1663 0.0
1664 0.000866290941697944
1665 0.0
1666 0.0
1667 0.0
1668 0.0
1669 0.0
1670 0.00011281622628844146
1671 0.0
1672 0.0
1673 0.0
1674 0.0
1675 0.0
1676 0.0
1677 0.002041584422878419
1678 0.0025722973067973426
1679 0.0002117345322326486
1680 0.0
1681 0.0
1682 0.0
1683 0.0
1684 0.0
1685 0.0
1686 0.0
1687 0.0008391784617182064
1688 0.0
1689 0.0
1690 0.0
1691 0.0
1692 0.0
1693 0.0
1694 0.0
1695 0.0
1696 0.0
1697 0.0015706898970769434
1698 0.000387703388343338
1699 0.0
1700 0.0
1701 0.0
1702 0.0
1703 0.0
1704 0.0009645006573259489
1705 0.0
1706 0.0
1707 0.0
1708 0.0
1709 0.0
1710 0.0
1711 0.0
1712 0.0
1713 0.0
1714 0.0
1715 -0.0010160716214070783
1716 -0.0013718681468628357
1717 -0.0005221804054048232
1718 0.0
1719 0.0
1720 0.0
1721 0.0
1722 2.6518606834043653e-05
1723 0.0
1724 0.0
1725 0.0
1726 0.0
1727 0.0
1728 0.00047784390057732066
1729 0.0
1730 0.0
1731 0.0
1732 0.0
1733 0.0
1734 0.0
1735 0.0
1736 0.0
1737 0.0
1738 0.0
1739 0.0
1740 0.0
1741 0.0030340735313387547
1742 0.0014871212092822782
1743 0.0
1744 0.0
1745 0.0
1746 0.0
1747 0.0
1748 0.0
1749 0.0
1750 0.0
1751 0.0
1752 0.0
1753 0.0
1754 0.0
1755 0.0
1756 0.0
1757 0.0
1758 0.0
1759 0.0
1760 0.0
1761 0.0007607254689271894
1762 0.0
1763 0.0
1764 0.0
1765 0.0
1766 9.727026645281857e-06
1767 0.0
1768 0.0
1769 0.0
1770 0.0
1771 0.0
1772 0.0
1773 0.0
1774 0.0
1775 0.0
1776 0.0
1777 -0.0004398379329193112
1778 -0.003895244803361135
1779 -0.002696456328074939
1780 -0.0005942236235899135
1781 -9.08217048448969e-05
1782 0.0
1783 0.0
1784 0.0
1785 0.0
1786 0.001585306772508007
1787 0.0006108482368760383
1788 0.0
1789 0.0
1790 0.0
1791 0.0
1792 0.0
1793 0.0
1794 0.0
1795 0.0
1796 0.0
1797 0.0
1798 0.0
1799 0.0
1800 0.0
1801 0.0
1802 0.0
1803 0.0
1804 0.0
1805 0.0008986327143347264
1806 0.0
1807 0.0
1808 0.0
1809 0.0
1810 0.0
1811 0.0
1812 0.0
1813 0.0
1814 0.0
1815 0.0
1816 0.0
1817 0.0
1818 0.0
1819 0.0
1820 0.0
1821 0.0
1822 0.0
1823 0.0
1824 0.0
1825 0.0
1826 0.0
1827 0.0
1828 0.0
1829 0.0
1830 0.0
1831 0.0
1832 0.0
1833 0.0
1834 0.0
1835 0.0
1836 0.0
1837 0.0
1838 0.0
1839 0.0
1840 -0.0027851782038017464
1841 -0.001875766312919331
1842 -0.0022661270343979985
1843 -0.001814566449320909
1844 0.0
1845 0.0
1846 0.0
1847 0.0
1848 0.0
1849 0.0
1850 0.0
1851 0.0
1852 0.0
1853 0.0
1854 0.0
1855 0.0018619608798672153
1856 0.0006099104458940534
1857 0.0
1858 0.0
1859 0.0
1860 0.0
1861 0.0
1862 0.0
1863 0.0
1864 0.0
1865 0.0
1866 0.0
1867 0.0
1868 0.0
1869 0.0025105203372828943
1870 0.001343498180081806
1871 0.0
1872 0.0
1873 0.0
1874 0.0
1875 0.0
1876 0.0
1877 0.00027793420443635323
1878 0.00012507773152069842
1879 0.0
1880 0.0010942644658576725
1881 0.0018847301555315868
1882 0.002597612187775663
1883 0.001195306357644196
1884 0.0003374454296982524
1885 0.0010052582492766672
1886 0.0
1887 0.0
1888 0.0
1889 0.0
1890 0.0
1891 0.0
1892 0.0
1893 0.0
1894 0.0
1895 0.0
1896 0.0
1897 0.0
1898 0.0
1899 0.0
1900 0.0
1901 0.0
1902 0.0
1903 -0.0008873974363877957
1904 -0.004291828188528151
1905 -0.0015721283828381287
1906 -0.00024347172473245118
1907 0.0
1908 0.0
1909 0.0
1910 0.0
1911 0.0
1912 0.0
1913 0.0
1914 0.0008121869244786335
1915 0.0
1916 0.0
1917 0.0
1918 0.0
1919 0.0008864082667872125
1920 2.7543748695952285e-05
1921 0.0
1922 0.0
1923 0.0
1924 0.0
1925 0.0
1926 0.0
1927 0.0
1928 0.00027052592872833363
1929 0.0
1930 0.0
1931 0.0
1932 0.0003300779234735559
1933 0.003051496838453302
1934 0.0017657865689170312
1935 0.0004872540214564977
1936 0.0012730035102808423
1937 0.0016047364272879653
1938 0.0
1939 0.0
1940 0.0
1941 0.0003861310529674856
1942 0.0005057939457507829
1943 0.0018623935474538806
1944 0.0015428985848609151
1945 0.003152231073215094
1946 0.003014922868464144
1947 0.0019881515525947365
1948 0.0007319843161828145
1949 0.0008698379786154593
1950 0.00014763202783783135
1951 0.0004552387759436851
1952 0.0
1953 0.0
1954 0.0
1955 0.0
1956 0.0
1957 0.0
1958 0.0
1959 0.0
1960 0.0
1961 0.0
1962 0.0
1963 0.0
1964 0.0
1965 0.0
1966 -0.0006094418836520454
1967 -0.002007737103489436
1968 -0.0011717401882577665
1969 0.0
1970 0.0
1971 0.0
1972 0.0
1973 0.0
1974 0.0
1975 0.0
1976 0.0
1977 0.0
1978 0.0
1979 0.0
1980 0.0
1981 0.0
1982 0.0
1983 0.002069505561737278
1984 0.0
1985 0.0
1986 0.0
1987 0.0
1988 0.0
1989 0.0
1990 0.0
1991 0.0
1992 0.0
1993 0.0
1994 0.0
1995 0.0
1996 0.0
1997 0.002257919347765875
1998 0.0009484498176778697
1999 7.591427834667198e-06
2000 0.0
2001 0.0007412062369028267
2002 0.0
2003 0.0
2004 0.0
2005 0.0
2006 0.0
2007 0.00036421952969923027
2008 0.00014171379438375248
2009 0.0018957931440114555
2010 0.0016087019064390487
2011 0.0025921988769760196
2012 0.0009404410769237085
2013 0.0007843757838004819
2014 0.0
2015 0.0
2016 0.0
2017 0.000441549106833801
2018 0.00011859963600397669
2019 0.0
2020 0.0
2021 0.0
2022 0.0
2023 0.0
2024 0.0
2025 0.0
2026 0.0
2027 0.0
2028 0.0
2029 -0.0007234870135968356
2030 -0.0010082675943465444
2031 -0.0016651747747215805
2032 -0.0008285252833378551
2033 0.0
2034 0.0
2035 0.0
2036 0.0
2037 0.0
2038 -0.0015621387303599258
2039 0.0
2040 0.0
2041 0.0
2042 0.0
2043 0.0
2044 0.0
2045 0.0
2046 0.0
2047 0.0009740081191992563
2048 0.0
2049 0.0
2050 -0.0010965251015104815
2051 0.0
2052 0.0
2053 0.0
2054 0.0
2055 1.338509467798434e-05
2056 0.0
2057 0.0
2058 0.0
2059 0.0
2060 0.0
2061 0.00037052723185982734
2062 0.0
2063 0.0
2064 0.0
2065 0.0
2066 0.0
2067 0.0
2068 0.0
2069 0.0
2070 0.0
2071 0.0
2072 0.0
2073 0.0007715344774978873
2074 0.00029520656355324986
2075 0.0015783182941570381
2076 0.0011331764581743974
2077 0.0
2078 0.0
2079 0.0
2080 0.0
2081 8.888692571220735e-06
2082 0.0
2083 0.0
2084 0.0
2085 0.0
2086 0.0
2087 0.0
2088 0.0
2089 0.0
2090 0.0
2091 0.0
2092 0.0
2093 -0.00013371362889867748
2094 -0.0005736586974961785
2095 0.0
2096 -0.000983713974181949
2097 0.0
2098 0.0
2099 -0.0010329017335278562
2100 -0.001529193827384915
2101 -0.0014065093050440354
2102 -0.0038805199029998466
2103 -0.003547990476322514
2104 0.0
2105 0.0
2106 0.00031594694674820934
2107 0.0008461872815635901
2108 0.0
2109 0.0
2110 0.0
2111 0.0008861902503454036
2112 0.0
2113 0.0
2114 0.0
2115 0.0
2116 0.0
2117 0.0
2118 0.0
2119 0.0
2120 0.0
2121 0.0
2122 0.0
2123 0.0
2124 0.0
2125 0.0
2126 0.0
2127 0.0
2128 0.0
2129 0.0
2130 0.0
2131 0.0
2132 0.0
2133 0.0
2134 2.132087693277991e-05
2135 0.00046166074869252564
2136 0.0003959039996620915
2137 0.0019197923089338935
2138 0.00266832412500763
2139 0.0017434551532200518
2140 0.000497770602908249
2141 0.0
2142 0.0
2143 0.0
2144 0.0
2145 0.0003708860267983123
2146 0.0008753364500875379
2147 0.0
2148 0.0
2149 0.0
2150 0.0
2151 0.0
2152 0.0
2153 0.0006823912318507094
2154 0.0
2155 0.0
2156 0.0
2157 0.0
2158 0.0
2159 0.0
2160 0.0
2161 0.0
2162 0.0
2163 -0.0010799248806571194
2164 -0.0006989405117250255
2165 -0.0012106381456654122
2166 -0.0033429368959287022
2167 0.0
2168 0.0
2169 0.0
2170 0.0
2171 0.0004085080457142258
2172 0.0
2173 0.0
2174 0.0
2175 0.0
2176 0.0
2177 0.0
2178 -0.00016841592684653262
2179 0.0
2180 0.0
2181 0.0
2182 0.0
2183 0.0008379700495107956
2184 0.0001993839221280589
2185 0.0
2186 0.0
2187 0.0
2188 0.0
2189 0.0
2190 0.0
2191 0.0
2192 0.0
2193 0.0
2194 0.0
2195 0.0
2196 0.0
2197 0.0
2198 0.0
2199 0.0
2200 0.0
2201 0.0
2202 0.0017254340026644317
2203 0.0006491154270891642
2204 0.0012767106974174392
2205 0.0
2206 0.0
2207 0.0
2208 0.0
2209 0.0017251379404733581
2210 0.002104836192906233
2211 0.0
2212 0.0
2213 0.0001284930806504685
2214 0.0
2215 0.0
2216 0.0
2217 0.0002459507386791251
2218 0.00014547791608742855
2219 6.763509538952013e-05
2220 0.0
2221 0.0
2222 0.0
2223 0.0
2224 0.0
2225 0.0
2226 0.0
2227 0.0
2228 -0.0004866132898300902
2229 -0.0035081210143844224
2230 0.0
2231 0.0
2232 0.0
2233 0.0
2234 0.0
2235 0.0
2236 0.0
2237 0.0
2238 0.0
2239 0.0018045626417745257
2240 0.0
2241 0.0
2242 -0.0011539441602886466
2243 0.0
2244 0.0
2245 0.0
2246 0.0
2247 0.0013930561983203087
2248 0.0003781534333322826
2249 0.0
2250 0.0
2251 0.0
2252 0.0
2253 0.0015390286311558893
2254 0.0
2255 0.0
2256 0.0
2257 0.0
2258 0.0
2259 0.0
2260 0.0
2261 0.0
2262 0.0
2263 0.0
2264 0.0
2265 0.0
2266 0.0
2267 0.0
2268 0.00011553557716806793
2269 0.0
2270 0.0
2271 0.0
2272 0.0
2273 0.00021018883564413488
2274 0.0
2275 0.0
2276 0.0
2277 0.0
2278 0.0
2279 0.00020104703017485045
2280 0.0
2281 0.0
2282 0.0006364609438990311
2283 0.0
2284 0.0
2285 0.0
2286 0.0
2287 0.0
2288 0.0
2289 0.0
2290 0.0
2291 0.0
2292 0.0
2293 -0.0008858334294026945
2294 0.0
2295 0.0
2296 0.0
2297 0.0
2298 0.0
2299 0.0
2300 0.0
2301 0.0
2302 0.0009934105099766192
2303 0.0024003313252448843
2304 0.0
2305 0.0
2306 0.0
2307 -0.0002917299131637967
2308 0.0
2309 0.0
2310 0.0
2311 0.00018218532450563362
2312 0.0
2313 0.0
2314 0.0
2315 0.0
2316 0.0
2317 9.86524602079046e-05
2318 0.0
2319 0.0
2320 0.0
2321 0.0
2322 0.0
2323 0.0
2324 0.0
2325 0.0
2326 0.0
2327 0.0
2328 0.0
2329 0.0
2330 0.0
2331 0.0
2332 0.0
2333 0.0
2334 0.0
2335 0.0
2336 0.0
2337 0.0
2338 0.0
2339 0.0
2340 0.0
2341 0.0
2342 0.0
2343 0.0
2344 0.0
2345 1.0676262768939146e-05
2346 0.0
2347 0.0
2348 0.0
2349 0.0
2350 0.0
2351 0.0
2352 0.0
2353 0.0
2354 0.0
2355 0.0
2356 -0.0011713212176345795
2357 0.0
2358 0.0
2359 0.0
2360 0.0
2361 0.0
2362 0.0
2363 0.0
2364 0.0
2365 0.0
2366 0.0008223667722827387
2367 0.0006617786445392797
2368 0.0
2369 0.0
2370 0.0
2371 0.0
2372 0.0
2373 0.0
2374 0.0
2375 0.0
2376 0.0
2377 0.0
2378 0.0
2379 0.0
2380 0.0
2381 0.002691846756703682
2382 0.0
2383 0.0
2384 0.0
2385 0.0
2386 9.93373198643349e-05
2387 0.0
2388 0.0
2389 0.0
2390 0.0
2391 0.0
2392 0.0
2393 0.0
2394 0.0
2395 0.0
2396 0.0
2397 0.0
2398 0.0
2399 0.0
2400 0.0
2401 0.0
2402 0.0
2403 0.0
2404 0.0
2405 0.0
2406 0.0
2407 0.0
2408 0.0
2409 0.0
2410 0.0
2411 0.0
2412 0.0
2413 0.0
2414 -0.0006423130311075629
2415 -0.00037393269825200173
2416 -0.0005572573918579169
2417 0.0
2418 0.0
2419 -0.0006517185509122579
2420 -0.00045610683535432983
2421 -0.00031944862969658086
2422 0.0
2423 0.0
2424 0.0
2425 0.0
2426 0.0
2427 0.0
2428 0.0
2429 0.0009285667248042118
2430 0.00048733130818996923
2431 0.0004168821329052258
2432 0.0
2433 0.0
2434 0.0
2435 0.0
2436 0.0
2437 0.0
2438 0.0
2439 0.0
2440 0.00030427025649398896
2441 0.0
2442 0.0
2443 0.0
2444 0.0
2445 0.0
2446 0.0
2447 0.0
2448 0.0
2449 0.0
2450 0.0
2451 0.0
2452 0.0
2453 0.0
2454 0.0
2455 0.0
2456 0.0
2457 0.0
2458 0.0
2459 0.0
2460 0.0
2461 0.0
2462 0.0
2463 0.0
2464 0.0
2465 0.0
2466 0.0
2467 0.0
2468 0.0
2469 0.0
2470 0.0
2471 0.0
2472 0.0
2473 0.0
2474 0.0
2475 0.0
2476 0.0
2477 -0.0004927682568254552
2478 -0.00462134588065811
2479 -0.0022443597008147097
2480 -0.001483127845073597
2481 -0.00023769958322646865
2482 -0.00237261882307974
2483 -0.001269713558690755
2484 -0.004738538622310867
2485 -0.0015368139938544813
2486 0.0
2487 0.0
2488 0.0
2489 0.0
2490 0.0
2491 0.0
2492 7.938342583521862e-05
2493 0.0016450528828195498
2494 0.0017993080205956826
2495 0.0021352007757769707
2496 0.0
2497 0.0
2498 0.0
2499 0.0
2500 0.0
2501 0.0
2502 0.0
2503 0.0
2504 0.0
2505 0.0
2506 0.0
2507 0.0
2508 0.0
2509 0.0
2510 0.0
2511 0.0
2512 0.0
2513 0.002611533049532398
2514 0.0
2515 0.0
2516 0.0
2517 0.0
2518 0.0
2519 0.0
2520 0.0
2521 0.0
2522 0.0
2523 0.0
2524 0.0
2525 0.0
2526 0.0013338790340020514
2527 0.0014343553344475315
2528 0.0
2529 0.0
2530 0.0
2531 0.0
2532 0.0
2533 0.0
2534 0.0
2535 0.0
2536 0.0
2537 0.0
2538 0.0
2539 0.0
2540 0.0
2541 -3.456313158685124e-05
2542 -0.0015465778312310219
2543 -0.0014277835288771287
2544 -0.0009814597497026006
2545 -0.003373384091902495
2546 -0.003639091148279405
2547 -0.0018021801551968931
2548 -0.0020054698911832693
2549 -0.002263266136530564
2550 -0.0008733200876742408
2551 0.0
2552 0.0
2553 0.0
2554 0.0009103872345403385
2555 0.0
2556 0.0011056322863063637
2557 0.0
2558 0.0
2559 0.0001019646124287122
2560 0.0
2561 0.0
2562 0.0
2563 0.0
2564 0.0
2565 0.0
2566 0.0
2567 0.0
2568 0.0
2569 0.0
2570 0.0
2571 0.0
2572 0.0
2573 0.0
2574 4.928377863208232e-05
2575 0.0
2576 0.0
2577 0.0
2578 0.0
2579 0.0
2580 0.0
2581 0.0
2582 0.0
2583 0.0
2584 0.0
2585 0.0
2586 0.0
2587 0.0
2588 0.0006996904453597002
2589 0.000898736220675559
2590 0.0005895249411010315
2591 0.0018583944770572277
2592 0.0
2593 0.0
2594 0.0
2595 0.0012830873337648374
2596 0.0
2597 0.0
2598 0.0
2599 0.0
2600 0.0
2601 0.0
2602 0.0
2603 0.0
2604 0.0
2605 0.0
2606 0.0
2607 -0.0002612305582897214
2608 0.0
2609 -0.0016803788820422439
2610 -0.0020539334072085256
2611 -0.003035568637269008
2612 -0.004370622665704259
2613 -0.0009576250224780651
2614 0.0
2615 0.0
2616 0.0
2617 0.0009684097113282021
2618 3.5723380769195007e-05
2619 0.0
2620 0.0
2621 0.0
2622 0.0
2623 1.0201111885219152e-05
2624 0.0
2625 0.0
2626 0.0
2627 0.0
2628 0.0
2629 0.0
2630 0.0
2631 0.0
2632 0.0
2633 0.0
2634 0.0
2635 0.0
2636 0.0
2637 0.0
2638 0.0
2639 0.0
2640 0.0
2641 0.0
2642 0.0
2643 9.6757047567089e-05
2644 0.0
2645 0.0
2646 0.0
2647 0.0
2648 0.0
2649 0.0
2650 0.0
2651 0.0
2652 0.0
2653 0.0
2654 0.0
2655 6.815352863399611e-05
2656 0.001318650746402503
2657 2.54019068247791e-05
2658 0.0
2659 0.0
2660 0.0
2661 0.0
2662 0.0
2663 0.0
2664 0.0
2665 0.0
2666 0.0
2667 0.0
2668 0.0
2669 0.0
2670 0.0
2671 0.0
2672 0.0
2673 0.0
2674 -0.0009498445582676301
2675 -0.0009153442445456501
2676 -0.0011939986675815351
2677 0.0
2678 0.0
2679 0.0
2680 0.0
2681 0.0
2682 0.0
2683 0.0
2684 0.0
2685 0.0
2686 0.0
2687 0.0
2688 0.0
2689 0.0
2690 0.0
2691 0.0
2692 0.0016871089951067458
2693 0.0
2694 0.0
2695 0.0
2696 0.0
2697 0.0
2698 0.0
2699 0.0
2700 0.0
2701 0.0
2702 0.0
2703 0.0
2704 0.0
2705 0.0
2706 0.0
2707 0.00045215972589534524
2708 0.001303058523471784
2709 0.0001769096043037811
2710 0.0
2711 0.0
2712 -0.000732812192900105
2713 0.0
2714 0.0
2715 0.0
2716 0.0
2717 0.0
2718 0.0
2719 0.0
2720 0.0
2721 0.0
2722 0.001275259635787336
2723 0.000918896771463361
2724 0.0
2725 0.0
2726 0.0
2727 0.0
2728 0.0
2729 0.0
2730 0.0
2731 0.0
2732 -7.302254131618465e-06
2733 0.0
2734 0.0
2735 0.0
2736 0.0
2737 0.0
2738 0.0
2739 0.0
2740 0.0
2741 0.0
2742 0.0
2743 0.0
2744 0.0
2745 0.0
2746 0.0
2747 0.0
2748 0.0
2749 0.0
2750 0.0
2751 0.0013882768306648914
2752 0.0
2753 0.0
2754 0.0
2755 0.0
2756 0.002889073366162674
2757 0.0003900011278181539
2758 0.0
2759 0.0
2760 8.3169932676808e-06
2761 0.0
2762 0.0
2763 0.0
2764 0.0
2765 -0.00028034360918136254
2766 -0.00033178245107858006
2767 0.0
2768 0.0
2769 0.0
2770 0.0
2771 0.0
2772 0.0024697204200686885
2773 0.0022756295241370137
2774 0.0
2775 0.0
2776 0.0
2777 0.0
2778 0.0
2779 0.0
2780 0.0
2781 0.0
2782 0.0
2783 0.0
2784 0.0
2785 0.0
2786 0.000489663964139823
2787 0.0019795560205805164
2788 0.0009662587035089768
2789 0.0
2790 0.0
2791 0.0
2792 0.0
2793 0.0
2794 0.0
2795 0.0
2796 -0.000209346990175674
2797 -0.0008218685296787892
2798 0.0
2799 -0.00022184049915075955
2800 0.0
2801 0.0
2802 0.0
2803 0.0
2804 0.0
2805 0.0
2806 0.0
2807 0.0
2808 0.0
2809 0.0
2810 0.0
2811 0.0007986993126428727
2812 0.0
2813 0.0
2814 0.0
2815 0.0
2816 0.0
2817 0.0
2818 0.0
2819 0.0
2820 0.0018995585296407457
2821 0.001834439367538943
2822 0.0
2823 0.0
2824 0.0
2825 0.0
2826 0.0
2827 0.0
2828 0.0
2829 -0.0008195174073766799
2830 0.0
2831 0.0
2832 0.0
2833 0.0
2834 0.0
2835 0.0006719111705812599
2836 0.0020158046881335397
2837 0.0008441313190650255
2838 0.0
2839 0.0
2840 0.0
2841 0.0
2842 0.0
2843 0.0
2844 0.0
2845 0.0
2846 0.0
2847 0.0
2848 0.0
2849 0.0
2850 0.0
2851 0.0001013471434581171
2852 0.002872306001761066
2853 0.0
2854 0.0
2855 0.0
2856 0.0
2857 0.0
2858 0.0
2859 0.0
2860 0.0
2861 0.0
2862 0.0
2863 0.0
2864 0.0
2865 0.0
2866 0.0
2867 0.0
2868 0.0
2869 0.0
2870 0.0
2871 0.0
2872 0.0
2873 0.0
2874 0.0
2875 0.0
2876 0.0
2877 0.0
2878 0.0
2879 0.0
2880 0.0
2881 0.0
2882 0.0
2883 0.0
2884 0.0002285268530997432
2885 0.0017471192689852237
2886 0.0
2887 0.0
2888 0.0
2889 0.0
2890 0.0
2891 -0.0029990794613873853
2892 0.0
2893 0.0
2894 0.0002727378529494354
2895 0.0008645863414669882
2896 0.0016539885449286381
2897 0.0013476232309628756
2898 4.861762180871174e-05
2899 0.0
2900 0.0005138948643277022
2901 0.0
2902 0.0
2903 0.0
2904 0.0
2905 0.0
2906 0.0
2907 0.0
2908 0.0
2909 0.0
2910 0.0
2911 0.0
2912 0.0
2913 0.0
2914 0.0
2915 0.0
2916 0.0
2917 0.0
2918 0.0
2919 0.0
2920 0.0
2921 0.0
2922 0.0
2923 0.0
2924 0.0
2925 0.0
2926 0.0
2927 0.0
2928 0.0
2929 0.0
2930 0.0
2931 0.0
2932 0.0
2933 0.0
2934 0.0
2935 -0.0006814315407324671
2936 0.0
2937 0.0
2938 0.0
2939 0.0
2940 0.0
2941 0.0
2942 0.0
2943 0.0
2944 0.0
2945 0.0
2946 0.0
2947 0.0
2948 0.0004986902892997731
2949 0.0
2950 0.0002594414451041039
2951 0.0
2952 0.0
2953 0.0
2954 -0.0034919918278132536
2955 -0.0030788031820270087
2956 0.0
2957 0.0
2958 0.002381290387355101
2959 0.0021489340819643822
2960 0.0015047526856735941
2961 0.0030684196428260903
2962 0.002542714286979858
2963 0.00013427313056627353
2964 0.0
2965 0.0
2966 0.0
2967 0.0
2968 0.0
2969 0.0
2970 0.0
2971 0.0
2972 0.0
2973 0.0
2974 0.0
2975 0.0
2976 0.0
2977 0.0
2978 2.462305990456388e-05
2979 0.0
2980 0.0
2981 0.0
2982 0.0
2983 0.0
2984 0.0
2985 0.0
2986 0.0
2987 0.0
2988 0.0
2989 0.0
2990 0.0
2991 0.0
2992 0.0
2993 0.0
2994 0.0
2995 0.0
2996 0.0
2997 -0.00011013598756971259
2998 0.0
2999 -0.001182584592070768
3000 0.0
3001 0.0
3002 0.0
3003 0.0
3004 0.0
3005 0.0
3006 0.0
3007 0.0
3008 0.0
3009 0.0
3010 0.0
3011 0.0
3012 0.0
3013 0.0
3014 0.0
3015 0.0
3016 0.0
3017 -0.0007329944908623124
3018 0.0
3019 0.0
3020 0.0
3021 0.0
3022 0.00039044316542786295
3023 0.0
3024 0.0
3025 0.0
3026 0.0
3027 0.0
3028 0.0
3029 0.0
3030 0.0
3031 0.0
3032 0.0
3033 -0.0004551581615329348
3034 0.0
3035 0.0
3036 0.0
3037 0.0
3038 0.0
3039 0.0
3040 0.0
3041 0.0
3042 0.0
3043 0.0
3044 0.0
3045 0.0
3046 0.0
3047 0.0
3048 0.0
3049 0.0
3050 4.458432248125584e-05
3051 0.0
3052 0.0
3053 0.0
3054 0.0
3055 0.0
3056 0.0
3057 0.0
3058 0.0
3059 0.0
3060 0.0
3061 0.0
3062 0.0
3063 0.0
3064 0.0
3065 0.0
3066 0.0
3067 0.0
3068 0.0
3069 0.0
3070 0.0
3071 0.0
3072 0.0
3073 0.0
3074 0.0
3075 0.0
3076 0.0
3077 0.0
3078 0.0
3079 0.0
3080 -0.0009289872953646191
3081 0.0
3082 0.0
3083 0.0
3084 0.0
3085 0.0
3086 0.0
3087 0.0
3088 0.0
3089 0.0
3090 0.0
3091 0.0
3092 0.0
3093 0.0
3094 0.0
3095 0.0
3096 0.0
3097 0.0
3098 0.0
3099 0.0
3100 0.0
3101 0.0
3102 0.0
3103 0.0
3104 0.0
3105 0.0
3106 0.0
3107 0.0
3108 0.0
3109 0.0
3110 0.0
3111 0.0
3112 0.0
3113 0.0
3114 0.0
3115 0.0
3116 0.0
3117 0.00014502254897857326
3118 0.0
3119 0.0
3120 0.0
3121 0.0
3122 0.0
3123 0.0
3124 0.0
3125 0.0
3126 0.0
3127 0.0
3128 0.0
3129 0.0
3130 0.0
3131 0.0
3132 0.0
3133 0.0
3134 0.0
3135 0.0
3136 0.0
3137 0.0
3138 0.0
3139 0.0
3140 0.0
3141 0.0
3142 0.0
3143 0.0
3144 0.0
3145 0.0
3146 0.0
3147 0.0
3148 0.0
3149 0.0
3150 0.0
3151 0.0
3152 0.0
3153 0.0
3154 0.0
3155 0.0
3156 0.0
3157 0.0
3158 0.0
3159 0.0
3160 0.0
3161 -1.9109995604099688e-05
3162 0.0
3163 0.0
3164 0.0
3165 0.0
3166 0.0
3167 0.0
3168 0.0
3169 0.0
3170 0.0
3171 0.0
3172 0.0
3173 0.0
3174 0.0
3175 0.0
3176 0.0
3177 0.0
3178 0.0
3179 0.0
3180 0.0
3181 0.0
3182 0.0
3183 0.0
3184 0.0
3185 0.0
3186 0.0
3187 0.0
3188 0.0
3189 0.0
3190 0.0
3191 0.0
3192 0.0
3193 0.0
3194 -0.00012274089627400692
3195 0.0
3196 0.0
3197 0.0
3198 0.0
3199 0.0
3200 0.0
3201 0.0
3202 0.0
3203 0.0
3204 0.0
3205 0.0
3206 0.0
3207 0.0
3208 0.0
3209 0.00022927309092847533
3210 0.0
3211 0.0
3212 0.0
3213 0.0
3214 0.0
3215 0.0
3216 0.0
3217 0.0
3218 0.0
3219 0.0
3220 0.0
3221 0.0
3222 0.0
3223 0.0
3224 0.0
3225 0.0
3226 0.0
3227 0.0
3228 0.0
3229 0.0
3230 0.0
3231 0.0
3232 0.0
3233 0.0
3234 0.0
3235 0.0
3236 0.0
3237 0.0
3238 0.0
3239 0.0
3240 0.0
3241 0.0
3242 0.0
3243 0.0
3244 0.0
3245 0.0
3246 0.0
3247 0.0
3248 0.0
3249 0.0
3250 0.0
3251 0.0
3252 0.0
3253 0.0
3254 0.0
3255 0.0
3256 0.0
3257 0.0
3258 0.0
3259 0.0
3260 0.0
3261 0.0
3262 0.0
3263 0.0
3264 0.0
3265 0.0
3266 0.0
3267 0.0
3268 0.0
3269 0.0
3270 0.0
3271 0.0
3272 0.0
3273 0.00460196579749066
3274 0.001235041910018371
3275 0.0
3276 0.0
3277 0.0
3278 0.0
3279 0.0
3280 0.0
3281 0.0
3282 0.0
3283 0.0
3284 0.0
3285 -0.0006545055842118806
3286 0.0
3287 0.0
3288 0.0
3289 0.0
3290 0.0
3291 0.0
3292 0.0
3293 0.0
3294 0.0
3295 0.0
3296 0.0
3297 0.0
3298 0.0
3299 0.0
3300 0.0
3301 -0.00048039730165005024
3302 -0.0005873717973872173
3303 -0.0008897449982785571
3304 0.0
3305 0.0
3306 0.0
3307 0.0
3308 0.0
3309 0.0
3310 0.0
3311 0.0
3312 0.0
3313 0.0
3314 0.0
3315 0.0
3316 0.0
3317 0.0
3318 0.0
3319 0.0
3320 0.0
3321 0.0
3322 -0.0015218666428308792
3323 -0.0005932084097981461
3324 -0.00023889182789344152
3325 0.0
3326 0.0
3327 0.0
3328 0.0
3329 0.0
3330 0.0
3331 0.0
3332 0.0
3333 0.0
3334 0.0
3335 0.0
3336 0.0012255382084880738
3337 0.002855811776636829
3338 0.0031198120869777566
3339 0.0016200000306135745
3340 0.0
3341 0.0
3342 0.0
3343 0.0
3344 0.0
3345 0.0
3346 0.0
3347 0.0
3348 -0.00023834385782290144
3349 0.0
3350 -0.0023443117603644623
3351 0.0
3352 0.0
3353 0.0
3354 0.0
3355 0.0
3356 0.0
3357 0.0
3358 0.0
3359 0.0
3360 0.0
3361 0.0
3362 0.0
3363 0.0
3364 0.0
3365 0.0
3366 0.0
3367 0.0
3368 0.0
3369 0.0
3370 -0.0005131841949819226
3371 0.0
3372 0.0
3373 0.0
3374 0.0
3375 0.0
3376 0.0
3377 0.0
3378 0.0
3379 0.0
3380 0.0
3381 0.0
3382 0.0
3383 0.0
3384 -0.0002457364532019342
3385 0.0
3386 -0.00041742560716923305
3387 0.0
3388 0.0
3389 -0.0018036726014260364
3390 0.0
3391 0.0
3392 0.0
3393 0.0
3394 0.0
3395 -2.8597764550781335e-05
3396 -1.8022381019144595e-05
3397 -7.93906294081149e-05
3398 0.0
3399 0.0
3400 0.0002522452529335303
3401 0.0
3402 0.0007554773962285643
3403 0.0010891989076698776
3404 0.0
3405 0.0
3406 0.0
3407 0.0
3408 -0.00019864260213432893
3409 0.0
3410 0.0
3411 0.0
3412 0.0
3413 -0.00013334233960905388
3414 -0.002405456516167377
3415 0.0
3416 0.0
3417 0.0
3418 0.0
3419 0.0
3420 0.0
3421 0.0
3422 0.0
3423 0.0
3424 0.0
3425 0.0
3426 0.0
3427 0.0
3428 0.0
3429 0.0
3430 0.0
3431 0.0
3432 0.0
3433 0.0
3434 0.0
3435 0.0
3436 0.0
3437 0.0
3438 0.0
3439 0.0
3440 0.0
3441 0.0
3442 0.0
3443 0.0
3444 0.0
3445 0.0
3446 0.0
3447 0.0
3448 0.0
3449 0.0
3450 0.0
3451 0.0
3452 0.0
3453 0.0
3454 0.0
3455 0.0
3456 0.0
3457 0.0
3458 0.0
3459 0.0
3460 0.0
3461 0.0
3462 0.0
3463 0.0
3464 0.0
3465 0.0
3466 0.0
3467 0.0
3468 4.680317877673981e-05
3469 0.0
3470 0.0
3471 0.0
3472 0.0
3473 0.0
3474 -4.3851968926711804e-05
3475 0.0
3476 0.0
3477 0.0
3478 -0.0012204723631742995
3479 0.0
3480 0.0
3481 0.0
3482 0.0
3483 0.0
3484 0.0
3485 0.0
3486 0.0
3487 0.0
3488 0.0
3489 0.0
3490 0.0
3491 0.0
3492 0.0
3493 0.0
3494 0.0
3495 0.0
3496 0.0
3497 0.0
3498 0.0
3499 0.0
3500 0.0
3501 0.0
3502 0.0
3503 -0.000179075384083003
3504 -0.0014555553516223615
3505 -0.000407680860175981
3506 0.0
3507 -3.264913421901334e-05
3508 0.0
3509 -0.0010112949636597993
3510 0.0
3511 0.0
3512 0.0
3513 0.0
3514 -0.00038144485831677924
3515 -0.0005102173891626698
3516 0.0
3517 0.0
3518 0.0
3519 0.0
3520 0.0
3521 0.0
3522 0.0
3523 0.0
3524 0.0
3525 0.0
3526 0.0
3527 0.0
3528 0.0
3529 0.0
3530 0.0
3531 0.0
3532 0.0
3533 0.0
3534 0.0001785024121788807
3535 0.0
3536 0.0
3537 -0.0005072961031279195
3538 0.0
3539 0.0
3540 0.0
3541 -0.0004342735335893181
3542 -0.0035785566223040808
3543 0.0
3544 0.0
3545 0.0
3546 0.0
3547 0.0
3548 0.0
3549 0.0
3550 0.0
3551 0.0
3552 0.0
3553 0.0
3554 0.0
3555 0.0
3556 0.0
3557 0.0
3558 0.0
3559 0.0
3560 0.0
3561 0.0
3562 0.0
3563 0.0
3564 0.0
3565 0.0
3566 0.0
3567 0.0
3568 0.0
3569 0.0
3570 0.0
3571 0.0
3572 0.0
3573 0.0
3574 0.0
3575 0.0
3576 0.0
3577 0.0
3578 -6.194543536967257e-05
3579 0.0
3580 0.0
3581 0.0
3582 0.0
3583 0.0
3584 0.0
3585 0.0
3586 -0.0005922023983155174
3587 0.0
3588 0.0
3589 0.0
3590 0.0
3591 0.0
3592 0.0
3593 0.0
3594 0.0
3595 0.0
3596 0.0
3597 0.0
3598 0.0
3599 0.0
3600 0.0
3601 0.0
3602 0.0
3603 0.0
3604 0.0
3605 -0.0009639096952431169
3606 -0.0011517784683307147
3607 0.0
3608 0.0
3609 0.0
3610 0.0
3611 0.0
3612 0.0
3613 0.0
3614 0.0
3615 0.0
3616 0.0
3617 0.0
3618 0.0
3619 0.0
3620 0.0
3621 0.0
3622 0.0
3623 0.0
3624 0.0
3625 0.0
3626 0.0
3627 0.0
3628 0.0
3629 0.0
3630 0.0
3631 0.0
3632 0.0
3633 0.0
3634 -0.0012795553810602562
3635 -0.000893257099523599
3636 -0.0027607875280171654
3637 -0.0011062060684827203
3638 0.0
3639 0.0
3640 -0.00021788914763507867
3641 0.0
3642 -8.030975657195227e-05
3643 0.0
3644 0.0
3645 0.0
3646 0.0
3647 0.0
3648 0.0
3649 0.0
3650 -0.0006555752849260231
3651 0.0
3652 0.0
3653 0.0
3654 0.0
3655 0.0
3656 0.0
3657 0.0
3658 0.0
3659 0.0
3660 0.0
3661 0.0
3662 0.0
3663 0.0
3664 0.0
3665 0.0
3666 0.0
3667 -0.000309329592966238
3668 0.0
3669 0.0
3670 0.0
3671 0.0
3672 0.0
3673 0.0
3674 0.0
3675 0.0
3676 0.0
3677 0.0
3678 0.0
3679 0.0
3680 0.0
3681 0.0
3682 0.0
3683 0.0
3684 0.0
3685 0.0
3686 0.0
3687 0.0
3688 2.5546537642648544e-06
3689 0.0
3690 0.0
3691 0.0
3692 0.0
3693 0.0
3694 0.0
3695 0.0
3696 0.0
3697 0.0
3698 -0.0018546840022540215
3699 -0.0017580603712256814
3700 -0.002045611168912339
3701 0.0
3702 -0.0002591705294345579
3703 -7.645643515836956e-05
3704 0.0
3705 0.0
3706 0.0
3707 0.0
3708 0.0
3709 0.0
3710 0.0
3711 0.0
3712 0.0
3713 0.0
3714 0.0
3715 0.0
3716 0.0
3717 0.0008510746777119517
3718 0.0
3719 0.0
3720 0.0
3721 0.0
3722 0.0
3723 0.0
3724 0.0
3725 0.0
3726 0.0
3727 0.0
3728 0.0
3729 0.0
3730 0.0
3731 0.0
3732 0.0
3733 0.0
3734 0.0
3735 0.0
3736 0.0
3737 0.0
3738 0.0
3739 0.0
3740 0.0
3741 0.0
3742 0.0
3743 0.0
3744 -0.0004736284871005155
3745 -1.6279989639427242e-05
3746 0.0
3747 0.0
3748 0.0
3749 0.0
3750 0.0
3751 0.0
3752 0.0
3753 0.0
3754 0.0
3755 0.0
3756 0.0
3757 0.0
3758 0.0
3759 0.0
3760 0.0
3761 0.0
3762 0.0
3763 -0.0007481157817510837
3764 -0.0007833217532265479
3765 0.0
3766 -0.00024095833155448818
3767 0.0
3768 0.0
3769 0.0
3770 0.0
3771 0.0
3772 0.0
3773 0.0
3774 0.0
3775 0.0
3776 0.0
3777 0.0
3778 0.0
3779 0.0
3780 0.0
3781 0.0013799087455830252
3782 6.307991565426108e-05
3783 0.0
3784 0.0
3785 0.0
3786 0.0001133845522384321
3787 0.0
3788 0.0
3789 0.0
3790 0.0
3791 0.0
3792 0.0
3793 0.0
3794 0.0
3795 0.0
3796 0.0
3797 0.0
3798 0.0
3799 0.0
3800 0.0
3801 0.0
3802 0.0
3803 -8.161610427084338e-05
3804 -0.0011898207183327454
3805 -0.0011621827973993877
3806 0.0
3807 -5.355315255122311e-05
3808 -0.0024370841029072265
3809 -0.0033935854211379402
3810 0.0
3811 0.0
3812 0.0
3813 0.0
3814 0.0
3815 0.0
3816 0.0
3817 0.0
3818 0.0
3819 0.0
3820 0.0
3821 0.0
3822 0.0
3823 0.0
3824 0.0
3825 0.0
3826 0.0
3827 0.0
3828 -3.936890990330406e-05
3829 0.0
3830 0.0
3831 0.0
3832 0.0
3833 0.0
3834 0.0
3835 0.0
3836 0.0
3837 0.0
3838 0.0
3839 0.0
3840 -0.001744163634111806
3841 -0.00036496266923925335
3842 0.0
3843 0.0
3844 0.0
3845 0.0008577732161971491
3846 0.0
3847 0.0011438401534329052
3848 0.0
3849 0.0016128116469282326
3850 0.0
3851 0.0
3852 0.0
3853 0.0
3854 0.0
3855 0.0
3856 0.0
3857 0.00022582086282839633
3858 0.0
3859 0.0
3860 0.0
3861 0.0
3862 0.0
3863 0.0
3864 0.0
3865 0.0
3866 0.0
3867 0.0
3868 -0.0008115044679635834
3869 -0.003314560797446614
3870 -0.002303478422785319
3871 0.0
3872 0.0
3873 0.0
3874 0.0
3875 0.0
3876 0.0
3877 0.0
3878 0.0
3879 0.0
3880 0.0
3881 0.0
3882 0.0
3883 0.0
3884 0.0
3885 0.0
3886 0.0
3887 0.0
3888 0.0
3889 0.0
3890 0.0
3891 0.0
3892 0.0
3893 0.0
3894 0.0
3895 0.0
3896 0.0
3897 0.0
3898 0.0
3899 0.0
3900 0.0
3901 0.0
3902 0.0
3903 0.0
3904 -0.00016371283814809145
3905 -0.0007829686233149811
3906 0.0
3907 0.0
3908 0.0
3909 0.0
3910 0.0014109031289004515
3911 0.00326557003629719
3912 0.003447491871112069
3913 0.0036518686429909126
3914 7.85407689464978e-05
3915 0.0
3916 0.0
3917 0.0
3918 0.0
3919 0.0
3920 0.0
3921 0.0
3922 0.0
3923 0.0
3924 -0.0005590893884398014
3925 0.0
3926 -0.0005788532822755673
3927 -0.0012670520328632525
3928 -0.0013489273888490545
3929 0.0
3930 0.0
3931 0.0
3932 0.0
3933 0.0
3934 0.0
3935 0.0
3936 0.0
3937 0.0
3938 0.0
3939 0.0
3940 0.0
3941 0.0
3942 0.0
3943 0.0
3944 0.0
3945 0.0
3946 0.0
3947 0.0
3948 0.0
3949 0.0006632293457729347
3950 0.0012221035766739796
3951 0.00045690855142288284
3952 0.0
3953 0.0
3954 0.0
3955 0.0
3956 0.0
3957 0.0
3958 0.0
3959 0.0
3960 0.0
3961 0.0
3962 0.0
3963 0.0
3964 0.0
3965 0.0
3966 0.0
3967 0.0
3968 -0.00044467568294677005
3969 -0.0002998606240173078
3970 0.0
3971 0.0
3972 0.0
3973 0.0
3974 0.0
3975 0.0
3976 0.0
3977 0.0
3978 0.0
3979 0.0
3980 0.0
3981 0.0
3982 0.0
3983 0.0
3984 0.0
3985 0.0
3986 0.0
3987 -1.2358349174672899e-05
3988 0.0
3989 0.0
3990 0.0
3991 0.0
3992 0.0
3993 -0.0005636440499952901
3994 0.0
3995 0.0
3996 0.0
3997 0.0
3998 0.0014783968431147441
3999 0.0008549369201483961
4000 0.0
4001 0.0
4002 0.0
4003 0.0
4004 0.0
4005 0.0
4006 0.0
4007 0.0
4008 0.0
4009 0.0
4010 0.000975555638260191
4011 0.00040028088705915615
4012 0.0
4013 0.0
4014 0.000655000479407599
4015 0.0005308546787009651
4016 0.0
4017 0.0
4018 0.0
4019 0.0
4020 0.0
4021 0.0
4022 0.0
4023 0.0
4024 0.0
4025 0.0
4026 0.0
4027 0.0
4028 0.0
4029 -0.0014459171352165096
4030 -0.0010511068094471241
4031 0.0
4032 -0.002135996545144992
4033 -0.0031131897595608367
4034 -0.0025825325425680177
4035 0.0
4036 0.0
4037 -0.0003780232766150949
4038 -0.0018731765493870203
4039 -0.001276437116776526
4040 -0.000917645802081759
4041 -0.00015634165306809214
4042 0.0
4043 0.0
4044 0.0
4045 0.0
4046 0.0
4047 0.0
4048 0.0
4049 0.0
4050 0.0
4051 0.0
4052 0.0
4053 0.0
4054 0.0
4055 0.0
4056 0.0
4057 0.0
4058 0.0
4059 0.0
4060 0.0
4061 0.0
4062 0.0011864944653175507
4063 0.0031313792923725083
4064 0.0016482580613549117
4065 0.001983684129284562
4066 0.0007318875900076233
4067 0.0
4068 0.0
4069 0.0
4070 0.0
4071 0.0
4072 0.0
4073 0.0
4074 0.0
4075 0.0005305986016239674
4076 0.0
4077 0.0
4078 0.0
4079 0.0
4080 0.0
4081 0.0
4082 0.0
4083 0.0
4084 0.0
4085 0.0
4086 0.0
4087 0.0
4088 0.0
4089 0.0
4090 0.0
4091 0.0
4092 0.0
4093 0.0
4094 0.0
4095 0.0
