 0
0 0.0
1 0.0
2 0.0
3 -4.0105257702010064e-05
4 -0.0011880355309770462
5 -0.0017215772894613316
6 0.0
7 0.0
8 0.0
9 0.0
10 0.0
11 0.0
12 0.0
13 0.0
14 0.0
15 0.0
16 0.0
17 0.0
18 0.0
19 0.0
20 0.0
21 0.0
22 0.0
23 0.0
24 0.0
25 0.0
26 0.0
27 0.0
28 0.0
29 4.834294857047826e-06
30 0.0
31 0.0
32 0.0
33 0.0
34 0.0
35 0.0
36 0.0
37 0.0
38 0.0
39 0.0
40 0.0
41 0.0
42 0.0
43 0.0
44 0.0
45 0.0
46 0.0
47 0.0009234954304636891
48 0.001709618030246813
49 0.0012556872963093127
50 0.0010718240602769615
51 0.00017636504594119903
52 0.0
53 0.0015182552475270369
54 0.0009954073073924529
55 0.0011369501676455165
56 0.0
57 0.0
58 0.0
59 0.0
60 0.0
61 0.0
62 0.0
63 0.0
64 0.0
65 0.0
66 0.0
67 0.0
68 -0.0002930663374964088
69 -0.00048371203624961363
70 0.0
71 0.0
72 0.0
73 0.0
74 0.0
75 0.0
76 0.0
77 0.0
78 0.0
79 0.0
80 0.0
81 0.0
82 0.0
83 0.0
84 0.0
85 0.0
86 0.0
87 0.0
88 0.0
89 0.0
90 0.0
91 0.0
92 0.0
93 0.0
94 0.0
95 0.0
96 0.0
97 0.0
98 0.0
99 0.0
100 0.0
101 0.0
102 0.0
103 0.0
104 0.0
105 0.0
106 0.0
107 -0.0004824770865631392
108 -0.0006324405630105705
109 -0.0016299160964405885
110 0.0
111 0.0
112 0.0
113 0.0
114 0.0
115 0.0
116 0.0
117 0.0
118 0.0001345618389454599
119 0.0
120 0.0
121 0.0
122 0.0
123 0.0
124 0.0
125 0.0
126 0.0
127 0.0
128 -0.0022398750615890755
129 -0.000547952762099691
130 -0.00020759990543426773
131 0.0
132 0.0
133 0.0
134 0.0
135 0.0
136 0.0
137 0.0
138 0.0
139 0.0
140 0.0
141 0.0
142 0.0
143 0.0
144 0.0
145 0.0
146 0.0
147 0.0
148 0.0
149 0.0
150 0.0
151 0.0
152 0.0
153 0.0
154 0.0
155 0.0
156 0.0
157 0.0
158 0.0
159 0.0
160 0.0
161 0.0
162 0.0
163 0.0
164 0.0
165 0.0
166 0.0
167 0.0
168 -0.0015926306731541074
169 -0.0020903560466851135
170 -0.0017077227906566886
171 -0.0020974147115408676
172 -0.001316100053913393
173 -0.0010906415015544525
174 0.0
175 0.0
176 0.0
177 0.0
178 0.0
179 0.0
180 0.0
181 0.0
182 0.0
183 0.0
184 0.0
185 0.0
186 0.0
187 0.0
188 0.0
189 0.0
190 0.0
191 0.0
192 -0.002112219704001855
193 -0.001562758445968315
194 0.0
195 0.0
196 0.0004894648113529621
197 0.0
198 0.0
199 0.0007422320713321209
200 0.0027614991560549916
201 0.002188917124476368
202 0.0003200769594736724
203 0.0
204 0.0
205 0.0
206 0.0
207 0.0
208 0.0
209 0.0
210 0.0
211 0.0
212 0.0
213 0.0
214 0.0
215 0.0
216 0.0
217 0.0
218 0.0
219 0.0
220 0.0010573402008571032
221 0.0006843031968382403
222 0.0
223 0.0
224 0.0
225 0.0
226 0.0
227 0.0
228 0.0
229 -0.0004461069414145694
230 0.0
231 0.0
232 -0.0011756824986893287
233 -0.0006885421906384639
234 0.0
235 0.0
236 0.0
237 0.0
238 0.0
239 0.0
240 0.0
241 0.0
242 0.0
243 0.0
244 0.0
245 0.0
246 0.0
247 0.0
248 0.0
249 0.0
250 0.0
251 -0.00017687085199037038
252 -0.0006214807156777932
253 0.0
254 0.0
255 0.0
256 -6.463351858816948e-05
257 0.0
258 0.0
259 0.0
260 0.0044314084817731695
261 0.0
262 0.0
263 0.0023961306207189886
264 0.0005130306710201102
265 0.0
266 0.0008413531571671316
267 0.0
268 0.0
269 0.0
270 0.0
271 0.0
272 0.0
273 0.0
274 0.0
275 0.0
276 0.00012617551169180507
277 0.0004560400341813686
278 0.0
279 0.0
280 0.0
281 0.0
282 0.0
283 0.0006627552271817129
284 0.0013923895182985045
285 0.0011938823964152362
286 0.0
287 0.0
288 0.0
289 0.0
290 0.0
291 0.0
292 0.0
293 0.0
294 0.0
295 0.0
296 0.0
297 0.0
298 0.0
299 0.0
300 0.0
301 0.0
302 0.0
303 0.0
304 0.0
305 0.0
306 0.0
307 0.0
308 0.0
309 0.0
310 0.0
311 0.0
312 0.0
313 0.0
314 0.0
315 0.0
316 0.0
317 0.0
318 0.0
319 0.0
320 -0.000940167047709384
321 -0.0004855832358294258
322 0.0
323 0.0
324 0.0005333215858279531
325 0.0
326 0.0
327 0.0
328 0.0
329 0.0
330 0.0
331 0.0
332 0.0
333 0.0
334 0.0
335 0.0
336 0.0
337 0.0
338 0.0
339 0.0
340 0.0
341 0.0
342 0.0
343 0.0
344 0.0012051039902197336
345 0.00043429306487784754
346 0.0
347 0.0024314006020318326
348 0.00224850910958387
349 0.0017476393507635615
350 0.0
351 0.0
352 0.0
353 0.0
354 0.0
355 0.0
356 0.0
357 0.0
358 0.0
359 0.0
360 0.0
361 0.0
362 0.001559682147908332
363 0.00158969676591741
364 3.081185825078515e-05
365 0.0
366 0.0
367 0.0
368 0.0
369 0.0
370 0.0
371 0.0
372 0.0
373 0.0
374 0.0
375 0.0
376 0.0
377 0.0
378 0.0
379 0.0
380 0.0
381 0.0
382 0.0
383 0.0
384 0.0
385 -0.001280694497083591
386 0.0
387 0.0
388 0.0
389 0.0
390 0.0
391 0.0
392 0.0
393 0.0
394 0.0
395 0.0
396 0.0
397 0.0
398 0.0
399 0.0
400 0.0
401 0.0
402 0.0
403 0.0
404 0.0
405 0.0
406 0.0
407 5.8446825148090815e-05
408 0.0
409 0.0
410 0.0006099588805896007
411 0.0010513628221611162
412 0.003355524011528919
413 0.002164693253373983
414 0.0
415 0.0
416 0.0
417 0.0
418 0.0
419 0.0
420 0.0
421 0.0
422 0.0
423 0.0
424 0.0
425 0.0
426 0.00031092909441551397
427 0.0
428 0.0
429 0.0
430 0.0
431 0.0
432 0.0
433 0.0
434 0.0
435 0.0
436 0.0
437 0.0
438 0.0
439 0.0
440 0.0
441 0.0
442 0.0
443 0.0
444 0.0
445 0.0
446 0.0
447 0.0
448 -0.0017722851413138451
449 -0.0005855619256265614
450 0.0
451 0.0
452 0.0
453 0.0
454 0.0
455 0.0
456 0.0
457 0.0
458 0.0
459 0.0
460 0.0
461 -0.0010650210204653046
462 -0.0017646805567804091
463 -0.0004770878025513656
464 0.0
465 0.0
466 0.0
467 0.0
468 0.0
469 0.0
470 0.0
471 0.0
472 0.0
473 0.0
474 0.0
475 0.0
476 0.0
477 0.0
478 0.0
479 0.0
480 0.0
481 0.0
482 0.0
483 0.0
484 0.0
485 0.0
486 0.0
487 0.0
488 0.0
489 0.0
490 0.0
491 0.0
492 0.0
493 0.0
494 0.0
495 0.0
496 0.0
497 0.0
498 0.0
499 0.0
500 0.0
501 0.0
502 0.0
503 0.0
504 0.0
505 0.0
506 0.0
507 0.0
508 0.0
509 0.0
510 0.0
511 0.0
512 -0.00017390063557033998
513 -0.00012993985059778432
514 -0.0012520412905645626
515 0.0
516 0.0
517 0.0
518 0.0
519 0.0
520 0.0
521 0.0
522 0.0
523 0.0
524 -0.000663286675045603
525 -0.0033613564328847235
526 -0.002259579140415647
527 -0.00029005220863619497
528 0.0
529 0.0
530 0.0
531 0.0
532 0.0
533 0.0
534 0.0
535 0.0
536 0.0
537 0.0
538 0.0
539 0.0
540 0.0
541 0.0
542 0.0
543 0.0
544 -0.0004949566129458275
545 0.0
546 0.0
547 0.0
548 0.0
549 0.0
550 0.0
551 0.0
552 0.0
553 0.0
554 0.0
555 0.0
556 0.0
557 0.0
558 0.0
559 0.0
560 0.0
561 0.0
562 0.0
563 0.0
564 0.0
565 0.0
566 0.0
567 -0.00010408609999296003
568 0.0
569 0.0
570 0.0
571 0.0
572 0.0
573 0.0
574 -0.001273850026603404
575 -0.0007878416785321246
576 0.0
577 -0.0008870746894821717
578 -0.00018025536617781955
579 -0.0005622429357545628
580 0.0
581 0.0
582 0.0
583 0.0006338764042994717
584 0.0
585 0.0
586 0.0
587 0.0
588 0.0
589 -0.0018722239066680066
590 -0.0029443769762891037
591 -0.0010704596271973804
592 -0.0013259442970748783
593 -0.0004622604797124946
594 -0.00037885892323556096
595 0.0
596 0.0
597 0.0
598 0.0
599 0.0
600 -0.0005761266540803478
601 0.0
602 0.0
603 0.0
604 0.0
605 0.0
606 0.0
607 0.0
608 0.0
609 0.0
610 0.0
611 0.0
612 0.0
613 0.0
614 0.0
615 0.0
616 0.0
617 0.0
618 0.0
619 0.0
620 0.0
621 0.0
622 0.0
623 0.0
624 0.0
625 0.0
626 0.0
627 0.0
628 0.0
629 0.0
630 0.0
631 0.0
632 -6.401108966815438e-05
633 -0.00011879986903655181
634 0.0
635 0.0
636 -0.0012795933896857217
637 -0.0016152083060106005
638 -0.0009689603708200587
639 -1.9194859927247553e-06
640 0.0
641 0.0
642 0.0
643 0.0
644 0.0
645 0.0
646 0.0
647 0.000669592225499929
648 0.0
649 0.0
650 0.0
651 0.0
652 0.0
653 -0.00037649638277560064
654 -0.00034205680190728686
655 -0.0020110838597848543
656 -0.0014166567022180084
657 -0.0015195118631965874
658 -0.0006601915182367296
659 -0.0018961181937429761
660 -0.000665706232090926
661 -0.0002182812565848485
662 -0.0005003960581833934
663 -0.0006586950355430848
664 0.0
665 0.0
666 0.0
667 0.0
668 0.0
669 0.0
670 0.0
671 0.0
672 0.0
673 0.0
674 0.0
675 -0.0001483604741548617
676 0.0
677 -0.0006065333917263643
678 0.0
679 0.0
680 0.0
681 0.0
682 0.0
683 0.0
684 0.0
685 0.0
686 0.0
687 0.0
688 0.0
689 0.0
690 0.0
691 0.0
692 0.0
693 0.0
694 0.0
695 -7.423247814124723e-05
696 0.0
697 -1.6520983398444457e-06
698 0.0
699 0.0
700 0.0
701 0.0
702 -0.0008783817910976564
703 -7.515233955682015e-06
704 0.0
705 0.0
706 0.0
707 0.0
708 0.0
709 0.0
710 0.0
711 0.0
712 0.0
713 0.0
714 0.0
715 0.0
716 0.0
717 0.0
718 0.0
719 0.0
720 -0.0007513364164729644
721 -0.0019316012003695502
722 -0.0009503893269482873
723 0.0
724 0.0
725 -0.0007835248328508504
726 -0.002253251284655508
727 -0.0015486611729900075
728 0.0
729 0.0
730 0.0
731 0.0
732 0.0
733 0.0
734 0.0
735 0.0
736 0.0
737 0.0
738 0.0
739 0.0
740 0.0
741 0.0
742 0.0
743 0.0
744 0.0
745 0.0
746 0.0
747 0.0
748 0.0
749 0.0
750 0.0
751 0.0
752 0.0
753 -0.0004887146646629487
754 0.0
755 0.0
756 0.0
757 0.0
758 0.0
759 0.0
760 0.0
761 0.0
762 0.0
763 0.0
764 0.0
765 0.0
766 -0.0006472959852360909
767 -0.00032317009857572865
768 0.0
769 0.0
770 0.0
771 0.0
772 0.0
773 0.0
774 0.0
775 0.0
776 0.0
777 0.0
778 0.0
779 0.0
780 0.0
781 0.0
782 0.0
783 0.0
784 0.0
785 -0.00010114621385866596
786 -0.00022814180378911666
787 -0.0006135393756997999
788 -0.0004458962353969406
789 -0.0019518638414418891
790 -0.0030913444649852745
791 -0.002088434429182091
792 -0.0013014554844821133
793 0.0
794 0.0
795 0.0
796 0.0
797 0.0
798 0.0
799 0.0
800 0.0
801 0.0
802 0.0
803 0.0
804 0.0
805 0.0
806 0.0
807 0.0
808 0.0
809 0.0
810 0.0
811 0.0
812 0.0
813 0.0
814 0.0
815 0.0
816 0.0
817 0.0
818 0.0
819 0.0
820 0.0
821 0.0
822 0.0
823 0.0
824 0.0
825 0.0
826 0.0
827 0.0
828 0.0
829 0.0
830 -0.0001520607717502958
831 -0.0006212406411918039
832 0.0
833 0.0
834 0.0
835 0.0
836 0.0
837 0.0
838 0.0
839 0.0
840 0.0
841 0.0
842 0.0027854254006853727
843 0.0
844 0.0
845 0.0
846 0.0
847 0.0
848 0.0
849 0.0
850 0.0
851 0.0
852 0.0
853 0.0
854 -0.0017121199430248308
855 0.0
856 -0.0005174910965859306
857 0.0
858 0.0
859 0.0
860 0.0
861 0.0
862 0.0
863 0.0
864 0.0
865 0.0
866 0.0
867 0.0
868 0.0
869 0.0
870 0.0
871 0.0
872 0.0
873 0.0
874 0.0
875 0.0
876 0.0
877 0.0
878 0.0
879 0.0
880 0.0
881 0.0
882 0.0
883 0.0
884 0.0
885 0.0
886 0.0
887 0.0
888 -5.6795294658303644e-05
889 0.0
890 -0.0007806754913486527
891 -0.000293179015924111
892 0.0
893 -1.7817035070064442e-05
894 -0.0013471903300871111
895 -7.273219079619912e-05
896 0.0
897 0.0
898 0.0
899 0.0
900 0.0
901 0.0
902 0.0
903 0.0
904 0.0
905 0.0
906 0.00024862518808836345
907 0.0007393313658168679
908 0.0
909 0.0
910 0.0
911 0.0
912 0.0
913 0.0
914 0.0
915 0.0
916 0.0
917 -1.3156432309888585e-05
918 -0.0001580447402140859
919 0.0
920 0.0
921 0.0
922 0.0
923 0.0
924 0.0
925 0.0
926 0.0
927 0.0
928 0.0
929 0.0
930 0.0
931 0.0
932 0.0
933 0.0
934 0.0
935 0.0
936 0.0
937 0.0
938 0.0
939 0.0
940 0.0
941 0.0
942 -0.0007632383277412001
943 -0.0002911083712329209
944 -0.0003784449605809058
945 0.0
946 0.0
947 0.0
948 0.0
949 0.0
950 0.0
951 0.0
952 -0.002256450250633502
953 -9.846877952484527e-05
954 -0.0008260789088482821
955 -0.0005478657611939734
956 0.0
957 -0.0012930056738585367
958 -0.0009667195017208315
959 -0.00048606885861707423
960 0.0
961 0.0
962 0.0
963 0.0
964 0.0
965 0.0
966 0.0
967 0.0
968 0.0
969 0.0
970 0.0
971 0.001175162528652188
972 0.0007885781418358886
973 0.0
974 0.0007251189541612531
975 0.0
976 0.0
977 0.0
978 0.0
979 0.0
980 0.0
981 0.0
982 -0.0005474882602466798
983 0.0
984 0.0
985 0.0
986 0.0
987 0.0
988 0.0
989 0.0
990 0.0
991 0.0
992 0.0
993 0.0
994 0.0
995 0.0
996 0.0
997 0.0
998 0.0
999 0.0
1000 0.0
1001 0.0
1002 0.0
1003 0.0
1004 0.0
1005 0.0
1006 -9.064321945419714e-05
1007 0.0
1008 0.0
1009 0.0
1010 0.0
1011 0.0
1012 0.0
1013 0.0
1014 0.0
1015 0.0
1016 -0.0013972756929502633
1017 -0.0011574535811548425
1018 -0.00021519348284626644
1019 0.0
1020 0.0
1021 0.0
1022 -0.00075968533386468
1023 -0.00020911159370211164
1024 0.0
1025 0.0
1026 0.0
1027 0.0
1028 0.0
1029 0.0
1030 0.0
1031 0.0
1032 0.0
1033 0.0
1034 0.0
1035 0.0
1036 0.0011719550453823983
1037 0.001444728779992815
1038 0.00027554928219496503
1039 0.00023792057487407347
1040 0.0
1041 0.0
1042 0.0
1043 0.0
1044 0.0
1045 0.0
1046 0.0
1047 -0.0002778274052339493
1048 -0.0010605108651417013
1049 0.0
1050 0.0
1051 -0.00102514150556163
1052 -0.0007267167394065031
1053 -0.00036124299620521447
1054 -0.0005166767843661346
1055 0.0
1056 0.0
1057 0.0
1058 0.0
1059 0.0
1060 0.0
1061 0.0
1062 0.0
1063 0.0
1064 0.0
1065 0.0
1066 0.0
1067 0.0
1068 0.0
1069 0.0
1070 0.0
1071 0.0
1072 0.0
1073 0.0
1074 0.0
1075 0.0
1076 0.0
1077 0.0
1078 0.0
1079 0.0
1080 0.0
1081 0.0
1082 0.0
1083 0.0
1084 0.0
1085 0.0
1086 0.0
1087 0.0
1088 0.0
1089 0.0
1090 0.0
1091 0.0
1092 0.0
1093 0.0
1094 0.0
1095 -0.000657201976852714
1096 -0.0017937277282156412
1097 -0.0007205395429976374
1098 0.0
1099 0.0
1100 0.0001154873037223944
1101 0.005219187144154402
1102 9.000833308692787e-05
1103 0.0
1104 0.0
1105 0.0
1106 0.0
1107 0.0
1108 0.0
1109 0.0
1110 0.0
1111 -4.242384111235886e-05
1112 0.0
1113 0.0
1114 0.0
1115 0.0
1116 -0.0004395197506762001
1117 -0.0021634823769269406
1118 -0.0020749091892228763
1119 0.0
1120 0.0
1121 0.0
1122 0.0
1123 0.0
1124 0.0
1125 0.0
1126 0.0
1127 -1.7356956050035283e-05
1128 0.0
1129 0.0
1130 0.0
1131 0.0
1132 0.0
1133 0.0
1134 0.0
1135 0.0
1136 0.0
1137 0.0
1138 0.0
1139 0.0
1140 0.0
1141 0.0
1142 0.0
1143 0.0
1144 0.0
1145 0.0
1146 0.0
1147 0.0
1148 0.0
1149 0.0
1150 0.0
1151 0.0
1152 0.0
1153 0.0
1154 0.0
1155 0.0
1156 0.0
1157 0.0
1158 0.0
1159 0.0
1160 -0.0005499888205152155
1161 -0.003145089834298988
1162 -0.0017777445363828734
1163 0.0
1164 0.0
1165 0.002890658250422185
1166 0.0008445585386033709
1167 0.0
1168 0.0
1169 0.0
1170 0.0
1171 0.0
1172 0.0
1173 0.0
1174 0.0
1175 0.0
1176 0.0
1177 0.0
1178 0.0
1179 0.0
1180 0.0
1181 -7.308882639271967e-05
1182 0.0
1183 0.0
1184 0.0
1185 0.0
1186 0.0
1187 0.0
1188 0.0
1189 0.0
1190 -0.001910087754208708
1191 0.0
1192 0.0
1193 0.0
1194 0.0
1195 0.0
1196 0.0
1197 0.0
1198 0.0
1199 0.0
1200 0.0
1201 0.0
1202 0.0
1203 0.0
1204 -5.5488183815518804e-05
1205 0.0
1206 0.0
1207 0.0
1208 0.0
1209 0.0
1210 0.0
1211 0.0
1212 0.0
1213 0.0
1214 0.0
1215 0.0
1216 0.0
1217 0.0
1218 0.0
1219 0.0
1220 0.0
1221 0.0
1222 0.0
1223 0.0
1224 0.0
1225 -0.0009091150484686666
1226 -0.002057770852600847
1227 -0.0007858940419587318
1228 0.0
1229 0.0
1230 0.0
1231 0.0
1232 0.0
1233 0.0
1234 0.0
1235 0.0
1236 0.0
1237 0.0
1238 0.0
1239 0.0
1240 0.0
1241 -6.937578234782101e-05
1242 0.0
1243 0.0
1244 0.0
1245 0.0
1246 0.0
1247 0.0
1248 0.0
1249 0.00022376357233399826
1250 0.0015114314376100941
1251 0.0016778395331040693
1252 0.0
1253 0.0
1254 0.0
1255 0.0
1256 -0.0004215271291689667
1257 0.0
1258 0.0
1259 0.0
1260 0.0
1261 0.0
1262 0.0
1263 0.0
1264 0.0
1265 0.0
1266 -6.682727339673792e-05
1267 0.0
1268 -2.5346185527355628e-06
1269 0.0
1270 0.0
1271 0.0
1272 0.0
1273 0.0
1274 0.0
1275 0.0
1276 0.0
1277 0.0
1278 0.0
1279 0.0006638998451461704
1280 0.0
1281 0.0
1282 0.0
1283 0.0
1284 0.0
1285 0.0
1286 0.0
1287 0.0
1288 0.0
1289 0.0
1290 0.0
1291 -0.00046756217031846553
1292 -0.0005012341531016074
1293 -3.442806861451391e-05
1294 0.0
1295 0.0
1296 0.0
1297 0.0
1298 0.0
1299 0.0
1300 0.0
1301 0.0
1302 0.0
1303 0.0
1304 0.0
1305 -7.604474116917835e-05
1306 0.0
1307 -0.0015412599333743948
1308 0.0
1309 0.0
1310 0.0
1311 0.0
1312 0.0
1313 0.001930092288115822
1314 0.006617631625194345
1315 0.002250068178323678
1316 0.0
1317 0.00046488449314080336
1318 3.0384070903764616e-05
1319 0.0
1320 0.0
1321 0.0
1322 0.0
1323 0.0
1324 0.0
1325 0.0
1326 0.0
1327 0.0
1328 0.0
1329 -0.0002374456542180935
1330 -0.00029690356235142633
1331 -0.0017384633866917762
1332 -0.0006574962450914913
1333 -0.0010224906317829916
1334 0.0
1335 0.0
1336 0.0
1337 0.0
1338 0.0
1339 0.0
1340 0.0
1341 0.0
1342 0.0
1343 0.0012445523011031985
1344 0.0
1345 0.0
1346 0.0
1347 0.0
1348 0.0
1349 0.0
1350 0.0
1351 0.0
1352 0.0
1353 0.0
1354 0.0
1355 0.0
1356 -0.0010583545414158413
1357 0.0
1358 0.0
1359 0.0
1360 0.0
1361 0.0
1362 0.0
1363 0.0
1364 0.0
1365 0.0
1366 0.0
1367 0.0
1368 0.0
1369 0.0
1370 -0.0007912483964923908
1371 -0.001697277965012656
1372 -0.0004300003070695347
1373 0.0
1374 0.0
1375 0.0
1376 0.0
1377 0.0020777764270216493
1378 0.004378265017879699
1379 0.0020701744489478374
1380 0.0
1381 4.962414601917964e-05
1382 0.0
1383 0.0
1384 0.0
1385 0.0
1386 0.0
1387 0.0
1388 0.0
1389 0.0
1390 0.0
1391 0.0
1392 0.0
1393 -9.090778462800148e-06
1394 0.0
1395 -0.0009203847622092456
1396 -9.862420245562823e-05
1397 -8.930910673036345e-05
1398 -0.0032269185858003345
1399 -0.0005107506545441483
1400 0.0
1401 0.0
1402 0.0
1403 0.0
1404 0.0
1405 0.0
1406 0.0
1407 0.0
1408 0.0
1409 0.0
1410 0.0
1411 0.0
1412 0.0
1413 0.0
1414 0.0
1415 0.0
1416 0.0
1417 0.0
1418 0.0
1419 0.0
1420 0.0
1421 0.0
1422 0.00025494667735090695
1423 0.0
1424 0.0
1425 0.00022556993503806838
1426 2.631020319742447e-05
1427 0.0
1428 0.0
1429 0.0
1430 0.0
1431 0.0
1432 0.0
1433 0.0
1434 0.0
1435 -0.0009667573011818818
1436 0.0
1437 0.0
1438 0.0
1439 0.0
1440 0.0
1441 0.0003396180069469534
1442 0.0011359665918031611
1443 0.0
1444 0.0
1445 0.0
1446 0.0
1447 0.0
1448 0.0
1449 0.0
1450 0.0
1451 0.0
1452 0.0
1453 0.0
1454 0.0
1455 0.0
1456 0.0
1457 -6.57320836989497e-05
1458 0.0
1459 0.0
1460 -0.00012028594726544502
1461 -0.0009877616047128462
1462 -0.0028656806412532838
1463 -0.0013925796124718368
1464 0.0
1465 0.0
1466 0.0
1467 0.0
1468 0.0
1469 0.0
1470 0.0
1471 0.00137947074856817
1472 0.0005313526312607766
1473 0.0
1474 0.0
1475 0.0
1476 0.0
1477 0.0
1478 0.0
1479 0.0
1480 0.0
1481 0.0
1482 0.0
1483 0.0
1484 0.0
1485 0.0
1486 0.0019853201995448768
1487 0.0009670844528654796
1488 0.0
1489 0.0
1490 0.0
1491 0.0
1492 0.0
1493 0.0
1494 0.0
1495 0.0
1496 0.0
1497 0.0005162474229583579
1498 0.00015970138507071522
1499 0.0
1500 0.0
1501 0.0
1502 0.0
1503 0.0
1504 0.0
1505 0.0
1506 0.0
1507 0.0
1508 0.0
1509 0.00024917180211027617
1510 4.5172091723899953e-05
1511 0.0
1512 0.0
1513 0.0
1514 0.0
1515 -0.0011272066674878334
1516 -0.0019459978932094355
1517 0.0
1518 0.0
1519 0.0
1520 -0.0007173421667189974
1521 0.0
1522 0.0
1523 0.0
1524 0.0
1525 0.0
1526 -0.0005395886770580138
1527 0.0
1528 0.0
1529 0.0
1530 0.0
1531 0.0
1532 0.0
1533 0.0
1534 0.0
1535 0.0
1536 0.0003673142705548417
1537 0.0
1538 0.0
1539 0.0
1540 0.0
1541 0.0
1542 0.0
1543 0.0
1544 0.0
1545 0.0
1546 0.0
1547 0.0
1548 0.0
1549 0.0
1550 0.0009388285486446131
1551 0.0001277326944620917
1552 0.0
1553 0.0
1554 0.0
1555 0.0
1556 0.0
1557 0.0
1558 0.0
1559 0.0
1560 0.0013328034786783869
1561 0.0
1562 0.0
1563 0.0
1564 0.0
1565 -0.0006657078972722645
1566 0.0
1567 0.0
1568 0.0
1569 0.0
1570 0.0007470250147337074
1571 0.0014898448377917643
1572 0.0
1573 0.0
1574 0.0
1575 0.0
1576 0.0005910820881204819
1577 0.0013961048479046456
1578 0.0
1579 0.0
1580 -0.0007809293447650111
1581 0.0
1582 0.0
1583 0.0
1584 0.0
1585 0.0
1586 0.0
1587 0.0
1588 0.0
1589 -1.542644326275002e-05
1590 -0.001054849289043365
1591 0.0
1592 0.0
1593 0.0
1594 0.0
1595 0.0
1596 0.0
1597 0.0
1598 0.0
1599 0.0
1600 0.0008505231088172197
1601 0.0
1602 0.0
1603 0.0
1604 0.0
1605 0.0
1606 0.0
1607 0.0
1608 0.0
1609 0.0
1610 0.0
1611 0.0
1612 0.0
1613 0.00040632011679327064
1614 0.0023105766313501258
1615 0.0005399111674985461
1616 0.0
1617 0.0
1618 0.0
1619 0.0
1620 0.0
1621 0.0
1622 0.0
1623 0.001335404151979497
1624 0.000223766535797719
1625 0.0
1626 0.0
1627 0.0
1628 0.0
1629 -0.0005936595218738553
1630 0.0
1631 0.0
1632 0.0
1633 0.0
1634 0.00033738255256414445
1635 0.0026563066087254804
1636 0.00024184840037854552
1637 0.0003668784152839442
1638 0.0025147830027039382
1639 0.0026476320016289782
1640 0.0005824586277297155
1641 0.0003327755011127639
1642 0.0
1643 0.0
1644 0.0
1645 0.0
1646 0.0
1647 0.0
1648 0.0
1649 0.0
1650 0.0
1651 0.0
1652 0.0
1653 0.0
1654 -0.0009095286730116693
1655 0.0
1656 0.0
1657 0.0
1658 0.0
1659 0.0
1660 0.0
1661 0.0
1662 0.0
1663 0.0
1664 6.506813054691172e-05
1665 0.0
1666 0.0
1667 0.0
1668 0.0
1669 0.0
1670 0.0
1671 0.0
1672 0.0
1673 0.0
1674 0.0
1675 0.0
1676 0.0
1677 0.0010980090281535958
1678 0.0030266533262167574
1679 0.0
1680 0.0
1681 0.0
1682 0.0
1683 0.0
1684 0.0
1685 0.0
1686 0.0
1687 0.0017642373201993803
1688 0.0008543830707025352
1689 0.0
1690 0.0
1691 0.0
1692 0.0
1693 0.0
1694 0.0
1695 0.0
1696 9.087084325019312e-05
1697 0.0003673037139856371
1698 0.0
1699 0.0
1700 0.0006054444768753787
1701 0.0003527524963438963
1702 0.0006486684235477359
1703 0.00043737537070485445
1704 0.0
1705 0.0
1706 0.0
1707 0.0
1708 0.0
1709 0.0
1710 0.0
1711 0.0
1712 0.0
1713 0.0
1714 0.0
1715 -0.0003879652527454075
1716 0.0
1717 -0.0017828728068670318
1718 0.0
1719 0.0
1720 0.0
1721 0.0
1722 0.0
1723 0.0
1724 0.0
1725 0.0
1726 0.0
1727 0.0
1728 0.0
1729 0.0
1730 0.0
1731 0.0
1732 0.0
1733 0.0
1734 0.0
1735 0.0
1736 0.0
1737 0.0
1738 0.0
1739 0.0
1740 0.0
1741 0.0006624826604217435
1742 0.0005797889488621369
1743 0.0
1744 0.0
1745 0.0
1746 0.0
1747 0.0
1748 0.0
1749 0.0
1750 0.0014197648219203204
1751 0.0007321997187269477
1752 7.189374422143213e-05
1753 0.0
1754 0.0
1755 0.0
1756 0.00018261900281845236
1757 0.0
1758 0.0
1759 0.0
1760 0.0003146912826394417
1761 3.777473895397361e-05
1762 0.0
1763 0.0
1764 0.0
1765 0.0005662877885804467
1766 0.0
1767 0.0
1768 0.0
1769 0.0
1770 0.0
1771 0.0
1772 0.0
1773 0.0
1774 0.0
1775 0.0
1776 0.0
1777 -0.0007364274954917507
1778 -0.0013985542242156918
1779 -0.0017963987033808076
1780 -0.0004156037000137225
1781 -0.0014502913442305627
1782 0.0
1783 0.0
1784 0.0
1785 0.0
1786 0.0
1787 0.0
1788 0.0
1789 0.0
1790 0.0
1791 0.0
1792 0.0
1793 0.0
1794 0.0
1795 0.0
1796 0.0
1797 0.0
1798 0.0
1799 0.0
1800 0.0
1801 0.0
1802 0.0
1803 0.0
1804 0.0
1805 0.0
1806 0.0
1807 0.0
1808 0.0
1809 0.0
1810 0.0
1811 0.0
1812 0.0
1813 0.0
1814 0.0
1815 0.0
1816 0.0
1817 0.0010952465596573008
1818 0.0011225899700027034
1819 0.0014135838176363138
1820 0.0015132703636795614
1821 0.0010185743502370585
1822 0.0005103812957044281
1823 0.0
1824 0.0
1825 0.0
1826 0.0
1827 0.0
1828 0.0
1829 0.0
1830 0.0
1831 0.0
1832 0.0
1833 0.0
1834 0.0
1835 0.0
1836 0.0
1837 0.0
1838 0.0
1839 0.0
1840 -0.002014241033889122
1841 -0.0018737807887245672
1842 -0.002995636891590312
1843 -0.0002848680948912621
1844 0.0
1845 0.0
1846 -0.0008989050624722248
1847 0.0
1848 0.0
1849 0.0
1850 0.0004501756902971632
1851 0.0007673088954836361
1852 0.0
1853 0.0
1854 0.0
1855 0.0
1856 0.0
1857 0.0
1858 0.0
1859 0.0
1860 0.0
1861 0.0
1862 0.0
1863 0.0
1864 0.0
1865 0.0
1866 0.0
1867 0.0
1868 0.0
1869 0.0009793616601443947
1870 0.00031027783406515746
1871 0.0002344366965739336
1872 0.0004566639330094596
1873 0.0005272039875619414
1874 0.0
1875 0.0
1876 0.0
1877 0.0
1878 0.0
1879 0.0
1880 0.0
1881 0.00032580295978092594
1882 0.0009070220851055059
1883 0.002451309359505625
1884 0.0019744985480261686
1885 0.0006568794444544006
1886 0.00011734942885714544
1887 0.0
1888 0.0
1889 0.0
1890 0.0
1891 0.0
1892 0.0
1893 0.0
1894 0.0
1895 0.0
1896 0.0
1897 0.0
1898 0.0
1899 0.0
1900 0.0
1901 0.0
1902 0.0
1903 -0.000984665079470306
1904 -0.004615401441690575
1905 -0.0023467532280654377
1906 -0.0004920642998445472
1907 0.0
1908 0.0
1909 0.0
1910 -0.0008682841010205825
1911 0.0
1912 0.0
1913 0.0
1914 0.0
1915 0.0
1916 0.0
1917 0.0
1918 0.0
1919 0.0
1920 0.0006283306407470999
1921 0.0
1922 0.0
1923 0.0
1924 0.0
1925 0.0
1926 0.0
1927 0.0
1928 0.0
1929 0.0
1930 0.0
1931 0.0
1932 0.0
1933 0.0011793482525320226
1934 0.0004335927850393078
1935 0.0009769083985031604
1936 0.0016484088117151333
1937 0.0027877428199990038
1938 0.0011937799080548727
1939 0.0
1940 0.0
1941 2.303797757673479e-05
1942 0.0
1943 0.0
1944 0.0
1945 0.0
1946 0.0
1947 0.0
1948 0.0
1949 0.0
1950 0.0
1951 0.0
1952 0.0
1953 0.0
1954 0.0
1955 0.0
1956 0.0
1957 0.0
1958 0.0
1959 0.0
1960 0.0
1961 0.0
1962 0.0
1963 0.0
1964 0.0
1965 0.0
1966 0.0
1967 -0.001463665479265517
1968 -0.002857870898066032
1969 -0.0008856109233190249
1970 0.0
1971 0.0
1972 0.0
1973 0.0
1974 -0.0001396128727611452
1975 0.0
1976 0.0
1977 0.0
1978 0.0
1979 0.0
1980 0.0
1981 0.0
1982 0.0
1983 0.0
1984 0.0
1985 0.0
1986 0.0
1987 0.0
1988 -0.0010649835606753063
1989 0.0
1990 0.0
1991 0.0
1992 0.0
1993 0.0
1994 0.0
1995 0.0
1996 0.0
1997 0.001335438823692634
1998 0.00029584976491068855
1999 0.0
2000 3.984123245642562e-05
2001 0.001235427103299276
2002 0.0004257362517302685
2003 0.0
2004 0.0
2005 0.0
2006 0.0
2007 0.0
2008 0.0
2009 0.0
2010 0.0
2011 0.0
2012 0.0
2013 0.0
2014 0.0005333987406669729
2015 0.0
2016 0.0
2017 0.0
2018 0.0
2019 0.0
2020 0.0
2021 0.0
2022 0.0
2023 0.0
2024 0.0
2025 0.0
2026 0.0
2027 0.0
2028 0.0
2029 0.0
2030 -0.0001138738408115712
2031 -0.00040662212035951807
2032 -0.002423973020939183
2033 -0.0009024884694154227
2034 0.0
2035 0.0
2036 0.0
2037 0.0
2038 -0.0014984962113772662
2039 0.0
2040 0.0
2041 0.0
2042 0.0
2043 0.001200807622300974
2044 0.0006001768645789823
2045 0.0
2046 0.0
2047 0.0010151763216301364
2048 0.0
2049 0.0
2050 0.0
2051 -8.438040070859001e-05
2052 0.0
2053 0.0
2054 0.0
2055 0.0
2056 0.0
2057 0.0
2058 0.0
2059 0.0
2060 0.0
2061 0.0010086290858033486
2062 0.0
2063 0.0
2064 0.0
2065 0.0005532781086977999
2066 0.0
2067 0.0
2068 0.0
2069 0.0
2070 0.0
2071 0.0
2072 0.0
2073 0.0008762620243802395
2074 0.00030235532182541785
2075 0.00018589212442793456
2076 0.0
2077 0.0
2078 0.0
2079 0.0
2080 0.0
2081 0.0
2082 0.0
2083 0.0
2084 0.0
2085 0.0
2086 0.0
2087 0.0
2088 0.0
2089 0.0
2090 0.0
2091 0.0
2092 -0.0001008526562701738
2093 -0.0003626128335221114
2094 0.0
2095 0.0
2096 -0.0022309132931180144
2097 -0.0010453641514328509
2098 -0.0010542785968018907
2099 0.0
2100 0.0
2101 -0.000603132535824453
2102 -0.0027791933290367663
2103 -0.0037778079844085224
2104 0.0
2105 0.0
2106 0.0
2107 0.001495185844501293
2108 0.0015714684243020261
2109 0.0
2110 0.0
2111 0.0011029628108755532
2112 0.0
2113 0.0
2114 -0.00023353279743712604
2115 0.0
2116 0.0
2117 0.0
2118 0.0
2119 0.0010218957929740058
2120 0.0
2121 0.0
2122 0.0
2123 0.0
2124 0.0
2125 0.0008566367824828638
2126 0.0
2127 0.0
2128 0.0
2129 0.0010945901902773532
2130 0.0
2131 0.0
2132 0.0
2133 0.0
2134 0.0
2135 0.0009769785535866983
2136 0.001260665386481926
2137 0.001431211016645283
2138 0.0023944388099282243
2139 0.0012592436518500645
2140 0.0
2141 7.145749798105578e-05
2142 0.0
2143 0.0
2144 0.0
2145 0.0003100603775464203
2146 0.0
2147 0.0
2148 0.0
2149 0.0
2150 0.0
2151 0.0
2152 0.0
2153 0.0
2154 0.0
2155 0.0
2156 0.0
2157 0.0
2158 0.0
2159 0.0
2160 0.0
2161 0.0
2162 0.0
2163 -1.8251585716442553e-05
2164 0.0
2165 0.0
2166 -0.0016434505187371369
2167 0.0
2168 0.0
2169 0.0
2170 4.166670281989537e-05
2171 9.357670609206442e-05
2172 0.0015441745320476901
2173 0.0
2174 0.0
2175 0.000330579226342382
2176 0.0
2177 0.0
2178 -0.000759522010800769
2179 0.0
2180 0.0
2181 0.0
2182 0.0
2183 0.00014401987093652183
2184 0.0
2185 0.0
2186 0.0
2187 0.0
2188 0.0
2189 7.828748706652862e-07
2190 0.0
2191 0.0
2192 0.0
2193 0.0
2194 0.0
2195 0.0
2196 0.0
2197 0.0
2198 0.0
2199 0.0019945180784168193
2200 0.0008677479363848909
2201 0.0
2202 0.001243797930639109
2203 0.0010133244416414952
2204 0.0017555196540260873
2205 0.0002623173622445903
2206 0.0
2207 0.0
2208 0.0
2209 0.00243423064494651
2210 0.0015611058539199342
2211 0.0
2212 0.0
2213 0.0
2214 0.0
2215 0.0
2216 0.0
2217 0.0
2218 0.0
2219 0.0
2220 0.0
2221 0.0
2222 0.0
2223 0.0
2224 0.0
2225 0.0
2226 0.0
2227 0.0
2228 0.0
2229 -0.0004991064091455996
2230 0.0
2231 0.0
2232 0.0
2233 0.0001977842487990592
2234 0.0011555156684000813
2235 0.0012581230658849476
2236 0.001101096707638886
2237 0.0
2238 0.0
2239 0.0006391206192156775
2240 0.0
2241 0.0
2242 -0.001006442914004147
2243 -0.00035605446476315934
2244 0.0
2245 0.0
2246 7.042448141679396e-05
2247 0.0003323622919910289
2248 0.0
2249 0.0
2250 0.0
2251 0.0
2252 0.0
2253 0.0008668352300205742
2254 0.000543289500651376
2255 0.0
2256 0.0014563866275285392
2257 0.0
2258 0.0
2259 0.0
2260 0.0
2261 0.000626635495899276
2262 0.0009106404658634892
2263 0.002372928909956629
2264 0.0007400070389399959
2265 0.0
2266 0.0
2267 0.0032347253810288425
2268 0.000589743257509547
2269 0.0
2270 0.0
2271 0.0
2272 0.0
2273 0.001074416634919059
2274 0.0010199875773009794
2275 0.0
2276 0.0
2277 0.0
2278 0.0
2279 0.0
2280 0.0
2281 0.0
2282 0.0
2283 0.0
2284 0.0
2285 0.0
2286 0.0
2287 0.0
2288 0.0
2289 0.0
2290 0.0
2291 0.0
2292 0.0
2293 0.0
2294 0.0
2295 0.0
2296 0.0
2297 0.0006340768791918826
2298 0.0019712887566203908
2299 0.0021197758322186603
2300 0.0016150531471939864
2301 0.0
2302 0.0
2303 0.0006445646940663135
2304 0.0
2305 0.0
2306 -6.681458293026454e-06
2307 -0.0008004167352212296
2308 0.0
2309 0.0
2310 0.0
2311 0.0
2312 0.0021865463361542496
2313 0.0
2314 0.0
2315 0.0
2316 0.0
2317 0.0015435369574369857
2318 0.0011869667057397156
2319 0.00020164818750303016
2320 0.0010797583864863623
2321 0.00045455749371965497
2322 0.000375607738029845
2323 8.600233228017182e-05
2324 2.717339543606545e-06
2325 0.0011833187962767436
2326 0.00015681566449151588
2327 0.0027732896570998645
2328 0.0010813669780593786
2329 0.0001002562771962163
2330 0.0
2331 0.0
2332 0.0
2333 0.0
2334 0.0
2335 0.0
2336 0.0
2337 0.0
2338 0.0
2339 0.0
2340 0.0
2341 0.0
2342 0.0
2343 0.0
2344 0.0
2345 0.0
2346 0.0
2347 0.0
2348 0.0
2349 0.0
2350 0.0
2351 0.0
2352 0.0
2353 0.0
2354 0.0
2355 0.0
2356 0.0
2357 0.0
2358 0.0
2359 0.0
2360 0.0
2361 0.0
2362 0.00047529562005784885
2363 0.0013703842749318682
2364 0.0006554821203786546
2365 0.0
2366 0.0
2367 0.0
2368 0.0
2369 0.0
2370 0.0
2371 0.0
2372 0.0
2373 0.0
2374 3.2898502768342945e-05
2375 7.88634378283441e-06
2376 0.0
2377 0.0
2378 0.0
2379 0.0
2380 0.0
2381 0.001930358508111777
2382 6.255052057563833e-06
2383 0.0003186979567453756
2384 0.00038768113486607763
2385 0.0008212004272171783
2386 0.0015713473301846137
2387 0.00018434429899355466
2388 0.000983459831129999
2389 0.0
2390 0.0
2391 0.0004308187437400653
2392 0.0
2393 0.0
2394 0.0
2395 0.0
2396 0.0
2397 0.0
2398 0.0
2399 0.0
2400 0.0
2401 0.0
2402 0.0
2403 0.0
2404 0.0
2405 0.0
2406 0.0
2407 0.0
2408 0.0
2409 0.0
2410 0.0
2411 0.0
2412 -0.0005278614981574914
2413 0.0
2414 -0.00013836155318805373
2415 0.0
2416 0.0
2417 0.0
2418 0.0
2419 0.0
2420 0.0
2421 0.0
2422 0.0
2423 0.0
2424 0.0
2425 0.0
2426 0.0
2427 0.0
2428 0.0
2429 0.0
2430 0.0012515879401151792
2431 0.0011837110653737488
2432 0.0
2433 0.0
2434 0.0
2435 0.0
2436 0.0
2437 0.0
2438 5.5950505166527605e-05
2439 0.0
2440 0.0
2441 0.0
2442 0.0
2443 0.0
2444 0.0
2445 0.0011292705560755991
2446 0.0
2447 0.0
2448 2.162485808369899e-05
2449 0.0
2450 0.0011805980490627135
2451 0.0015427031969969197
2452 0.000603651591560951
2453 0.00020263786859490464
2454 0.0
2455 0.0
2456 0.0
2457 0.0
2458 0.0
2459 0.0
2460 -0.0008187157129426337
2461 0.0
2462 0.0
2463 0.0
2464 0.0
2465 0.0
2466 0.0
2467 0.0
2468 0.0
2469 0.0
2470 0.0
2471 0.0
2472 0.0
2473 0.0
2474 0.0
2475 0.0
2476 -9.122371355433571e-05
2477 -0.0004147704732715726
2478 -0.0006925736229966766
2479 -0.0004827422571451076
2480 -0.0003067686109617581
2481 -8.89718695444695e-05
2482 0.0
2483 0.0
2484 0.0
2485 0.0
2486 0.0
2487 0.0
2488 0.0
2489 0.0
2490 0.0
2491 0.0
2492 0.0
2493 0.000689689428706819
2494 0.0038394094953180828
2495 0.003023723953375755
2496 0.0
2497 0.0
2498 0.0
2499 0.0
2500 0.0
2501 0.0
2502 4.344734335549157e-05
2503 0.0
2504 0.0
2505 0.0
2506 0.0
2507 0.0
2508 0.0
2509 0.0
2510 0.0
2511 0.0
2512 0.00013707872198065755
2513 0.0004180419714358085
2514 0.0006699024522880941
2515 0.0006150335708595808
2516 0.001616299695250596
2517 0.0003342170620141268
2518 0.0
2519 0.0
2520 0.0
2521 0.0
2522 0.0
2523 0.0
2524 0.0
2525 0.0
2526 0.0
2527 0.0
2528 0.0
2529 0.0
2530 0.0
2531 0.0
2532 0.0
2533 0.0
2534 0.0
2535 0.0
2536 0.0
2537 0.0
2538 0.0
2539 -0.0008865585763013012
2540 -0.0008928635240434118
2541 -0.00013436998497577535
2542 -0.0003843609058914953
2543 0.0
2544 -0.0006341833058566983
2545 -0.002973707593741606
2546 -0.004097129547910361
2547 -0.00158208428322892
2548 -0.0017923810535346097
2549 -0.0004313040384976936
2550 -0.0016288742645238269
2551 0.0
2552 0.0
2553 0.0
2554 0.0
2555 0.0
2556 0.0
2557 0.0004762367719944164
2558 0.001381779542570094
2559 0.0009491379448760366
2560 0.0
2561 0.0
2562 0.0
2563 0.0
2564 0.0
2565 0.0
2566 0.00043316472177940734
2567 0.0008728000254545735
2568 0.0
2569 0.0006186543655092336
2570 0.0
2571 0.0
2572 0.0
2573 0.0
2574 0.0010717032770155485
2575 0.0
2576 0.0
2577 0.00019686622325447472
2578 0.00048545168735205914
2579 0.0008080791384860792
2580 0.0
2581 0.0
2582 0.0
2583 0.0
2584 0.0
2585 0.0
2586 0.0
2587 0.0
2588 0.0
2589 0.0
2590 0.0
2591 0.0
2592 0.0
2593 0.0
2594 0.0
2595 0.0
2596 0.0
2597 0.0
2598 0.0
2599 0.0
2600 0.0
2601 -0.00011770332812349594
2602 0.0
2603 0.0
2604 -0.0005779861225991452
2605 0.0
2606 0.0
2607 0.0
2608 0.0
2609 -0.002836866957860223
2610 -0.0037778224546535575
2611 -0.0029095670146271147
2612 -0.0021048352096375306
2613 -0.0015535728033310551
2614 -0.00046834174406027297
2615 0.0
2616 0.0
2617 0.0
2618 0.0
2619 0.0
2620 0.0
2621 0.0
2622 7.42506291080778e-05
2623 0.0010373755255653548
2624 0.0
2625 0.0
2626 0.0
2627 0.0
2628 0.0
2629 0.0
2630 0.00024615939098806384
2631 0.0
2632 0.0
2633 0.0
2634 0.0
2635 0.0006477317100182486
2636 0.0
2637 0.0
2638 0.0
2639 0.0
2640 0.0
2641 0.00014145522650845966
2642 0.0006886131936409641
2643 0.0011752617711604126
2644 0.0
2645 0.0
2646 0.0
2647 0.0
2648 0.0
2649 0.0
2650 -0.0012009049159027341
2651 -0.0007723132049967808
2652 0.0
2653 0.0
2654 0.0
2655 0.0
2656 0.0
2657 1.6507778337028e-05
2658 0.0
2659 0.0
2660 0.0
2661 0.0
2662 0.0
2663 0.0
2664 0.0
2665 0.0
2666 0.0
2667 0.0
2668 -0.0007583462130359565
2669 -0.00033341111001341806
2670 -0.00035658716036457677
2671 -0.001519095811849336
2672 -0.002295499959167624
2673 -0.001319006782168717
2674 -0.00197492491613254
2675 -0.0022699662052416804
2676 -0.0011846185444264277
2677 0.0
2678 0.0
2679 0.0
2680 0.0
2681 0.0
2682 0.0
2683 0.0
2684 0.0
2685 0.0
2686 0.0
2687 0.0005468224941458019
2688 0.0
2689 0.0
2690 0.0
2691 0.0
2692 0.0008175732889085851
2693 7.01384773693414e-06
2694 0.0
2695 0.0
2696 0.0
2697 0.0
2698 0.0
2699 0.0
2700 0.0
2701 0.0
2702 -0.00016260197974078997
2703 0.0
2704 0.0
2705 0.0
2706 0.0
2707 0.0004473917976781231
2708 0.00012048690670762376
2709 0.0
2710 0.0
2711 0.0
2712 0.0
2713 0.0
2714 -0.0008723248351152799
2715 -6.500280964427796e-05
2716 -0.0006901754310869154
2717 0.0
2718 0.0
2719 0.0
2720 0.0
2721 0.0
2722 0.0006833061666871162
2723 0.0
2724 0.0
2725 0.0
2726 0.0
2727 0.0
2728 0.0
2729 0.0
2730 0.0
2731 0.0
2732 0.0
2733 -0.000617915366159252
2734 -0.00019375553693884025
2735 -0.001641037170739497
2736 -0.0013872888883750506
2737 -0.00025560755625053037
2738 -0.0017231750849645662
2739 -0.0014057777586955619
2740 0.0
2741 0.0
2742 0.0
2743 0.0
2744 0.0
2745 0.0
2746 0.0
2747 0.0
2748 0.0
2749 0.0
2750 0.0
2751 0.0
2752 0.0
2753 0.0
2754 0.0
2755 0.0
2756 0.0010566191666365279
2757 0.0
2758 0.0
2759 0.0
2760 0.0
2761 0.0
2762 0.0
2763 0.0
2764 0.0
2765 0.0
2766 0.0
2767 0.0
2768 0.0
2769 0.0
2770 0.0
2771 0.0
2772 0.0
2773 0.0
2774 0.0
2775 0.0
2776 0.0
2777 0.0
2778 0.0
2779 0.0
2780 0.0
2781 0.0
2782 0.0
2783 0.0
2784 0.0
2785 0.0
2786 0.0
2787 0.0023290812621809035
2788 0.0030425240619690944
2789 0.0007534299375875236
2790 0.0
2791 0.00029092965790843194
2792 0.0
2793 0.0
2794 0.0
2795 0.0
2796 0.0
2797 -0.0002918121283652945
2798 -0.0002652532787927595
2799 -0.0011664216529881676
2800 0.0
2801 0.0
2802 0.0
2803 0.0
2804 0.0
2805 0.0
2806 0.0
2807 0.0
2808 0.0
2809 0.0
2810 0.0
2811 0.0
2812 0.0
2813 0.0
2814 0.0
2815 0.0
2816 0.0
2817 0.0
2818 0.0
2819 0.0
2820 0.0
2821 0.0
2822 0.0
2823 0.0
2824 0.0
2825 0.0
2826 0.0
2827 0.0
2828 0.0
2829 0.0
2830 0.0
2831 0.0
2832 0.001261576508663173
2833 0.0007320000701315913
2834 0.0
2835 0.0
2836 0.0
2837 0.0
2838 0.0
2839 0.0
2840 0.0
2841 0.0
2842 0.0
2843 0.0
2844 0.0
2845 0.0
2846 0.0
2847 0.0
2848 0.0
2849 0.0
2850 0.000723104841212456
2851 0.0022392422772260574
2852 0.005494951356167377
2853 0.0019156014750426405
2854 0.0
2855 0.0
2856 0.0
2857 0.0
2858 0.0
2859 0.0
2860 0.0
2861 0.0
2862 0.0
2863 0.0
2864 0.0
2865 0.0
2866 0.0
2867 0.0
2868 0.0
2869 0.0
2870 0.0
2871 0.0
2872 0.0
2873 0.0
2874 0.0
2875 0.0
2876 0.0
2877 0.0
2878 0.0
2879 0.0
2880 0.0
2881 0.0
2882 0.0
2883 0.0
2884 0.0
2885 0.0
2886 0.0
2887 0.0
2888 0.0
2889 0.0
2890 0.0
2891 0.0
2892 0.0
2893 0.0
2894 0.00034802782347406893
2895 0.0005818927326668045
2896 0.0014179834976771645
2897 0.002027399036050181
2898 0.001630479188970397
2899 0.0
2900 0.0
2901 0.0
2902 0.0
2903 0.0
2904 0.0
2905 0.0
2906 0.0
2907 0.0
2908 0.0
2909 0.0
2910 0.0
2911 0.0
2912 0.0
2913 0.0
2914 0.0002826467756185691
2915 0.0010550849767690903
2916 0.0008877616614605962
2917 0.0
2918 0.0
2919 0.0
2920 -0.0006246038070575014
2921 0.0
2922 0.0
2923 0.0
2924 0.0
2925 0.0
2926 0.0
2927 0.0
2928 0.0
2929 0.0
2930 0.0
2931 0.0
2932 0.0
2933 0.0
2934 0.0
2935 -0.0007842553882623362
2936 -0.001177521109852546
2937 -0.002537254189948556
2938 -0.00026475626479891505
2939 0.0
2940 0.0
2941 0.0
2942 0.0
2943 0.0
2944 0.0
2945 0.0
2946 0.0
2947 0.0
2948 0.0
2949 0.0
2950 0.0
2951 0.0
2952 0.0
2953 0.0
2954 -9.14730972573507e-05
2955 0.0
2956 0.0
2957 0.0
2958 0.0
2959 0.0
2960 0.0
2961 0.0016740550424483949
2962 0.0017859893955371959
2963 0.0
2964 0.0
2965 0.0
2966 0.0
2967 0.0
2968 0.0
2969 0.0
2970 0.0
2971 0.0
2972 0.0
2973 0.0
2974 0.0
2975 0.0
2976 0.0
2977 0.0010932161508926128
2978 0.0017753021948538638
2979 0.0008254548758729985
2980 0.0
2981 0.0
2982 0.0
2983 0.0
2984 0.0
2985 0.0
2986 0.0
2987 0.0
2988 0.0
2989 0.0
2990 0.0
2991 0.0
2992 0.0
2993 0.0
2994 0.0
2995 0.0
2996 0.0
2997 -0.00282165238701207
2998 -0.00021100909687254182
2999 -0.0027899326807189324
3000 -0.0014884265967751078
3001 -0.003108569066526075
3002 -0.0016078738514482122
3003 0.0
3004 0.0
3005 0.0
3006 0.0
3007 0.0
3008 0.0
3009 0.0
3010 0.0
3011 0.0
3012 0.0
3013 0.0
3014 0.0
3015 0.0
3016 -0.002281483660157261
3017 -0.00018427248394739567
3018 0.0
3019 0.0
3020 0.0
3021 1.4383553435582031e-05
3022 0.0
3023 0.0
3024 0.0
3025 0.0
3026 0.0
3027 0.0
3028 0.0
3029 0.0
3030 0.0
3031 -0.000465446895432662
3032 0.0
3033 -0.0002822310239915251
3034 -0.0007269039058456052
3035 -0.00023618615334736656
3036 0.0
3037 0.0
3038 0.0
3039 0.0
3040 0.0
3041 9.518526756517663e-05
3042 0.0005719710643975806
3043 0.0
3044 0.0
3045 0.0
3046 0.0
3047 0.0
3048 0.0
3049 0.0
3050 0.0
3051 0.002561428663060055
3052 0.0005706156253199658
3053 0.0
3054 0.0
3055 0.0
3056 0.0
3057 0.0
3058 0.0
3059 0.0
3060 -0.00048447184744288604
3061 -0.0021888695553650655
3062 -0.0011727387779438513
3063 -0.0017561463674103915
3064 -0.0012656061037011337
3065 -0.001676532275671011
3066 -7.510740160904688e-05
3067 0.0
3068 -0.0004682067099720761
3069 0.0
3070 0.0
3071 0.0
3072 0.0
3073 0.0
3074 0.0
3075 0.0
3076 0.0
3077 0.0
3078 0.0
3079 0.0
3080 0.0
3081 0.0
3082 0.0
3083 0.0
3084 0.00013387830187204758
3085 0.0
3086 0.0
3087 0.0
3088 0.0
3089 0.0
3090 0.0
3091 0.0
3092 0.0
3093 -0.00019259165714377208
3094 -0.0009548297585818742
3095 -0.0007886055674899483
3096 0.0
3097 0.0
3098 -0.0009180213596532259
3099 -0.0002321332233129875
3100 0.0
3101 0.0
3102 0.0
3103 0.0
3104 0.0
3105 0.0
3106 0.0
3107 0.0
3108 0.0
3109 0.0
3110 0.0
3111 0.0
3112 0.0
3113 0.0
3114 0.0
3115 0.00031575759250935707
3116 0.001204938134845471
3117 0.00011533685251091726
3118 0.0
3119 0.0
3120 0.0
3121 0.0
3122 0.0
3123 0.0
3124 0.0
3125 -7.811846271060658e-06
3126 0.0
3127 -0.0005885103033101528
3128 0.0
3129 -0.00031499914896604886
3130 0.0
3131 0.0
3132 0.0
3133 0.0
3134 0.0
3135 0.0
3136 0.0
3137 0.0
3138 0.0
3139 0.0
3140 0.0
3141 0.0
3142 0.0
3143 0.0
3144 0.0
3145 0.0
3146 0.0
3147 0.0001798081884599981
3148 0.00019419240316773925
3149 0.0
3150 0.0
3151 0.0
3152 0.0
3153 0.0
3154 0.0
3155 0.0
3156 0.0
3157 0.0
3158 0.0
3159 0.0
3160 0.0
3161 0.0
3162 -2.3855721683012485e-05
3163 0.0
3164 0.0
3165 0.0
3166 0.0
3167 0.0
3168 0.0
3169 0.0
3170 0.0
3171 0.0
3172 1.3304725115728536e-05
3173 0.0
3174 0.0
3175 0.0
3176 0.0
3177 0.0
3178 0.0006376690880289101
3179 0.0
3180 0.0
3181 0.0
3182 0.0
3183 0.0
3184 0.0
3185 0.0
3186 0.0
3187 0.0
3188 0.0
3189 -0.0004630159383768855
3190 0.0
3191 -0.0003099969040987659
3192 0.0
3193 0.0
3194 0.0
3195 0.0
3196 0.0
3197 0.0
3198 0.0
3199 0.0
3200 0.0
3201 0.0
3202 0.0
3203 0.0
3204 0.0
3205 0.0
3206 1.576453512868691e-05
3207 0.00021338272066161824
3208 0.0
3209 0.0
3210 0.0
3211 0.0
3212 0.0
3213 0.0
3214 0.0
3215 0.0
3216 0.0
3217 0.0
3218 0.0
3219 0.0
3220 0.0
3221 -0.0015693137122674515
3222 0.0
3223 -0.001603186805395353
3224 0.0
3225 0.0
3226 0.0
3227 0.0
3228 0.0
3229 0.0
3230 0.0
3231 0.0
3232 0.0
3233 0.0
3234 0.0
3235 0.0
3236 0.0
3237 0.0
3238 0.0
3239 0.0
3240 0.0
3241 0.0
3242 0.0
3243 0.0
3244 0.0
3245 0.0
3246 0.0
3247 0.0
3248 0.0
3249 0.0
3250 0.0
3251 0.0
3252 0.0
3253 0.0
3254 0.0
3255 0.0
3256 0.0
3257 -1.4666138408294471e-06
3258 0.0
3259 0.0
3260 0.0
3261 0.0
3262 0.0
3263 0.0
3264 0.0
3265 0.0
3266 0.0
3267 0.0
3268 0.0
3269 0.0
3270 0.001644732434599878
3271 0.0
3272 0.0
3273 0.001484989655465711
3274 2.928867619915061e-05
3275 0.0
3276 0.0
3277 0.0
3278 0.0
3279 0.0
3280 0.0
3281 0.0
3282 0.0
3283 0.0
3284 -0.000548758389391947
3285 -0.003013931797196764
3286 -7.311049250886584e-05
3287 -0.0009333885234996006
3288 0.0
3289 0.0
3290 -0.00036805915774702135
3291 0.0
3292 0.0
3293 0.0
3294 0.0
3295 0.0
3296 0.0
3297 0.0
3298 0.0
3299 0.0
3300 0.0
3301 0.0
3302 -0.0008110405360544782
3303 -0.0010355465357844464
3304 0.0
3305 0.0
3306 -0.00014876556697253937
3307 -0.0017481987016985676
3308 -0.00021434923353198774
3309 -0.0007131989329289803
3310 0.0
3311 0.0
3312 0.0
3313 0.0
3314 0.0
3315 0.0
3316 0.0
3317 0.0
3318 0.0
3319 0.0
3320 0.0
3321 0.0
3322 0.0
3323 0.0
3324 -7.099249216960364e-05
3325 0.0
3326 0.0
3327 0.0
3328 0.0
3329 0.0
3330 0.0
3331 0.0
3332 0.0
3333 0.00048708903263329733
3334 0.00024803824541386524
3335 0.0
3336 0.0027256053711740857
3337 0.0007783569291560769
3338 0.0
3339 0.0011071171333834502
3340 0.0
3341 0.0
3342 0.0
3343 0.0
3344 0.0
3345 0.0
3346 0.0
3347 -0.00029110986058036804
3348 -0.0008469458160473799
3349 0.0
3350 -0.003991651542718837
3351 -0.002033912484435297
3352 0.0
3353 0.0
3354 0.0
3355 0.0
3356 0.0
3357 0.0
3358 0.0
3359 0.0
3360 0.0
3361 0.0
3362 0.0
3363 0.0
3364 0.0
3365 -0.0007036026589940737
3366 -0.0014396597441237724
3367 -1.4114610207470313e-05
3368 -0.0005939443871831748
3369 -0.00013682663702626143
3370 -0.0007727658363747476
3371 -0.0014848409551230643
3372 -0.001323519560857331
3373 0.0
3374 0.0
3375 0.0
3376 0.0
3377 0.0
3378 0.0
3379 0.0
3380 0.0
3381 0.0
3382 0.0
3383 0.0
3384 0.0
3385 -0.0001916130324574492
3386 0.0
3387 0.0
3388 0.0
3389 0.0
3390 0.0
3391 0.0
3392 0.0
3393 0.0
3394 0.0
3395 0.0
3396 0.0
3397 0.0
3398 0.0
3399 0.00028030163677230356
3400 0.00044431329039766983
3401 0.0
3402 0.0
3403 0.0
3404 0.0
3405 0.0
3406 0.0
3407 0.0
3408 0.0
3409 0.0
3410 -2.2575811694980875e-05
3411 0.0
3412 -3.659224944506431e-06
3413 0.0
3414 -0.0006826712298061271
3415 0.0
3416 0.0
3417 0.0
3418 0.0
3419 0.0
3420 0.0
3421 0.0
3422 0.0
3423 0.0
3424 0.0
3425 0.0
3426 0.0
3427 0.0
3428 0.0
3429 0.0
3430 -9.719155110195133e-05
3431 0.0
3432 0.0
3433 0.0
3434 -8.483201225065113e-05
3435 -0.0016073532823767309
3436 -0.0009120519057741275
3437 -0.0001109630156420844
3438 0.0
3439 0.0
3440 0.0
3441 0.0
3442 0.0
3443 0.0
3444 0.0
3445 0.0
3446 0.0
3447 0.0
3448 0.0
3449 -0.0013353243141188888
3450 -0.0012500683631090903
3451 0.0
3452 0.0
3453 0.0
3454 -0.0013187435560343592
3455 0.0
3456 0.0
3457 0.0
3458 0.0
3459 0.0
3460 0.0
3461 0.0
3462 0.001156244246085629
3463 0.0012177274908299505
3464 0.0004648128882020522
3465 0.0
3466 0.0
3467 0.0
3468 0.0
3469 0.0
3470 0.0
3471 0.0
3472 -0.00032981328559493164
3473 0.0
3474 0.0
3475 0.0
3476 0.0
3477 0.0
3478 0.0
3479 0.0
3480 0.0
3481 0.0
3482 0.0
3483 0.0
3484 0.0
3485 0.0
3486 0.0
3487 0.0
3488 0.0
3489 0.0
3490 0.0
3491 0.0
3492 0.0
3493 0.0
3494 0.0
3495 0.0
3496 0.0
3497 0.0
3498 0.0
3499 0.0
3500 0.0
3501 0.0
3502 0.0
3503 0.0
3504 0.0
3505 0.0
3506 0.0
3507 0.0
3508 0.0
3509 0.0
3510 0.0
3511 0.0
3512 0.0
3513 0.0
3514 -0.0011652453269632313
3515 0.0
3516 0.0
3517 0.0
3518 -0.0008283830493721919
3519 0.0
3520 0.0
3521 -7.212097418699362e-06
3522 0.0
3523 0.0
3524 0.0
3525 0.001902899848277773
3526 0.0009662185707330454
3527 0.0
3528 0.0
3529 0.0
3530 0.0
3531 0.0
3532 0.0
3533 0.0
3534 0.0
3535 0.0
3536 -0.0013847485101076186
3537 -0.0003315699616502495
3538 -5.916867291039984e-05
3539 0.0
3540 0.0
3541 -0.00012348598270849078
3542 0.0
3543 0.0
3544 0.0
3545 0.0
3546 0.0
3547 0.00012207262626394089
3548 0.0
3549 0.0
3550 0.0
3551 0.0
3552 0.0
3553 0.0
3554 0.0
3555 0.0
3556 0.0
3557 0.0
3558 0.0
3559 0.0
3560 0.0
3561 0.0
3562 0.0
3563 0.0
3564 0.0
3565 0.0
3566 0.0
3567 0.0
3568 0.0
3569 0.0
3570 0.0
3571 0.0
3572 0.0
3573 0.0
3574 0.0
3575 0.0
3576 0.0
3577 0.0
3578 -0.0002522576597657499
3579 0.0
3580 0.0
3581 0.0
3582 0.0
3583 0.0
3584 0.0
3585 0.0
3586 -0.00245749789566635
3587 0.0
3588 0.0
3589 0.0007150799999461996
3590 8.516759591680643e-05
3591 0.0
3592 0.0
3593 0.0
3594 0.0
3595 0.0
3596 0.0
3597 0.0
3598 0.0
3599 0.0
3600 0.0
3601 -0.0014391962663595928
3602 -4.218249253165326e-05
3603 -0.0018709331317985265
3604 0.0
3605 0.0
3606 0.0
3607 0.0
3608 0.0
3609 0.0006008031378735328
3610 0.0
3611 0.0009089754333303302
3612 0.0
3613 0.0010774669186442432
3614 0.0
3615 0.0
3616 0.0
3617 0.0
3618 0.0
3619 0.0
3620 0.0
3621 0.0
3622 0.0
3623 0.0
3624 0.0
3625 0.0
3626 0.0
3627 0.0
3628 0.0
3629 0.0
3630 0.0
3631 0.0
3632 0.0
3633 0.0
3634 0.0
3635 -0.0004234209065135991
3636 0.0
3637 0.0
3638 0.0
3639 0.0
3640 0.0
3641 0.0
3642 0.0
3643 0.0
3644 0.0
3645 0.0
3646 0.0
3647 0.0
3648 0.0
3649 -0.001019389407937695
3650 -0.0014858453664672695
3651 0.0
3652 0.0
3653 5.98666305382143e-05
3654 3.888304271202283e-06
3655 0.0
3656 0.0
3657 0.0
3658 0.0
3659 0.0
3660 0.0
3661 0.0
3662 0.0
3663 0.0
3664 0.0
3665 -0.00021953886177730536
3666 -0.0018685965631133044
3667 -0.0024036250264712635
3668 0.0
3669 0.0
3670 0.0
3671 0.0
3672 0.0
3673 0.002053637757186788
3674 0.00029147185802639393
3675 0.00035330430180765973
3676 0.0011586615401178086
3677 0.0
3678 0.0
3679 0.0
3680 -0.00032019350319735453
3681 -0.0008201597698495075
3682 0.0
3683 0.0
3684 0.0
3685 0.0
3686 0.0
3687 0.0
3688 0.0
3689 0.0
3690 0.0
3691 0.0
3692 0.0
3693 0.0
3694 0.0
3695 0.0
3696 0.0
3697 0.0
3698 -0.0001867676832768524
3699 0.0
3700 0.0
3701 0.0
3702 0.0
3703 -0.000321256012170374
3704 0.0
3705 0.0
3706 0.0
3707 0.0
3708 0.0
3709 0.0
3710 0.0
3711 0.0
3712 0.0
3713 -0.00218137984063204
3714 -0.00027293862892030925
3715 0.0
3716 0.0
3717 0.0008365748155969714
3718 8.817804239552343e-05
3719 0.0
3720 0.0
3721 0.0
3722 0.0
3723 0.0
3724 0.0
3725 0.0
3726 0.0
3727 0.0
3728 0.0
3729 0.0
3730 0.0
3731 -8.042774916848516e-05
3732 -0.00035549097636322874
3733 0.0
3734 0.0
3735 0.0
3736 0.0
3737 0.0
3738 2.187961686709713e-05
3739 0.0
3740 0.0
3741 0.0
3742 0.0
3743 0.0
3744 -0.0012407568080410698
3745 -0.000812887751881466
3746 0.0
3747 0.0
3748 0.0
3749 0.0
3750 0.0
3751 0.0
3752 0.0
3753 0.0
3754 0.0
3755 0.0
3756 0.0
3757 0.0
3758 0.0
3759 0.0
3760 0.0
3761 0.0
3762 0.0
3763 0.0
3764 0.0
3765 0.0
3766 0.0
3767 0.0
3768 0.0
3769 0.0
3770 0.0
3771 0.0
3772 0.0
3773 0.0
3774 0.0
3775 0.0
3776 -0.0001527470836871627
3777 -0.0028077374695095942
3778 0.0
3779 0.0
3780 0.0
3781 0.0006046993172742839
3782 0.00010711868058772606
3783 0.0
3784 0.0
3785 0.0
3786 0.0
3787 0.0
3788 0.0
3789 0.0
3790 0.0
3791 0.0
3792 0.0
3793 0.0
3794 0.0
3795 0.0
3796 0.0
3797 0.0
3798 0.0
3799 0.0
3800 0.0
3801 0.0
3802 0.0
3803 0.0
3804 0.0
3805 0.0
3806 0.0
3807 0.0
3808 0.0
3809 0.0
3810 0.0
3811 0.0
3812 0.0
3813 0.0
3814 0.0
3815 0.0
3816 0.0
3817 0.0
3818 0.0
3819 0.0
3820 0.0
3821 0.0
3822 0.0
3823 0.0
3824 0.0
3825 0.0
3826 0.0
3827 0.0
3828 0.0
3829 0.0
3830 0.0
3831 0.0
3832 0.0
3833 0.0
3834 -4.138094118956854e-06
3835 0.0
3836 0.0
3837 0.0
3838 0.0
3839 0.0
3840 -0.0018959740105010104
3841 -0.003976200749701009
3842 0.0
3843 0.0
3844 0.0
3845 0.00010152708202115668
3846 0.0020208802116108183
3847 0.0004463248911989776
3848 0.0012022639624312483
3849 0.0
3850 0.0
3851 0.0
3852 0.0
3853 0.0
3854 0.0
3855 0.0
3856 0.0
3857 0.0
3858 0.0
3859 0.0
3860 0.0
3861 0.0
3862 0.0
3863 0.0
3864 0.0
3865 0.0
3866 0.0
3867 0.0
3868 0.0
3869 0.0
3870 0.0
3871 0.0
3872 0.0
3873 0.0
3874 0.0
3875 0.0
3876 0.0
3877 0.0
3878 0.0
3879 0.0
3880 0.0
3881 0.0
3882 0.0
3883 0.0
3884 0.0
3885 0.0
3886 0.0
3887 0.0
3888 0.0
3889 0.0
3890 0.0
3891 0.0
3892 0.0
3893 0.0
3894 0.0
3895 0.0
3896 0.0
3897 0.0
3898 0.0
3899 0.0
3900 0.0
3901 0.0
3902 0.0
3903 0.0
3904 0.0
3905 -0.0003763588785507715
3906 0.0
3907 0.0
3908 0.0
3909 0.0
3910 0.00037293337501603097
3911 0.0020918489647323794
3912 0.00508082988306687
3913 0.005180496977360023
3914 0.003001547916682716
3915 0.00039032993423110125
3916 0.0
3917 0.0
3918 0.0
3919 0.0
3920 0.0
3921 0.0
3922 0.0
3923 0.0
3924 0.0
3925 0.0
3926 0.0
3927 0.0
3928 0.0
3929 0.0
3930 0.0
3931 0.0
3932 0.0
3933 0.0
3934 0.0
3935 0.0
3936 0.0
3937 0.0
3938 0.0
3939 0.0
3940 0.0
3941 0.0
3942 0.0
3943 0.0
3944 0.0
3945 0.0
3946 0.0
3947 0.0
3948 0.0
3949 0.0
3950 0.0
3951 0.0
3952 0.0
3953 0.0
3954 0.0
3955 0.0
3956 0.0
3957 0.0
3958 0.0
3959 0.0
3960 0.0
3961 0.0
3962 0.0
3963 0.0
3964 0.0
3965 0.0
3966 0.0
3967 0.0
3968 0.0
3969 0.0
3970 0.0
3971 0.0
3972 0.0
3973 0.0
3974 0.0
3975 0.0
3976 0.0
3977 0.0
3978 0.0
3979 0.0
3980 0.0
3981 0.0
3982 0.0
3983 0.0
3984 0.0
3985 0.0
3986 0.0
3987 0.0
3988 0.0
3989 0.0
3990 0.0
3991 0.0
3992 0.0
3993 0.0
3994 0.0
3995 0.0
3996 0.0
3997 0.0
3998 0.0008893547398889178
3999 0.0012143030623404062
4000 0.0
4001 0.0
4002 0.0
4003 0.0
4004 0.00040324865938865667
4005 0.0007188917510275801
4006 0.0
4007 0.0
4008 0.0
4009 0.0
4010 0.0
4011 0.0
4012 0.0
4013 0.0
4014 0.0
4015 0.0
4016 0.0
4017 0.0
4018 0.0
4019 0.0
4020 0.0
4021 0.0
4022 0.0
4023 0.0
4024 0.0
4025 0.0
4026 0.0
4027 0.0
4028 0.0
4029 0.0
4030 -0.001268653934007871
4031 -0.0007238383265002626
4032 -0.00024825696483548893
4033 -0.0007858578395990009
4034 -0.00099762361477165
4035 0.0
4036 0.0
4037 0.0
4038 -0.0011251277463738872
4039 -0.0002824069677496476
4040 0.0
4041 0.0
4042 0.0
4043 0.0
4044 -0.00043560329518652676
4045 -1.289606745796939e-05
4046 -0.00018081753983143365
4047 0.0
4048 0.0
4049 0.0
4050 0.0
4051 0.0
4052 0.0
4053 0.0
4054 0.0
4055 0.0
4056 0.0
4057 0.0
4058 0.0
4059 0.0
4060 0.0
4061 0.0
4062 0.0006290538822277563
4063 0.0016732699896888697
4064 0.0015347335884129288
4065 0.0
4066 0.0
4067 0.0
4068 0.00039418016985999976
4069 0.000988671266941556
4070 0.00016150303009362775
4071 0.0
4072 0.0
4073 0.0
4074 0.0
4075 0.0
4076 0.0
4077 0.0
4078 0.0
4079 0.0
4080 0.0
4081 0.0
4082 0.0
4083 -0.00019009588204509987
4084 0.0
4085 0.0
4086 0.0
4087 0.0
4088 0.0
4089 0.0
4090 0.0
4091 0.0
4092 0.0
4093 0.0
4094 0.0
4095 0.0
