 0
0 4.326249189226723
1 3.5855595423990425
2 3.8051848534061854
3 3.4437242684239777
4 2.7549697710022474
5 2.310288208499478
6 2.200425929183345
7 1.159398215497728
8 1.4750649573127619
9 1.5344197199932201
10 0.7756193824751962
11 1.1911149127309522
12 1.0874299402880219
13 1.0980314360740626
14 0.9207147000065536
15 1.0237659483481223
16 0.9389845688251922
17 0.4599595784912845
18 0.14805653106918437
19 0.2582531864271896
20 0.2995883517963235
21 0.26712599915061663
22 0.046872383072762654
23 0.3902187796183826
24 0.6475232715869498
25 0.46103522645574796
26 0.4458608007082905
27 0.2869462545214773
28 1.3708276030559365
29 1.7354944770136245
30 1.7945759387947684
31 1.923349850009449
32 1.4441385980232373
33 1.514312400957916
34 1.0487780651305045
35 0.5948819836584541
36 0.6558991385705777
37 1.1755372117968068
38 0.9258732348317403
39 0.6335462283137009
40 0.5791769934183121
41 0.4989062381833251
42 0.6213928909624069
43 0.3346509645595676
44 0.5836478628843196
45 0.34995754817845476
46 0.6103076146019516
47 0.6625278483020245
48 0.30436651779104934
49 0.07531424523172403
50 0.06464172973994516
51 0.01284549933121325
52 0.004381827646873701
53 0.019890457310497996
54 0.1972062565680317
55 0.10592521136419736
56 0.21639320774756404
57 0.18835854668105367
58 0.20881091241648836
59 0.4555511338383521
60 0.42994080062201095
61 0.5929370340911392
62 0.4817397299408322
63 0.32369401745291826
64 3.6313374536815153
65 2.9318123662648716
66 2.8247862693567853
67 2.212275073126639
68 1.4807391822796643
69 1.336345676252799
70 1.207209859264168
71 0.506450073589643
72 0.5554297291815803
73 0.42178923703240917
74 0.08049875326962383
75 0.16631974144128153
76 0.44817716193020696
77 0.9270881295776564
78 1.6401958233023894
79 1.7935195282110772
80 1.0830732633311233
81 0.5944482925669672
82 0.3671228762373591
83 0.21708944698538427
84 0.3463403032254834
85 0.19597837962999565
86 0.09663813092365402
87 0.4536208999096635
88 0.6317044646413784
89 0.742818576140916
90 0.909350156387408
91 1.23040679376788
92 2.2049967857224266
93 2.3449533408959824
94 2.867038943145481
95 3.0284443164233332
96 2.729517976645982
97 2.194028116690187
98 1.8885762307723157
99 1.5797791007865287
100 1.6676227767908411
101 1.9233702951264573
102 1.2452589983795161
103 0.5174277846915528
104 0.16469475951129203
105 0.07306567637405875
106 0.13999854342301582
107 0.06423434749128644
108 0.11008449367902239
109 0.009463469017834432
110 0.03783657764818453
111 0.12376597563572063
112 0.05581908855740228
113 0.007925749178068002
114 0.004026557929187597
115 0.0019471654610408282
116 0.00043321172305899497
117 0.04029444191530659
118 0.17808213784105603
119 0.2766079604483107
120 0.44181658854851863
121 0.49062854952345764
122 0.4144875561818743
123 0.5213880493880912
124 0.3280233615015348
125 0.3395363350164264
126 0.15816784592752003
127 0.2345335073998797
128 2.6414785127122564
129 2.3251186056727557
130 2.558318259893252
131 1.7241231114911335
132 1.2161075369763836
133 0.3608038371991426
134 0.5036730488667983
135 0.17236282160079008
136 0.2745717015663611
137 0.3840255376848416
138 0.1455039585043012
139 0.2045831807868855
140 0.03331341271600419
141 0.3595262532817967
142 0.7054589827377781
143 1.2870958589886623
144 0.970120553030404
145 0.6963106609221146
146 0.6923652810908539
147 0.2417780990827146
148 0.0378514567538509
149 0.0009450262444512767
150 0.15641275834756493
151 1.2596539161948854
152 1.6232099488831657
153 1.7239879796445179
154 1.5341439494172386
155 2.0344595860963826
156 2.8359333650701846
157 2.665557638837899
158 3.4368740208823505
159 4.2833215467325
160 5.109579998600452
161 4.639248228306346
162 3.486802786403625
163 3.6255704350113276
164 3.153061853309938
165 2.6502156864833504
166 1.3290389569854646
167 0.4563395028910844
168 0.023687027642439514
169 0.03036263884115182
170 0.02215862144144746
171 0.08067870247941164
172 0.0007508519404765181
173 0.07285045767129286
174 0.09321063817757455
175 0.00446897297053786
176 0.0737620880773631
177 0.20431471563148731
178 0.006660929097617237
179 0.008047382241371878
180 0.0005103882022029631
181 7.507952410356323e-05
182 0.0008751703004767008
183 0.20115922603508063
184 0.3387439697137347
185 0.6299463778500108
186 0.42663524928291785
187 0.2073896721666788
188 0.12197640336315949
189 0.17329014017838373
190 0.2899917500010182
191 0.250019644509764
192 2.1719798624771203
193 1.5280008421426279
194 2.31285943950206
195 0.9197096542502947
196 0.31757549725218287
197 0.5550585831869678
198 0.4614852117332239
199 0.4327998512395349
200 0.413488346972638
201 0.6736146717971689
202 0.53966521317429
203 1.2954660156563982
204 1.2207040770613802
205 1.495821244772626
206 1.2451025017345103
207 0.9853932812449225
208 0.721587616768001
209 0.5560429206518767
210 0.13247810201661933
211 0.0664139968847166
212 0.09411474473940598
213 0.24771617725524758
214 1.3244331580800115
215 2.199407311103549
216 1.3928627329381398
217 1.2548888855602034
218 1.368900630658025
219 1.572433149879218
220 2.397759358173268
221 2.5385238636831793
222 3.469757990096549
223 4.846826836088364
224 5.757405287828553
225 3.2787461357174075
226 2.6382696278462494
227 3.124485246204595
228 2.1783475191004684
229 2.2298196597233284
230 1.998605764259409
231 1.2789199013285004
232 0.47480657284907696
233 0.18299552367730143
234 0.3608064291212873
235 0.4122694255844307
236 0.1934675750828408
237 0.0021078122225192276
238 0.027313593447858792
239 0.018444294945467885
240 0.0946351546696179
241 0.22364785083919653
242 0.22663778157974543
243 0.08894801077563312
244 0.11368530302735289
245 0.17700006686236813
246 0.024622956504094483
247 0.09960034192768105
248 0.3585066739019762
249 0.3747261045186207
250 0.19519911317180358
251 0.14951732666416165
252 0.20117513664446426
253 0.4154244859969252
254 0.6409362624765
255 0.9911290010692589
256 2.7984321595429225
257 0.886974703435078
258 0.9172181685705096
259 0.5947644328091839
260 0.09740098552870141
261 1.099953136619703
262 1.2443727802176368
263 1.0887483291173556
264 1.69696218709805
265 2.300510962980662
266 2.3262301771007006
267 4.150326749320462
268 3.5694873798946407
269 3.1287099384064794
270 2.2633271284509013
271 1.9438539777476778
272 1.238077889617103
273 0.7289047180223573
274 0.5055251967979627
275 0.017470638685375517
276 0.2226249079093743
277 0.6641590380406514
278 1.086747582035316
279 0.9173050334442265
280 0.5590667930243808
281 0.9597409603048115
282 1.1619427307709576
283 1.2360405362611908
284 1.9606278391686407
285 1.950309725316991
286 2.4557294608922957
287 2.963244163613661
288 3.5373854870420662
289 3.043331438910687
290 2.9647087753206742
291 3.318755984134215
292 3.24986564580745
293 3.83035554144494
294 2.8948414351750387
295 2.5662566669047346
296 2.1598250044247376
297 1.8600706645220042
298 1.3597529376524407
299 1.1765579306910698
300 0.21117411681933698
301 0.04307059708300785
302 0.017344749165354976
303 0.029599091730823666
304 0.09296956735982344
305 0.15119226831008095
306 0.16923370976219082
307 0.15272281191296663
308 0.2729340920933287
309 0.3805607382925076
310 0.008115732310687565
311 0.15593158263268278
312 0.3617439717259496
313 0.6590581381093796
314 0.8188862780546952
315 0.705203645391368
316 0.9329509811058536
317 1.1509046431511738
318 1.030733583257422
319 1.0430300499862089
320 4.185668637315175
321 2.470422324844501
322 1.135209946059004
323 1.0917466692610451
324 0.42248872527115133
325 1.972031306306672
326 2.4542234731870844
327 2.699211158992168
328 3.3728865694120618
329 4.404985220050273
330 4.661559383164626
331 5.908370777625828
332 4.812620971578754
333 6.137873584334471
334 4.912506499776869
335 3.6262563093032107
336 1.5986807068334656
337 0.4233577146076862
338 0.1037677148463686
339 0.22502621270973144
340 0.2714672816487485
341 0.10516159023512217
342 0.33193300175843365
343 0.6143143695004506
344 0.9060774488466299
345 0.6303989164409071
346 0.702770694956327
347 2.445077102846847
348 2.888536808353855
349 2.4994548425985217
350 2.139010368558925
351 2.02915152803727
352 2.4613464188627217
353 3.766038379230408
354 3.5065859741790524
355 3.65178847533221
356 3.620039351876173
357 4.425098371216522
358 3.885111753754826
359 3.9961653458689606
360 5.7963761688336
361 4.03530469964552
362 2.4832445671642382
363 1.1447522677503394
364 0.7903319281804942
365 0.17619504063776462
366 0.012209537826083758
367 0.0263085632174906
368 0.07015158656014817
369 8.275185175613286e-05
370 0.059244717788702675
371 0.28173214206142433
372 0.41137687143732776
373 0.2286942627999253
374 0.033353207929098266
375 0.3030552806078874
376 0.3515353201208208
377 1.1195176223048329
378 1.7046225033089946
379 0.9856199220963909
380 1.2371947556134673
381 1.0557820387944405
382 1.145872756239418
383 1.2253384429509309
384 2.4914601041887323
385 2.8350964625748953
386 1.822454206777789
387 0.37254472800965416
388 0.3684680398881093
389 1.329744506689731
390 3.176590660213149
391 3.485376453178497
392 4.350909885982718
393 5.358905126278239
394 6.078072222989169
395 5.994788033589649
396 4.759786745800642
397 6.5486305646635365
398 4.942040240273688
399 2.8617774259429494
400 1.5806565819644165
401 0.6958675514809832
402 0.3254626469165386
403 0.28324601264345173
404 0.04240980874815675
405 0.011396781155692455
406 0.3132207950555691
407 1.0773611322471333
408 1.0217840465872798
409 0.42242436596726207
410 1.134355995015788
411 1.691714961278591
412 2.936494737672132
413 2.9291890942697667
414 2.8052899437656724
415 1.8888466717584562
416 1.3839656204679944
417 1.8465125403023706
418 1.3624733945520389
419 1.384676208624168
420 2.1417890079515454
421 2.0811726071522014
422 2.1423302272869904
423 1.735064326426769
424 2.635292084524373
425 2.6182008026887065
426 2.217513728623773
427 0.8213729989662605
428 0.1885552692961807
429 0.07154929797410808
430 0.03169364938517791
431 0.3426460493560768
432 0.5256521385693033
433 0.24229347733286474
434 0.01290720650105045
435 0.009123110685392954
436 0.12245204791754952
437 0.0003227302748596677
438 0.043000957720093325
439 0.0766135597353593
440 0.2015933895951977
441 0.4614479403038729
442 0.5389470498746358
443 0.7931897677781141
444 0.6923590888777035
445 0.6359067800484319
446 0.4876699369406024
447 0.4361208843132364
448 1.9903651273807395
449 2.0249656868559303
450 2.1881342875058225
451 0.44546752440695514
452 0.2724412937279405
453 0.7790748959395374
454 1.7916373240150227
455 3.511919344845577
456 3.6984632035800487
457 4.9489148149514754
458 4.850489842331329
459 4.478814532271324
460 4.458896273176709
461 5.134479345004356
462 3.4628201106648895
463 3.03379879453414
464 3.5835433135701074
465 2.1522202854269366
466 0.7029724506430434
467 0.38281626723240675
468 0.06789145238143265
469 0.4099793206648694
470 0.47878060206063056
471 0.4907809365695356
472 0.28293389296845206
473 0.32871229648100386
474 0.6627280808357066
475 1.0369339067405532
476 1.2483280397274827
477 1.7693679101490738
478 1.116646546033198
479 1.4736430335956925
480 0.8176235968146193
481 0.6330856729197144
482 0.1104465671781285
483 0.25649124444655513
484 0.49004764310612414
485 0.9469643204338917
486 1.5152428700931297
487 1.258435456513634
488 1.1130081806916943
489 0.8587393021360414
490 0.7128448331929411
491 0.050328287476857934
492 0.0023986930199960898
493 0.013865429270272019
494 0.18831249102737077
495 1.1289357327835865
496 1.4239409959397178
497 0.376624539282126
498 0.08657945463006969
499 0.0700590719141971
500 0.09484024788832661
501 0.07359959404437838
502 0.12603848969080858
503 0.039094341624927705
504 0.00015689893867377837
505 0.12727334775183732
506 0.0736761221285115
507 0.1772241820492982
508 0.5398668176322458
509 0.3926804193943202
510 0.015232590541408601
511 0.052511256507078136
512 0.9889986496505201
513 0.8885643076377941
514 1.403109768846491
515 1.1409747965367978
516 0.021007685464840085
517 0.2573986959844959
518 0.8532717218079151
519 2.047935045892636
520 3.4332985099539624
521 3.764671582307276
522 2.8266351030594614
523 3.3445525917653067
524 3.9165909969203008
525 3.259262359074365
526 2.649591378003209
527 3.9369414399457603
528 3.6200562614417553
529 2.853912649884046
530 1.8327938679011118
531 0.40543509522345883
532 0.0016731426459893734
533 0.02614152158146792
534 0.19365582682612179
535 0.263910109477367
536 0.08951394712937656
537 0.23527854104310128
538 0.671006322395757
539 0.5878204606186813
540 1.510544375856807
541 1.95072236734135
542 0.722996571432265
543 0.5974384091417864
544 0.16180381434862004
545 0.04273561189998296
546 0.008525800040804346
547 0.0381673642526684
548 0.23230266295891688
549 0.2674168998131332
550 0.3424034490778042
551 0.3980489704996903
552 0.9027937096346211
553 0.4938137902049175
554 0.3038315226105447
555 0.029974118422188497
556 0.253766283794591
557 0.14379615044009458
558 0.01896597945006
559 0.5488264369760079
560 0.5692647993842767
561 0.026924202034497215
562 0.03845025485821425
563 0.08442756976972664
564 0.040942748319234314
565 0.014676565126095359
566 0.08836477549799791
567 0.001915407422342109
568 0.005894031725674265
569 0.005410549625678782
570 0.025787096689558472
571 0.05904287402577929
572 0.18326435474319114
573 0.01137990287637666
574 0.001148041386584663
575 0.014124130901020457
576 0.5984696099131515
577 0.502306438792888
578 0.446827990064273
579 0.8582459649050428
580 0.19774004183196797
581 0.20698475955487947
582 0.001326788357963309
583 0.00229191808641549
584 0.7265238530567965
585 0.7156123122100754
586 0.9617836760025908
587 1.4396767548674787
588 1.4830997934936914
589 1.1001777977846199
590 2.0135756413911476
591 2.9955993852594665
592 2.6318675484381875
593 1.9824292053868597
594 0.7396576194978711
595 0.21477338738733853
596 0.001765323850139681
597 0.00429431871095305
598 0.007567215806318969
599 0.0
600 0.10705478538944742
601 0.008915169139278492
602 0.38772932762172774
603 0.7523281359385743
604 1.4052230879220007
605 1.7653898664509071
606 1.1146609136437668
607 0.42982933443265514
608 0.04362075459952286
609 0.01304576147342948
610 0.04254593285012382
611 0.03366792087162963
612 0.0116230813933579
613 0.07594882089255628
614 0.2565126114748188
615 0.6202730639037797
616 0.5405240396008475
617 0.25954128865888426
618 0.0741705939034921
619 0.07810301388232985
620 0.10534523371628987
621 0.2537124799873848
622 0.002838324816440561
623 0.17202560145715268
624 0.14589336983361129
625 0.00024873886698887374
626 0.0035235890534255844
627 0.01642435509649482
628 0.00013646067776820208
629 0.04887615617956738
630 0.016596544709328954
631 0.10566106505810503
632 0.13955130119198172
633 0.04992754659600368
634 0.0010264779132025672
635 0.015048029995817834
636 0.006391073699958652
637 0.0017990790324803338
638 0.004770702275460755
639 0.005611729697694853
640 0.45808962014411825
641 0.2699603688636403
642 0.17916596407466437
643 0.20527548772545479
644 0.0883276478360827
645 0.03942590673377228
646 0.26069392116988616
647 0.482976408378896
648 0.0928149770953605
649 0.0008052339238178044
650 0.0027871900070186376
651 0.033426515500093776
652 0.12123545409736428
653 0.10964311222471153
654 0.6211118796973436
655 1.3546762695491383
656 1.1366900842217753
657 1.35160042440518
658 0.5252398121396079
659 0.18985054595925754
660 0.03349959282508397
661 0.0014986443800273975
662 0.036868045466382504
663 0.02769509249462495
664 0.0015771293825182868
665 0.0761595261756786
666 0.8369328238335707
667 0.5130462824720999
668 1.677200334101063
669 1.8228173169121755
670 1.0330433768366178
671 0.30546052905083093
672 0.02741193489725281
673 0.04265424324738635
674 0.027342669763493675
675 0.03355347176721341
676 0.02903904051507091
677 0.2778796765550385
678 0.7134389299557437
679 1.1505783110986754
680 0.889254730144097
681 0.8219560876137854
682 0.3950080404147723
683 0.015423756180330367
684 0.019439294415332046
685 0.15378106339202158
686 0.04156671056310912
687 0.005643092599345734
688 0.009781475047080457
689 0.03966056579152502
690 0.3893852173978318
691 0.48644199570278085
692 0.44928850579543617
693 0.31860809787815114
694 0.04083118108981005
695 0.7150605783626317
696 0.15154718533046546
697 0.6331574454246223
698 0.4478706091355507
699 0.01165112716653662
700 0.007738714251210803
701 0.0023149270167589085
702 0.012956113929481178
703 0.006448234705976577
704 1.1120144147261677
705 0.6721629553624385
706 0.23873967121300602
707 0.26940801125686553
708 0.18610362402209493
709 0.0003681428698702528
710 0.03859658915141062
711 0.5387172187751935
712 1.309435248061577
713 1.0678549169642477
714 0.7727529302387306
715 0.6162863437348699
716 0.3184293417538139
717 0.07491346839046971
718 0.04181370577786934
719 0.34544153097315905
720 0.42686949353002346
721 0.7179177857298166
722 0.2666680364089985
723 0.12447949271093807
724 0.0009131907448570129
725 0.027051679611220448
726 0.10499753682243061
727 0.11735510627294411
728 0.1546693245215057
729 0.11977410310497587
730 0.9135202061800476
731 0.7518989761641033
732 1.8033194355355766
733 1.960062267753312
734 0.9793555840257091
735 0.28582643033670957
736 0.022282189041043392
737 0.042645316577489996
738 0.3247877635819669
739 0.11488855092448243
740 0.1506918538593369
741 1.3387249341375531
742 1.754294042982773
743 1.5840706491799954
744 0.6052371249876328
745 0.34458930237370655
746 0.3456100129407802
747 0.015325051928105753
748 0.01992739990137313
749 0.5367970573193371
750 1.0808502434614662
751 0.5039752490299391
752 0.6175225037510816
753 1.2006812043684423
754 1.5565366616343828
755 1.7835625127799346
756 1.2202995619490287
757 0.8559775280588838
758 0.5651646727593788
759 1.0084237630971724
760 0.7066420522906249
761 1.0824300647892453
762 0.703908684904755
763 0.4137701664918446
764 0.1752069443048396
765 0.2201479419284099
766 0.21076907186391036
767 0.10231547146605202
768 1.6635529367267499
769 0.8014651285614326
770 0.3350840559898479
771 0.3820702535078279
772 0.053796876150490336
773 0.07739139231052587
774 0.23260032676672354
775 0.5903414732669132
776 2.2984968733400835
777 3.116466322603534
778 2.2042982101804776
779 1.81166227689465
780 1.0703804166551658
781 0.6632087578470306
782 0.07322730284953696
783 0.03198988897697692
784 0.0004663335521428256
785 0.1322235539266317
786 0.32658887205356335
787 0.13083824308194525
788 0.08418678115483476
789 0.4171879028041811
790 0.68679919256455
791 0.6533305086926212
792 0.23139085928625713
793 0.00391688741966573
794 0.02023576634687955
795 0.0007227261272090322
796 0.19172520392499087
797 0.3261898648359821
798 0.025625289256927496
799 0.09876363769387357
800 0.20594638848957164
801 0.21493139208933712
802 0.660000622791903
803 0.11705306901337983
804 0.5073974710219918
805 1.3334938708576647
806 0.9744201584923844
807 1.2288329864005716
808 0.7811105117717154
809 0.32638473411524027
810 0.23549038586784252
811 0.1906481675433506
812 0.04352519193809693
813 0.29601447745292414
814 0.6522511112160477
815 0.5845971893593325
816 0.9078490179108863
817 1.4615017937681327
818 2.7062943978482945
819 2.376018649970103
820 1.9100047744687196
821 1.8185869086744357
822 1.3144250856439161
823 2.371631357444559
824 1.7857597917878916
825 1.795335647984168
826 1.804033697977324
827 1.3613030871363212
828 1.2111940947706945
829 1.5426396280677908
830 1.2919179304888064
831 0.7919055687497513
832 2.126866770561003
833 0.6964222238909792
834 0.12981168388010805
835 0.01956004811395688
836 0.12533222212031925
837 0.727473145269578
838 1.019770438785748
839 1.7332942250777947
840 4.7311569222821515
841 5.69452431561415
842 7.876596125245169
843 5.827020563906826
844 3.7719720604432823
845 2.6396731206957735
846 0.8780581707595053
847 0.927880273448012
848 0.08143886206211724
849 0.1425978848343826
850 0.42089007191607686
851 0.05143453367591839
852 0.21482874941298477
853 0.6009119066368968
854 0.7959264642345115
855 0.18650145794910888
856 0.029802638474392185
857 0.18971399437874742
858 0.13870824153909334
859 0.0015939096752275734
860 0.24510453125939788
861 0.0929203050581252
862 6.856231758810908e-05
863 4.78069275352888e-05
864 0.060959196618975205
865 0.14408575345882316
866 0.22908924018713955
867 0.03503095223906186
868 0.5095980090514128
869 0.43599173857013335
870 0.012108478162661586
871 0.11699279820592966
872 0.3253299953681274
873 0.21614579639554904
874 0.10647137557744361
875 0.010766267779287625
876 0.022778934114759692
877 0.3546183912774855
878 0.954888352106694
879 1.6527900783248823
880 2.198596922912946
881 3.4402540892066478
882 3.814644292217905
883 3.471264490506764
884 3.6505721770784416
885 2.9485377312650383
886 3.544806735551935
887 4.259100513016847
888 3.2297912298500937
889 3.1280936729616675
890 3.2286511677847938
891 2.817715294428737
892 2.7387723726808204
893 2.7546602449022077
894 3.634762008137442
895 2.2979549814234206
896 1.4319517906791712
897 0.381434432865126
898 0.026557243069542973
899 0.01925176004767682
900 0.3075873237254971
901 1.7485231889330144
902 3.2927260903392597
903 5.327015630896572
904 6.611218328716456
905 7.185914933351052
906 12.52401061553456
907 11.037014821076873
908 6.899953200609722
909 4.980119663544373
910 3.0907072423486595
911 2.042670227851406
912 0.46145557588866265
913 0.013244974026081291
914 0.07041133540958783
915 0.039623793698680375
916 0.04757067600552947
917 0.19132736853528623
918 0.17015822824579352
919 1.8129693612897107e-06
920 0.1543206566915329
921 0.24204666966941052
922 0.5012553738451291
923 0.029446742962945742
924 0.012565187748405284
925 0.11843660553408485
926 0.035715730375173046
927 0.05161111770008343
928 0.0886735085890459
929 0.28841441347225355
930 0.1369835573381627
931 0.019087217993763807
932 0.3646527009047765
933 0.0918934284571147
934 0.437455684599473
935 0.40874579227924257
936 0.42514388003870623
937 0.47181832259636364
938 0.13593420799949313
939 0.750373568186586
940 0.8354417919969952
941 1.993286242317146
942 2.8320171527883895
943 3.3067715641779514
944 4.994563382428318
945 5.696593155781535
946 5.816118641737096
947 5.381375323151024
948 4.870064465515449
949 3.650362765420407
950 2.961143997762894
951 4.105626190225843
952 6.5826452874492976
953 6.685992512253921
954 5.297927006381076
955 4.3564377264284575
956 3.4245237447899988
957 3.9438241932836573
958 4.675782133724912
959 2.6137853488113154
960 1.24875260257408
961 0.4550584020573472
962 0.00622900746908113
963 0.015892937999676286
964 0.26983445920468396
965 1.9562660388571016
966 5.2127245796181185
967 6.072948975777965
968 5.732537827265214
969 7.66424090438045
970 11.154099523731272
971 15.424468607596014
972 10.919375873746233
973 7.171709828671774
974 6.655317012697311
975 5.329230579051832
976 2.7708133265113144
977 1.2165002805405218
978 0.29308925833533783
979 0.23991209552106327
980 0.16738449011285972
981 0.0004695831354721617
982 0.01974885278909413
983 0.03133050559072375
984 0.1192586461284818
985 0.1960862951949521
986 0.5472981007212832
987 0.35925556002988895
988 0.19684946957843708
989 0.047011389101669174
990 0.0039003840221182077
991 0.03807128058901414
992 0.29351603328722503
993 0.2674886488313823
994 0.8004889783996825
995 0.28490788176823734
996 0.5241557485185416
997 0.0017885215822515657
998 1.2992428309467758
999 2.298299477809221
1000 1.949179421965087
1001 1.1515145078139215
1002 0.998096944181079
1003 1.6981390423314615
1004 1.2323146490643464
1005 3.0678459227033303
1006 3.0252879239527304
1007 2.360016880277277
1008 3.0998619333036705
1009 4.663150345974054
1010 3.8184576055342907
1011 3.6221772656448663
1012 3.62876113186236
1013 3.8047279618464
1014 3.3436441690884675
1015 5.795187449154843
1016 7.478929977303281
1017 6.458275787725125
1018 4.214339696799059
1019 3.2434721630147854
1020 3.6212070572101536
1021 6.678386083085768
1022 5.789294818096327
1023 3.3741461654192575
1024 0.4616675879107796
1025 0.08030147822099326
1026 0.04106262666476784
1027 0.11202939202406631
1028 1.0614187796200838
1029 3.9721255304160294
1030 5.395943442747599
1031 5.794079519027686
1032 7.193717247653792
1033 8.615536655639806
1034 10.225966078586321
1035 16.02835349484092
1036 15.307612182358099
1037 11.553195456828007
1038 10.570385944400092
1039 7.7387884245484795
1040 5.429210037205083
1041 3.7686234220393757
1042 2.075531345023514
1043 0.771473784878936
1044 0.24568445574565687
1045 0.09916481116094833
1046 0.008637013886754405
1047 0.05253685760509714
1048 0.02393901927840785
1049 0.052969964882122765
1050 0.02985077225303225
1051 0.0967896265587592
1052 0.2751094538167589
1053 0.22658579969800943
1054 0.07019014974932498
1055 0.06807417449567199
1056 0.13561787386090077
1057 0.014958683575406832
1058 0.37043298100689914
1059 0.5964902260749569
1060 0.608405690539653
1061 0.011034615788594337
1062 1.2243908336493174
1063 2.158328109386734
1064 1.998969642252378
1065 1.2471687583465982
1066 1.7363895589873926
1067 2.174486789554207
1068 1.8966270239489378
1069 3.4969553196014584
1070 4.130029030625406
1071 2.949908949504467
1072 4.270442017796247
1073 4.3810431859002295
1074 2.349878229206473
1075 2.6327064616645055
1076 2.860230917402322
1077 4.967334414702934
1078 4.693944113212608
1079 4.813207065356812
1080 5.598140074136176
1081 6.403065370691075
1082 5.224462904187265
1083 4.772346949859886
1084 4.662696201156685
1085 5.144254159593961
1086 4.929173718129638
1087 3.4943015506760244
1088 0.22461067422787429
1089 0.028837646031213145
1090 0.1562519407454344
1091 0.22554951950729848
1092 1.9546666052827772
1093 4.907250359402979
1094 4.925615536908399
1095 5.354188540079172
1096 8.839136972080684
1097 16.03179391867726
1098 15.97881470238883
1099 14.10183346846326
1100 18.5796859299412
1101 16.65624410362398
1102 12.460705589405928
1103 9.84307541461895
1104 8.654883630564534
1105 6.293238466757888
1106 2.86345362314993
1107 0.885847519636956
1108 0.49609958858202474
1109 0.38485871199991906
1110 0.16979037866244803
1111 0.12166838263315521
1112 0.1447481999767605
1113 0.07919398277380378
1114 0.060028888812700985
1115 0.00023283323238563826
1116 0.12373242425439422
1117 0.07398404126228146
1118 0.001987634739000262
1119 0.833125755552207
1120 0.5010385336205568
1121 0.18105173916116082
1122 0.9288704784636925
1123 3.8152788550294217
1124 3.2716217732026074
1125 0.6605997633897068
1126 0.2246854951860659
1127 1.61654004351466
1128 1.5780591735553327
1129 2.206953875689953
1130 3.469455415476825
1131 4.006560413558988
1132 3.7207505903925324
1133 4.448170053788529
1134 4.79582194629179
1135 4.685953681992375
1136 6.1482609712745
1137 5.682994570193385
1138 4.94775855484717
1139 5.024532585624087
1140 5.304954772719252
1141 6.008557731748897
1142 4.960597190741467
1143 3.8717141002949367
1144 4.177542716365085
1145 5.065511880304576
1146 4.867110337315182
1147 4.707672556823193
1148 5.901511620490561
1149 5.280476747095147
1150 4.415524725147779
1151 3.369379944152527
1152 0.08774772726936027
1153 0.015167545587902726
1154 0.4539281626111015
1155 0.8485355539875774
1156 1.9531589421414013
1157 4.98604679791275
1158 8.518904333973243
1159 10.222307672000909
1160 13.37878081024091
1161 15.44434019027472
1162 15.197839426380064
1163 13.645546682526868
1164 16.524192297573073
1165 18.26419346420369
1166 16.89889299718332
1167 13.56072331807563
1168 12.403458783579971
1169 9.163616524550202
1170 6.499511543156238
1171 4.1426906964063575
1172 3.230931777923575
1173 2.208638667244288
1174 1.5192934137159677
1175 1.0083489926179292
1176 0.5071790602538652
1177 0.3721881803217566
1178 0.4880314340883872
1179 0.3734635248822858
1180 0.5282339705817948
1181 0.21072620671842068
1182 0.5238026528462981
1183 1.4707800013614662
1184 1.8785523487186286
1185 1.2243032778963734
1186 4.043229304918273
1187 6.6136053662413845
1188 5.130812403771152
1189 4.195135887518104
1190 0.11171800243921576
1191 0.937237769908088
1192 1.6826939818232005
1193 1.97487449785687
1194 2.464361272102646
1195 4.010826637245314
1196 3.296304823425449
1197 3.632099368478453
1198 4.40967193373221
1199 4.2321893308159115
1200 6.0741492590789745
1201 5.53521450696047
1202 6.663534415288834
1203 7.84309651880459
1204 9.168264246508198
1205 9.39623231071287
1206 6.889149347449633
1207 5.317937452017203
1208 5.04321617140723
1209 4.742869205999934
1210 4.470080379795099
1211 4.3207351671227086
1212 5.229008805653334
1213 3.6942001275209635
1214 2.954081965224722
1215 2.3504163043336437
1216 0.021495462231579957
1217 0.040330769475696415
1218 0.38681379359871415
1219 1.1488900470267132
1220 3.578936396567141
1221 5.954960478942023
1222 10.605421575615324
1223 14.607116542151676
1224 16.8510906097125
1225 15.64632588360964
1226 15.14420639097789
1227 14.205648409442038
1228 17.382946084640967
1229 17.762653157438336
1230 18.61827286574288
1231 19.11312585312611
1232 14.109405323879367
1233 11.340492153872491
1234 9.861226887056466
1235 7.6794620256690775
1236 6.1179914500641095
1237 3.372792262096043
1238 2.143467260919986
1239 1.151004242962416
1240 1.0535835279817565
1241 0.3274530276253683
1242 0.32861809737823594
1243 0.35138766960659246
1244 0.9757198697296211
1245 1.8630544183885176
1246 1.791741041666825
1247 2.438055524519745
1248 5.514639430087781
1249 6.224149468531883
1250 10.668789289831146
1251 11.814028413313375
1252 6.4920117992589
1253 2.9764125080294375
1254 1.5783614679444489
1255 0.0029159526302167337
1256 0.5963310562671186
1257 1.442616737275071
1258 2.2230871225368354
1259 5.012067738996917
1260 4.060337036295276
1261 3.583479687118335
1262 5.124759970526881
1263 7.929162773189852
1264 8.184883076675687
1265 8.866650697125221
1266 9.192076890653256
1267 8.99048181566629
1268 11.225279198055345
1269 12.603533535660949
1270 10.50975647205817
1271 9.707683944556774
1272 7.326230270457259
1273 5.122367503216331
1274 5.117305554624242
1275 6.218815307490316
1276 5.337021953029101
1277 2.8997367946885326
1278 2.8098270831103695
1279 1.7654769709798814
1280 0.09997876726436142
1281 0.27624229324944405
1282 1.062441078674191
1283 1.574880116304185
1284 4.6929109499434025
1285 7.333415845445432
1286 11.764370059926225
1287 18.071585675804403
1288 17.480142796034038
1289 15.634505893717305
1290 14.723754075824266
1291 14.355107367953224
1292 16.408637303388257
1293 18.733771633167013
1294 18.384737493034585
1295 20.27108426603747
1296 19.77545630455741
1297 16.21668647951404
1298 12.26331976906729
1299 8.962336915314378
1300 6.0474947302703175
1301 4.6529503658351095
1302 3.5878469473546963
1303 1.9226255178112255
1304 0.5599237447704183
1305 0.20008838587790223
1306 0.18693151124281823
1307 0.1087139695901807
1308 0.505731877138891
1309 1.6791401001830726
1310 1.1442444328590153
1311 2.583328431622547
1312 8.555320101922591
1313 13.692730428830012
1314 19.328788840635177
1315 19.532276190827595
1316 15.33687939913152
1317 7.33023894241151
1318 4.186840905937885
1319 0.31993101402997925
1320 0.05398756934290593
1321 1.7421052854315071
1322 2.0644007969289864
1323 5.153826106700725
1324 4.729626664618388
1325 4.471688447744678
1326 6.038173266738633
1327 7.326485177097369
1328 8.336936945909112
1329 9.252199639633089
1330 11.188012690631838
1331 10.948331363737383
1332 13.290090294293758
1333 16.387362473666354
1334 14.134489220926268
1335 11.249563436566815
1336 9.634944509495808
1337 7.27880521629283
1338 6.633856739165253
1339 6.408992037488196
1340 4.957008913488591
1341 3.6305150306770075
1342 2.770454870251374
1343 2.418087888845238
1344 0.026777987658307405
1345 0.4206705544790591
1346 1.0103827225628856
1347 2.0822446400042782
1348 6.8321158673840845
1349 8.946700507714198
1350 12.667019735639453
1351 17.33661732109254
1352 17.170494134335488
1353 17.006690389946364
1354 19.56778769321183
1355 17.41290159936967
1356 20.150562781555088
1357 27.226098084103654
1358 26.714260948829317
1359 25.494945762394334
1360 28.52325478087287
1361 24.438117043016682
1362 15.956435330784883
1363 10.862735371863028
1364 6.82468019689404
1365 6.76877056765061
1366 5.667577692278858
1367 4.264097185542934
1368 0.6282490717499896
1369 0.14242626396351976
1370 0.12927530463851272
1371 0.05458767243163257
1372 0.1920877346954554
1373 1.2622879090193693
1374 1.252264889141922
1375 1.3510954750520883
1376 6.169582316745715
1377 14.870001115033345
1378 21.689647073922565
1379 20.863132674527165
1380 16.108899437956033
1381 11.249055204230606
1382 5.423000458901679
1383 1.3301901440887065
1384 0.19094128373870864
1385 0.6368587625249441
1386 1.7392557922052185
1387 1.9176058142659425
1388 2.558976005472048
1389 3.115371228952899
1390 4.702260940123804
1391 6.483978838912191
1392 7.668437200947374
1393 10.79297861942619
1394 11.355609836764204
1395 13.04954816095912
1396 14.953292516860959
1397 17.580560510214777
1398 19.619529832202986
1399 18.26711585623671
1400 11.078348309446433
1401 8.427659795691
1402 6.975309485887745
1403 8.014257350197433
1404 7.482677764296193
1405 6.241811378984625
1406 3.2564797858126653
1407 1.9883956792526118
1408 0.0025150464153319272
1409 0.31776019420977847
1410 1.2604833409268659
1411 3.351548255758019
1412 9.075902990791715
1413 10.855128928687323
1414 10.162357643335973
1415 15.741404278686586
1416 16.804116608148497
1417 20.2140029437537
1418 21.921338932899978
1419 20.812459667159267
1420 23.324152453305718
1421 35.13565483762863
1422 36.321437353646466
1423 32.072016044677454
1424 27.170790379356223
1425 28.191014045968117
1426 20.206213061285737
1427 13.758582729026246
1428 9.433726386876401
1429 7.746380364759406
1430 7.0304227029361925
1431 5.106036669083453
1432 2.0449712904026303
1433 1.0225724216902357
1434 0.7362110818720825
1435 0.6404415481577318
1436 0.7522797116432516
1437 2.558581873295376
1438 2.77804697608345
1439 2.169783682992862
1440 4.817528210812404
1441 13.836632558648933
1442 17.84141807997522
1443 16.28658926879445
1444 10.037853221042244
1445 7.290942839015652
1446 3.448607254465892
1447 0.903837619869476
1448 1.2515224487520995
1449 0.03302930522040213
1450 1.1511968318483294
1451 0.6836812293298643
1452 0.6567185798757322
1453 2.1476280326220274
1454 2.873487738681447
1455 3.9566243722515577
1456 6.196144930570998
1457 10.402782901566978
1458 12.078150687708597
1459 12.944426517280515
1460 15.537884960770876
1461 16.824590557200327
1462 20.23152729085248
1463 20.09285169756394
1464 15.650743770099453
1465 13.031423182905481
1466 8.832651234526116
1467 7.606942895236652
1468 8.091949875003516
1469 9.2716327820561
1470 5.5255383080062845
1471 2.7470209472539957
1472 0.015895682595227587
1473 0.4075595160681547
1474 2.725293297669318
1475 5.699631751335765
1476 11.264860711405912
1477 12.24255200055672
1478 10.853564706307072
1479 16.65967466587665
1480 17.802487360673346
1481 21.278444715517356
1482 22.580432481327527
1483 25.542864799120387
1484 29.177350730125116
1485 36.23597483042594
1486 39.89320050735447
1487 36.894401708143846
1488 32.548790036532424
1489 32.627063137162594
1490 18.44713428435646
1491 11.962615473145531
1492 8.550621628646068
1493 6.128953086629454
1494 6.09593269715926
1495 4.462575682163833
1496 2.27205217511722
1497 3.050959267729987
1498 2.746550794233605
1499 2.090446080234166
1500 0.6462897155724435
1501 1.5581934450187316
1502 2.0723847088860503
1503 2.3910591464504947
1504 3.915141511373971
1505 8.713323991510197
1506 12.193137684813538
1507 10.218423182882246
1508 7.476080413447228
1509 5.385815527756849
1510 4.5695520974622195
1511 1.6549254582689024
1512 1.3059902889422688
1513 0.1368922148519199
1514 0.3774316251814277
1515 0.29156847474574804
1516 0.8087771244629852
1517 1.7770684217899055
1518 2.7368528435454564
1519 3.910024786905825
1520 5.449636840527824
1521 8.35909539879675
1522 10.665129728277025
1523 13.022305861924927
1524 14.464939199075681
1525 15.418950779192652
1526 16.313866330571123
1527 17.91369780866639
1528 18.020334246544497
1529 15.361813726013594
1530 12.085452169150498
1531 11.587736432627995
1532 9.633932540808848
1533 7.8647577787406275
1534 6.082986381310326
1535 4.883096181974506
1536 0.39612189922752833
1537 0.6941882846611648
1538 2.881742284713158
1539 6.414057775346125
1540 11.594167908359042
1541 11.73194078752274
1542 12.780387923966993
1543 16.09855085777725
1544 17.73373153007188
1545 20.356096004613534
1546 21.027626007459034
1547 26.268024186288997
1548 31.72256638788184
1549 39.23022330462377
1550 42.04752384547754
1551 40.01798238099087
1552 37.21696992476087
1553 35.57420155804795
1554 25.149128257413352
1555 15.277040426805597
1556 9.792981687244621
1557 7.838722754942499
1558 5.587006745990799
1559 3.863767306944657
1560 2.9360316088406146
1561 2.7855989856629164
1562 3.309770829288652
1563 2.497017237150921
1564 0.23784250165012305
1565 0.03987235078490655
1566 0.6126257356713467
1567 1.0870209224114478
1568 1.8771628283014945
1569 4.879192147224155
1570 6.197061391152438
1571 6.559711131910448
1572 8.675883116240197
1573 7.554103612354518
1574 4.600649894498319
1575 2.932484584054017
1576 1.6517133883119628
1577 0.5978645100299889
1578 0.250306173615679
1579 0.0001857246288813554
1580 0.19903856743049367
1581 0.4894458080351168
1582 1.473551347454775
1583 2.756147709750727
1584 3.3535357127628305
1585 5.1896109129144525
1586 7.465409478676197
1587 11.474441030551436
1588 14.819342210695277
1589 17.11303901723189
1590 17.00115029911751
1591 15.425069437480909
1592 15.573081889812043
1593 16.125159188563956
1594 14.286962914680261
1595 13.768062408568182
1596 10.938814990898182
1597 8.128992462661053
1598 6.047199093280595
1599 4.635132204724583
1600 0.9086435243355278
1601 2.0911924125678993
1602 3.9504240020848607
1603 8.344209434866801
1604 12.509612871877668
1605 12.764027178081415
1606 14.970527867109423
1607 17.222271925658315
1608 18.987235023594224
1609 24.98427150094188
1610 23.74990329041268
1611 28.370948554498632
1612 36.481332955597914
1613 40.849356561888506
1614 49.32822170622387
1615 44.05220263558507
1616 37.78535094055238
1617 36.650904894785505
1618 30.713033260743437
1619 21.672721247283736
1620 16.523970764085004
1621 11.20609975796688
1622 7.339853646899143
1623 4.12721922350184
1624 3.831928077780605
1625 3.6415513526416228
1626 3.2786324678366996
1627 1.4833398504997757
1628 0.3441259234522905
1629 0.019620279842427243
1630 0.3246671486715758
1631 1.0786198291871172
1632 2.56923424035807
1633 2.6442567295798294
1634 2.1426579051919843
1635 2.449610588557102
1636 3.9369254967439105
1637 6.520657208351872
1638 6.133766554102427
1639 3.771088733628774
1640 2.481004761439616
1641 1.5304607869549205
1642 0.9327582226200206
1643 0.073279497454265
1644 0.07345101800905372
1645 0.44398395634904186
1646 2.338201177754519
1647 2.998869759818151
1648 5.37274822416462
1649 8.679595122264526
1650 9.949952726690425
1651 12.120838341254492
1652 15.486204443409642
1653 18.81757741075985
1654 19.115723678823983
1655 16.943639892792863
1656 16.477653290333507
1657 15.900254711578935
1658 14.242795670926348
1659 18.267568592211365
1660 14.751794554005848
1661 9.996439174520573
1662 8.55595299939451
1663 6.25684406877594
1664 0.7199588061367468
1665 1.7361117897448939
1666 4.64524420145414
1667 8.646746152407475
1668 11.623095425308458
1669 14.82711719454645
1670 17.015575553850482
1671 18.534008114985873
1672 19.554247145304174
1673 24.412360315341736
1674 27.61994830199079
1675 30.853775376229315
1676 40.77311538524219
1677 45.44893360617261
1678 54.38543654273853
1679 50.44035435151024
1680 44.293393171405654
1681 42.47488455012655
1682 39.686977460063446
1683 26.907971378870542
1684 22.342001060454127
1685 16.47774683066923
1686 11.754627697208539
1687 8.145389648108871
1688 6.643932902269916
1689 6.0473542829022024
1690 3.7942439266679386
1691 1.9413016931318459
1692 0.9707625389775072
1693 0.6651395567350697
1694 1.2344687579733262
1695 2.2655179298981163
1696 3.930829102270834
1697 3.1269758341869878
1698 1.4779413532105778
1699 0.7208637046538389
1700 1.2155834664327483
1701 2.7193306771549404
1702 3.713558463989866
1703 2.8177541823008014
1704 1.613670404388645
1705 1.003100225015161
1706 0.6914349176416039
1707 0.05106073092136033
1708 0.12353756383069633
1709 1.3019115275938127
1710 2.8488139831598462
1711 4.014076062632282
1712 6.750166537516349
1713 11.130642620662819
1714 13.205067991464995
1715 15.48753429519371
1716 18.68874232970657
1717 19.188970174206105
1718 19.781190165143613
1719 15.604741038714241
1720 13.521942315988857
1721 16.00558905242591
1722 18.28981381307311
1723 21.307059732052913
1724 15.998642391199294
1725 13.104804508277473
1726 10.312833065894127
1727 8.25484807661591
1728 1.3359415228332179
1729 1.7117092729919448
1730 3.793732836325558
1731 8.714362121784186
1732 11.580105202799183
1733 13.342765947208095
1734 15.829594026849733
1735 18.847850684052215
1736 20.835519127953127
1737 26.279628280237294
1738 28.144308279891085
1739 29.38422614229247
1740 37.496112333132274
1741 44.4235099729825
1742 46.66052538981149
1743 48.59965136124935
1744 50.50520759142564
1745 46.45005646556245
1746 40.03872006933287
1747 30.668497783415432
1748 23.53840290291795
1749 20.12063473923333
1750 12.623500532883558
1751 9.4080034086252
1752 6.85507662121729
1753 5.541904600297324
1754 4.441924455735412
1755 3.450834325371043
1756 2.2779310494345575
1757 1.9150168404097632
1758 2.689147038216544
1759 4.36617131563991
1760 5.440133023493674
1761 2.849771498248742
1762 1.6407094342491628
1763 0.6823241827064936
1764 1.0411528483784263
1765 1.1325390654926024
1766 1.284353256958895
1767 0.6328612227825474
1768 0.1313684196974276
1769 0.0054893138357279365
1770 0.0008783107666164336
1771 0.013617335943999036
1772 0.25775791362183864
1773 1.167064698084135
1774 2.0644089847330345
1775 3.3185997673144536
1776 5.29923272165008
1777 8.746368559492879
1778 13.913770867074454
1779 17.591255028491567
1780 18.24909194372768
1781 17.29155211084185
1782 13.210314034846634
1783 13.658764198698584
1784 12.398142108826192
1785 14.298648296640705
1786 19.0211111938257
1787 22.531758030796407
1788 20.443359134657538
1789 17.285937299304805
1790 12.786199397168655
1791 7.163400357032353
1792 3.4416025848515126
1793 3.764615418905797
1794 5.201785949477135
1795 7.63977158481657
1796 9.745952136139199
1797 11.916995090510369
1798 14.88642754068024
1799 18.517377922202723
1800 21.9015226763531
1801 27.86510469728988
1802 26.306182149510068
1803 26.891068815600597
1804 32.659103118773324
1805 37.96307786438043
1806 37.55516885875428
1807 42.78418062084609
1808 51.54575888282478
1809 51.39316329269935
1810 45.04009763474727
1811 36.74805403970694
1812 26.971778867816337
1813 19.50848316346277
1814 12.124927551320152
1815 8.617210138655034
1816 7.231656691424734
1817 6.521586756590441
1818 5.068022524001665
1819 4.999422151669558
1820 2.9970243305630895
1821 3.206808869211978
1822 3.0169264545968613
1823 3.724150168611503
1824 4.348949158120095
1825 1.4794793673774271
1826 0.5633135617520445
1827 0.08174158729786984
1828 0.09615032751151985
1829 0.012646262648416734
1830 0.02763819436723226
1831 0.26319693835885705
1832 0.34929514770748443
1833 0.9909723888468728
1834 0.8435930910939559
1835 0.7671156451311826
1836 1.7332064845036275
1837 2.4253799521850374
1838 2.344620245964133
1839 2.712739022312166
1840 5.009608283823058
1841 7.847451931271562
1842 10.44800532417968
1843 13.53599474337328
1844 14.366436217007337
1845 14.440720843071968
1846 13.294011530565662
1847 12.341883132017532
1848 12.388437914764863
1849 15.82171291093551
1850 20.256415759794702
1851 22.976545566535613
1852 24.818388145739725
1853 22.480168194629535
1854 12.414640412212323
1855 6.592025450076775
1856 4.121629849450916
1857 3.799235313786901
1858 4.746900909777525
1859 6.851457281099487
1860 10.318389373269612
1861 12.235518440358943
1862 15.84267265331351
1863 16.666650107500363
1864 22.442284637894957
1865 27.355805197871266
1866 25.286606143069093
1867 27.239489860606103
1868 33.03770038473519
1869 42.463755566723435
1870 42.13910739842252
1871 44.88475166624891
1872 44.35561699265112
1873 41.51349820166441
1874 40.10509972278877
1875 34.093908237782095
1876 28.143313597639757
1877 19.113879905819328
1878 12.115199932044188
1879 9.145254723337576
1880 9.075874153521147
1881 6.997917335707125
1882 5.896340396226648
1883 4.20123220142604
1884 3.789352600359358
1885 4.3014920480909025
1886 3.3076733475446742
1887 3.0862022885839075
1888 2.303146557968827
1889 0.675144887097012
1890 0.010712018939408633
1891 0.42156847453918894
1892 1.2588544176497625
1893 2.1387169207309102
1894 1.9719754203857782
1895 2.351050608525548
1896 2.904391007280433
1897 3.876546493897466
1898 3.5624914397417253
1899 3.8906583580201346
1900 5.7560541658411
1901 6.163319115626222
1902 5.334264065509729
1903 6.483095306166033
1904 8.951533382668106
1905 9.481446243273544
1906 10.998235840057166
1907 11.437566868108735
1908 11.36094322709355
1909 12.082499647603449
1910 10.7904108628472
1911 10.071039677056982
1912 13.015139087710127
1913 14.696729807177329
1914 18.928674710835406
1915 26.83924873939106
1916 27.069158348516936
1917 28.777145799160678
1918 17.26177829225133
1919 8.300810130185075
1920 4.811724942710987
1921 3.9078644073346305
1922 4.963026497297795
1923 7.6697257622182455
1924 11.52953428479775
1925 14.151251219220132
1926 16.890950907418286
1927 20.339179682490922
1928 25.579182792545062
1929 27.802177761059152
1930 24.973100553310548
1931 27.78584651677377
1932 30.07003064129357
1933 38.88259017383639
1934 43.43754356577983
1935 45.98418043855649
1936 43.870343623104354
1937 45.94292282252156
1938 40.47177490994935
1939 31.250694070331125
1940 25.583393396860448
1941 18.004031099804212
1942 13.913953137905224
1943 13.554900426859678
1944 10.476382015488817
1945 7.905469548872987
1946 7.665184363575746
1947 5.624733313298425
1948 3.8838408383644873
1949 4.100184254253644
1950 4.9590827086775136
1951 3.188743396059878
1952 1.5949344362312592
1953 0.4425307865892189
1954 0.01779150492064282
1955 0.31154941562358146
1956 1.1526115534358512
1957 2.575270270480616
1958 2.772829199501277
1959 3.2847777911812717
1960 4.8393866383058715
1961 6.2274208642923154
1962 5.652206532332419
1963 7.397754199361629
1964 9.173220681100739
1965 9.181674349117015
1966 8.830110752022753
1967 9.467369899721051
1968 10.272644062931164
1969 9.63730466460476
1970 9.092359614166112
1971 8.47675091807162
1972 8.329294750569476
1973 11.666549218033008
1974 9.134178379531566
1975 7.345829218265228
1976 11.162295326806296
1977 15.460028381989192
1978 24.024324272260262
1979 30.874872430007272
1980 27.99593359563419
1981 32.74319916797188
1982 24.211029121560465
1983 11.11490128732844
1984 5.449736894141789
1985 4.343238769207656
1986 5.203939136062779
1987 6.92415508651631
1988 8.938484073008407
1989 13.042489963094429
1990 18.72750651435112
1991 22.75709455141018
1992 27.713911905201503
1993 29.28175059316208
1994 26.556063749144403
1995 28.759157264786797
1996 30.01829567942514
1997 35.017117156966265
1998 43.608465371691814
1999 41.87371699126408
2000 43.26595682952303
2001 44.35358582139054
2002 41.00816602334795
2003 32.54014347627509
2004 25.525725139513433
2005 21.207845332058756
2006 16.890553755846568
2007 14.5572416180345
2008 12.475082699573681
2009 11.52168929364371
2010 9.777001126574183
2011 8.212636156860727
2012 6.291017768829276
2013 3.9616395510390707
2014 3.302723649855787
2015 2.0382511191444124
2016 0.9572625977460809
2017 0.27930334547908675
2018 0.0006108445752632982
2019 0.3091830850801553
2020 1.1812465161526116
2021 1.7845222340647426
2022 2.4105109073147144
2023 3.0785436359113247
2024 4.868251400254344
2025 5.694889369099967
2026 5.425264942196093
2027 6.257842319354048
2028 6.543271692660334
2029 8.928178494836322
2030 12.641583228549743
2031 12.016055306517549
2032 9.41669801429252
2033 8.805257776168562
2034 7.922988066233134
2035 6.68843259300361
2036 8.327772558143668
2037 12.181705325924728
2038 10.200530442262256
2039 6.731445854077026
2040 12.258307997306648
2041 19.653958152059673
2042 25.833088105598037
2043 20.9331198711808
2044 24.852773690598518
2045 31.180290782799325
2046 25.987014668155258
2047 11.618037011372719
2048 4.271093050132808
2049 3.620567429457874
2050 5.08260095576122
2051 6.069632047845987
2052 8.04146770268516
2053 12.764959831938116
2054 18.266271156756513
2055 22.2887879133498
2056 23.864148693651035
2057 23.71996478614984
2058 21.90522273459843
2059 24.501947438439004
2060 26.4949010212953
2061 33.74219425898839
2062 39.379913157679745
2063 36.36380685641606
2064 39.090096907565076
2065 37.679767161769455
2066 34.385565860859806
2067 27.07542445825749
2068 23.670951622887042
2069 20.8090170171298
2070 16.85729675181784
2071 14.381502222141298
2072 13.276450816834718
2073 16.30929735780582
2074 15.570956863431123
2075 12.702791162841278
2076 7.718716750571951
2077 5.911521134284365
2078 4.375247189912947
2079 2.210022346705332
2080 1.4688590326858637
2081 0.5313311129630425
2082 0.024381312254279405
2083 0.18444677034477772
2084 0.7546565083848534
2085 1.206037300106952
2086 1.1234452686924665
2087 1.3433216172386178
2088 2.785513452841846
2089 3.357978897625287
2090 3.7673805656434705
2091 3.1274727270610567
2092 3.939303827404079
2093 7.841643194624033
2094 11.889186855948552
2095 11.410417691109823
2096 10.2610829804157
2097 9.011650360702658
2098 8.444344851739805
2099 9.42450270030203
2100 6.961975941229319
2101 8.818326933448875
2102 12.573603105710568
2103 10.320613861504272
2104 11.533724826563413
2105 14.776901586146325
2106 18.007543076225843
2107 15.003896445100791
2108 20.949258431989172
2109 27.466101516471007
2110 25.612934644222754
2111 10.754345286751745
2112 5.269908653086929
2113 3.2949726718011374
2114 4.21234292491672
2115 5.754044980855365
2116 9.176263764285883
2117 14.187360430346942
2118 18.78517832630852
2119 22.437479209844007
2120 22.310766796401662
2121 22.437905920028417
2122 19.15414926424476
2123 22.163599110661657
2124 25.403610330202696
2125 34.31117804169144
2126 38.47371389980447
2127 36.0432291523718
2128 39.81155267874627
2129 42.70015825944861
2130 36.897239278759706
2131 28.673823332414017
2132 21.89017231185579
2133 20.470199238608398
2134 20.46862214487827
2135 20.281322508353444
2136 18.2848298521459
2137 17.45643275428719
2138 16.295453901728592
2139 12.978889093860973
2140 10.089524118275648
2141 7.543543309287249
2142 6.302867679182304
2143 5.051578056931382
2144 3.164414887160067
2145 1.4776552070283437
2146 0.40664525166692306
2147 0.0006578150515020617
2148 0.036204704429305214
2149 0.22773867907862477
2150 0.36927199875010674
2151 0.5583754649565589
2152 1.2980560935921606
2153 2.052596246256514
2154 2.749209237103451
2155 2.896748416083816
2156 4.040260226186625
2157 6.947034028564908
2158 8.98412020503315
2159 10.820326858843822
2160 13.066724340432765
2161 11.083191896390808
2162 11.37726243896923
2163 12.14804319963602
2164 9.202354885636503
2165 7.980981176514167
2166 13.444895249760624
2167 13.384105100709089
2168 14.759086487822593
2169 13.493307011514814
2170 17.14465690910808
2171 12.387340089109236
2172 16.183700346278012
2173 25.019638773587484
2174 20.6189166333246
2175 9.062059606199899
2176 4.796202496938536
2177 2.229777942594798
2178 3.1546990148732594
2179 5.355812812698706
2180 9.354731459075493
2181 14.017616208365832
2182 19.838482432141
2183 23.597459911835713
2184 22.794640711900875
2185 22.54198155686973
2186 20.739761708277364
2187 23.226356039202685
2188 26.608010867575285
2189 37.010002798914805
2190 38.37612689828685
2191 36.669388003411825
2192 41.11955813055073
2193 46.10088865873857
2194 42.43155569561947
2195 31.957162931683413
2196 23.78461931802064
2197 21.53996004296634
2198 21.046715317184127
2199 21.88163701973284
2200 17.86185284303727
2201 15.709021395945351
2202 14.472715471674091
2203 14.337956158222868
2204 12.847681079280532
2205 10.1606172034178
2206 6.88210456655637
2207 4.832038094216065
2208 3.2587228632323635
2209 2.5536280076328053
2210 1.6196300027426893
2211 0.20119684444686442
2212 0.0007952189410198407
2213 0.12170765868112908
2214 0.10587869461143418
2215 0.7269435319752255
2216 1.5592516157516225
2217 2.4915784164472607
2218 2.8856071977824818
2219 4.469000369339035
2220 5.674293541010324
2221 9.567626344967197
2222 10.204832899381602
2223 11.681083196691873
2224 12.640621547606145
2225 13.62232890979361
2226 14.228783553030846
2227 17.313020632027513
2228 15.093732166951463
2229 12.733015807313409
2230 12.963540496298691
2231 12.625501741613393
2232 13.403479502764505
2233 11.22497931847411
2234 15.346689245374417
2235 13.136173017316422
2236 18.206317904289
2237 24.15077886661009
2238 15.063805297151838
2239 6.8340350511567785
2240 2.7132184874756327
2241 2.5831778648998265
2242 3.2762691543728675
2243 5.187836249875859
2244 9.574130039588512
2245 13.854510055681773
2246 20.142686228847413
2247 23.702195375673487
2248 23.783710039044863
2249 23.196078234083494
2250 20.00840867697848
2251 22.05099471969233
2252 28.85259557471911
2253 36.465412830361544
2254 39.65201553260676
2255 38.54572323523969
2256 37.77776612768389
2257 38.59015584692487
2258 40.700666560135815
2259 33.915618979024046
2260 27.22971577036247
2261 21.62282082997275
2262 19.802917320761154
2263 17.920315412783047
2264 15.751704625063452
2265 14.207961926193905
2266 12.956679267862638
2267 14.1435221957492
2268 11.755620391121687
2269 9.134008934169401
2270 5.50862759468337
2271 3.900451822878191
2272 2.9356139511406267
2273 2.600489379398897
2274 2.1566310197890197
2275 0.6341250163992371
2276 0.09229685319168669
2277 0.03666148657072954
2278 0.009052858140908619
2279 0.12886616777392457
2280 0.71337291462822
2281 2.2450723487163935
2282 2.832271969249568
2283 4.087037120690173
2284 6.464745973987301
2285 9.883406885069258
2286 11.906357762488705
2287 10.428042545913753
2288 12.390830638246136
2289 13.559930432524126
2290 14.076438498940776
2291 17.40036909452919
2292 18.075434916810316
2293 18.48290589506894
2294 12.796099186205563
2295 8.851885232729547
2296 9.433138217703412
2297 8.873592672952487
2298 13.137114078013925
2299 14.92784695606304
2300 19.819890624554954
2301 20.414892451995403
2302 11.822401428829137
2303 6.57993266010853
2304 2.7875117302445247
2305 3.4911905487816206
2306 3.6616280932185026
2307 4.534850571387661
2308 7.54024095215786
2309 12.854085659440772
2310 18.980627570138935
2311 22.119654602951485
2312 23.20458082990255
2313 21.715297092625864
2314 18.37690896947903
2315 22.104703647062333
2316 27.425309517202642
2317 37.550031821946334
2318 41.78567957630837
2319 40.79970527554309
2320 45.31451250930962
2321 45.99845636561355
2322 44.425852812906705
2323 37.294727653779724
2324 29.96268477094556
2325 23.951184496095326
2326 18.47356180506087
2327 17.182455934017053
2328 14.762268071020403
2329 14.095224952237675
2330 13.115767331836672
2331 12.130905479044458
2332 10.489251218087318
2333 9.89445615825317
2334 7.350078230591051
2335 3.9529110528063613
2336 2.892831019206217
2337 3.582359139029742
2338 2.493530620922537
2339 1.0788782365421963
2340 0.8312650947875093
2341 0.8576609618973801
2342 0.47976410768171307
2343 0.016333463819166904
2344 0.5546880464531436
2345 1.985147920260351
2346 3.113213730754757
2347 5.056053754247442
2348 8.545163234875453
2349 8.392251667625144
2350 11.816340913899468
2351 12.340601626662705
2352 13.683426572170118
2353 13.137842500591677
2354 14.708666565728203
2355 19.978435025253116
2356 21.194855627533922
2357 18.280549388523024
2358 12.484018090487828
2359 10.142833914145827
2360 7.870416307256239
2361 10.1617741125887
2362 16.335491861743424
2363 17.61056587902036
2364 20.808087120393715
2365 15.302235151254482
2366 8.962264516021175
2367 5.241791949970641
2368 2.097829160924439
2369 3.02741559077765
2370 4.390596615592816
2371 4.863806959912912
2372 7.74932651656373
2373 12.667193780041321
2374 17.013680842428997
2375 20.98381595488721
2376 22.5268956969624
2377 21.53340410080276
2378 18.98842866555953
2379 20.885028434669678
2380 27.088532577706463
2381 39.673362287001446
2382 44.86898639943558
2383 43.640161396375014
2384 46.70489321994429
2385 47.79793640951814
2386 44.432290964533415
2387 37.015412066751004
2388 31.065986082399707
2389 22.503145309179118
2390 14.26899395663124
2391 12.994254577057088
2392 12.085017529415428
2393 12.146307953955294
2394 10.642777726484672
2395 11.544830874603866
2396 11.328072359308432
2397 9.638946634653879
2398 7.761860717506523
2399 4.800241602854341
2400 3.846934037577641
2401 4.01236920977837
2402 3.3055183492998017
2403 1.6132701470603505
2404 1.866401312297565
2405 2.4256905920138134
2406 1.0437942492821168
2407 0.2597349721187026
2408 0.022772523701000132
2409 0.37618299754817164
2410 2.0454710440941226
2411 3.566494577957289
2412 7.116470750375357
2413 8.9329870440095
2414 11.368323674312098
2415 12.846215121676453
2416 15.036782096641273
2417 15.338667888664544
2418 20.424673305878912
2419 25.005114660350007
2420 27.380396427862927
2421 25.204803531383483
2422 17.068487204542606
2423 15.76177675979185
2424 14.374119943259037
2425 14.578700950752369
2426 14.766835169981487
2427 17.362850840957165
2428 16.987821382220453
2429 10.638117704921402
2430 5.960937606375379
2431 3.687788595855095
2432 0.6781258436947709
2433 1.695771833807906
2434 3.7633876388378633
2435 4.830797190377904
2436 8.668490603385985
2437 13.47588091891882
2438 16.651583154782262
2439 21.240579236491783
2440 24.904887386176476
2441 24.255563210384214
2442 21.100318211027897
2443 22.44124574188454
2444 28.763735449727264
2445 36.63994265936695
2446 41.237474823463415
2447 45.14469267728069
2448 51.1026416911526
2449 43.28345851194112
2450 38.75220670838497
2451 32.377807300384056
2452 27.925551457886066
2453 18.578493032717677
2454 10.974872517384789
2455 9.358608894118609
2456 8.496153179752696
2457 9.157440135895902
2458 9.529710613503049
2459 9.909297676898637
2460 8.04432802187538
2461 7.92363184270572
2462 7.853120792217403
2463 6.221154457741778
2464 3.5506970449899704
2465 3.685577520016665
2466 3.0315310509799556
2467 3.155673204286002
2468 2.928963224137129
2469 2.3472390043646683
2470 0.9444740992686607
2471 0.10673304060471538
2472 0.04213464213503803
2473 0.04902196253635635
2474 0.777246535106024
2475 3.2117708112350973
2476 7.008055598323582
2477 9.275499521184312
2478 12.731090118574174
2479 14.320324463835847
2480 16.290368492020246
2481 22.96772852823703
2482 29.051136491602463
2483 29.01943850066322
2484 26.971641803758015
2485 27.370915708023425
2486 20.578212669232496
2487 22.734764695930334
2488 17.117826342647486
2489 16.074178499738665
2490 12.92417219194529
2491 12.729743253654686
2492 12.594233369369661
2493 7.552425576521901
2494 3.751098379580124
2495 2.5234218545929448
2496 0.420018743612759
2497 1.5621251476780482
2498 5.1658041427595665
2499 6.264716057959408
2500 10.560854213469705
2501 14.723943162271771
2502 18.747887875262293
2503 20.19607686494885
2504 23.0963469126908
2505 25.54383979797903
2506 23.651887980687633
2507 21.724052175088854
2508 30.257082025815933
2509 33.59683374765408
2510 47.99549029495125
2511 51.137266367811755
2512 54.764315045877886
2513 52.62103159783123
2514 36.462627419690186
2515 26.764307924653483
2516 25.52670084562364
2517 18.4315553757974
2518 9.7775170397266
2519 6.769482891758284
2520 7.718244675332766
2521 9.91509058753949
2522 9.099018943488902
2523 8.29548465411072
2524 8.623337115080227
2525 10.417325850314409
2526 12.55184721123773
2527 7.5448165243951815
2528 4.956526094182501
2529 3.7195169828769528
2530 5.416779474554841
2531 6.283755594864142
2532 7.738338650075149
2533 5.593656125182458
2534 3.389000946111489
2535 2.1525326199592025
2536 0.2660322252041506
2537 0.00021290801827958283
2538 0.48233134940256595
2539 4.115398691971436
2540 8.282684113688369
2541 8.26391804045488
2542 12.542488327639202
2543 16.357188976882206
2544 20.427399735343347
2545 28.14380596653015
2546 30.405949329825933
2547 29.69595498503532
2548 24.41739643251624
2549 25.149866278590217
2550 26.399566144221676
2551 24.115756132774596
2552 22.298843260144945
2553 16.114318902900852
2554 13.131937908030658
2555 12.013163849101845
2556 10.52226846571975
2557 7.691296941045828
2558 4.563500252245728
2559 2.529352656512321
2560 0.028754143975459497
2561 0.9643073326505717
2562 5.701216908740552
2563 7.136120641455594
2564 10.431891786940938
2565 14.81262865967469
2566 19.136712861756024
2567 19.33928374537836
2568 21.91350641943404
2569 25.755475973067174
2570 25.01247347219599
2571 23.17704317546062
2572 27.877238953688646
2573 33.94430276335501
2574 52.67420589936544
2575 56.8637313222294
2576 55.01931781992481
2577 48.21278409835685
2578 36.47858658340333
2579 28.153845718548467
2580 22.20810772839746
2581 15.058188973627113
2582 8.839084266066186
2583 6.454658053849927
2584 5.142996309658469
2585 6.346173181009855
2586 6.535059168889634
2587 7.0605659655657815
2588 8.40923667052657
2589 9.9308368522172
2590 11.050451306766128
2591 8.423879437718696
2592 5.721107333897463
2593 8.471097472020142
2594 8.755687020009278
2595 10.087517836087631
2596 10.54070180682833
2597 7.29071184091336
2598 4.7490352447960955
2599 4.639293345976046
2600 1.3663640428249273
2601 0.00035718589618023217
2602 0.015382826521988658
2603 1.790607885205579
2604 7.340727866931341
2605 7.650314384568637
2606 10.864552432707459
2607 16.898258620681798
2608 20.720118412069542
2609 27.936969776425748
2610 26.61648955715603
2611 28.932886559778666
2612 22.315638324084816
2613 22.616548222479974
2614 19.10881334803865
2615 16.636281667193888
2616 19.800298944213385
2617 17.822607157192568
2618 14.242048705223086
2619 11.835825907841704
2620 10.05372703881504
2621 6.775919163950288
2622 5.289283769007078
2623 3.116854849263384
2624 0.006898138737501774
2625 0.33373801220731486
2626 3.0978690953096395
2627 6.633517346268138
2628 10.915939950926303
2629 14.495707085420847
2630 17.89153130315867
2631 20.11829430644326
2632 21.095961269153552
2633 22.77288972571875
2634 23.297483587057275
2635 25.384058723481488
2636 27.346356669584818
2637 37.620419028858294
2638 51.3018335772503
2639 51.89753742290497
2640 48.7577463285208
2641 37.9030554204591
2642 30.922528448218088
2643 24.72415977900358
2644 18.970841666307404
2645 12.147294772497002
2646 7.202961435477855
2647 5.4431652599913205
2648 3.8565782182675883
2649 5.089927753933195
2650 5.619776440569649
2651 6.442463530279441
2652 6.947614627346455
2653 7.205190391773324
2654 10.397869074379996
2655 10.028813151592205
2656 11.018024979512347
2657 15.200218635779915
2658 16.552258465180802
2659 13.356143293214835
2660 11.80465959055588
2661 7.082329219050725
2662 5.7093564310320435
2663 3.893764255349802
2664 3.1675633436777932
2665 0.35351658562501015
2666 0.128739505684886
2667 0.2679353262318676
2668 3.9740847181685623
2669 7.5401018569526315
2670 10.538317914387598
2671 14.647192828846178
2672 17.833117765631187
2673 19.965134093020048
2674 22.755696874150168
2675 22.827658760063116
2676 17.469246168809555
2677 18.430256608629595
2678 15.758016078131282
2679 15.45591201998843
2680 13.36447145567419
2681 14.750104954597264
2682 13.968502608083918
2683 14.061258864614667
2684 9.223518573317978
2685 6.800484368021338
2686 7.210734772464649
2687 4.923557472617649
2688 0.37729881815473965
2689 0.0024955908149630474
2690 1.5471066188884413
2691 5.347995051470038
2692 11.471212551184347
2693 13.544309864631211
2694 14.753311651311263
2695 16.046733914323525
2696 16.415300086146665
2697 19.89103571235081
2698 21.4204331544391
2699 22.456630518617494
2700 29.022811573119746
2701 34.62077955673858
2702 44.18009782853244
2703 45.45483446188492
2704 40.7248421330787
2705 33.01126377176061
2706 25.46296243730067
2707 21.08638660899655
2708 18.831680152272863
2709 12.522278145732132
2710 6.594666449689214
2711 4.17186921839026
2712 2.648029834862322
2713 3.6458361478312904
2714 4.463029752012025
2715 3.822426906040829
2716 5.182621270977069
2717 7.711689211332886
2718 10.184265499922443
2719 10.456944252986228
2720 10.857355914984153
2721 14.606119290329467
2722 19.393238448550655
2723 20.05216903884949
2724 14.602793434797869
2725 10.826602431976749
2726 8.50964717432433
2727 3.2123438613420436
2728 3.29062936815922
2729 0.6573765005253616
2730 0.10128435262366185
2731 0.37629019916629425
2732 3.8766902792031566
2733 6.580687920439628
2734 8.399781302282483
2735 11.609476237920797
2736 14.568486891141212
2737 14.785127489358967
2738 16.451103602091592
2739 15.380626512676255
2740 16.29252973832211
2741 16.245053213230925
2742 14.427663977702492
2743 15.533444338308103
2744 12.151180422701547
2745 13.36477570485644
2746 15.446007823000729
2747 11.971613136279295
2748 8.216856275863249
2749 7.201559884921153
2750 6.790794880777049
2751 3.628123509376741
2752 0.743531301056087
2753 0.20471433746989817
2754 0.2798202355211131
2755 3.107590778946379
2756 9.448819918564386
2757 10.660806377771257
2758 9.855996253611655
2759 12.24086314423705
2760 15.003316828616267
2761 16.531677830954646
2762 17.3734539016251
2763 20.619108410598205
2764 27.015713159693135
2765 32.09098012571478
2766 39.90919060700648
2767 40.3395394631337
2768 36.22847567477589
2769 33.04087589639718
2770 25.718239444374007
2771 20.680730848852345
2772 17.028261348248368
2773 12.622774193966249
2774 7.9324375022357465
2775 4.452012917491725
2776 2.533109492290576
2777 1.9957739276660367
2778 4.09780573198122
2779 4.337187453572288
2780 4.937947315221023
2781 6.596907321316227
2782 8.77061136403981
2783 12.785223896628203
2784 12.970734835045125
2785 13.700018409425665
2786 20.611587547133148
2787 24.248402191830753
2788 20.5137892477875
2789 15.847224796577542
2790 10.721873333008753
2791 4.503543729532653
2792 3.2825298250369555
2793 0.5716245227788573
2794 0.029907748549657644
2795 0.42964434218778974
2796 2.8871133588789584
2797 5.488958796224142
2798 7.209237755421792
2799 10.77979842222876
2800 11.830925902513144
2801 10.774425371685918
2802 10.204100192667106
2803 9.71752394559994
2804 11.114373611689382
2805 12.177411543763586
2806 12.859105486043518
2807 14.448366959088819
2808 12.865949392062367
2809 14.397247636001355
2810 14.507143619907142
2811 11.23053583792294
2812 8.247515624889747
2813 6.546082017963793
2814 4.4263391227327125
2815 2.2908962358662164
2816 0.9293213537852526
2817 0.6316407064339993
2818 0.06074833510129321
2819 1.517123079403236
2820 5.588578916740254
2821 9.690749802610675
2822 8.245025018379046
2823 8.673712451795797
2824 10.396656176655865
2825 11.467922028002603
2826 13.659211704024175
2827 17.278940606320084
2828 22.750209379840374
2829 30.117638772837203
2830 37.94766647749134
2831 34.69939128641606
2832 33.171510717692115
2833 33.109159422734294
2834 26.768861591307115
2835 21.69015776594193
2836 16.70825817195766
2837 12.350594635700887
2838 8.690162040246504
2839 4.747024433712805
2840 3.1214461120641324
2841 1.0592024730409602
2842 2.8266815423710936
2843 5.416940404762501
2844 4.207483032971399
2845 6.619650437690764
2846 8.276453550029506
2847 13.612228319329551
2848 15.318158194115789
2849 14.679805967192639
2850 18.578985875207916
2851 20.287399735890926
2852 21.125659763195507
2853 13.520620909838854
2854 8.72634170169194
2855 2.6807287735944567
2856 1.9101459423800995
2857 0.1044443686762076
2858 0.1153719473889418
2859 0.29617919651263336
2860 1.1996148282143866
2861 2.958520969807274
2862 5.016356666575397
2863 7.499856528865226
2864 7.202144075739227
2865 9.666139031590436
2866 7.626486924991434
2867 7.502771039611676
2868 8.89831242469683
2869 8.341411340433044
2870 10.43166109920246
2871 12.452103568379915
2872 14.225154815900362
2873 15.378892344526475
2874 12.6486938044876
2875 9.090668921515148
2876 5.944301376023812
2877 5.036254809674472
2878 3.157602159846143
2879 2.4837936095033566
2880 0.7876804421131476
2881 0.14385901502754195
2882 0.4247005969741171
2883 1.122925033264369
2884 4.514305467066806
2885 6.40315296455414
2886 6.282969479058676
2887 7.529993927102235
2888 8.810285584787989
2889 7.413119940783118
2890 8.084574839205743
2891 11.849706424572013
2892 21.92348057996462
2893 25.20441719989563
2894 29.040334474088215
2895 29.37470548248788
2896 28.747249995291064
2897 31.385453293618152
2898 26.023971070699613
2899 21.650084469646874
2900 18.38815884696466
2901 13.65570720670971
2902 9.00509440126205
2903 7.034815458933028
2904 3.2410578918155926
2905 1.4190962411091446
2906 3.8945805306472785
2907 5.07267482930057
2908 7.287393672604876
2909 10.618681353212436
2910 11.252141969209376
2911 13.815036136947533
2912 14.269167781864208
2913 18.39137910043551
2914 19.5265969150081
2915 13.497325899686263
2916 14.757384872800246
2917 8.46662315180949
2918 4.735796498802793
2919 1.4460547400793058
2920 0.9950295613322329
2921 0.0028865865041620407
2922 0.17636113058985264
2923 0.11496446311502377
2924 0.9167328920126031
2925 1.9952659422999037
2926 3.620408845663553
2927 4.782800347472591
2928 4.5745196129017645
2929 5.956711100511806
2930 8.003844691201978
2931 8.690891038868573
2932 10.41220256718181
2933 10.187579699103008
2934 12.238899066549985
2935 15.549638447047949
2936 14.221482918256063
2937 14.859510483232352
2938 10.815100238861723
2939 6.131331987923155
2940 3.4416641564380037
2941 2.1240374667083373
2942 2.2219977482473787
2943 2.610586523008395
2944 0.3375503682787929
2945 0.006598646755594657
2946 0.43283808673066193
2947 0.9505824295560095
2948 3.147572664095313
2949 4.735366546098418
2950 4.595757844993641
2951 7.022856190931478
2952 8.30618267525525
2953 6.571294592073995
2954 7.385635957132488
2955 10.481140973523026
2956 15.586730056883933
2957 21.95766138527894
2958 26.094333523462527
2959 23.741965720199477
2960 22.393629443153902
2961 26.205951921123244
2962 22.49987717206061
2963 22.315753605082147
2964 16.33560491769467
2965 11.030941882346399
2966 11.691499348771528
2967 8.175986983186604
2968 4.337568688476332
2969 3.2159870230384637
2970 3.3687983760805986
2971 4.541265894277167
2972 9.60696769543566
2973 11.254290245071271
2974 9.500828330160095
2975 11.430492628561563
2976 12.611964502525495
2977 17.812886527480842
2978 17.88270499322436
2979 12.975908166614929
2980 9.792017745488792
2981 9.2302382193171
2982 4.167830168449643
2983 1.1730808720111188
2984 0.6797651395382496
2985 0.01615199453697411
2986 0.3171013634948638
2987 0.18369531177508924
2988 1.247148752248476
2989 2.030777008838896
2990 2.6855930449896612
2991 3.0736473228212726
2992 3.920214864891716
2993 6.948931569754621
2994 9.405973765316999
2995 11.016312915891149
2996 14.205640634950804
2997 15.084055661851984
2998 13.549144831387844
2999 17.860788544024523
3000 15.49827625479498
3001 12.403250696964172
3002 8.820279230081994
3003 3.8550387141596696
3004 2.370150548758543
3005 1.967338967333264
3006 2.6840116253292132
3007 2.8053796826878226
3008 0.0415646635850395
3009 0.06458263536980295
3010 0.522826404915672
3011 1.4262573512487966
3012 2.0934649098809652
3013 2.9885594919477048
3014 3.040095653103417
3015 4.560584690898277
3016 5.026406866962462
3017 6.369297501451923
3018 10.180596959292876
3019 13.125956556567601
3020 16.213188229475392
3021 16.659000700191278
3022 18.400803470695553
3023 16.874955410102668
3024 17.80172945671017
3025 16.217689128183274
3026 14.89478328187851
3027 15.475418299487274
3028 11.114046834541217
3029 7.4089543275549135
3030 8.225135367618408
3031 4.760955846688894
3032 5.000885729617786
3033 3.0850946891800484
3034 2.242497781993119
3035 4.096857306253435
3036 6.702322442837168
3037 6.124544861006565
3038 4.941427836915742
3039 7.112519284722577
3040 10.86313694448794
3041 15.96272756557519
3042 15.388474623031085
3043 10.169808541827079
3044 5.727486680002518
3045 4.972230149415614
3046 1.7820725645703548
3047 1.1829700771286247
3048 0.5169464704976907
3049 0.5660141099792209
3050 0.3320516603129842
3051 0.0031347924697227754
3052 0.6204939945584182
3053 1.7145487136363802
3054 2.6058810430842136
3055 4.038542110100531
3056 6.077938699692918
3057 8.600994823347465
3058 10.625034141383917
3059 13.6995817320037
3060 12.80149539659091
3061 15.993252911863989
3062 13.488319155545343
3063 14.301763226009474
3064 13.14737318511948
3065 9.67850108736243
3066 5.268181185025701
3067 5.12580897230627
3068 3.052994074868391
3069 2.576461136211257
3070 4.513912066967337
3071 2.9630518160671
3072 0.05461429733303678
3073 0.023997495429963833
3074 0.2432546832486979
3075 1.1647921083449646
3076 2.1288957384310705
3077 2.8465055124824734
3078 2.9930897101831175
3079 3.7893188847175523
3080 4.16285717116184
3081 8.859039011003478
3082 14.476903106197252
3083 16.68975410098609
3084 15.196720160145846
3085 11.649303196619067
3086 9.551328188041916
3087 9.41193346153027
3088 9.555890394661953
3089 9.089996236366872
3090 9.343131205984427
3091 6.8624230120337835
3092 4.860215845055618
3093 3.768272005128917
3094 3.7708766579916233
3095 3.2143623298688486
3096 4.100923880593584
3097 1.9781773881068714
3098 2.5607739846867594
3099 2.355675943425628
3100 2.7888649303452273
3101 2.9091098223493113
3102 2.0358219332003085
3103 2.9995955242362773
3104 5.665909740556544
3105 6.827471084856587
3106 6.963717099711929
3107 5.236217881505414
3108 4.971759456939463
3109 1.684441074338335
3110 1.0508302166803285
3111 0.9470948495151442
3112 0.8404315400999034
3113 0.4860680020352527
3114 0.23895491903271282
3115 0.01739802531675011
3116 0.053537077654945926
3117 0.4759128366776766
3118 1.4329834411685558
3119 3.704309424201491
3120 6.136151720821369
3121 7.040971855065494
3122 9.613008652705389
3123 13.156219103911974
3124 14.50553772597981
3125 16.597272760264648
3126 11.09602181277116
3127 11.555466062222207
3128 9.761164614941572
3129 7.245896825461338
3130 4.571398607478005
3131 4.305222947634749
3132 3.056716915847458
3133 2.8048523246975927
3134 3.618374433528607
3135 2.881175903505157
3136 0.5329677958497282
3137 0.0826782413952713
3138 0.16140948287741674
3139 1.0844062161082253
3140 1.5407319639400212
3141 2.3592344612216825
3142 2.849748425132803
3143 2.6331551847748433
3144 5.435228730686801
3145 12.171882754028301
3146 15.669134764013199
3147 14.783496185239432
3148 11.52204596297197
3149 8.02078815919586
3150 5.835784201843643
3151 4.878032385698093
3152 4.069422204719552
3153 6.602955314679569
3154 6.6226533663830836
3155 4.909960610538072
3156 3.4734902204678555
3157 2.832995134199105
3158 4.010852449027394
3159 5.953775492457734
3160 4.3025562178070995
3161 2.7258807902637705
3162 3.127197101135038
3163 2.779572238458942
3164 2.28703820913637
3165 3.0116755991825492
3166 2.8856554729737525
3167 4.396610697421544
3168 5.977876561274238
3169 6.563732838645726
3170 5.860110652710595
3171 6.426217136451642
3172 3.246358484903237
3173 0.8993020582741068
3174 1.4349957411174905
3175 1.0170054983527448
3176 0.3814241795805098
3177 0.12437981908215248
3178 0.0784363977998635
3179 0.0007906380523759491
3180 0.006147861486524787
3181 0.011485156950815234
3182 0.5385695956533156
3183 2.0191498501991396
3184 3.4911299430379525
3185 3.783539426807765
3186 6.559113650143507
3187 10.685118593772971
3188 12.6666284032396
3189 13.799385632109594
3190 9.502598132105245
3191 8.028174734061846
3192 5.872696958519149
3193 4.43184062268301
3194 5.370918441925774
3195 2.988914388716548
3196 2.1987615602907007
3197 2.5050216307462354
3198 2.3098658270856642
3199 1.45582631382439
3200 0.6084636856971669
3201 0.246520305346622
3202 0.02985058889449682
3203 0.7733055790333253
3204 0.6943792242877463
3205 1.3497568043785058
3206 3.241901655297442
3207 3.957556319371794
3208 7.067718039710252
3209 13.471761205350628
3210 12.033161147273507
3211 10.067135086081572
3212 7.147795854786346
3213 5.523363516989091
3214 2.7832889589869243
3215 1.0956271071739534
3216 0.36273385837749045
3217 1.5890327568903693
3218 2.072333224092478
3219 2.073699862826267
3220 1.1421017898451549
3221 1.6957369444891028
3222 2.9663444643039423
3223 3.0134314549183077
3224 3.4350015620175327
3225 3.814762321493201
3226 2.554028582858757
3227 3.0316331355523456
3228 3.0522613680154174
3229 2.4975964956388212
3230 2.7692203572539342
3231 2.6272616831322915
3232 2.822326622212495
3233 3.3371718152388783
3234 2.502845215900885
3235 3.0146388412941194
3236 1.5137213531352038
3237 0.4591829549327466
3238 0.18502846932917502
3239 0.10670066238366759
3240 0.12655849072296294
3241 0.2342001289703438
3242 0.2992854303989349
3243 0.11617199082442126
3244 0.023752284041060667
3245 0.0014393730909262744
3246 0.2940229025790514
3247 0.6423599602253826
3248 1.0628973409199964
3249 1.1961105517312405
3250 2.6755046656468178
3251 5.112153194936038
3252 7.095074086977206
3253 8.606502577089211
3254 8.14738375540944
3255 5.651586132102475
3256 3.686492667966099
3257 4.259046953142653
3258 4.210405096550509
3259 3.0396642660169677
3260 2.9188206636614904
3261 3.802143997259163
3262 2.5683426254493984
3263 1.6089425071896515
3264 0.6060493025093777
3265 0.13712931942182655
3266 0.007877377670600214
3267 0.030700476512621963
3268 0.3033557305026744
3269 1.200837819090355
3270 3.8057700505494294
3271 6.2944672634920265
3272 9.273841176681826
3273 12.359905262046317
3274 10.380573537603198
3275 7.347705646981527
3276 4.028911391641733
3277 2.2741288435578837
3278 1.3937860624429892
3279 0.3389991732359029
3280 0.0014908220253153487
3281 0.0694297960191405
3282 0.0166704932934327
3283 0.03197077083350964
3284 0.014792079008751312
3285 0.001710134938856175
3286 0.2531203818052217
3287 0.5706186311956097
3288 1.3857949678568027
3289 1.8569328651414214
3290 2.0421948959318263
3291 3.1322066030949953
3292 3.299645067552481
3293 2.8046050949340326
3294 2.300157377887678
3295 2.7675474115246446
3296 4.265063868421391
3297 3.9671307648988097
3298 2.6973122247906813
3299 1.6963225842502545
3300 1.0214005464530964
3301 0.4025440147019003
3302 0.31365733014131997
3303 0.02182521365774064
3304 0.13163024094886577
3305 0.11111183113996598
3306 0.16886676941877216
3307 0.12332869494491643
3308 0.05687044228293484
3309 0.048004756400741
3310 0.01750058530647609
3311 0.0757098647542581
3312 0.15864001710523468
3313 0.20439546282086277
3314 1.035622954521508
3315 3.4439006198024456
3316 6.211730139983307
3317 6.277985507408746
3318 6.462860657267232
3319 5.338314858106029
3320 6.27860425198618
3321 6.132689179360734
3322 5.100216981766414
3323 3.8577109070029416
3324 5.023967092512832
3325 3.806804189881636
3326 2.658387728387147
3327 1.9513073978099718
3328 0.6317035749580181
3329 0.21746224000428985
3330 0.12476805272424715
3331 0.03841694330449522
3332 0.22173971059771322
3333 1.471888377098161
3334 4.226375815517397
3335 8.042969162542732
3336 9.785458641259165
3337 7.945788636880369
3338 8.106286955490969
3339 6.204196991534046
3340 3.184781003846251
3341 1.2158059593607258
3342 0.724938112656121
3343 0.016426077383412067
3344 0.1182481897311544
3345 0.18576052365356774
3346 0.09874027227858322
3347 0.05567608384806731
3348 0.052636554446309276
3349 0.01379991651157402
3350 0.0007122220294614593
3351 0.029218103265584085
3352 0.8982480935652833
3353 0.8844925662246574
3354 2.1197397228219006
3355 3.4955642211732547
3356 2.756897551965962
3357 4.303380706607496
3358 3.6313798279909153
3359 4.6532512535051085
3360 3.80720769531356
3361 3.549879975198589
3362 3.267146901494809
3363 2.770443198417256
3364 1.7909174741143812
3365 0.8872401489720542
3366 0.4335632676804989
3367 0.21076302540882877
3368 0.05881246370145732
3369 0.01178028023311019
3370 0.025598909893145377
3371 0.009654639335347588
3372 0.08790262775748679
3373 0.0018147144065884075
3374 0.00038783142156350475
3375 0.204913778284347
3376 1.7017774836245444e-06
3377 0.1848921235272129
3378 0.8847939267477597
3379 1.7782833532044469
3380 3.445417583612179
3381 4.663618469849165
3382 4.4280749625809825
3383 5.389516079576983
3384 7.574479554263489
3385 7.136863256739044
3386 4.538662380276517
3387 2.926363219357015
3388 3.178459861891545
3389 4.234309431394758
3390 4.270970225205142
3391 2.3117090137683247
3392 0.978684859328985
3393 0.4722168944936555
3394 0.29622541571998173
3395 0.027344577356443658
3396 0.25336631456321185
3397 0.9689922616656337
3398 3.218676996568755
3399 6.197964803630694
3400 3.9438366593383356
3401 3.4430062275706854
3402 3.235982515398361
3403 3.513090077541389
3404 3.3062436040340333
3405 1.021696561687951
3406 0.1989152712516892
3407 0.040219372737076924
3408 0.09314852955721539
3409 0.19806481401441867
3410 0.30391407914478985
3411 0.13390888572861864
3412 0.09902465574697034
3413 0.02348775542270095
3414 0.004995950131066018
3415 0.3299866579842721
3416 0.9143462038200811
3417 0.5915738745305548
3418 1.8206960691529497
3419 2.588814469219619
3420 5.453280022299587
3421 6.209838295510761
3422 5.165218232832189
3423 3.2659396332641815
3424 3.1018538866229504
3425 3.0519393201955918
3426 3.4229469428015213
3427 2.9080673823056906
3428 1.5061894798787434
3429 0.8439854410991612
3430 0.7903352868568035
3431 0.642327931321369
3432 0.7886247730412327
3433 0.13563887011949152
3434 0.022493004560795015
3435 0.08613845293733567
3436 0.09710053113033185
3437 0.05412951405314394
3438 0.08961815897362954
3439 0.39463943497583404
3440 0.4962119268221673
3441 0.7511797692706752
3442 1.4841489786486635
3443 1.1926165570133869
3444 2.292869851164692
3445 4.473611094640229
3446 3.6992275600129947
3447 4.973913135491383
3448 7.967923638194921
3449 5.187245571826688
3450 4.712869076046375
3451 3.248141604682356
3452 2.9685698547855406
3453 4.33094663224165
3454 4.669591186989459
3455 3.3331996792301437
3456 1.2173212802948008
3457 0.6727182781156362
3458 0.08762614342890435
3459 0.008305806190592695
3460 0.09994367784871863
3461 0.5142265816403155
3462 3.0668365473969397
3463 5.2644516489875475
3464 2.653682367874912
3465 1.5179440762984953
3466 1.4899361962768407
3467 2.1024424141661453
3468 1.8326270711527428
3469 0.9781962375202373
3470 0.17775936457886968
3471 0.0619591163822171
3472 0.024435709768372466
3473 0.07275194874616436
3474 0.23409698821135663
3475 0.08071037473710933
3476 0.14222482757118052
3477 0.4246251585092878
3478 0.03898674515672313
3479 1.0982199472524998
3480 1.235754990376083
3481 1.7522565631614992
3482 2.6560100992768105
3483 3.9495424177435687
3484 6.119243889181987
3485 5.532841508626021
3486 4.3436369852364605
3487 3.2121509188990167
3488 2.695702956072425
3489 2.788124923578345
3490 3.4480695554186402
3491 3.3139980924732293
3492 3.316323448084429
3493 3.4141255735108227
3494 2.7195646642844626
3495 2.4147861433033624
3496 1.8743085507498785
3497 1.560836015588022
3498 1.0908192479916774
3499 0.7932647990353373
3500 0.02377805636693814
3501 0.00017554149387712995
3502 0.13323205467428412
3503 0.6386853492081438
3504 1.1750426575701745
3505 0.6628886884037644
3506 0.7042093734046262
3507 0.7433173487745129
3508 2.378460021414099
3509 4.64605819867153
3510 4.264880136908881
3511 6.04402369454284
3512 5.478496651980029
3513 4.7748285305865545
3514 3.7369563805836665
3515 3.2098860540421237
3516 2.301522215659482
3517 3.2977355142007347
3518 3.617258022292893
3519 2.0631565978190984
3520 1.0663461110504633
3521 0.7339811373912769
3522 0.5223240851659722
3523 0.08124165282612594
3524 0.0011605761470026114
3525 0.5299340407431335
3526 1.9409036275285836
3527 2.3025932635185735
3528 1.1980271232667605
3529 0.6549997303743917
3530 0.6347050491431983
3531 0.7983152663762576
3532 0.733528556878983
3533 0.3613307172674118
3534 0.09234410442163757
3535 0.056325004553310035
3536 0.19148222716031368
3537 0.23126222143108052
3538 0.14592263168077652
3539 0.14985944275445937
3540 0.10828769819883415
3541 0.21867624680908743
3542 0.2611229908156436
3543 1.1032795081721511
3544 1.0888325924638673
3545 1.761047632363189
3546 2.5043859382857563
3547 3.392481820632775
3548 5.3751918431778725
3549 5.861359090531501
3550 5.45770182863535
3551 3.7855245813805056
3552 2.322185812395732
3553 3.058674416700351
3554 3.6845103666501267
3555 4.306395583414107
3556 5.945495482240815
3557 6.812241844831993
3558 6.514145000077122
3559 3.6094898393078747
3560 2.749417815122831
3561 2.285906644942476
3562 1.6530606178312788
3563 1.0535447998917582
3564 0.16663447810523788
3565 0.030473749353022564
3566 0.00018885916455306425
3567 0.11634546894143034
3568 0.7034148594053603
3569 0.5572276599250344
3570 0.5592806087351267
3571 0.9290367660934019
3572 2.2736101101489683
3573 5.047188923662325
3574 4.325483309056206
3575 2.90578929153565
3576 1.9670044749598758
3577 4.431996846231799
3578 2.9149879648517376
3579 2.7569025807916847
3580 2.1582285070193294
3581 2.070188648205817
3582 2.7874806881838134
3583 1.3735135105610388
3584 0.9094281574755344
3585 1.112495357440819
3586 1.0725253096427225
3587 0.2711490597289516
3588 0.009625681529756593
3589 0.6993811168505697
3590 1.134249060887568
3591 0.5129229687208208
3592 0.4156950308957454
3593 0.39423451045263264
3594 0.38871729307068675
3595 0.13443897749098893
3596 0.05352677820953255
3597 0.0021036891151782274
3598 0.0009607933184075471
3599 0.012834184631383808
3600 0.20139906698035417
3601 0.37169306770352695
3602 0.18712269810146198
3603 0.20637078530758143
3604 0.017900405344726648
3605 0.07713814700187943
3606 0.07163744380255131
3607 0.4579021555897399
3608 0.8819463607465274
3609 2.4033759160537453
3610 3.0604872437603308
3611 4.476674526897527
3612 6.432931101676518
3613 7.603832289088077
3614 5.571385934566244
3615 4.6554700892202145
3616 3.7540448245767637
3617 3.685728489761225
3618 4.156633231047075
3619 5.244169333846372
3620 4.536041803430193
3621 4.951814710851075
3622 5.0095370321946175
3623 5.239842090457404
3624 4.4243748687743105
3625 3.3943671955016135
3626 2.2563459864071853
3627 1.397256207695432
3628 0.6947407447859987
3629 0.08074704649131934
3630 0.016954558964097494
3631 0.3456316754321736
3632 0.9240639005784199
3633 1.4408367071888017
3634 1.349826866932644
3635 0.5723381051389079
3636 2.673041707324884
3637 5.258793097133427
3638 3.1119270510217096
3639 1.1180733911147738
3640 1.1901505940417116
3641 2.0756328907513666
3642 3.9614605279249373
3643 1.862244713574198
3644 1.8564823462089417
3645 1.8660942911820422
3646 1.4300350962123602
3647 1.1334695588557904
3648 0.6975785772053834
3649 0.6709740876305309
3650 0.35854962269691
3651 0.29322863498939006
3652 0.11358694876968496
3653 0.9225888382263954
3654 0.641244276336147
3655 0.10356076960326038
3656 0.005922424083012668
3657 0.017116594820604535
3658 0.07063223496269624
3659 0.37198847579248656
3660 0.05368689448187377
3661 0.11218506260413273
3662 0.14969873527863764
3663 0.010702916831530447
3664 0.009635805133227402
3665 0.06501296711371073
3666 0.18985549887091357
3667 0.11254348388510174
3668 0.017060373444703056
3669 0.10153495343922307
3670 0.09864053560800651
3671 0.6040359218602194
3672 1.0670326979598757
3673 3.9751216304383656
3674 4.131546245339952
3675 4.5727878425111355
3676 5.626000320715689
3677 4.886442013751443
3678 5.13104171351845
3679 4.814489233669259
3680 3.802339522364222
3681 3.3427558758526565
3682 5.150946122763551
3683 5.447094514118564
3684 5.733139324509074
3685 4.830130171559774
3686 4.960754028106938
3687 6.492997942155732
3688 5.635498724500343
3689 5.857622992135211
3690 3.661601674202072
3691 1.3844119426491415
3692 0.4794241726882537
3693 0.11579354158660331
3694 0.0013783621280007193
3695 0.20450285244688132
3696 0.7552170373992072
3697 1.4147537018757892
3698 2.802589692714923
3699 1.1530603523574792
3700 1.9342607353347456
3701 1.6510754595038257
3702 1.7106310000401368
3703 1.4820453222130052
3704 0.8228094694600694
3705 1.1892739267241268
3706 3.0482775277581484
3707 2.420689269544899
3708 1.5786496093140363
3709 1.7997241978162872
3710 1.1409590052951029
3711 0.7912402404240686
3712 0.419988168389104
3713 0.3523146963847896
3714 0.2758069574269411
3715 0.00030224295193610604
3716 0.8360191461431404
3717 1.2816986917854296
3718 0.5524142145866221
3719 0.2673118109450406
3720 0.00037427513549738277
3721 0.0018793584457398305
3722 0.08354324583966272
3723 0.3677657946525843
3724 0.270728918595778
3725 0.3386618841368868
3726 0.16872455674058842
3727 0.013677503322348421
3728 0.01546035207368813
3729 0.04960223925546012
3730 0.09031909431871438
3731 0.11688192173286455
3732 0.22041910804356374
3733 0.28550677486386766
3734 0.26929734487125256
3735 1.2699704039565658
3736 1.5052601402448136
3737 2.856996943151872
3738 3.646069649443802
3739 2.7022196721695355
3740 4.746163667356427
3741 4.283621238290456
3742 5.353821921820137
3743 3.9050385957848928
3744 2.7047774996010334
3745 2.915513819932948
3746 4.1887491223797335
3747 5.012638155535667
3748 4.644841127648102
3749 3.841104368408475
3750 4.127543783950743
3751 4.548117068222202
3752 4.127723543668789
3753 2.909711589165478
3754 1.8788003352513705
3755 0.7960728894385986
3756 0.34622655456548906
3757 0.17399006553979413
3758 0.013984086538186105
3759 0.14555454491402925
3760 0.593427315134423
3761 1.0291815992832605
3762 1.9767436205381368
3763 1.3145650019743218
3764 1.3676934551498503
3765 1.665642724666473
3766 1.3810703812604126
3767 1.7493406004990142
3768 1.334215537582404
3769 1.1201380730723818
3770 1.590187473109904
3771 2.111306523140976
3772 2.1332491966954037
3773 2.1158512620142216
3774 1.8390543765377807
3775 0.7771568870194695
3776 0.15782286384666366
3777 0.39612608470910754
3778 0.3876578528941547
3779 0.053519825554840146
3780 0.4930552582104318
3781 1.2786321661219353
3782 0.8727106988489916
3783 0.39612180180253337
3784 0.04637270773774546
3785 0.04141844107452724
3786 0.05080997172586702
3787 0.29256031092218565
3788 0.2634605326825015
3789 0.359938518230049
3790 0.0525755903041745
3791 0.0028525148233142735
3792 0.09760259878510674
3793 0.00102033846539537
3794 0.009595475524542006
3795 0.0011894939694347306
3796 0.0025430998952937897
3797 0.777865503158556
3798 0.5445733554771529
3799 0.6118473888378779
3800 0.7224965136002794
3801 1.7270480634290941
3802 3.139445049189917
3803 1.52895619029265
3804 2.1511235690068835
3805 2.237691231731195
3806 3.699276553313021
3807 2.297408001464985
3808 1.4095236228443533
3809 1.725236976997144
3810 2.5050395942136765
3811 2.9510567051626193
3812 3.498836321490826
3813 4.197885580381975
3814 4.457344254796697
3815 3.2557047703575797
3816 2.147513088723802
3817 1.5368153881954152
3818 1.5301592212985418
3819 0.5491633280120536
3820 0.05766474493557985
3821 0.09130069615507524
3822 0.0226738941648075
3823 0.3666835466264612
3824 0.131123060110113
3825 0.3648161495661487
3826 0.7030994237436123
3827 0.9043128567634819
3828 1.2802258909465143
3829 1.626873668134701
3830 1.775157459749578
3831 1.5371467992841343
3832 0.7802725344067577
3833 0.9385771111526476
3834 1.8266194275979544
3835 1.9102786694761615
3836 1.5574289986581857
3837 1.8864857416481717
3838 1.819120486117374
3839 0.9706376576615229
3840 0.6485268174716502
3841 0.653854196974895
3842 0.21780581414246256
3843 0.022499414774414767
3844 0.10160915915001346
3845 0.4387040311121823
3846 0.3423282176902544
3847 0.2929277052206626
3848 0.16517689233583502
3849 0.09153897509946118
3850 0.013745859455060934
3851 0.018351307143551612
3852 0.040851878229510565
3853 0.3549010491765625
3854 1.0276421754169474
3855 0.751113572882461
3856 0.7771598524505855
3857 0.1610427109854447
3858 0.05304636934885999
3859 0.15069614620717753
3860 0.05969158696491362
3861 1.4299978803610316
3862 1.4504571102965111
3863 1.4896906876432285
3864 1.4091617280068802
3865 1.778355110301415
3866 2.993013499391415
3867 2.2109839440749224
3868 1.7414111095512912
3869 1.7082571741191834
3870 3.161976487769615
3871 3.46186002654883
3872 3.147001704316502
3873 3.461131712164946
3874 4.064599020278154
3875 4.635205525973045
3876 3.724059715608204
3877 3.9939710896204805
3878 3.4102707714135234
3879 3.3735402024450307
3880 1.8519427173874483
3881 1.815415640957669
3882 2.0918739072146377
3883 1.4847188288926212
3884 0.33465286704118224
3885 0.22091188953074564
3886 0.03241985646061758
3887 0.0016153012652432015
3888 0.0249749334205231
3889 0.05290192375374205
3890 0.07720323878761141
3891 0.9732300395133348
3892 1.3858095577153235
3893 1.1128727739548798
3894 0.9502418234848868
3895 0.41617489224896026
3896 0.3274394526476105
3897 0.7785413128539722
3898 0.7997156916347535
3899 0.8524500917006866
3900 0.9711742489939249
3901 0.7561078804652216
3902 0.9693640626837872
3903 0.48376895785523555
3904 0.9126433016485948
3905 0.5996413839798069
3906 0.12156718970142665
3907 0.10374907782115252
3908 0.08210430846758342
3909 0.15851426126098747
3910 0.6684814227988042
3911 0.9122786681440398
3912 1.003499113036093
3913 0.5468310054958133
3914 0.49391670877834326
3915 0.014332181407985303
3916 0.10855763569642772
3917 0.575946398652387
3918 1.2479096958255687
3919 1.632540794254164
3920 1.307927858505853
3921 1.3201328674661288
3922 0.29206682941201006
3923 0.3046711306061899
3924 0.015151099466347469
3925 0.5087970279504012
3926 1.2302522621489587
3927 1.4346398404427958
3928 1.9509032569009548
3929 2.07025795087864
3930 3.5160492049021133
3931 4.164375339620427
3932 3.055932900395698
3933 3.8583968539575157
3934 6.02164393365087
3935 5.596538083437418
3936 5.4237635761993
3937 5.337754003767094
3938 6.162169172197623
3939 5.155054028637369
3940 4.464799440625115
3941 2.927774141478874
3942 2.273173638817727
3943 1.9593396861149472
3944 1.7813309732352736
3945 1.868999423267437
3946 2.741368737676257
3947 1.70620635431934
3948 0.677903161785876
3949 0.9017173482711917
3950 0.7948163127637787
3951 0.38705888897485685
3952 0.4861975035627964
3953 0.21837071474805964
3954 0.016331817924905876
3955 0.3150963796737368
3956 0.5252292270777145
3957 0.4379135460197533
3958 0.6392134845043702
3959 0.27235791100158885
3960 0.16569907471868447
3961 0.3267601067795547
3962 0.1874289451021876
3963 0.17031063010746925
3964 0.40834209916341524
3965 0.6764169597624663
3966 1.0820220285125994
3967 0.8606442345934034
3968 1.4873330753425977
3969 1.037427842012928
3970 0.3158082566897487
3971 0.01880147455357662
3972 0.1655423254262789
3973 0.1103304328700615
3974 0.10749869531966395
3975 0.03218215884419456
3976 0.007235654151923991
3977 0.051768188265021886
3978 0.07400059320624244
3979 0.27897947030802656
3980 0.7343186977009409
3981 1.0008411705710678
3982 1.1807789771056638
3983 0.8671677499104455
3984 1.407610977835651
3985 0.9544543238324239
3986 0.37650961498841407
3987 0.045664117481590105
3988 0.027542508849550264
3989 0.7146062872814777
3990 1.1760647744593773
3991 2.2136349690361734
3992 2.318660621401023
3993 2.7772416626515826
3994 4.45987476987879
3995 3.498662957250475
3996 3.589648657986675
3997 4.757406451312048
3998 5.927122062585489
3999 6.429655556817012
4000 7.369371826378515
4001 7.712214680569505
4002 7.930718813811657
4003 5.9068465404389565
4004 4.114682224662912
4005 4.1681148786033315
4006 3.239043332145788
4007 2.817058800590733
4008 2.18964192658567
4009 2.784125875328085
4010 2.6825115641017048
4011 2.3586507437151
4012 1.288376727421636
4013 1.2912244563701565
4014 0.6071191547093189
4015 0.5344074237765065
4016 0.19778184615335506
4017 0.019612544973250295
4018 0.1693399032545471
4019 0.4398128611093667
4020 0.16888348513949075
4021 0.4039474164596983
4022 0.1995492113270738
4023 0.6478495789145348
4024 0.5297992041719604
4025 0.35211315582595243
4026 0.08549346452071829
4027 0.24394029648531068
4028 0.5347952466653243
4029 1.1352556412528023
4030 1.2147842972073586
4031 1.5984059340267591
4032 2.514459927179938
4033 1.905268096938047
4034 0.6153654936983475
4035 0.0060957198881337726
4036 0.0009230714857812651
4037 0.009346816119127193
4038 0.2445158202196905
4039 0.2150575876315479
4040 0.18788375300128005
4041 0.20551897208307512
4042 0.04375585996328925
4043 0.01699154271720736
4044 0.06145233928272303
4045 0.022074553201068006
4046 0.026523028319725018
4047 0.0017983751663972123
4048 0.03031913758616026
4049 0.018680563935273876
4050 0.013461692852289599
4051 0.10701653626732269
4052 0.25446249451127806
4053 0.6310786428262284
4054 0.879650046491068
4055 1.47224723859066
4056 1.8792852208403312
4057 2.6598663753418315
4058 3.4984754635716238
4059 4.034102259059672
4060 3.15320069720867
4061 3.827727599735712
4062 4.622312372729974
4063 5.170970914443884
4064 6.533906666354541
4065 7.446951869468461
4066 6.476495689564707
4067 4.833718562732889
4068 3.761181452419868
4069 4.870750694836949
4070 3.85162882111706
4071 3.9871562495249524
4072 3.1531753014351955
4073 2.5340755248777986
4074 2.328283680883315
4075 1.7401380787619516
4076 1.0530468496805916
4077 0.7136879988883735
4078 0.3391845737691978
4079 0.2597792917431309
4080 0.006195242240988457
4081 0.1465018801598153
4082 0.46499864878539715
4083 1.0455579072375205
4084 0.4407687540980148
4085 0.5586447170950479
4086 0.41146347948792
4087 1.0380321605664016
4088 0.7777723614227471
4089 0.4807300022733621
4090 0.3352585146479539
4091 0.30595374550099064
4092 0.21915517214798272
4093 0.20625088323438873
4094 0.299766424863125
4095 0.3942350286709482
