 0
0 0.0
1 0.0
2 0.0
3 0.0
4 0.0
5 0.0
6 0.0
7 0.0
8 0.0
9 0.0
10 0.0
11 0.0
12 0.0
13 0.0
14 0.0
15 0.0
16 -0.0008991259934213604
17 0.0
18 0.0
19 0.0
20 0.0
21 0.0
22 0.0
23 0.0
24 0.0
25 0.0
26 0.0
27 0.0
28 0.0
29 0.00012740691315284852
30 5.264207905351595e-06
31 0.0005751797367574937
32 0.000530110674789697
33 0.0016285651780688813
34 0.001722715458962595
35 0.0
36 0.0
37 0.0
38 0.0
39 0.0
40 0.0
41 0.0
42 0.0
43 0.0
44 0.0
45 0.0
46 0.0
47 0.0
48 0.0
49 0.0
50 0.0
51 0.0
52 0.0
53 0.0
54 0.0
55 0.0
56 0.0
57 0.0
58 0.0
59 0.0
60 0.0
61 0.0
62 0.0
63 0.0
64 0.0
65 0.0
66 0.0
67 0.0
68 0.0
69 0.0
70 0.0
71 0.0
72 0.0
73 0.0
74 0.0
75 0.0
76 0.0
77 0.0
78 0.0
79 -0.0006266885126176173
80 0.0
81 0.0
82 0.0
83 0.0
84 0.0
85 0.0
86 0.0
87 0.0
88 0.0
89 0.0
90 0.0
91 0.0
92 0.0
93 0.0004344748613956257
94 0.00037966728906069143
95 0.0015356191593792505
96 0.0018575786633295
97 0.002714357023617152
98 0.000763979820080637
99 0.0
100 0.0
101 0.0
102 0.0
103 0.0
104 0.0
105 0.0
106 0.0
107 0.0
108 0.0
109 -0.0007476235323989679
110 0.0
111 0.0
112 0.0
113 0.0
114 0.0
115 0.0
116 0.0
117 0.0
118 0.0
119 0.0
120 0.0
121 0.0
122 0.0
123 0.0
124 0.0
125 0.0
126 0.0
127 0.0
128 0.0
129 0.0
130 0.0
131 0.0
132 -0.0006604425469289137
133 -0.0003830737136702844
134 0.0
135 0.0
136 0.0
137 0.0
138 0.0
139 0.0
140 0.0
141 0.0
142 0.0
143 0.0
144 0.0
145 0.0
146 0.0
147 0.0
148 0.0
149 0.0
150 0.0
151 0.0
152 0.0
153 0.0
154 0.0
155 0.0
156 0.0
157 0.0
158 0.0010286100408000922
159 0.0012451761182050004
160 0.0025926336259425157
161 7.036019011080673e-05
162 0.0
163 0.0
164 0.0
165 0.0
166 0.0
167 0.0
168 0.0
169 0.0
170 0.0
171 0.0
172 0.0
173 -0.001812635444439582
174 -5.0886652441266324e-05
175 0.0
176 -0.000964648737285738
177 -0.002599917540524944
178 -0.0016770415062623118
179 0.0
180 0.0
181 0.0
182 0.0
183 0.0
184 0.0
185 0.0
186 0.0
187 0.0
188 0.0
189 0.0
190 0.0
191 0.0
192 0.0
193 0.0
194 0.0
195 0.0
196 0.0
197 0.0
198 0.0
199 0.0
200 0.0
201 0.0
202 0.0
203 0.0
204 0.0
205 0.0
206 0.0
207 0.0
208 0.0
209 0.0
210 0.0
211 0.0
212 0.0
213 0.0
214 0.0
215 0.0
216 0.0
217 0.0
218 0.0
219 0.0
220 0.0
221 0.0
222 0.0
223 0.0005574285164468845
224 0.002356960747917223
225 0.0
226 0.0
227 0.0
228 0.0
229 0.0
230 0.0
231 0.0
232 0.0
233 0.0
234 0.0
235 0.0
236 0.0
237 -0.0017465264419727158
238 0.0
239 -0.00018886898649011737
240 -0.0008765013871022089
241 -0.0026076750445205334
242 -0.00192127610514266
243 -0.0011538070905861462
244 0.0
245 0.0
246 0.0
247 0.0
248 0.0
249 0.0
250 0.0
251 0.0
252 0.0
253 0.0
254 0.0
255 0.0007676838886144733
256 0.0
257 0.0
258 0.0
259 0.0
260 0.001716774014887815
261 0.0
262 -0.002346593148370428
263 0.0
264 0.0
265 -0.0007411081907379698
266 0.0
267 0.0
268 0.0
269 0.0
270 0.0
271 0.0
272 0.0
273 0.0
274 0.0
275 0.0
276 0.0010624648224445835
277 0.0008213409066143637
278 0.0
279 0.0
280 0.0
281 0.0
282 0.0
283 0.0
284 0.0
285 0.0
286 0.0
287 0.0
288 0.00011693706244375413
289 0.0
290 0.0
291 0.0
292 0.0
293 0.0
294 0.0
295 0.0
296 0.0
297 0.0
298 0.0
299 0.0
300 0.0
301 0.0
302 0.0
303 0.0
304 0.0
305 -0.0009295099964106764
306 0.0
307 -0.00035406004611347416
308 0.0
309 0.0
310 0.0
311 0.0
312 0.0
313 0.0
314 0.0
315 0.0
316 0.0
317 0.0
318 0.0
319 0.001030847071593254
320 0.0
321 0.0
322 0.0
323 0.0
324 0.0
325 0.0
326 -0.0024696062961748304
327 -6.674737991002968e-06
328 0.0
329 0.0
330 0.0
331 0.0
332 0.0
333 0.0
334 0.0
335 0.0
336 0.0
337 0.0
338 0.0
339 0.0005419519026219205
340 0.0
341 0.0
342 0.0
343 0.0
344 0.0
345 0.0
346 0.0
347 0.0
348 0.0
349 0.0
350 0.0
351 0.0
352 0.0
353 0.0
354 0.0
355 0.0
356 0.0
357 0.0
358 0.0
359 0.0
360 0.0
361 0.0
362 0.0
363 0.0
364 0.0
365 0.0
366 0.0
367 0.0
368 0.0
369 0.0
370 -0.00010615691066270816
371 0.0
372 0.0
373 0.0
374 0.0
375 0.0
376 0.0
377 0.0
378 0.0
379 0.0
380 0.0
381 0.0
382 0.0
383 0.0007616699983963553
384 0.0
385 0.0
386 0.0
387 0.0
388 0.0
389 0.0
390 -0.0009507662913752823
391 0.0
392 0.0
393 0.0
394 0.0
395 0.0
396 0.0
397 0.0
398 0.0
399 0.0
400 0.0
401 0.0
402 0.0016899949365059117
403 0.0019206364368984194
404 0.0007909278810444468
405 0.0
406 0.0
407 0.0
408 0.0
409 0.0
410 0.0
411 0.0
412 0.0
413 0.0
414 0.0
415 0.0
416 0.0
417 0.0
418 0.0
419 0.0
420 0.0
421 0.0
422 0.0
423 0.0
424 0.0
425 0.0
426 0.0
427 0.0
428 0.0
429 0.0
430 0.0
431 0.0
432 0.0
433 0.0
434 0.0
435 0.0
436 0.0
437 0.0
438 0.0
439 0.0
440 0.0
441 0.0
442 0.0
443 0.0
444 0.0
445 0.0
446 0.0
447 0.0004419578830069473
448 0.0
449 0.0
450 0.0
451 0.0
452 0.0
453 0.0
454 0.0
455 0.0
456 0.0
457 0.0
458 0.0
459 0.0
460 0.0
461 0.0
462 0.0
463 0.0
464 0.0
465 0.0
466 0.0
467 0.0
468 0.001616803710118692
469 0.00029813598621081965
470 0.0
471 0.0
472 0.0
473 0.0
474 0.0
475 0.0
476 0.0
477 0.0
478 0.0
479 0.0
480 0.0
481 0.0
482 0.0
483 0.0
484 0.0
485 0.0
486 0.0
487 0.0
488 0.0
489 0.0
490 0.0
491 0.0
492 0.0
493 0.0
494 0.0
495 0.0
496 0.0
497 0.0
498 0.0
499 0.0
500 0.0
501 0.0
502 0.0
503 0.0
504 0.0
505 0.0
506 0.0
507 0.0
508 0.0
509 0.0
510 0.0
511 0.0
512 0.0
513 0.0
514 0.0
515 -0.0011766837242193253
516 0.0
517 0.0
518 0.0
519 0.0
520 0.0
521 0.0
522 0.0
523 0.0
524 0.0
525 -0.00042701958588172004
526 -0.0011944360177947597
527 0.0
528 0.0
529 0.0
530 0.0
531 0.0
532 0.0
533 0.0
534 0.0
535 0.0
536 0.0
537 0.0
538 0.0
539 0.0
540 0.0
541 0.0
542 0.0
543 0.0
544 0.0
545 0.0
546 0.0
547 0.0
548 0.0
549 0.0
550 -0.0006685545942215894
551 0.0
552 0.0
553 0.0
554 0.0
555 -0.00023296698816263465
556 0.0
557 0.0
558 0.0
559 0.0
560 0.0
561 0.0
562 0.0
563 0.0
564 0.0
565 0.0
566 0.0
567 0.0
568 0.0
569 0.0
570 0.0
571 0.0
572 0.0
573 0.0
574 0.0
575 0.0
576 0.0
577 0.0
578 -0.002187205062983727
579 -0.003027171668000137
580 -0.0009119625499157936
581 0.0
582 0.0
583 0.0
584 0.0
585 0.0
586 0.0
587 0.0
588 0.0
589 -0.0001448403924468443
590 -0.0012283981353276054
591 -0.0015134099917437915
592 -0.00032695947749264594
593 0.0
594 0.0
595 0.0
596 0.0
597 0.0
598 0.0
599 0.0
600 0.0
601 0.0
602 0.0
603 0.0
604 0.0
605 0.0
606 0.0
607 0.0
608 0.0
609 0.0
610 0.0
611 0.0
612 0.0
613 -0.0013475220142274945
614 -0.0006147644437048982
615 0.0
616 0.0
617 0.0
618 0.0
619 0.0
620 0.0
621 0.0
622 0.0
623 0.0
624 0.0
625 0.0
626 0.0
627 0.0
628 0.0
629 0.0
630 0.0
631 0.0
632 0.0
633 0.0
634 0.0
635 0.0
636 0.0
637 0.0
638 0.0
639 0.0
640 0.0
641 0.0
642 -0.0007583544770517654
643 -0.0028646748571954646
644 0.0
645 0.0
646 0.0
647 0.0
648 0.0
649 0.0
650 0.0
651 0.0
652 0.0
653 0.0
654 0.0
655 -0.0019194426903923973
656 0.0
657 -0.0007223639730946537
658 0.0
659 -0.0010708484268320219
660 0.0
661 0.0
662 -0.001013785914091031
663 -0.0002312175087538947
664 0.0
665 0.0
666 0.0
667 0.0
668 0.0
669 0.0
670 0.00029492200933267437
671 0.0
672 0.0
673 0.0
674 0.0
675 0.0
676 0.0
677 -0.000785604494381953
678 -0.0008102741777102963
679 0.0
680 0.0
681 0.0
682 0.0
683 0.0
684 0.0
685 0.0
686 0.0
687 0.0
688 0.0
689 0.0
690 0.0
691 0.0
692 0.0
693 0.0
694 0.0
695 0.0
696 0.0
697 0.0
698 0.0
699 0.0
700 0.0
701 0.0
702 0.0
703 0.0
704 0.0
705 0.0
706 0.0
707 -0.0019529843918696822
708 0.0
709 0.0
710 0.0
711 0.0
712 0.0
713 0.0
714 0.0
715 0.0
716 0.0
717 0.0
718 0.0
719 0.0
720 -0.00022019126151790516
721 0.0
722 0.0
723 0.0
724 0.0
725 0.0
726 -0.0013602727565349968
727 -0.001875926673396317
728 -0.0007363977137323858
729 0.0
730 0.0
731 0.0
732 0.0
733 0.0
734 0.0
735 0.0
736 0.0
737 0.0
738 0.0
739 0.0
740 0.0
741 0.0
742 0.0
743 0.0
744 0.0
745 0.0
746 0.0
747 0.0
748 0.0
749 0.0
750 -0.0001830246957669384
751 0.0
752 0.0
753 -0.0005103895749547554
754 0.0
755 0.0
756 0.0
757 0.0
758 0.0
759 0.0
760 0.0
761 0.0
762 0.0
763 0.0
764 0.0
765 0.0
766 0.0
767 0.0
768 0.0
769 0.0
770 0.0
771 -0.0002977550176713874
772 -0.0007522080887146991
773 0.0
774 0.0
775 0.0
776 0.0
777 0.0004894339947368271
778 0.0
779 0.0
780 0.0
781 0.0
782 0.0
783 0.0
784 -0.0004151231044047354
785 -9.366656096579241e-05
786 -0.0004823993268573976
787 -0.0001217627767524297
788 -0.00039344220424932387
789 -5.3103607613682164e-05
790 -0.0016401662453927057
791 -0.003282601000825645
792 -0.0005120101278761945
793 0.0
794 -0.000700055165237414
795 -0.0018807390276218677
796 0.0
797 0.0
798 0.0
799 0.0
800 0.0
801 0.0
802 0.0
803 0.0
804 0.0
805 0.0
806 -0.0003668485978900859
807 -0.00012032202773417049
808 0.0
809 0.0
810 0.0
811 0.0
812 0.0
813 0.0
814 0.0
815 0.0
816 0.0
817 -0.0002600520308422147
818 0.0
819 -7.320807166210829e-05
820 0.0
821 0.0
822 0.0
823 0.0
824 0.0
825 0.0
826 0.0
827 0.0
828 0.0
829 0.0
830 0.0
831 0.0
832 0.0
833 0.0
834 0.0
835 0.0
836 -2.7396585282313534e-05
837 -0.00019826430182187183
838 0.0
839 0.0
840 0.0
841 8.60760204447589e-05
842 0.0
843 0.0
844 0.0
845 0.0
846 0.0
847 0.0
848 0.0
849 -0.0017728522660623274
850 -0.0014868115083507452
851 0.0
852 0.0
853 -0.0018044495623252372
854 -0.003647795466898691
855 -0.0024864163172244598
856 -0.0014105851306689524
857 -6.932794075561625e-05
858 0.0
859 -0.0024937272848879464
860 -0.0007916447255297707
861 0.0
862 0.0
863 0.0
864 0.0
865 0.0
866 0.0
867 0.0
868 0.0
869 0.0
870 -0.0018277704753153462
871 -0.0001838963223585115
872 0.0
873 0.0
874 0.0
875 0.0
876 0.0
877 0.0
878 0.0
879 0.0
880 0.0
881 0.0
882 0.0
883 0.0
884 0.0
885 0.0
886 0.0
887 0.0
888 0.0
889 0.0
890 0.0
891 0.0
892 0.0
893 0.0
894 -0.0002585706956497085
895 0.0
896 0.0
897 0.0
898 0.0
899 0.0
900 0.0
901 0.0
902 0.0
903 0.0
904 0.0
905 0.0
906 0.0002901162810662914
907 0.0
908 0.0
909 0.0
910 0.0
911 0.0
912 0.0
913 0.0
914 0.0
915 0.0
916 0.0
917 0.0
918 -0.0009264037215731937
919 -0.0011878373750562278
920 -0.000570135260523184
921 0.0
922 0.0
923 0.0
924 -0.0009497838475541443
925 0.0
926 0.0
927 0.0
928 0.0
929 0.0
930 0.0
931 0.0
932 0.0
933 0.0
934 -0.0003166498281516303
935 -0.001571424318504437
936 0.0
937 0.0
938 0.0
939 0.0
940 0.0
941 0.0
942 0.0
943 -0.0007355575409538584
944 -0.00020303381970373385
945 -0.0003474968602662968
946 -0.0006715681322759571
947 0.0
948 0.0
949 0.0
950 0.0
951 0.0
952 -0.001355534306209293
953 -0.0008845672819508698
954 -0.0010424181093710483
955 0.0
956 0.0
957 0.0
958 0.0
959 0.0
960 0.0
961 0.0
962 0.0
963 0.0
964 0.0
965 -4.3464352406725196e-05
966 0.0
967 0.0
968 0.0
969 0.0
970 0.0
971 0.0021572067658238592
972 0.0
973 0.0
974 0.0
975 0.0
976 0.0
977 0.0
978 0.0
979 0.0
980 0.0
981 0.0
982 -0.0010059997933888475
983 0.0
984 0.0
985 0.0
986 0.0
987 0.0
988 -8.204096220934979e-05
989 -0.0006060857160967237
990 0.0
991 0.0
992 0.0
993 0.0
994 0.0
995 0.0
996 0.0
997 0.0
998 -0.0007241769768649424
999 -0.0008590398457140457
1000 -0.0005197646143551883
1001 0.0
1002 0.0
1003 0.0
1004 0.0
1005 0.0
1006 0.0
1007 0.0
1008 0.0
1009 0.0
1010 0.0
1011 0.0
1012 0.0
1013 0.0
1014 0.0
1015 -0.00038416388778390946
1016 -0.003128072365658722
1017 -0.001537840324823005
1018 0.0
1019 0.0
1020 0.0
1021 0.0
1022 0.0
1023 0.0
1024 0.0
1025 0.0
1026 0.0
1027 0.0
1028 0.0
1029 0.0
1030 0.0
1031 -0.0022956949685279887
1032 -0.001034224869199197
1033 0.0
1034 0.0
1035 0.0
1036 0.0006957929370516128
1037 0.0
1038 0.0
1039 0.0
1040 0.0
1041 0.0
1042 0.0
1043 0.0
1044 0.0
1045 0.0
1046 0.0
1047 0.0
1048 0.0
1049 0.0
1050 0.0
1051 -0.0010610749818521109
1052 -0.0011506585272621065
1053 -0.0025420787505163953
1054 -0.001752938137894589
1055 0.0
1056 0.0
1057 0.0
1058 0.0
1059 0.0
1060 0.0
1061 0.0
1062 -0.00042935682356889113
1063 0.0
1064 0.0
1065 0.0
1066 0.0
1067 0.0
1068 0.0
1069 0.0
1070 0.0
1071 0.0
1072 0.0
1073 0.0
1074 0.0
1075 0.0
1076 0.0
1077 0.0
1078 0.0
1079 0.0
1080 0.0
1081 0.0
1082 0.0
1083 0.0
1084 0.0
1085 0.0
1086 0.0
1087 0.0
1088 0.0
1089 0.0
1090 0.0
1091 0.0
1092 0.0
1093 0.0
1094 0.0
1095 -0.002414863057302437
1096 -0.002276553940579052
1097 0.0
1098 0.0
1099 0.0
1100 0.0008623467655872785
1101 0.003159931427076569
1102 0.0
1103 0.0
1104 0.0
1105 0.0
1106 0.0
1107 0.0
1108 0.0
1109 0.0
1110 0.0
1111 0.0
1112 0.0
1113 0.0
1114 0.0
1115 -0.0009599057819736006
1116 -0.0015036366447096793
1117 -0.0010474710033684964
1118 -0.0011239579910617742
1119 0.0
1120 0.0
1121 0.0
1122 0.0
1123 0.0
1124 0.0
1125 0.0
1126 0.0
1127 -0.0003975294239887561
1128 0.0
1129 0.0
1130 -0.0006001420952301811
1131 0.0
1132 0.0
1133 -0.0003239780758200741
1134 0.0
1135 0.0
1136 0.0
1137 0.0
1138 0.0
1139 0.0
1140 0.0
1141 0.0
1142 0.0
1143 0.0
1144 0.0
1145 0.0
1146 0.0
1147 0.0
1148 0.0
1149 0.0
1150 0.0
1151 0.0
1152 0.0
1153 0.0
1154 0.0
1155 0.0
1156 0.0
1157 0.0
1158 0.0
1159 -0.00015174784218038455
1160 0.0
1161 -0.00152170085081495
1162 -0.0016111774342249115
1163 0.0
1164 0.0
1165 0.0033816864299070926
1166 0.0025436595662958203
1167 0.0
1168 0.0
1169 0.0
1170 0.0
1171 0.0
1172 0.0
1173 0.0
1174 0.0
1175 0.0
1176 0.0
1177 0.0
1178 0.0
1179 0.0
1180 0.0
1181 0.0
1182 0.0
1183 0.0
1184 0.0
1185 0.0
1186 0.0
1187 0.00027259497039449254
1188 0.0
1189 0.0
1190 -0.0006991871914278718
1191 -0.00020955647720519388
1192 0.0
1193 0.0
1194 0.0
1195 0.0
1196 0.0
1197 0.0
1198 0.0
1199 0.0
1200 0.0
1201 0.0
1202 0.0
1203 0.0
1204 0.0
1205 0.0
1206 0.0
1207 -5.6749528152330526e-05
1208 0.0
1209 0.0
1210 0.0004393752353583632
1211 0.00020422455373218681
1212 0.0
1213 0.0
1214 0.0
1215 0.0
1216 0.0
1217 0.0
1218 0.0
1219 0.0
1220 0.0
1221 -0.0001397204231978009
1222 0.0
1223 0.0
1224 0.0
1225 0.0
1226 -0.0004589168671685275
1227 0.0
1228 0.0
1229 0.0
1230 0.0
1231 0.0
1232 0.0
1233 0.0
1234 0.0
1235 0.0
1236 0.0
1237 0.0
1238 0.0
1239 0.0
1240 0.0
1241 0.0
1242 0.0
1243 0.0
1244 0.0
1245 0.0
1246 0.0
1247 0.0
1248 0.0
1249 0.0008160339990857067
1250 0.0007656958958289655
1251 0.002016018136053946
1252 0.0
1253 0.0
1254 0.0
1255 0.0
1256 0.0
1257 0.0
1258 0.0
1259 -0.0003984707149819899
1260 0.0
1261 0.0
1262 0.0
1263 0.0
1264 0.0
1265 0.0
1266 0.0
1267 0.0
1268 0.0
1269 0.0
1270 0.0
1271 0.0
1272 0.0
1273 0.0
1274 0.0
1275 0.0
1276 0.0
1277 0.0
1278 0.0
1279 0.0
1280 0.0
1281 0.0
1282 0.0
1283 0.0
1284 0.0
1285 0.0
1286 0.0
1287 0.0
1288 0.0
1289 0.0
1290 0.0
1291 0.0
1292 0.0
1293 0.0
1294 0.0
1295 0.0
1296 0.0
1297 0.0
1298 0.0
1299 0.0
1300 0.0
1301 0.0
1302 0.0
1303 0.0
1304 0.0
1305 0.0
1306 0.0
1307 0.0
1308 0.0
1309 0.0
1310 0.0
1311 0.0
1312 0.0
1313 0.0006954621440101554
1314 0.005103718489984703
1315 0.003815445509673496
1316 0.0
1317 0.0
1318 0.0
1319 0.0
1320 0.0
1321 0.0
1322 0.0
1323 0.0
1324 0.0
1325 0.0
1326 0.0
1327 0.0
1328 0.0
1329 -0.0015887979638673398
1330 0.0
1331 0.0
1332 -0.00021819429875425878
1333 -8.00847262887867e-05
1334 -0.0001696258433819731
1335 0.0
1336 0.0
1337 0.0
1338 0.0
1339 0.0
1340 0.0
1341 0.0
1342 0.0
1343 0.0
1344 0.0
1345 0.0
1346 0.0
1347 0.0
1348 0.0
1349 0.0
1350 0.0
1351 0.0
1352 0.0
1353 0.0
1354 0.0
1355 0.0
1356 0.0
1357 0.0
1358 0.0
1359 0.0
1360 0.0
1361 0.0
1362 0.0
1363 0.0
1364 0.0
1365 0.0
1366 0.0
1367 0.0
1368 0.0
1369 0.0
1370 0.0
1371 -0.0010539200165357936
1372 0.0
1373 0.0
1374 0.0
1375 0.0
1376 0.0
1377 0.0
1378 0.0028927204930686828
1379 0.0016841072764389553
1380 0.0
1381 0.0
1382 0.0
1383 0.0
1384 0.0
1385 0.0
1386 0.0
1387 0.0
1388 0.0
1389 0.0
1390 0.0
1391 0.0
1392 0.0
1393 0.0
1394 0.0
1395 0.0
1396 0.0
1397 0.0
1398 -0.0012804292744581058
1399 -0.0016913641734276526
1400 -9.77316501159738e-05
1401 0.0
1402 0.0
1403 0.0
1404 0.0
1405 0.0
1406 0.0
1407 6.754932984863198e-05
1408 0.0
1409 0.0
1410 0.0
1411 0.0
1412 0.0
1413 0.0
1414 0.0
1415 0.0
1416 0.0
1417 0.0
1418 0.0
1419 0.0
1420 0.0
1421 0.0
1422 0.0
1423 0.0
1424 0.0
1425 0.0
1426 0.0
1427 0.0
1428 0.0
1429 0.0
1430 0.0
1431 0.0
1432 0.0
1433 0.0
1434 0.0
1435 0.0
1436 0.0
1437 0.0
1438 0.0
1439 0.0
1440 0.0
1441 0.0
1442 0.0
1443 0.0
1444 0.0
1445 0.0
1446 0.0
1447 0.0
1448 0.0
1449 0.0
1450 0.0
1451 0.0
1452 0.0
1453 0.0
1454 0.0
1455 0.0
1456 0.0
1457 0.0
1458 0.0
1459 0.0
1460 0.0
1461 0.0
1462 -0.0018973249140619324
1463 -0.0023147123982621273
1464 -0.0009997189523618527
1465 -0.0001523193836321742
1466 0.0
1467 0.0
1468 0.0
1469 0.0
1470 0.0
1471 0.0004726270055513622
1472 0.0
1473 0.0
1474 0.0
1475 0.0
1476 0.0005110608645142104
1477 0.0
1478 0.0
1479 0.0
1480 0.0
1481 0.0
1482 0.0
1483 0.0
1484 0.0
1485 0.0
1486 0.0019835636251185488
1487 0.000539427653214877
1488 0.0
1489 0.0
1490 0.0
1491 0.0
1492 0.0
1493 0.0
1494 0.0
1495 0.0
1496 0.0
1497 0.0
1498 0.0
1499 0.0
1500 0.0
1501 0.0
1502 0.0
1503 0.0
1504 0.0
1505 0.0
1506 0.0
1507 0.0
1508 0.0
1509 0.0005708635409773081
1510 0.0028861836775170616
1511 0.0
1512 0.0016233901191044623
1513 0.0
1514 0.0
1515 0.0
1516 0.0
1517 0.0
1518 0.0
1519 0.0
1520 0.0
1521 0.0
1522 0.0
1523 0.0
1524 0.0
1525 0.0
1526 0.0
1527 0.0
1528 0.0
1529 0.0
1530 0.0
1531 0.0
1532 0.0
1533 0.0
1534 0.0
1535 0.0
1536 0.0
1537 0.0
1538 0.0
1539 0.0
1540 0.0007429117714462506
1541 0.0
1542 0.0
1543 0.0
1544 0.0
1545 0.0
1546 0.0
1547 0.0
1548 0.0
1549 0.0009808893501566192
1550 0.00196227115297911
1551 0.0020958184942758556
1552 0.0006334640654329219
1553 0.000914105481197111
1554 0.0
1555 0.0
1556 0.0
1557 0.0
1558 0.0009082793236455195
1559 0.0006403937029762632
1560 0.0
1561 0.0
1562 0.0
1563 0.0
1564 0.0
1565 0.0
1566 0.0
1567 0.0
1568 0.0
1569 0.0
1570 0.0
1571 0.0
1572 0.0005710571081044538
1573 0.0010389490802382453
1574 0.0
1575 0.0
1576 0.00042935317068316595
1577 0.00205635378707398
1578 0.000688050804105724
1579 0.0
1580 0.0
1581 0.0
1582 0.0
1583 0.0
1584 0.0
1585 0.0
1586 0.0
1587 0.0
1588 0.0
1589 -9.139431369001468e-05
1590 -0.0003775936911781662
1591 0.0
1592 0.0
1593 0.0
1594 0.0
1595 0.0
1596 0.0
1597 0.00014776938152475869
1598 0.0
1599 0.0
1600 0.0
1601 0.0
1602 0.0
1603 0.0
1604 0.000517715666419062
1605 0.0
1606 0.0
1607 0.0
1608 0.0
1609 0.0
1610 0.0
1611 0.0
1612 0.0
1613 0.0
1614 0.002774973508491405
1615 0.0015201674732272666
1616 0.0
1617 0.0
1618 0.0
1619 0.0
1620 0.0
1621 0.0
1622 0.0011113728941298268
1623 0.0017306655443049474
1624 0.0016762031007018865
1625 0.00036794982088306596
1626 0.0
1627 0.0
1628 0.0
1629 0.0
1630 0.0
1631 0.0
1632 0.0
1633 0.0
1634 0.0006998017947769954
1635 0.0014293332738461865
1636 0.0022034277303117408
1637 0.00138266445041838
1638 0.0015411069918255843
1639 0.001837039413612069
1640 0.0007913247225680165
1641 0.0013990345605598635
1642 0.0
1643 0.0
1644 0.0
1645 0.0
1646 0.0
1647 0.0
1648 0.0
1649 0.0
1650 0.0
1651 0.0
1652 0.0
1653 0.0
1654 -0.0003980677124072945
1655 0.0
1656 0.0
1657 0.0
1658 0.0
1659 0.0
1660 0.0
1661 0.0011935381765525023
1662 0.0
1663 0.0
1664 0.0
1665 0.0
1666 0.0
1667 0.0
1668 0.0
1669 0.0
1670 0.0
1671 0.0
1672 0.0
1673 0.0
1674 0.0
1675 0.0
1676 0.0
1677 0.0007119868436192603
1678 0.002408112262123486
1679 0.0
1680 0.0
1681 0.0
1682 0.0007236878569056684
1683 0.0
1684 0.0
1685 0.0
1686 0.0009933767788629223
1687 0.0010186292463222996
1688 0.0
1689 0.0
1690 0.0
1691 0.0
1692 0.0
1693 0.0
1694 0.0
1695 0.0
1696 0.0
1697 0.0
1698 0.0
1699 0.0
1700 0.0
1701 0.0
1702 0.0003559285215500362
1703 0.0021640103392975294
1704 0.001820498418320676
1705 0.0
1706 0.0
1707 0.0
1708 0.0
1709 0.0
1710 0.0
1711 0.0
1712 0.0
1713 0.0
1714 0.0
1715 0.0
1716 0.0
1717 0.0
1718 0.0
1719 0.0
1720 0.0
1721 0.0
1722 0.0
1723 0.00027448659116209725
1724 0.0
1725 0.00012687064746341557
1726 0.0
1727 0.0
1728 0.0
1729 0.0
1730 0.0
1731 0.0
1732 0.0
1733 0.0
1734 0.0
1735 0.0
1736 0.0
1737 0.0
1738 0.0
1739 0.0
1740 0.0
1741 0.0012250236752006413
1742 0.0006443522215066257
1743 0.0
1744 0.0
1745 0.0
1746 0.001164318961333842
1747 0.0007405992432063028
1748 0.00042473657781711967
1749 8.184684656029555e-05
1750 0.0007741422170852799
1751 0.0
1752 0.0
1753 0.0
1754 0.0
1755 0.0
1756 0.0
1757 0.0
1758 0.0
1759 0.0
1760 0.0010611448887075956
1761 0.0001964198980798834
1762 0.0
1763 0.0
1764 0.0
1765 0.0
1766 0.0001265120980160214
1767 0.0
1768 0.00046145981370770316
1769 0.0
1770 0.0
1771 0.0
1772 0.0
1773 0.0
1774 0.0
1775 0.0
1776 -6.97101441498555e-05
1777 -0.0009902522110783118
1778 -0.0021278519751301256
1779 -0.0011964261451879864
1780 0.0
1781 0.0
1782 0.0
1783 0.0
1784 0.0
1785 0.0
1786 0.0003328075913142847
1787 0.00015824563963649029
1788 0.0
1789 0.0
1790 0.0
1791 0.0
1792 0.0
1793 0.0
1794 0.0
1795 0.0
1796 0.0
1797 0.0
1798 0.0
1799 0.0
1800 0.0
1801 0.0
1802 0.0
1803 0.0
1804 0.0
1805 0.0
1806 0.0
1807 0.0
1808 0.0
1809 0.0
1810 6.932865638609153e-05
1811 0.00040196409127976466
1812 0.0
1813 0.0
1814 0.0
1815 0.0
1816 0.0
1817 0.0
1818 0.0
1819 0.0
1820 0.0
1821 0.00030213974908281237
1822 0.0003122694530694604
1823 0.0006947827566393119
1824 0.0008601646853723743
1825 0.0
1826 0.0
1827 0.0
1828 0.0
1829 0.0
1830 0.0
1831 0.0
1832 0.0
1833 0.0
1834 0.0
1835 0.0
1836 0.0
1837 0.0
1838 0.0
1839 0.0
1840 -0.0034018087128489627
1841 -0.004348352606124451
1842 -0.0020260861342279507
1843 -0.00010203444349234466
1844 0.0
1845 0.0
1846 0.0
1847 0.0
1848 0.0
1849 0.0
1850 0.0011220950850890563
1851 0.0010560688782040135
1852 0.0
1853 0.0
1854 0.0
1855 0.001485695535198896
1856 0.0
1857 0.0
1858 0.0
1859 0.0
1860 0.0
1861 0.0
1862 0.0
1863 0.0
1864 0.0
1865 0.0
1866 0.0
1867 0.0
1868 0.0
1869 2.7754714709270518e-05
1870 0.0
1871 0.0
1872 0.0
1873 0.0
1874 0.000406256077665221
1875 0.0004741292491974739
1876 0.0008987636380181858
1877 0.0
1878 0.0
1879 0.0
1880 0.0007193958507406644
1881 0.000471937652623648
1882 0.0017378558145420531
1883 0.0006858053573614234
1884 0.0013444380956284326
1885 0.0016732196615449836
1886 0.0
1887 0.0017098906099529971
1888 0.0005451831345411716
1889 0.0003895448339508748
1890 0.0
1891 0.0
1892 0.0
1893 0.0
1894 0.0
1895 0.0
1896 0.0
1897 0.0
1898 0.0
1899 0.0
1900 0.0
1901 0.0
1902 -0.0006179001318916129
1903 -0.0023100012433576816
1904 -0.0047448069942444705
1905 -0.002536210005281818
1906 -0.0015624877358412876
1907 0.0
1908 0.0
1909 0.0
1910 0.0
1911 0.0
1912 0.0
1913 0.0
1914 0.000937463929831194
1915 0.0
1916 0.0
1917 0.0
1918 0.0
1919 0.0016750996752773056
1920 0.0
1921 0.0
1922 0.0
1923 0.0
1924 0.0
1925 0.0
1926 0.0
1927 0.0
1928 0.0
1929 0.0
1930 0.0
1931 0.0
1932 0.0
1933 0.0
1934 0.0
1935 4.1800243170549065e-05
1936 0.0012968376339107313
1937 0.0013129490717787207
1938 0.0015312706829900817
1939 0.0011620549001887305
1940 0.0003965029595215147
1941 0.0
1942 0.0
1943 0.0
1944 0.0
1945 0.00027149634258090996
1946 0.001511292059596724
1947 0.0003911969306638165
1948 0.0016370753010428107
1949 0.0004080918759373112
1950 0.0008913826081468036
1951 0.0004825180720787657
1952 0.00035790679353438134
1953 0.0
1954 0.0
1955 0.0
1956 0.0
1957 0.0
1958 0.0
1959 -0.0010387898762879721
1960 0.0
1961 -3.4073810242000416e-05
1962 0.0
1963 0.0
1964 -0.0001420035918408143
1965 -0.0005469091857946111
1966 0.0
1967 -0.0007605678778061317
1968 -0.0010246124854621445
1969 -0.000986788625521611
1970 0.0
1971 -0.0002116416390546043
1972 0.0
1973 0.0
1974 0.0
1975 0.0
1976 0.0
1977 0.0
1978 0.0
1979 0.0
1980 0.0
1981 0.0
1982 0.0
1983 0.00013914972589944996
1984 0.0
1985 0.0
1986 0.0
1987 0.0
1988 0.0
1989 0.0
1990 0.0
1991 0.0
1992 0.0
1993 0.0
1994 0.0
1995 0.0
1996 0.0
1997 2.7028134684908008e-05
1998 0.0
1999 0.0
2000 0.0
2001 0.0006641784609341969
2002 0.0003822451092359598
2003 0.00036990326162223834
2004 0.0
2005 0.0
2006 0.0
2007 0.0
2008 0.0
2009 0.0
2010 0.0
2011 0.0
2012 0.0
2013 0.0006033756278969473
2014 0.0003058405797071415
2015 0.00010701965768531303
2016 0.00013741178121377763
2017 0.001751695829159287
2018 0.001090367424415545
2019 0.0
2020 0.0
2021 0.0
2022 0.0
2023 0.0
2024 -0.0007490505980760081
2025 -4.125878738068652e-05
2026 0.0
2027 0.0
2028 -0.00019609000700033852
2029 -0.0010285838132841737
2030 -0.0009636397135550204
2031 0.0
2032 -7.304457748406223e-05
2033 0.0
2034 0.0
2035 0.0
2036 -0.0027997341783484193
2037 -0.0030189271561456
2038 -0.00034525856846188117
2039 0.0
2040 0.0
2041 0.0
2042 0.0
2043 0.0002363515447246144
2044 0.0
2045 0.0
2046 0.0
2047 0.00014932769992604831
2048 0.0
2049 0.0
2050 0.0
2051 0.0
2052 0.0
2053 0.0
2054 0.0
2055 0.0
2056 0.0
2057 0.0
2058 0.0
2059 0.0
2060 0.0
2061 0.0
2062 0.0
2063 0.0
2064 0.0
2065 0.0
2066 0.0
2067 0.0
2068 0.0
2069 0.0
2070 0.0
2071 0.0
2072 0.0
2073 0.0
2074 0.0
2075 5.3278367229240324e-05
2076 0.0
2077 0.0
2078 0.0
2079 0.0
2080 0.0003009540181696707
2081 0.0009910129333748098
2082 0.0006474879372667809
2083 0.0
2084 0.0
2085 0.0
2086 0.0
2087 0.0
2088 0.0
2089 0.0
2090 0.0
2091 0.0
2092 -0.00038225859079208616
2093 -0.0009752152423284694
2094 -0.0004341660625725897
2095 0.0
2096 0.0
2097 0.0
2098 0.0
2099 0.0
2100 -0.0007273978977204892
2101 -0.0031964564431706797
2102 -0.0044307656166469025
2103 -0.0020666303437798933
2104 -0.0030278510083951477
2105 0.0
2106 0.0009620155910024901
2107 0.0017027312540385652
2108 0.0
2109 0.0
2110 0.0
2111 0.0
2112 0.0
2113 0.0
2114 0.0
2115 0.0
2116 0.0
2117 0.0
2118 0.0
2119 0.0
2120 0.0
2121 0.0
2122 0.0
2123 0.0
2124 0.0
2125 0.00019010652930353075
2126 0.0
2127 0.0
2128 0.0
2129 0.0
2130 0.0
2131 0.0
2132 0.0
2133 0.0
2134 0.0005915591568699233
2135 0.0019152609465889613
2136 0.0017082371822361839
2137 0.0020538595118718044
2138 0.001572405647864745
2139 0.00016349758542908842
2140 0.0
2141 0.0
2142 0.0
2143 0.0
2144 6.953055928256196e-05
2145 0.0016452255364915944
2146 0.0004932187983623861
2147 0.0
2148 0.0
2149 0.0
2150 0.0
2151 0.0
2152 0.0
2153 0.0
2154 0.0
2155 0.0
2156 0.0
2157 0.0
2158 0.0
2159 0.0
2160 0.0
2161 0.0
2162 0.0
2163 0.0
2164 0.0
2165 -0.00018610518477055527
2166 -0.003633162015482574
2167 -0.0009800155115383745
2168 0.0
2169 0.0
2170 0.0009460570521818255
2171 0.0025901593759194964
2172 9.707131359668414e-05
2173 0.0
2174 0.0
2175 0.0
2176 0.0
2177 0.0
2178 0.0
2179 0.0
2180 0.0
2181 0.0
2182 0.0
2183 0.0
2184 0.0
2185 0.0
2186 0.0
2187 0.0
2188 0.0
2189 0.0
2190 0.0
2191 0.0
2192 0.0
2193 0.0
2194 0.0
2195 0.0
2196 0.0
2197 0.0
2198 0.0
2199 0.0015907307825050703
2200 0.0022124468377808745
2201 0.0007560722093359989
2202 0.00023341491336098015
2203 0.0009660544390213644
2204 0.00043137815911339537
2205 0.00011128927878319514
2206 0.0
2207 0.0
2208 4.0752681528044725e-05
2209 0.002819379976918001
2210 0.0020725506322286655
2211 0.0
2212 0.0
2213 0.0
2214 0.0
2215 0.0
2216 0.0
2217 0.0
2218 0.0
2219 0.0
2220 0.0
2221 -0.0005817557494494768
2222 0.0
2223 0.0
2224 0.0
2225 0.0
2226 0.0
2227 0.0
2228 0.0
2229 0.0
2230 0.0
2231 0.0
2232 0.0
2233 0.0
2234 0.0012928098868425775
2235 0.0016966431468544863
2236 0.0
2237 0.0
2238 0.0
2239 0.002175369560498462
2240 0.0
2241 0.0
2242 0.0
2243 0.0
2244 0.0
2245 0.0
2246 5.5412511242723446e-05
2247 0.0
2248 0.0
2249 0.0
2250 0.0
2251 0.0
2252 0.0
2253 0.000352246860983845
2254 0.0
2255 0.0
2256 0.0
2257 0.0
2258 0.0
2259 0.0
2260 0.00018646070268710412
2261 0.0
2262 0.001209510227190073
2263 0.0005572797937346668
2264 0.0
2265 0.0
2266 0.0
2267 0.0
2268 0.0
2269 0.0
2270 0.0
2271 0.0
2272 0.0
2273 0.0022171708070737265
2274 0.0007046174046818791
2275 0.0
2276 0.0
2277 0.0
2278 0.0
2279 0.0
2280 0.0
2281 0.0
2282 0.0
2283 0.0
2284 0.0
2285 0.0
2286 0.0
2287 0.0
2288 0.0
2289 0.0
2290 0.0
2291 0.0
2292 0.0
2293 0.0
2294 0.0
2295 0.0
2296 0.0
2297 0.0
2298 0.0
2299 0.0
2300 0.0
2301 0.0
2302 0.0
2303 0.0007612738932949179
2304 0.0
2305 0.0
2306 0.0
2307 0.0
2308 0.0
2309 0.0
2310 0.0
2311 0.0
2312 0.0
2313 0.0
2314 0.0
2315 0.0
2316 0.0
2317 0.0005124590620868854
2318 0.0
2319 1.5683923435742632e-05
2320 0.0
2321 0.0
2322 0.0020741673195424823
2323 0.0006974684933513519
2324 0.0011771873191216318
2325 0.00036147585950014433
2326 0.0
2327 2.708586872575758e-05
2328 0.0
2329 0.0
2330 0.0
2331 0.0
2332 0.0
2333 0.0
2334 0.0
2335 0.0
2336 0.0
2337 0.0
2338 0.0
2339 0.0
2340 0.0
2341 0.0
2342 0.0
2343 0.0
2344 0.0
2345 0.0
2346 0.0
2347 0.0
2348 -0.00027509908054774914
2349 -0.0007303713798832446
2350 0.0
2351 0.0
2352 0.0
2353 0.0
2354 0.0
2355 0.0
2356 0.0
2357 0.0
2358 0.0
2359 0.0
2360 0.0
2361 0.0
2362 0.0
2363 0.0
2364 0.0
2365 0.0
2366 0.0
2367 0.00039006985462926395
2368 0.0
2369 0.0
2370 0.0
2371 0.0
2372 0.0
2373 0.0
2374 0.0
2375 0.0
2376 0.0
2377 0.0
2378 0.0
2379 0.0
2380 0.0
2381 0.00033791541255353446
2382 0.0
2383 8.152217193535842e-05
2384 0.0
2385 0.0
2386 0.005397522857682718
2387 0.002194591145827009
2388 0.002132082652026723
2389 0.0
2390 0.0
2391 0.0
2392 0.0
2393 0.0
2394 0.0
2395 0.0
2396 0.0
2397 0.0
2398 0.0
2399 0.0
2400 0.0
2401 0.0
2402 0.0
2403 0.0
2404 0.0
2405 0.0
2406 0.0
2407 0.0
2408 0.0
2409 0.0
2410 0.0
2411 0.0
2412 0.0
2413 0.0
2414 -0.0010665597238945922
2415 -0.0006799798562938332
2416 0.0
2417 0.0
2418 0.0
2419 0.0
2420 0.0
2421 0.0
2422 0.0
2423 -0.00176893165838577
2424 -0.0002409377046277549
2425 0.0
2426 0.0
2427 0.0
2428 0.0
2429 0.0
2430 0.0
2431 0.0011484030584285334
2432 0.0
2433 0.0
2434 0.0
2435 0.0
2436 0.000655230118158832
2437 0.0
2438 0.0
2439 0.0
2440 0.0
2441 0.0
2442 0.0
2443 0.0
2444 0.0
2445 0.0
2446 0.0
2447 0.0
2448 0.0
2449 0.0
2450 0.0007635583647994332
2451 0.0016668298915528173
2452 0.0003012176218927036
2453 0.0
2454 0.0
2455 0.0
2456 0.0
2457 0.0
2458 0.0
2459 0.0
2460 0.0
2461 0.0
2462 0.0
2463 0.0
2464 0.0
2465 0.0
2466 -0.0001330077752714742
2467 0.0
2468 0.0
2469 0.0
2470 0.0
2471 0.0
2472 0.0
2473 0.0
2474 0.0
2475 0.0
2476 0.0
2477 0.0
2478 0.0
2479 0.0
2480 0.0
2481 0.0
2482 -0.0022168200430318034
2483 0.0
2484 0.0
2485 0.0
2486 0.0
2487 0.0
2488 0.0
2489 0.0
2490 0.0
2491 0.0
2492 0.0
2493 0.0
2494 0.0003084739765122224
2495 0.0028856304640938893
2496 0.0
2497 0.0
2498 0.0
2499 0.0
2500 0.00033811313970366505
2501 5.060027383919672e-05
2502 0.0
2503 0.0
2504 0.0
2505 0.0
2506 0.0
2507 0.0
2508 0.0
2509 0.0
2510 0.0
2511 0.0
2512 0.0
2513 0.0
2514 0.00038373502720613547
2515 0.0009549790609628922
2516 0.0006305014195512302
2517 0.0
2518 0.0
2519 0.0
2520 0.0
2521 0.0
2522 0.0
2523 0.0
2524 0.0
2525 0.0
2526 0.0
2527 0.0
2528 0.0
2529 0.0
2530 0.0
2531 0.0
2532 0.0
2533 0.0
2534 0.0
2535 0.0
2536 0.0
2537 0.0
2538 0.0
2539 0.0
2540 0.0
2541 0.0
2542 0.0
2543 0.0
2544 -0.0003154995410161879
2545 -0.0046802213415513315
2546 -0.006103002068993388
2547 -0.00132959050002362
2548 0.0
2549 -0.0005291119224741292
2550 -0.0033431023698141634
2551 -0.0016018218353950565
2552 -0.0011537967687840203
2553 0.0
2554 0.0
2555 0.0
2556 0.0
2557 0.0
2558 0.0006410180877005643
2559 0.0037289200763627236
2560 0.0
2561 0.0
2562 0.0
2563 0.0
2564 0.0
2565 0.0
2566 0.0012602684427021702
2567 0.0
2568 0.0
2569 0.0
2570 0.0
2571 0.0
2572 0.0
2573 0.0
2574 0.0
2575 0.0
2576 0.0
2577 0.0
2578 0.001990826148147121
2579 0.0017535852427993076
2580 0.0006960479871732515
2581 0.0
2582 0.0
2583 0.0
2584 0.0
2585 0.0
2586 0.0
2587 0.0
2588 0.0
2589 0.0
2590 0.0
2591 0.0
2592 0.0
2593 0.0
2594 0.0
2595 0.0
2596 0.0
2597 0.0
2598 -0.00035674195601095225
2599 -0.00026521701953022265
2600 0.0
2601 0.0
2602 0.0
2603 0.0
2604 0.0
2605 0.0
2606 0.0
2607 0.0
2608 -0.001399709776413742
2609 -0.0039455825688284275
2610 -0.004086420433437818
2611 -0.003862099557319747
2612 -0.0013479132273382535
2613 -0.0016663992117564267
2614 -0.002011378632663725
2615 0.0
2616 -0.00045860086223874593
2617 0.0
2618 0.0
2619 0.0
2620 0.0
2621 0.0
2622 0.000712610634859034
2623 0.0052182074821120385
2624 0.0
2625 0.0
2626 0.0
2627 0.0003066667349292784
2628 0.0009082397563940603
2629 0.0005222012731382675
2630 0.0007233347885152607
2631 0.0
2632 0.0
2633 0.0
2634 0.0
2635 0.0
2636 0.0
2637 0.0
2638 0.0
2639 0.0
2640 0.0
2641 0.0
2642 0.0005557493826030785
2643 0.0003703404695387287
2644 0.0
2645 0.0
2646 0.0
2647 0.0
2648 0.0
2649 0.0
2650 0.0
2651 0.0
2652 0.0
2653 0.0
2654 0.0
2655 0.0
2656 0.0
2657 0.0
2658 0.0
2659 0.0
2660 0.0
2661 0.0
2662 0.0
2663 0.0
2664 0.0
2665 0.0
2666 0.0
2667 0.0
2668 -0.00023684895050035985
2669 0.0
2670 0.0
2671 -0.0006398646682446881
2672 0.0
2673 -0.0004375108924702817
2674 -0.00032000711370029557
2675 -0.0018227234445551928
2676 -0.0013689084077636905
2677 -0.00014449035268719002
2678 -0.0010951686552030167
2679 0.0
2680 0.0
2681 -0.0020553721156267996
2682 -0.0008242593843613758
2683 0.0
2684 0.0
2685 0.0
2686 0.0
2687 0.001897980993194722
2688 0.0
2689 0.0
2690 0.0
2691 0.0
2692 0.0015144988417070807
2693 2.644818756840317e-05
2694 0.0
2695 0.0
2696 0.0
2697 0.0
2698 0.0
2699 0.0
2700 0.0
2701 0.0
2702 0.0
2703 0.0
2704 0.0
2705 0.0
2706 0.0
2707 0.0
2708 0.0
2709 0.0
2710 0.0
2711 0.0
2712 0.0
2713 0.0
2714 0.0
2715 0.0
2716 0.0
2717 0.0
2718 0.0
2719 0.0
2720 0.0
2721 0.0
2722 0.0
2723 0.001585489566695194
2724 0.0
2725 0.0
2726 0.0
2727 0.0
2728 0.0
2729 0.0
2730 0.0
2731 0.0
2732 -0.0031218658765786835
2733 -0.00313578627916652
2734 -0.002121477318004859
2735 -0.0016850375333538636
2736 0.0
2737 0.0
2738 0.0
2739 0.0
2740 0.0
2741 0.0
2742 0.0
2743 0.0
2744 0.0
2745 0.0
2746 0.0
2747 0.0
2748 0.0
2749 0.0
2750 0.0
2751 0.00046208541886304667
2752 0.0
2753 0.0
2754 0.0
2755 0.0
2756 0.001257620370902183
2757 0.0
2758 0.0
2759 0.0
2760 0.0
2761 0.0
2762 0.0
2763 0.0
2764 0.0
2765 0.0
2766 -0.0002443522906818765
2767 0.0
2768 0.0
2769 0.0
2770 0.0
2771 0.0
2772 0.0
2773 0.0
2774 0.0
2775 0.0
2776 0.0
2777 0.0
2778 0.0
2779 0.0
2780 0.0
2781 0.0
2782 0.0
2783 0.0
2784 0.0
2785 0.0
2786 0.0
2787 0.002504931246759734
2788 0.0002950155616529149
2789 0.0
2790 0.0
2791 0.0
2792 0.0
2793 0.0
2794 -0.0005524679511086225
2795 -0.0006862408605196195
2796 -0.0017849390043482496
2797 -0.003669167885905835
2798 -0.000820159478404847
2799 -9.341173223109475e-05
2800 0.0
2801 0.0
2802 0.0
2803 0.0
2804 0.0
2805 0.0
2806 0.0
2807 0.0
2808 0.0
2809 0.0
2810 0.0
2811 0.0
2812 0.00016843929993916703
2813 0.0
2814 0.0
2815 0.0007941253559762731
2816 0.0
2817 0.0
2818 0.0
2819 0.0
2820 0.0
2821 0.0
2822 0.0
2823 0.0
2824 0.0
2825 0.0
2826 0.0
2827 0.0
2828 0.0
2829 -0.0011711395799511404
2830 0.0
2831 0.0
2832 0.0
2833 0.0
2834 0.0
2835 0.0
2836 0.0
2837 0.0
2838 0.0
2839 0.0
2840 0.0
2841 0.0
2842 0.0
2843 0.0
2844 0.0
2845 0.0
2846 0.0
2847 0.0
2848 0.0
2849 0.0
2850 0.005137691605391024
2851 0.0038731917669564283
2852 0.001183336814272974
2853 0.0
2854 0.0
2855 0.0
2856 0.0
2857 0.0
2858 0.0
2859 -0.0006468160807835926
2860 -0.0021393226045111867
2861 -0.0021450639740115433
2862 -0.0007167287788754664
2863 0.0
2864 0.0
2865 0.0
2866 0.0
2867 0.0
2868 0.0
2869 0.0
2870 0.0
2871 0.0
2872 0.0
2873 0.0
2874 0.0
2875 0.0
2876 0.0
2877 0.0
2878 0.0010699685724096537
2879 0.0009011709045365999
2880 0.0
2881 0.0
2882 0.0
2883 0.0
2884 0.0
2885 0.0
2886 0.0
2887 0.0
2888 0.0
2889 0.0
2890 0.0
2891 0.0
2892 0.0
2893 0.0
2894 0.0
2895 0.0
2896 0.0
2897 0.0
2898 0.0006162829265921662
2899 0.0
2900 0.0
2901 0.0
2902 0.0
2903 0.0
2904 0.0
2905 -0.0007090778437961117
2906 0.0
2907 0.0
2908 0.0
2909 0.0
2910 0.0
2911 0.0
2912 0.0
2913 0.00015298075505399563
2914 0.0036112076747644322
2915 0.0010393035336471494
2916 0.0019925216318691405
2917 0.0
2918 0.0
2919 0.0
2920 0.0
2921 0.0
2922 0.0
2923 0.0
2924 -7.423323152529063e-05
2925 0.0
2926 0.0
2927 0.0
2928 0.0
2929 0.0
2930 0.0
2931 0.0
2932 0.0
2933 0.0
2934 0.0
2935 -0.0013714534664392877
2936 0.0
2937 0.0
2938 0.0
2939 0.0
2940 0.0
2941 0.0
2942 0.0006701947851970804
2943 0.0011843655499484348
2944 0.0
2945 0.0
2946 0.0
2947 0.0
2948 0.0
2949 0.0
2950 0.0
2951 0.0
2952 0.0
2953 0.0
2954 -0.0010302224174720872
2955 0.0
2956 0.0
2957 0.0
2958 0.0007963455875874243
2959 0.0
2960 0.0
2961 0.0
2962 0.0
2963 0.0
2964 0.0
2965 0.0
2966 0.0
2967 0.0
2968 0.0
2969 0.0
2970 0.0
2971 0.0
2972 0.0
2973 0.0
2974 0.0
2975 0.0
2976 0.0
2977 0.00046329523421549803
2978 0.002916139379443399
2979 0.0008949830701885099
2980 0.0
2981 0.0
2982 0.0
2983 0.0
2984 0.0
2985 -7.782284148820143e-05
2986 0.0
2987 0.0
2988 0.0
2989 0.0
2990 0.0
2991 0.0
2992 0.0
2993 0.0
2994 0.0
2995 0.0
2996 -0.0004882327242863654
2997 0.0
2998 0.0
2999 -0.0037903651357827886
3000 -0.0001808371744709823
3001 0.0
3002 0.0
3003 0.0
3004 0.0
3005 0.0
3006 0.0
3007 0.0010618823697120371
3008 0.0
3009 0.0
3010 0.0
3011 0.0
3012 0.0
3013 0.0
3014 -0.0009008482732291599
3015 0.0
3016 0.0
3017 0.0
3018 0.0
3019 0.0
3020 0.0
3021 0.001421148896296356
3022 0.001532911729476738
3023 0.0
3024 0.0
3025 0.0
3026 0.0
3027 0.0
3028 0.0
3029 0.0
3030 0.0
3031 0.0
3032 0.0
3033 -8.453547068519442e-05
3034 0.0
3035 0.0
3036 0.0
3037 0.0
3038 0.0
3039 0.0
3040 0.0002899604959294227
3041 0.0011050661751769734
3042 0.0006833964171689879
3043 0.0
3044 0.0
3045 0.0
3046 0.0
3047 0.0
3048 0.0
3049 0.0
3050 0.0
3051 0.0
3052 0.0
3053 0.0
3054 0.0
3055 0.0
3056 0.0
3057 0.0
3058 -0.0019167076826616045
3059 0.0
3060 0.0
3061 -1.0047170605079442e-05
3062 -0.00021891802473414176
3063 -0.0014406951549116565
3064 0.0
3065 0.0
3066 0.0
3067 0.0
3068 0.0
3069 0.0
3070 0.0
3071 0.0001646375742808989
3072 0.0
3073 0.0
3074 0.0
3075 0.0
3076 0.0
3077 -0.001500552325349507
3078 -0.0004955373221134515
3079 -0.00041112014114763097
3080 0.0
3081 0.0
3082 0.0
3083 0.00046853005733546145
3084 0.0008120590201012696
3085 0.001700496103190067
3086 0.0009731964868906062
3087 0.0
3088 0.0
3089 0.0
3090 0.0
3091 0.0
3092 0.0
3093 0.0
3094 0.0
3095 0.0
3096 0.0
3097 0.0
3098 0.0
3099 0.0
3100 0.0
3101 0.0
3102 0.0
3103 0.0
3104 0.0
3105 0.0
3106 0.0
3107 0.0
3108 0.0
3109 0.0
3110 0.0
3111 0.0
3112 0.0
3113 0.0
3114 0.0
3115 0.0
3116 0.0
3117 0.0
3118 0.0
3119 0.0
3120 0.0
3121 0.0
3122 -0.0008505638494243967
3123 -0.0007224153269523684
3124 -0.0003290851652819719
3125 -0.0021902568098992638
3126 0.0
3127 0.0
3128 0.0
3129 0.0
3130 0.0
3131 0.0
3132 0.0
3133 0.0
3134 0.0
3135 0.0
3136 0.0
3137 0.0
3138 0.0
3139 0.0
3140 -0.0004006593494199725
3141 -0.0008498204645643188
3142 -0.0005281567751476361
3143 0.0
3144 0.0
3145 0.0
3146 0.0
3147 0.0016498968539083623
3148 0.001552617798346109
3149 0.0018763309525502302
3150 0.0010254945124363785
3151 0.0
3152 0.0
3153 0.0
3154 0.0
3155 0.0
3156 0.0
3157 0.0
3158 0.0
3159 0.0
3160 0.0
3161 0.0
3162 -0.0010320035663890798
3163 0.0
3164 0.0
3165 0.0
3166 0.0
3167 0.0
3168 0.0
3169 0.0008876458939664237
3170 0.0
3171 0.0
3172 0.0
3173 0.0
3174 0.0
3175 0.0
3176 0.0
3177 0.0
3178 0.0
3179 0.0
3180 0.0
3181 0.0
3182 0.0
3183 0.0
3184 0.0
3185 0.0
3186 0.0
3187 0.0
3188 -0.0021320971989185664
3189 -0.00263055687703775
3190 -0.003010715773425537
3191 -0.00404050480258161
3192 0.0
3193 0.0
3194 0.0
3195 0.0
3196 0.0
3197 0.0
3198 0.0
3199 0.0
3200 0.0
3201 0.0
3202 0.0
3203 0.0
3204 -0.0010145487232217521
3205 -0.00073554455955181
3206 0.0
3207 0.0
3208 0.0
3209 0.0
3210 0.0
3211 0.0
3212 0.0008931880888370133
3213 0.0
3214 0.0
3215 0.0
3216 0.0
3217 0.0
3218 0.0
3219 0.0
3220 0.0
3221 0.0
3222 0.0
3223 0.0
3224 0.0
3225 0.0
3226 0.0
3227 0.0
3228 0.0
3229 0.0
3230 0.0
3231 0.0
3232 0.0
3233 0.0
3234 0.0
3235 0.0
3236 0.0
3237 0.0
3238 0.0
3239 0.0
3240 0.0
3241 0.0
3242 0.0
3243 0.0
3244 0.0
3245 0.0
3246 0.0
3247 0.0
3248 0.0
3249 0.0
3250 0.0
3251 0.0
3252 0.0
3253 0.0
3254 0.0
3255 0.0
3256 0.0
3257 0.0
3258 0.0
3259 0.0
3260 0.0
3261 0.0
3262 0.0
3263 0.0
3264 0.0
3265 0.0
3266 0.0
3267 0.0
3268 -2.978394625009153e-05
3269 0.0
3270 0.0
3271 0.0
3272 0.0
3273 0.0011396098832395856
3274 0.0
3275 0.0
3276 0.0
3277 0.0
3278 0.0
3279 0.0
3280 0.0
3281 0.0
3282 0.0
3283 0.0
3284 0.0
3285 -0.0015124178550718133
3286 0.0
3287 -0.0012314465142892939
3288 0.0
3289 0.0
3290 0.0
3291 0.0
3292 0.0
3293 0.0
3294 0.0
3295 0.0
3296 0.0
3297 0.0
3298 0.0
3299 0.0
3300 0.0
3301 0.0
3302 0.0
3303 -0.0003926883723989621
3304 0.0
3305 0.0
3306 0.0
3307 0.0
3308 0.0
3309 0.0
3310 0.0
3311 0.0
3312 0.0
3313 0.0
3314 0.0
3315 0.0
3316 0.0
3317 0.0
3318 0.0
3319 0.0
3320 0.0
3321 -0.0006736874934354864
3322 0.0
3323 0.0
3324 0.0
3325 0.0
3326 0.0
3327 0.0
3328 0.0
3329 0.0
3330 0.0
3331 -0.001370920176037367
3332 0.0
3333 0.0
3334 0.0
3335 0.0
3336 0.0008527227586043551
3337 0.0
3338 0.0
3339 9.727735724361056e-06
3340 0.0
3341 0.0
3342 0.0
3343 0.0
3344 0.0
3345 0.0
3346 0.0
3347 0.0
3348 0.0
3349 0.0
3350 -0.0008475390529393064
3351 -0.0023481230473574232
3352 0.0
3353 0.0
3354 0.0
3355 0.0
3356 0.0
3357 0.0
3358 0.0
3359 0.0
3360 0.0
3361 0.0
3362 0.0
3363 0.0
3364 0.0
3365 0.0
3366 0.0
3367 0.0
3368 0.0
3369 0.0
3370 0.0
3371 0.0
3372 0.0
3373 0.0
3374 0.0
3375 0.0
3376 0.0
3377 0.0
3378 0.0
3379 0.0
3380 0.0
3381 0.0
3382 0.0
3383 0.0
3384 0.0
3385 -2.661387892587502e-05
3386 -0.001093623180968291
3387 0.0
3388 0.0
3389 0.0
3390 0.0
3391 0.0
3392 0.0
3393 0.0
3394 -0.0009477711013538825
3395 -0.0031655269250362855
3396 0.0
3397 0.0
3398 0.0
3399 0.00015235890831075615
3400 0.0
3401 0.0
3402 0.0
3403 0.0
3404 0.0
3405 0.0
3406 0.0
3407 0.0
3408 0.0
3409 0.0
3410 0.0
3411 0.0
3412 0.0
3413 0.0
3414 0.0
3415 0.0
3416 0.0
3417 0.0
3418 0.0
3419 0.0
3420 0.0
3421 0.0
3422 0.0
3423 0.0
3424 0.0
3425 0.0
3426 0.0
3427 0.0
3428 0.0
3429 0.0
3430 0.0
3431 0.0
3432 0.0
3433 0.0
3434 0.0
3435 0.0
3436 0.0
3437 0.0
3438 0.0
3439 0.0
3440 0.0
3441 0.0
3442 0.0
3443 0.0
3444 0.0
3445 0.0
3446 0.0
3447 0.0
3448 0.0
3449 -0.0008460559924689532
3450 -0.0012146700361585754
3451 0.0
3452 0.0
3453 0.0
3454 0.0
3455 0.0
3456 0.0
3457 -0.0012783444700516953
3458 -0.0008002568204884817
3459 -3.756118657593431e-05
3460 0.0
3461 0.0
3462 0.0
3463 0.0
3464 0.0
3465 0.0
3466 0.0
3467 0.0
3468 0.0
3469 0.0
3470 0.0
3471 0.0
3472 0.0
3473 0.0
3474 0.0
3475 0.0
3476 0.0
3477 0.0
3478 0.0
3479 0.0
3480 0.0
3481 0.0
3482 0.0
3483 0.0
3484 0.0
3485 0.0
3486 0.0
3487 0.0
3488 0.0
3489 0.0
3490 0.0
3491 0.0
3492 0.0
3493 0.0
3494 0.0
3495 0.0008843914988699021
3496 0.0
3497 0.0
3498 0.0
3499 0.0
3500 0.0
3501 0.0
3502 0.0
3503 0.0
3504 -8.740018181759222e-05
3505 0.0
3506 0.0
3507 0.0
3508 0.0
3509 0.0
3510 0.0
3511 -0.0016788975385942963
3512 -0.0015328013317003914
3513 -0.0012767546664932477
3514 -0.0010439430606803992
3515 0.0
3516 0.0
3517 0.0
3518 0.0
3519 0.0
3520 -0.0002663528150561735
3521 -0.0002639391388844002
3522 0.0
3523 0.0
3524 0.0
3525 0.0
3526 0.0
3527 0.0
3528 0.0
3529 0.0
3530 0.0
3531 0.0
3532 0.0
3533 0.0
3534 0.0
3535 0.0
3536 0.0
3537 0.0
3538 0.0
3539 0.0
3540 0.0
3541 0.0
3542 0.0
3543 0.0
3544 0.0
3545 0.0
3546 0.0
3547 0.0003485770227843925
3548 0.0
3549 0.0
3550 0.0
3551 0.0
3552 0.0
3553 0.0
3554 0.0
3555 0.0
3556 0.0
3557 0.0
3558 0.0
3559 0.0
3560 0.0
3561 0.0
3562 0.0
3563 0.0
3564 0.0
3565 0.0
3566 0.0
3567 0.0
3568 0.0
3569 0.0
3570 0.0
3571 0.0
3572 0.0
3573 0.0
3574 0.0
3575 -3.5912878534107995e-05
3576 -0.0003824595544557851
3577 -0.0012222453228612402
3578 -0.00146482224842355
3579 -0.0009126182953702628
3580 0.0
3581 0.0
3582 0.0
3583 0.0
3584 0.0
3585 0.0
3586 0.0
3587 0.0
3588 0.0
3589 0.0
3590 0.0
3591 0.0
3592 0.0
3593 0.0
3594 0.0
3595 0.0
3596 0.0
3597 0.0
3598 0.0
3599 0.0
3600 0.0
3601 0.0
3602 0.0
3603 0.0
3604 0.0
3605 0.0
3606 0.0
3607 0.0
3608 0.0
3609 0.0009528625131167026
3610 0.0
3611 0.0
3612 0.0
3613 0.0
3614 0.0
3615 0.0
3616 0.0
3617 0.0
3618 0.0
3619 0.0
3620 0.0
3621 0.0
3622 0.0
3623 0.0
3624 0.0
3625 0.0
3626 0.0
3627 0.0
3628 0.0
3629 0.0
3630 0.0
3631 0.0
3632 0.0
3633 0.0
3634 0.0
3635 0.0
3636 -0.0016115563651942252
3637 -0.0014300890613384337
3638 0.0
3639 0.0
3640 0.0
3641 0.0
3642 -0.0012759221019510128
3643 0.0
3644 0.0
3645 0.0
3646 0.0
3647 0.0
3648 0.0
3649 0.0
3650 0.0
3651 0.0
3652 0.0
3653 0.0
3654 0.0
3655 0.0
3656 0.0
3657 0.0
3658 0.0
3659 0.0
3660 0.0
3661 0.0
3662 0.0
3663 0.0
3664 0.0
3665 0.0
3666 0.0
3667 0.0
3668 0.0
3669 0.0
3670 0.0
3671 0.0
3672 0.0008586068172171776
3673 0.0011233530610099867
3674 7.178336877282236e-05
3675 0.0
3676 0.0
3677 0.0
3678 0.0
3679 0.0
3680 0.0
3681 0.0
3682 0.0
3683 0.0
3684 0.0
3685 0.0
3686 0.0
3687 0.0
3688 0.0
3689 0.0
3690 0.0
3691 0.0
3692 0.0
3693 0.0
3694 0.0
3695 0.0
3696 0.0
3697 -0.0003054445735378563
3698 -0.0009746190820883931
3699 -0.0009257721177824205
3700 -0.0009877139150666514
3701 0.0
3702 0.0
3703 0.0
3704 0.0
3705 0.0
3706 0.0
3707 0.0
3708 0.0
3709 0.0
3710 0.0
3711 0.0
3712 0.0
3713 0.0
3714 0.0
3715 0.00021939228235887335
3716 0.0019068760817766643
3717 0.0
3718 0.0
3719 0.0
3720 0.0
3721 0.0
3722 0.0
3723 0.0
3724 0.0
3725 0.0
3726 0.0
3727 0.0
3728 0.0
3729 0.0
3730 0.0
3731 0.0
3732 0.0
3733 0.0
3734 0.0
3735 0.0
3736 0.0
3737 0.0002132971881962141
3738 0.00021444753624073795
3739 0.0
3740 0.0
3741 0.0
3742 0.0
3743 0.0
3744 0.0
3745 0.0
3746 0.0
3747 0.0
3748 0.0
3749 0.0
3750 0.0
3751 0.0
3752 0.0
3753 0.0
3754 0.0
3755 0.0
3756 0.0
3757 0.0
3758 0.0
3759 0.0
3760 0.0
3761 0.0
3762 0.0
3763 0.0
3764 0.0
3765 0.0
3766 0.0
3767 0.0
3768 0.0
3769 0.0
3770 0.0
3771 0.0
3772 0.0
3773 0.0
3774 0.0
3775 0.0
3776 0.0
3777 0.0
3778 0.0
3779 0.0
3780 0.0036306683863220513
3781 0.002697615932614088
3782 0.0011653034964209847
3783 0.0
3784 0.0
3785 0.0
3786 0.0
3787 0.0
3788 0.0
3789 0.0
3790 -0.0008504727602920887
3791 0.0
3792 0.0
3793 0.0
3794 0.0
3795 0.0
3796 0.0
3797 0.0
3798 0.0
3799 0.0
3800 0.0
3801 0.0
3802 0.0
3803 0.0
3804 0.0
3805 0.0
3806 0.0
3807 0.0
3808 0.0
3809 0.0
3810 0.0
3811 0.0
3812 0.0
3813 0.0
3814 0.0
3815 0.0
3816 0.0
3817 0.0
3818 0.0
3819 0.0
3820 0.0
3821 0.0
3822 0.0
3823 0.0
3824 0.0
3825 0.0
3826 0.0
3827 0.0
3828 0.0
3829 -0.0010273697388620605
3830 0.0
3831 0.0
3832 0.0
3833 0.0
3834 0.0
3835 0.0
3836 0.0
3837 0.0
3838 0.0
3839 0.0
3840 -0.0022193263092669534
3841 -0.0018892346520316015
3842 0.0
3843 0.0
3844 0.0006771918070366496
3845 0.001282282008970392
3846 0.0043557130439612225
3847 0.0034943602069750575
3848 0.0017315766415657396
3849 0.00034323418304267904
3850 0.0008019732269898807
3851 0.0
3852 0.0
3853 0.0
3854 0.0
3855 0.0
3856 0.0
3857 0.0
3858 0.0
3859 -8.00941968613584e-05
3860 0.0
3861 0.0
3862 0.0
3863 0.0
3864 0.0
3865 0.0
3866 0.0
3867 0.0
3868 0.0
3869 0.0
3870 0.0
3871 0.0
3872 0.0
3873 0.0
3874 0.0
3875 0.0
3876 0.0
3877 0.0
3878 0.0
3879 0.0
3880 0.0
3881 0.0
3882 0.0
3883 0.0
3884 0.0
3885 0.0
3886 0.0
3887 0.0
3888 0.0
3889 0.0
3890 0.0
3891 0.0
3892 0.0
3893 0.0
3894 0.0
3895 0.0
3896 0.0
3897 0.0
3898 0.0
3899 0.0
3900 0.0
3901 0.0
3902 0.0
3903 0.0
3904 -0.001149836516661962
3905 -0.0010986346334709355
3906 0.0
3907 0.0
3908 0.0
3909 0.0
3910 0.0017376233109356978
3911 0.005467465186040646
3912 0.005942578340963558
3913 0.004913422071863356
3914 0.004310001091577216
3915 0.00023213912064646978
3916 0.0
3917 0.0
3918 0.0
3919 0.0
3920 0.0
3921 0.0
3922 0.0
3923 -0.00021702099375173068
3924 0.0
3925 0.0
3926 0.0
3927 0.0
3928 0.0
3929 0.0
3930 0.0
3931 0.0
3932 0.0
3933 0.0
3934 0.0
3935 0.0
3936 0.0
3937 0.0
3938 0.0
3939 0.0
3940 0.0
3941 0.0
3942 0.0
3943 0.0
3944 0.0
3945 0.0
3946 0.0
3947 0.0
3948 0.0
3949 0.0
3950 0.0
3951 0.0
3952 0.0
3953 0.0
3954 0.0
3955 0.0
3956 0.0
3957 0.0
3958 0.0
3959 0.0
3960 0.0
3961 0.0
3962 0.0
3963 0.0
3964 0.0
3965 0.0
3966 -1.3984971149215114e-05
3967 0.0
3968 -0.0011791192995042072
3969 0.0
3970 0.0
3971 0.0
3972 0.0
3973 0.0
3974 0.0
3975 0.0
3976 0.00026810544298878507
3977 0.0013788568880298924
3978 0.0
3979 0.0
3980 0.0
3981 0.0
3982 0.0
3983 0.0
3984 0.0
3985 0.0
3986 -1.3105132123585446e-05
3987 0.0
3988 0.0
3989 0.0
3990 0.0
3991 0.0
3992 0.0
3993 0.0
3994 0.0
3995 0.0
3996 0.0
3997 0.0
3998 0.0
3999 0.0
4000 0.0
4001 0.0
4002 0.0
4003 0.0
4004 0.0
4005 0.0
4006 0.0
4007 0.0
4008 0.0
4009 0.0
4010 0.0
4011 0.0
4012 0.0
4013 0.0
4014 0.0
4015 0.0
4016 0.0
4017 0.0
4018 0.0
4019 0.0
4020 0.0
4021 0.0
4022 0.0
4023 0.0
4024 0.0
4025 0.0
4026 0.0
4027 0.0
4028 0.0
4029 -3.7713297775548735e-05
4030 -0.0019725622435737013
4031 -0.00023052711376340382
4032 -0.0021616245635261724
4033 -0.0019881024204215156
4034 -0.0001813298143086334
4035 0.0
4036 0.0
4037 0.0
4038 0.0
4039 0.0
4040 0.0
4041 0.0
4042 0.0
4043 0.0
4044 0.0
4045 0.0
4046 0.0
4047 0.0
4048 0.0
4049 0.0
4050 0.0
4051 0.0
4052 0.0
4053 0.0
4054 0.0
4055 0.0
4056 0.0
4057 0.0
4058 0.0
4059 0.0
4060 0.0
4061 0.0
4062 0.0
4063 0.0
4064 0.0
4065 0.0
4066 0.0
4067 0.0
4068 0.0
4069 0.0
4070 0.0
4071 0.0
4072 0.0
4073 0.0
4074 0.0
4075 0.0
4076 0.0
4077 0.0
4078 0.0
4079 0.0
4080 0.0
4081 0.0
4082 0.0
4083 -0.0003250815224209756
4084 0.0
4085 0.0
4086 0.0
4087 0.0
4088 0.0
4089 0.0
4090 0.0
4091 0.0
4092 0.0
4093 -0.00031829177854012647
4094 0.0
4095 0.0
