 0
0 -0.00013703280649872464
1 -0.001349004264045711
2 -0.00022163108932104835
3 -0.001095932819599895
4 -0.0017758887047888117
5 0.0
6 0.0
7 0.0
8 0.0
9 -0.0005375574419316267
10 0.0
11 -0.0004784178907878502
12 -0.00069452905903523
13 -0.001221588412542041
14 -8.833684074899367e-05
15 -0.000488776968684856
16 0.0
17 0.0
18 0.0
19 0.0
20 0.0
21 0.0
22 0.0
23 0.0
24 0.0
25 0.0
26 0.0
27 0.0
28 0.0
29 0.00011140229498513997
30 0.0
31 0.0
32 0.0
33 0.0
34 0.0
35 0.0
36 0.0
37 0.0
38 0.0
39 0.0
40 0.0
41 0.0
42 0.0
43 0.0
44 0.0
45 0.0
46 0.0
47 0.0004751096202637845
48 0.0018836643406471372
49 0.0005173051369970328
50 0.00021921906695899818
51 6.609102281913791e-05
52 0.000792277924067485
53 0.0011054922775223719
54 0.0008319389107239647
55 0.0005413289893293945
56 0.0005395805123868346
57 0.0
58 0.0
59 0.0
60 0.0
61 0.0
62 0.0
63 0.0
64 0.0
65 -0.0003773954098318665
66 0.0
67 -0.000332734685481206
68 0.0
69 0.0
70 0.0
71 0.0
72 0.0
73 0.0
74 0.00011989085856955057
75 0.0
76 0.0
77 0.0
78 0.0
79 0.0
80 0.0
81 0.0
82 0.0
83 -0.0002738310985271879
84 -0.0006445276917188206
85 0.0
86 0.0
87 0.0
88 0.0
89 0.0
90 0.0
91 0.0
92 0.0
93 0.0
94 0.0
95 0.0
96 0.0
97 0.0
98 0.0
99 0.0
100 0.0
101 0.0
102 0.0
103 0.0
104 0.0
105 0.0
106 0.0
107 -0.00014439537260282868
108 -0.00016130083342266973
109 -0.0007729857758927194
110 0.0
111 0.0
112 0.0
113 0.0
114 0.0
115 0.0006052440348877662
116 0.00023248948633919326
117 0.0009105321378203409
118 0.0004025104222390234
119 0.0
120 0.0
121 0.0
122 0.0
123 0.0
124 0.0
125 0.0
126 0.0
127 0.0
128 -0.0011878908575962148
129 -0.0003890305945982514
130 -0.0009849032424982108
131 0.0
132 0.0
133 0.0
134 0.0
135 0.0
136 0.0
137 0.0002464442729749644
138 5.9262283126305674e-05
139 0.0010898502734050422
140 0.00048312785931148896
141 0.0003116640340066478
142 0.0004735124195997003
143 0.0
144 0.0
145 0.0
146 -0.0004402249105635034
147 -0.0006216101128286968
148 0.0
149 -6.683767626837893e-05
150 -0.000453718995870666
151 0.0
152 0.0
153 0.0
154 0.0
155 0.0
156 0.0
157 0.0
158 0.0
159 0.0
160 0.0
161 0.0
162 0.0
163 0.0
164 0.0
165 0.0
166 0.0
167 0.0
168 -0.0005972583700599222
169 -0.0015838325602616045
170 -0.0013484364271504697
171 -0.0025043502496005458
172 -0.0014640491253541746
173 0.0
174 0.0
175 0.0
176 0.0
177 0.0
178 0.0
179 0.0
180 0.00011551714859874037
181 0.0
182 0.0
183 0.0
184 0.0
185 0.0
186 0.0
187 0.0
188 -0.0001603212425927566
189 0.0
190 0.0
191 0.0
192 -0.002061884005055069
193 0.0
194 -0.0005175162453519756
195 0.0
196 0.0
197 0.0
198 0.0
199 0.0005316991708688815
200 0.0012665776155605908
201 0.0010444195532515292
202 2.9878695449136356e-05
203 0.0
204 0.0
205 0.0
206 0.0
207 0.0
208 0.0
209 0.0
210 0.0
211 0.0
212 -0.0012686882017636251
213 0.0
214 0.0
215 0.0
216 0.0
217 0.0
218 0.0
219 0.0
220 0.0
221 0.0
222 0.0
223 0.0
224 0.0
225 0.0
226 0.0
227 0.0
228 0.0
229 0.0
230 0.0
231 0.0
232 0.0
233 -0.00020121488209145778
234 0.0
235 0.0
236 0.0
237 0.0
238 0.0
239 0.0
240 0.0
241 0.0
242 0.0
243 0.0
244 0.0
245 0.0
246 0.0
247 0.0
248 0.0
249 0.0
250 0.0
251 -0.001577385923402043
252 -0.000707631634990111
253 -0.0015883247521267416
254 0.0
255 0.0
256 -0.0005002040242214865
257 0.0
258 0.0
259 0.0007352407012533464
260 0.0036333335941494856
261 0.0
262 0.0
263 0.0
264 0.0
265 0.0
266 0.0
267 0.0
268 0.0
269 0.0
270 0.0
271 0.0
272 0.0
273 0.0
274 0.0
275 0.0
276 0.0
277 0.0
278 0.0
279 0.0
280 0.0
281 0.0
282 0.0
283 0.0
284 0.0
285 0.0
286 0.0
287 0.0
288 0.0
289 0.0
290 0.0
291 0.0
292 0.0
293 0.0
294 0.0
295 0.0
296 0.0
297 0.0
298 0.0
299 0.0
300 0.0
301 0.0
302 0.0
303 0.0
304 0.0
305 0.0
306 0.0
307 0.0
308 0.0
309 0.0
310 0.0
311 0.0
312 0.0
313 0.0
314 0.0
315 0.0
316 0.0
317 0.0
318 0.0
319 0.0
320 0.0
321 -4.549458345091877e-05
322 0.0
323 0.00016269522973963284
324 0.0
325 0.0
326 0.0
327 0.0
328 0.0
329 0.0
330 0.0
331 0.0
332 0.0
333 0.0
334 0.0
335 0.0
336 0.0
337 0.0
338 1.339580221376085e-05
339 0.0
340 0.0
341 0.0
342 0.0
343 0.0
344 0.0015330624262550165
345 0.000314767665541053
346 0.0
347 0.0
348 0.0012281940390790743
349 0.00027871108483593207
350 0.0
351 0.0
352 0.0
353 0.0
354 0.0
355 0.0
356 0.0
357 0.0
358 0.00011699195797385318
359 0.0
360 0.000697206862790481
361 0.001373678432520018
362 0.0015631468898175322
363 0.0
364 0.0
365 0.0
366 0.0006466680141503255
367 0.0
368 0.0
369 0.0
370 0.0
371 0.0
372 0.0
373 0.0
374 0.0
375 0.0
376 0.0
377 0.0
378 0.0
379 0.0
380 0.0
381 0.0
382 0.0
383 0.0
384 0.0
385 0.0
386 0.0
387 0.000652183089178742
388 0.0
389 0.0
390 0.0
391 0.0
392 0.0
393 0.0
394 0.0
395 0.0
396 0.0
397 0.0
398 0.0
399 0.0
400 0.0
401 0.0
402 0.0
403 0.0
404 0.0
405 0.0
406 0.0005296539228906797
407 0.00182568690803355
408 0.00017642294614551106
409 0.0
410 0.0
411 0.0
412 0.0032436125418714382
413 0.002601121905929137
414 0.0
415 0.0
416 0.0
417 0.0
418 0.0
419 0.0
420 0.0
421 0.0
422 0.0
423 0.0
424 0.001063155503801509
425 0.0018317856896479087
426 0.0024046414357123793
427 0.0004988478577784527
428 0.0
429 2.6211680528028905e-05
430 0.0
431 0.0009458790861755778
432 0.0
433 0.0
434 0.0
435 0.0
436 0.0
437 0.0
438 0.0
439 0.0
440 0.0
441 0.0
442 0.0
443 0.0
444 0.0
445 0.0
446 0.0
447 0.0
448 -0.0006419361277314882
449 0.0
450 0.0
451 0.0
452 0.0
453 0.0
454 0.0
455 0.0
456 0.0
457 0.0
458 0.0
459 0.0
460 0.0
461 -0.001003270952786123
462 -0.00016739661417842307
463 -0.0008503228492678155
464 -5.613161637413191e-05
465 0.0
466 0.0
467 0.0
468 0.0
469 0.0
470 0.001013619070675157
471 0.002303696962428355
472 0.0016998275787969074
473 0.0006757505555728136
474 0.0
475 0.0
476 0.00018576469849763483
477 0.0
478 0.0
479 0.0
480 0.0
481 0.0
482 0.0
483 0.0
484 0.0
485 0.0
486 0.0
487 0.0
488 0.0
489 0.0
490 0.0
491 0.0
492 0.0
493 0.0
494 0.0
495 0.0
496 0.0
497 0.0
498 0.0
499 0.0009501693761411765
500 0.0
501 0.0
502 0.0
503 0.0
504 0.0
505 0.0
506 0.0
507 0.0
508 0.0
509 0.0
510 0.0
511 0.0
512 0.0
513 0.0
514 -1.6165682417892806e-05
515 0.0
516 0.0
517 0.0
518 0.0006016637140368188
519 0.0
520 0.0
521 0.0
522 0.0
523 -6.550665990512034e-05
524 -0.001675111203324367
525 -0.0014190310235396555
526 -0.0010017741637893126
527 -0.0004801892059127592
528 -0.00014329967920428531
529 -0.0002121452256260635
530 0.0
531 0.0
532 0.0
533 0.0
534 0.0
535 0.0
536 1.9254550240745304e-05
537 0.0
538 0.0
539 0.0
540 0.0
541 0.0
542 0.0
543 -0.0007503059329313034
544 -0.00024101724810642454
545 0.0
546 0.0
547 0.0
548 0.0
549 0.0
550 0.0
551 0.0
552 0.0
553 0.0
554 0.0
555 0.0
556 0.0
557 0.0
558 0.0
559 0.0
560 4.5183375402040445e-05
561 0.000454719991151121
562 0.0011860548035144889
563 0.0001271583087078933
564 0.0
565 0.0
566 0.0
567 0.0
568 0.0
569 0.0
570 0.0
571 0.0
572 0.0
573 0.0
574 0.0
575 0.0
576 0.0
577 0.0
578 0.0
579 0.0
580 0.0
581 0.000996514193655896
582 0.0013593184521822723
583 0.0010340387248003694
584 0.0
585 0.0
586 0.0
587 -0.00024152278998940759
588 -0.0005531015607619758
589 -0.0015464805775459417
590 -0.0015303763859299817
591 -0.001615965011934239
592 -0.002316258121196442
593 -0.0016112329210536064
594 0.0
595 0.0
596 0.0
597 0.0
598 0.0
599 0.0
600 0.0
601 0.0
602 0.0
603 0.0
604 0.0
605 0.0
606 0.0
607 0.0
608 0.0
609 0.0
610 0.0
611 0.0
612 0.0
613 0.0
614 0.0
615 0.0
616 0.0
617 0.0
618 0.0
619 0.0
620 0.0
621 0.0
622 0.0
623 0.0
624 0.0
625 0.0007548407179278681
626 0.0005340038124112817
627 0.0002699147289788318
628 0.0
629 0.0
630 0.0
631 0.0
632 0.0
633 0.0
634 0.0
635 0.0
636 0.0
637 0.0
638 0.0
639 0.0
640 0.0
641 0.0
642 0.0
643 0.0
644 0.0
645 0.001816813035815407
646 0.000892892359219722
647 0.0020403418468416356
648 0.0
649 0.0
650 0.0
651 0.0
652 -0.0004119693759840415
653 -0.0002960827058828161
654 0.0
655 -0.0015076019822721377
656 -0.0009293749352433335
657 -0.0008482503752933175
658 0.0
659 -0.0002423799393099237
660 0.0
661 0.0
662 0.0
663 -0.0005074198774939474
664 0.0
665 0.0
666 0.0
667 0.0
668 0.0
669 0.0004655061766172539
670 0.0
671 0.0
672 0.0
673 0.0
674 0.0
675 0.0
676 0.0
677 -0.0006965268992115601
678 -0.00012209491173679088
679 0.0
680 0.0
681 0.0
682 0.0
683 0.0
684 0.0
685 0.0
686 0.0
687 0.0
688 0.0
689 0.0
690 0.0
691 0.0
692 0.0
693 0.0
694 0.0
695 0.0
696 0.0
697 0.0
698 0.0
699 0.0
700 0.0
701 0.0
702 0.0
703 0.0
704 0.0
705 0.0
706 0.0
707 0.0
708 0.0
709 0.0
710 0.0002214565761471379
711 0.0
712 0.0008685677032157163
713 0.0
714 0.0
715 0.0
716 0.0
717 0.0
718 0.0
719 0.0
720 0.0
721 0.0
722 0.0
723 0.0
724 0.0
725 -0.0005383481236803255
726 -0.0019403678253346144
727 -0.001667786746827026
728 -7.15948075217409e-05
729 0.0
730 0.0
731 0.0
732 0.0
733 0.0009505359070623109
734 0.0
735 0.0
736 0.0
737 0.0
738 0.0
739 0.0
740 0.0
741 0.0
742 0.0
743 0.0
744 0.0
745 0.0
746 0.0
747 0.0
748 0.0
749 0.0
750 0.0
751 0.0
752 0.0
753 0.0
754 0.0
755 0.0
756 0.0
757 0.0
758 0.0
759 0.0
760 0.0
761 0.0
762 0.0
763 0.0
764 0.0
765 0.0
766 0.0
767 0.0
768 0.0
769 0.0
770 0.0
771 0.0
772 0.0
773 0.0002001117566843431
774 0.0
775 0.0
776 0.0
777 0.0
778 0.0
779 0.0
780 0.0
781 0.0
782 0.0
783 0.0
784 0.0
785 0.0
786 0.0
787 0.0
788 0.0
789 -0.001673558507006947
790 -0.003037805462086118
791 -0.003455272065443326
792 -0.002049993577531309
793 0.0
794 0.0
795 0.0
796 0.0
797 0.0
798 0.0
799 0.0
800 0.0
801 0.0
802 0.0
803 0.0
804 0.0
805 0.0
806 0.0
807 0.0
808 0.0
809 0.0
810 0.0
811 0.0
812 0.0
813 0.0
814 0.0
815 0.0
816 0.0
817 0.0
818 0.0
819 0.0
820 0.0
821 0.0
822 0.0
823 0.0
824 0.0
825 0.0
826 0.0
827 0.0
828 0.0
829 0.0
830 0.0
831 0.0
832 0.0
833 0.0
834 0.0
835 0.0
836 0.0
837 0.0
838 0.0
839 0.0
840 0.0
841 0.0
842 0.0008325598325109633
843 0.0
844 0.0
845 -0.00034128513931401983
846 0.0
847 0.0
848 0.0
849 0.0
850 0.0
851 -0.00042271849501510084
852 -0.0009468214984011217
853 -0.0013526388494731973
854 -0.002111332463722757
855 0.0
856 0.0
857 0.0
858 0.0
859 0.0
860 0.0
861 0.0
862 0.0
863 0.0
864 0.0
865 0.0
866 0.0
867 0.0
868 0.0
869 0.0
870 0.0
871 0.0
872 0.0
873 0.0
874 0.0
875 0.0
876 0.0
877 0.0
878 0.0
879 0.0
880 0.0
881 0.0
882 0.0
883 0.0
884 0.0
885 0.0
886 0.0
887 0.0
888 0.0
889 0.0
890 0.0
891 0.0
892 0.0
893 0.0
894 0.0
895 0.0
896 0.0
897 0.0
898 0.0
899 0.0
900 0.0
901 0.0
902 0.0
903 2.8195979339775783e-05
904 0.0005637871978357814
905 0.0
906 0.0011487379800210243
907 6.75263292929292e-05
908 0.0
909 0.0
910 0.0
911 0.0
912 0.0
913 0.0
914 0.0
915 -0.000651726635328555
916 -0.0002825413880599176
917 -0.0010486201959398523
918 -0.0016891857775134117
919 -0.0003298637462457809
920 0.0
921 0.0
922 0.0
923 0.0
924 0.0
925 0.0
926 0.0
927 0.0
928 0.0
929 0.0
930 0.0
931 0.0
932 0.0
933 0.0
934 -0.0013546805690835316
935 0.0
936 0.0
937 0.0
938 0.0
939 0.0
940 0.0
941 0.0
942 0.0
943 -2.6235611304046187e-06
944 -0.0005709052609442389
945 -0.0013599569095557994
946 -0.0008966054692784871
947 0.0
948 0.0
949 0.0
950 0.0
951 0.0
952 -0.0004995405433110293
953 0.0
954 0.0
955 0.0
956 0.0
957 0.0
958 0.0
959 0.0
960 0.0
961 0.0
962 0.0
963 0.0
964 0.0
965 0.0
966 0.0
967 0.00011400690313184927
968 0.0
969 0.0
970 0.0
971 0.0009029151672019749
972 0.0
973 0.0
974 0.0
975 0.0
976 0.0
977 0.0
978 0.0
979 -5.580988592786058e-05
980 0.0
981 0.0
982 -0.0018381767270089484
983 -0.0008332981593430665
984 0.0
985 0.0
986 0.0
987 0.0
988 0.0
989 0.0
990 0.0
991 0.0
992 0.0
993 0.0
994 0.0
995 0.0
996 0.0
997 0.0
998 0.0
999 0.0
1000 0.0
1001 0.0
1002 0.0
1003 0.0
1004 0.0
1005 0.0
1006 -0.00025739043753404754
1007 -0.0003464200149827531
1008 -0.00019824891083659337
1009 0.0
1010 -0.0012534762652108105
1011 -0.0008332334530344688
1012 0.0
1013 0.0
1014 0.0
1015 0.0
1016 -0.001228525459164147
1017 0.0
1018 0.0
1019 0.0
1020 0.0
1021 0.0
1022 0.0
1023 0.0
1024 0.0
1025 0.0
1026 3.157708210003871e-05
1027 0.0
1028 0.0
1029 0.0
1030 0.0
1031 0.0
1032 0.0
1033 0.0
1034 0.0
1035 0.0
1036 0.0007994291072816293
1037 0.0009666319189540994
1038 0.0
1039 0.0
1040 0.0
1041 0.0
1042 0.0
1043 0.0
1044 -0.0012686029873473516
1045 -0.002576697843704976
1046 -0.004010659166320816
1047 -0.0025970302407790904
1048 -0.0017429683120812397
1049 -0.0009559392280961142
1050 -0.00023310118646826725
1051 -0.0023674169727161583
1052 -0.00301901455274397
1053 -0.0015711058810390787
1054 -0.00015448672737072085
1055 0.0
1056 0.0
1057 0.0
1058 0.0
1059 0.0
1060 0.0
1061 0.0
1062 0.0
1063 0.0
1064 0.0
1065 0.0
1066 0.0
1067 0.0
1068 0.0
1069 -0.00014423339253630892
1070 0.0
1071 0.0
1072 -0.0009711454687525512
1073 -0.002242676111123697
1074 0.0
1075 -0.000874602054395077
1076 0.0
1077 -0.0017618057333994846
1078 -0.00041760829628413306
1079 -0.00024553907755498947
1080 -0.0019830372876257713
1081 -0.0014783287666084934
1082 -0.0007371360855277469
1083 0.0
1084 0.0
1085 0.0
1086 0.0
1087 0.0
1088 0.0
1089 0.0
1090 0.0
1091 0.0
1092 0.0
1093 0.00012794091200239518
1094 0.0
1095 0.0
1096 -0.0003587064332576705
1097 0.0
1098 0.0
1099 0.0
1100 7.351498868707102e-05
1101 0.0028756437669269974
1102 0.0
1103 0.0
1104 0.0
1105 0.0
1106 0.0
1107 0.0
1108 0.0
1109 -0.0016682834691230876
1110 0.0
1111 0.0
1112 0.0
1113 0.0
1114 0.0
1115 -0.0007899900979617782
1116 -0.001820874206012728
1117 -0.0016994110736260487
1118 -0.002258256036528361
1119 0.0
1120 0.0
1121 0.0
1122 0.00110885673921773
1123 0.0008675201120624382
1124 0.0
1125 0.0
1126 0.0
1127 0.0
1128 0.0
1129 0.0
1130 -0.0009685575633849665
1131 -0.00045564597946032737
1132 0.0
1133 0.0
1134 0.0
1135 0.0
1136 -0.00029477626771668504
1137 -0.0005820683082936579
1138 -0.001236900299864922
1139 0.0
1140 -0.001355636308267288
1141 -0.001353827271642218
1142 0.0
1143 -0.0009314998004637782
1144 0.0
1145 0.0
1146 0.0
1147 0.0
1148 0.0
1149 0.0
1150 0.0
1151 0.0
1152 0.0
1153 0.0
1154 0.0
1155 0.0
1156 0.0
1157 0.0
1158 0.0
1159 0.0
1160 0.0
1161 -0.0009258139293868892
1162 -0.0008857314429502967
1163 0.0
1164 0.0
1165 0.0006727533102591157
1166 0.0
1167 0.0
1168 0.0
1169 0.0
1170 0.0
1171 0.0
1172 0.0
1173 0.0
1174 0.0
1175 0.0
1176 0.0
1177 0.0
1178 0.0
1179 0.0
1180 -2.946303741210385e-05
1181 -0.00017919674642297338
1182 0.0
1183 0.0
1184 0.0
1185 0.0
1186 0.0026091463744278257
1187 0.0007763340421506053
1188 0.0
1189 -0.0015506472082019722
1190 -0.003071981181917755
1191 -0.00034740714553791857
1192 0.0
1193 0.0
1194 0.0
1195 0.0
1196 0.0
1197 0.0
1198 0.0
1199 0.0
1200 0.0
1201 0.0
1202 -7.159679723033044e-06
1203 -0.0007981321896205408
1204 -0.0023476267163931386
1205 -0.0006217920823826058
1206 -0.00015664401915031716
1207 0.0
1208 0.0
1209 0.0
1210 0.0
1211 0.0
1212 0.0
1213 0.0
1214 6.631895740276262e-06
1215 0.0
1216 0.0
1217 0.0
1218 0.0
1219 0.0
1220 0.0
1221 0.0
1222 0.0
1223 0.0
1224 0.0
1225 0.0
1226 0.0
1227 0.0
1228 0.0
1229 0.0
1230 0.0
1231 0.0
1232 0.0
1233 0.0
1234 0.0
1235 0.0
1236 0.0
1237 0.0
1238 0.0
1239 0.0
1240 0.0
1241 0.0
1242 -0.000733995242268878
1243 -5.9856390143580126e-05
1244 0.0
1245 0.0
1246 0.0
1247 0.0
1248 0.0005706570581408636
1249 0.0019709515348289145
1250 0.0037263653433178795
1251 0.001226551801130078
1252 0.0
1253 -0.0001794063385981369
1254 -0.00028474514782160997
1255 -0.0005289768448348789
1256 0.0
1257 0.0
1258 0.0
1259 0.0
1260 0.0
1261 0.0
1262 0.0
1263 0.0
1264 0.0
1265 0.0
1266 0.0
1267 -0.0004107765976631358
1268 -0.0009329521789674602
1269 -0.0006193220198298167
1270 -0.0014183795816904066
1271 -0.0013652801381708389
1272 0.0
1273 -0.00034160583925930705
1274 0.0
1275 0.0
1276 0.0
1277 0.0
1278 0.00018445029630925479
1279 0.0012131037689813112
1280 0.0
1281 0.0
1282 0.0
1283 0.0
1284 0.0
1285 0.0
1286 0.0
1287 0.0
1288 0.0
1289 0.0
1290 0.0
1291 -0.0006435160263489376
1292 -0.0001347186459293614
1293 0.0
1294 0.0
1295 0.0
1296 0.0
1297 0.0
1298 0.0
1299 0.0
1300 0.0
1301 0.0
1302 0.0
1303 0.0
1304 0.0
1305 0.0
1306 0.0
1307 -0.0003886417125713639
1308 0.0
1309 0.0
1310 0.0
1311 0.0
1312 0.0
1313 0.004282296053086849
1314 0.006173165217182019
1315 0.001386468533429172
1316 0.0
1317 0.0
1318 0.0
1319 -0.0015450881131635257
1320 0.0
1321 0.0
1322 0.0
1323 0.0
1324 0.0
1325 0.0
1326 0.0
1327 0.0
1328 0.0
1329 0.0
1330 0.0
1331 0.0
1332 0.0
1333 0.0
1334 -2.3162149171747426e-06
1335 0.0
1336 0.0
1337 0.0
1338 0.0
1339 0.0
1340 0.0
1341 0.0
1342 0.0
1343 0.0016006990076126407
1344 0.0
1345 0.0
1346 0.0
1347 0.0
1348 0.0
1349 0.0
1350 0.0
1351 0.0
1352 0.0
1353 0.0
1354 0.0
1355 0.0
1356 0.0
1357 0.0
1358 0.0
1359 0.0
1360 0.0
1361 0.0
1362 0.0
1363 0.0
1364 0.0
1365 0.0
1366 0.0007542732082064201
1367 0.0023616412690469915
1368 0.0
1369 0.0
1370 0.0
1371 0.0
1372 0.0
1373 0.0
1374 0.0
1375 0.0
1376 0.0
1377 0.0007311043238737234
1378 0.003526863527711847
1379 0.0
1380 0.0
1381 0.0
1382 0.0
1383 0.0
1384 -0.00017418987562472393
1385 0.0
1386 0.0
1387 0.0
1388 0.0
1389 0.0
1390 0.0
1391 0.0
1392 0.0
1393 0.0
1394 0.0
1395 0.0
1396 0.0
1397 0.0
1398 -0.0006555230958026204
1399 0.0
1400 0.0
1401 0.0
1402 0.0
1403 0.0
1404 0.0
1405 0.0
1406 0.0
1407 0.0
1408 0.0
1409 0.0
1410 0.0
1411 0.0
1412 0.0
1413 0.0
1414 0.0
1415 0.0
1416 0.0
1417 0.0
1418 0.0
1419 0.0
1420 0.0
1421 0.0
1422 0.0
1423 0.0
1424 0.0
1425 0.0006701732801871923
1426 0.0
1427 0.0007837261746761244
1428 0.0
1429 0.0
1430 0.0014119828918987862
1431 0.0005991173597822324
1432 0.0
1433 0.0
1434 0.0
1435 0.0
1436 -0.0003297194196088288
1437 0.0
1438 0.0
1439 0.0
1440 0.0
1441 0.0
1442 0.0
1443 0.0
1444 0.0
1445 0.0
1446 0.0
1447 0.0
1448 0.0
1449 0.0
1450 0.0
1451 0.0
1452 0.0
1453 0.0
1454 0.0
1455 0.0
1456 0.0
1457 0.0
1458 0.0
1459 0.0
1460 0.0
1461 0.0
1462 0.0
1463 -0.0002480372304295929
1464 0.0
1465 0.0
1466 0.0
1467 0.0
1468 0.0
1469 0.0
1470 0.0
1471 0.0
1472 0.0001962120636652733
1473 0.0
1474 0.0
1475 0.0
1476 0.0
1477 0.0
1478 0.0
1479 0.0
1480 0.0
1481 0.0
1482 0.0
1483 0.0
1484 0.0
1485 0.0
1486 0.00016936333590837025
1487 0.0
1488 0.0
1489 0.001083186172649048
1490 0.0
1491 0.0
1492 0.0
1493 0.0
1494 0.0
1495 0.0
1496 0.0
1497 0.0
1498 0.0
1499 0.0
1500 0.0
1501 0.0
1502 0.0
1503 0.0
1504 0.0
1505 0.0
1506 0.0014081645595117715
1507 0.0
1508 0.0
1509 0.0
1510 0.0
1511 0.0
1512 0.0
1513 0.0
1514 0.0
1515 -0.00010489124220766088
1516 -0.0006734119233495558
1517 0.0
1518 0.0
1519 0.0
1520 0.0
1521 0.0
1522 0.0
1523 0.0
1524 0.0
1525 0.0
1526 0.0
1527 0.0
1528 0.0
1529 0.0
1530 0.0
1531 0.0
1532 -0.0007145659347223047
1533 0.0
1534 0.0
1535 0.0
1536 0.0009800980770402505
1537 0.0
1538 0.0
1539 0.0
1540 0.0
1541 0.0
1542 0.0
1543 0.0
1544 0.0
1545 0.0
1546 0.0
1547 0.0
1548 0.0
1549 0.00026889894439464056
1550 0.0006091012648953805
1551 0.0003141536859906896
1552 0.0
1553 0.0007819224895839177
1554 7.800173914092795e-05
1555 0.0
1556 0.0
1557 0.0
1558 0.0
1559 0.0
1560 0.0
1561 0.0
1562 0.0
1563 0.0
1564 0.0
1565 -0.0005208645284225831
1566 -0.00014854600896100658
1567 0.0
1568 0.0
1569 0.0
1570 0.003910503340895311
1571 0.002511160506209729
1572 0.0011483379441416858
1573 0.0021783797565245793
1574 0.0010449261809627646
1575 0.0
1576 0.0003037417082332368
1577 0.0005589548888527341
1578 0.0
1579 0.0
1580 0.0
1581 0.0
1582 0.0
1583 0.0
1584 0.0
1585 0.0
1586 0.0
1587 0.0
1588 0.0
1589 0.0
1590 0.0
1591 0.0
1592 0.0
1593 0.0
1594 0.0
1595 0.0
1596 0.0
1597 0.0
1598 0.0
1599 0.0
1600 0.0011510573686686909
1601 0.0
1602 0.0
1603 0.0
1604 0.0
1605 0.0
1606 0.0
1607 0.0
1608 0.0
1609 0.0
1610 0.0
1611 0.0
1612 0.0
1613 0.0004101162112158548
1614 0.0006233573465211058
1615 0.00036738965247391347
1616 0.0
1617 0.0
1618 0.0
1619 0.0
1620 0.0
1621 0.0
1622 0.0
1623 0.0
1624 0.0
1625 0.0
1626 0.0
1627 0.0
1628 -0.0015664393698156494
1629 -0.0017779657611475643
1630 -0.0008155375186170746
1631 -8.991909555063783e-05
1632 0.0
1633 0.0
1634 0.0009537348131715051
1635 0.003105450942081491
1636 0.0017056706252141255
1637 0.001091514178651889
1638 0.004080618352409255
1639 0.0030176466157490734
1640 0.000523675157114948
1641 0.0014090035937884748
1642 0.0
1643 0.0
1644 0.0
1645 0.0
1646 0.0
1647 0.0
1648 0.0
1649 0.0
1650 0.0
1651 0.0
1652 0.0
1653 0.0
1654 -0.002689791923649247
1655 0.0
1656 0.0
1657 0.0
1658 0.0
1659 0.0
1660 0.0
1661 0.0
1662 0.0
1663 0.0
1664 0.0
1665 0.0
1666 0.0
1667 0.0
1668 0.0
1669 0.0
1670 0.0
1671 0.0
1672 0.0
1673 0.0
1674 0.0
1675 0.0
1676 0.0012372289363346608
1677 0.0007680574117995725
1678 0.0008472302824062827
1679 0.0
1680 0.0
1681 0.0
1682 0.0
1683 0.0
1684 0.0
1685 0.0
1686 0.0
1687 0.0
1688 0.0
1689 0.0
1690 0.0
1691 0.0
1692 -0.0006945270336938203
1693 -0.0007887368329398406
1694 -0.0003654115792147118
1695 0.0
1696 0.0
1697 0.0
1698 2.611236104710894e-05
1699 0.0
1700 0.00014950808320548164
1701 0.0
1702 0.0
1703 0.0
1704 0.0006171672581476461
1705 0.0002937146743853112
1706 0.0
1707 0.0
1708 0.0
1709 0.0
1710 0.0
1711 0.0
1712 0.0
1713 0.0
1714 0.0
1715 0.0
1716 -3.4046614141480705e-05
1717 -0.00031644244333003626
1718 -0.0010423961383079399
1719 0.0
1720 0.0
1721 0.0
1722 0.0
1723 0.0
1724 0.0
1725 0.0
1726 0.0
1727 0.0
1728 0.0
1729 0.0
1730 0.0
1731 0.0
1732 0.0
1733 0.0
1734 0.0
1735 0.0
1736 0.0
1737 0.0
1738 0.0
1739 0.0
1740 0.0
1741 0.001511827604696453
1742 0.0
1743 0.0
1744 0.0
1745 0.000297509101442557
1746 0.0
1747 0.0
1748 0.0
1749 0.0
1750 0.0
1751 0.0
1752 0.0
1753 0.0
1754 0.0
1755 0.0
1756 0.0
1757 0.0
1758 0.0
1759 0.0
1760 0.0
1761 0.0
1762 0.0
1763 0.0
1764 0.0
1765 0.0
1766 2.3618232710168453e-05
1767 0.0
1768 0.0
1769 0.0
1770 0.0
1771 0.0
1772 0.0
1773 0.0
1774 0.0
1775 -8.086493917491373e-05
1776 0.0
1777 0.0
1778 -0.001870412165725618
1779 0.0
1780 0.0
1781 -0.0005058101346357187
1782 0.0
1783 -0.000315812666547696
1784 0.0
1785 0.0
1786 0.0
1787 0.00011545187897814103
1788 0.0
1789 0.0
1790 0.0
1791 0.0
1792 0.0
1793 0.0
1794 0.0
1795 -0.00040812838309575765
1796 -0.000598418940013581
1797 0.0
1798 0.0
1799 0.0
1800 0.0
1801 0.0
1802 0.0
1803 0.0
1804 0.0004165096020815914
1805 0.0007379297619626246
1806 0.0
1807 0.0
1808 0.00021557489992557623
1809 0.000768554271326861
1810 0.0
1811 0.0
1812 0.0
1813 0.0
1814 0.0
1815 0.0
1816 0.0
1817 0.0
1818 0.0
1819 0.0005687038655413354
1820 0.0
1821 0.0
1822 0.0
1823 0.0
1824 0.0
1825 0.0
1826 0.0
1827 0.0
1828 0.00034942536074062156
1829 0.0
1830 0.0
1831 0.0
1832 0.0002926751002499074
1833 0.0
1834 0.0
1835 0.0
1836 0.0
1837 0.0
1838 0.0
1839 0.0
1840 0.0
1841 0.0
1842 0.0
1843 0.0
1844 0.0
1845 0.0
1846 -0.001063682593685441
1847 -0.001198873467071694
1848 0.0
1849 0.0
1850 0.0
1851 0.0007605090861677842
1852 0.0
1853 0.0
1854 0.0
1855 0.0
1856 0.0
1857 0.0
1858 0.0
1859 0.0
1860 -0.0010406082060113776
1861 0.0
1862 0.0
1863 0.0
1864 0.0
1865 0.0
1866 0.0
1867 0.0
1868 0.0006714240602874492
1869 0.0008466258662383171
1870 0.0005755945577253808
1871 0.0011693018355228622
1872 0.0013510662436798091
1873 0.0
1874 0.0
1875 0.0
1876 0.0
1877 0.00015129932989259195
1878 0.0
1879 0.000492693536273334
1880 0.00037491555337049534
1881 0.0
1882 0.0005235711402797837
1883 0.0006876270389882137
1884 0.0007583729835177807
1885 0.0004028848348181135
1886 0.0
1887 0.0
1888 0.0
1889 0.0
1890 0.0
1891 0.0
1892 0.0
1893 0.0
1894 0.0
1895 0.0
1896 0.0
1897 0.0
1898 0.0
1899 0.0
1900 0.0
1901 0.0
1902 0.0
1903 -0.0001446808880025635
1904 -0.0012630558367254627
1905 -7.806128261887743e-05
1906 -7.021473099023091e-05
1907 -0.00033912330543426933
1908 0.0
1909 0.0
1910 -0.001752679018772738
1911 -0.00216722805764767
1912 0.0
1913 0.0
1914 0.0
1915 0.0
1916 0.0
1917 0.0
1918 0.0
1919 0.0
1920 0.0
1921 0.0
1922 0.0
1923 0.0
1924 -0.00033190480681390285
1925 0.0
1926 0.0
1927 0.0
1928 0.0
1929 0.0
1930 0.0
1931 0.0
1932 0.00016916165985056124
1933 0.0013994870215717444
1934 0.0014625991091358785
1935 0.00029526320680852813
1936 0.004063473503832267
1937 0.0021693155020784945
1938 0.0
1939 0.0
1940 0.0
1941 0.0
1942 0.00040616427367435215
1943 0.0005943983164831323
1944 0.00173293484971997
1945 0.0010355531732573159
1946 0.0013818587142713768
1947 5.7441710853182335e-05
1948 0.0
1949 0.0
1950 0.0
1951 0.0
1952 0.0
1953 0.0
1954 0.0
1955 0.0
1956 0.0
1957 0.0
1958 0.0
1959 0.0
1960 0.0
1961 0.0
1962 0.0
1963 0.0
1964 0.0
1965 -0.0015123063211503742
1966 -0.000827862313219433
1967 -0.002531796388305437
1968 -0.0011864104214909725
1969 0.0
1970 -0.0014699328981133866
1971 -0.002630867211237465
1972 -0.0012086612590256045
1973 -0.0025983273905931695
1974 -0.0043441659931367175
1975 -7.160589985104782e-05
1976 0.0
1977 0.0
1978 0.0
1979 0.0
1980 0.0
1981 0.0
1982 0.0
1983 0.0
1984 0.0
1985 0.0
1986 0.0
1987 -0.0006496055676045291
1988 -0.0018490183507346523
1989 0.0
1990 0.0
1991 0.0
1992 0.0
1993 0.0
1994 0.0
1995 0.0
1996 0.0
1997 0.0010816613722844472
1998 0.0001970387588370428
1999 0.0
2000 0.0
2001 0.000285482758337563
2002 0.0
2003 0.0
2004 0.0
2005 0.0
2006 0.0
2007 0.0
2008 0.0
2009 0.0003119763073326836
2010 0.0019447561941592615
2011 0.0012604679037213733
2012 0.0
2013 0.0
2014 0.0
2015 0.0
2016 0.0
2017 0.0
2018 0.0
2019 0.0
2020 0.0
2021 0.0
2022 0.0
2023 0.0
2024 0.0
2025 -0.00022778024293666643
2026 0.0
2027 0.0
2028 -4.038967697958478e-05
2029 -0.0012040224076586398
2030 -0.0016252508944927789
2031 -0.0017007182925166272
2032 -0.00059720337333985
2033 0.0
2034 -6.603440804905334e-07
2035 -0.0009822038054614695
2036 -0.0010549950047897614
2037 -0.00330629758949629
2038 -0.00357027184944827
2039 0.0
2040 0.0
2041 0.0
2042 0.0
2043 0.0
2044 0.0
2045 0.0
2046 0.0
2047 0.0
2048 0.0
2049 0.0
2050 0.0
2051 -0.001371512232873105
2052 -0.0019032868381406523
2053 0.0
2054 0.0
2055 0.0
2056 0.0
2057 0.0
2058 0.0
2059 0.0
2060 0.0
2061 0.0013639628825931295
2062 0.0
2063 0.0
2064 0.0
2065 0.0
2066 0.0
2067 0.0
2068 0.0
2069 0.0
2070 0.0
2071 0.0
2072 0.0
2073 0.0008981510188191252
2074 0.0008914875383311736
2075 0.0011784481434385485
2076 0.0008346886633971211
2077 0.0003753917185735744
2078 0.0
2079 0.0
2080 0.0
2081 0.0003945752338846659
2082 0.0
2083 0.0
2084 0.0
2085 0.0
2086 0.0
2087 -5.282863435792341e-06
2088 -5.638445040905388e-05
2089 0.0
2090 0.0
2091 0.0
2092 -0.0003416468788839647
2093 -0.0019191866291901499
2094 -0.0013076279810853718
2095 -8.819581726711873e-05
2096 0.0
2097 0.0
2098 0.0
2099 0.0
2100 0.0
2101 -0.0002824302691568731
2102 -0.0035285467445270034
2103 -0.0023136561700222175
2104 -0.0002692592065549961
2105 0.0
2106 0.0
2107 0.0
2108 0.0
2109 0.0
2110 0.0
2111 0.0
2112 0.0
2113 0.0
2114 -0.0009973369422787014
2115 -0.0009763716383881681
2116 -4.868425927766765e-05
2117 0.0
2118 0.0
2119 0.0
2120 0.0
2121 0.0
2122 0.0
2123 0.0
2124 0.0
2125 0.0012212213094243147
2126 0.0
2127 0.0
2128 0.0
2129 0.0
2130 0.0
2131 0.0
2132 0.0
2133 0.0
2134 0.0
2135 0.00014644011282357837
2136 0.0010831856378361495
2137 0.0015891682487887294
2138 0.0028305283914998895
2139 0.0010494781841926212
2140 0.0014046216542135568
2141 5.69146721128661e-05
2142 0.0
2143 0.0
2144 0.0
2145 0.0
2146 0.0
2147 0.0
2148 0.0
2149 0.0
2150 0.0
2151 0.0
2152 0.0
2153 0.0
2154 0.0
2155 0.0
2156 0.0
2157 -0.000811478685304319
2158 0.0
2159 0.0
2160 0.0
2161 0.0
2162 0.0
2163 0.0
2164 0.0
2165 0.0
2166 -0.0022007658240985645
2167 -0.00020186659952419934
2168 -7.40904474646462e-05
2169 0.0
2170 0.0
2171 0.0
2172 0.0
2173 0.0
2174 0.0
2175 0.0
2176 0.0
2177 0.0
2178 -0.0020814896287358357
2179 -0.0010728126262854777
2180 0.0
2181 0.0
2182 0.0
2183 1.8124738579360328e-06
2184 5.7284082011866586e-05
2185 9.170663486524901e-05
2186 0.0
2187 0.0
2188 0.0
2189 0.0018328712591255778
2190 7.412019952133362e-05
2191 0.0
2192 0.0
2193 4.916774834406095e-05
2194 0.0
2195 0.0
2196 0.0
2197 0.0
2198 0.0
2199 0.0025884820733242837
2200 0.0013463483920412042
2201 0.0007820518069931125
2202 0.0014671229144548842
2203 0.0017947696822144372
2204 0.0019829676129648017
2205 0.0
2206 0.0
2207 0.0
2208 0.0
2209 0.00178522863145404
2210 0.001456161488293003
2211 0.0
2212 0.0
2213 0.0
2214 0.0
2215 0.0
2216 -0.00040304402936681304
2217 0.0
2218 0.0
2219 0.0
2220 0.0
2221 0.0
2222 -0.00033075691699995934
2223 -0.00023334253082013025
2224 0.0
2225 0.0
2226 0.0
2227 0.0
2228 0.0
2229 -0.00020416593641483044
2230 -4.1920388312308196e-05
2231 0.0
2232 0.0
2233 0.0
2234 0.0
2235 0.0
2236 0.0
2237 0.0
2238 0.0
2239 0.0
2240 0.0
2241 0.0
2242 -0.0005090221321052179
2243 -0.0015116603409828632
2244 0.0
2245 0.0
2246 0.0
2247 0.0003307090947555521
2248 0.000681102551735657
2249 0.0
2250 0.0
2251 0.0
2252 0.0
2253 0.0013818792184530633
2254 0.0
2255 0.0
2256 0.0
2257 0.0
2258 0.0
2259 0.0
2260 0.0
2261 0.0
2262 0.0
2263 0.0008534204125724426
2264 0.0
2265 0.0
2266 0.0
2267 0.000254713364675286
2268 0.0
2269 0.0
2270 0.0
2271 0.0
2272 0.0
2273 0.00013385937560581924
2274 0.0006450882437159072
2275 0.0
2276 0.0
2277 0.0
2278 0.0
2279 0.0
2280 0.0
2281 0.0
2282 0.0
2283 0.0
2284 0.0
2285 0.0
2286 -0.0002643948033107351
2287 0.0
2288 0.0
2289 0.0
2290 0.0
2291 0.0
2292 0.0
2293 -0.0003054889254671577
2294 0.0
2295 0.0
2296 -0.0006713482998621114
2297 0.0
2298 0.0
2299 0.0
2300 0.0
2301 0.0
2302 0.0
2303 0.0
2304 0.0
2305 0.0
2306 0.0
2307 -0.0016589649369326853
2308 0.0
2309 0.0
2310 0.0
2311 0.0
2312 0.0001594613144958367
2313 0.0
2314 0.0
2315 0.0
2316 0.0003668182503017354
2317 0.0015617005459468084
2318 0.00012215992729733153
2319 0.00022837308038703045
2320 0.00033216440261261645
2321 0.0003401460959450963
2322 0.0
2323 0.0
2324 0.0
2325 0.0
2326 0.0
2327 6.599562844406081e-05
2328 0.0
2329 0.000735669322605207
2330 0.0
2331 0.0
2332 0.0
2333 0.0
2334 0.0
2335 0.0
2336 0.0
2337 0.0
2338 0.0016502847796190116
2339 0.0
2340 0.0
2341 0.0
2342 0.0
2343 0.0
2344 0.0
2345 0.0
2346 0.0
2347 -0.00038364604896543356
2348 -0.0007143839873075324
2349 0.0
2350 -0.0007030836183026444
2351 -0.00035361149460093187
2352 0.0
2353 0.0
2354 0.0
2355 0.0
2356 -0.001199307779425567
2357 -0.0007121753247708026
2358 0.0
2359 0.0
2360 0.0
2361 0.0
2362 0.0
2363 0.0
2364 0.0
2365 0.0
2366 0.0
2367 0.0
2368 0.0
2369 0.0
2370 0.0
2371 -2.8036226798989874e-05
2372 0.0
2373 0.0
2374 0.0
2375 0.00019317057890672103
2376 0.0
2377 0.0
2378 0.0
2379 0.0
2380 0.0004613203526576318
2381 0.0010983288805776648
2382 0.00014451680174155902
2383 0.00017800955588832
2384 0.000302234969197311
2385 0.001018561125389239
2386 0.00031717133597694835
2387 0.0
2388 0.0
2389 0.0
2390 0.0
2391 0.0
2392 0.0
2393 0.0
2394 0.0
2395 0.0
2396 0.0
2397 0.0
2398 0.0
2399 0.0
2400 0.0
2401 0.0
2402 0.0
2403 0.0
2404 0.0
2405 5.364640163564683e-05
2406 0.00026185929662459644
2407 0.0
2408 0.0
2409 0.0
2410 0.0
2411 0.0
2412 -0.000636950035191064
2413 -0.0006751537455692535
2414 -0.0007529370613927146
2415 -0.0011006610786380776
2416 0.0
2417 0.0
2418 0.0
2419 -0.00040702739275963457
2420 -0.0001972291200892225
2421 0.0
2422 0.0
2423 0.0
2424 0.0
2425 0.0
2426 0.0
2427 0.0
2428 0.0
2429 0.0
2430 0.0
2431 0.0
2432 0.0
2433 0.0
2434 0.0
2435 0.0
2436 0.0
2437 0.0
2438 0.0
2439 0.0
2440 0.00017187397925995157
2441 0.0
2442 0.0
2443 0.0
2444 0.0
2445 0.0015521733351878313
2446 0.0
2447 0.0
2448 0.00040459364370616283
2449 0.0010268428928208197
2450 0.0008935845579930196
2451 0.0003302530942225826
2452 0.0
2453 0.0
2454 0.0
2455 0.0
2456 0.0
2457 -0.000978222345348052
2458 0.0
2459 0.0
2460 0.0
2461 0.0
2462 0.0
2463 0.0
2464 0.0
2465 0.0
2466 0.0
2467 0.0007593536355543862
2468 0.0
2469 0.0
2470 0.0
2471 0.0
2472 0.0
2473 0.0
2474 0.0
2475 0.0
2476 0.0
2477 0.0
2478 0.0
2479 0.0
2480 0.0
2481 -0.0008102704012579843
2482 -0.0006342178727218069
2483 -0.00011443095662621034
2484 0.0
2485 -0.0005133088794645582
2486 -1.910288286956809e-05
2487 0.0
2488 0.0
2489 0.0
2490 0.0
2491 0.0
2492 0.0
2493 0.0
2494 0.0
2495 0.0005581584363107128
2496 0.0
2497 0.0
2498 0.0
2499 0.0
2500 0.0
2501 0.0
2502 0.0
2503 0.0
2504 0.0
2505 0.0003176724633202073
2506 0.0
2507 0.0
2508 0.0
2509 0.0
2510 0.0
2511 0.0
2512 0.0003501557195836518
2513 0.0011502319763809282
2514 0.0
2515 0.0
2516 1.7663336013311e-05
2517 0.0
2518 0.0
2519 0.0
2520 0.0
2521 0.0
2522 0.0
2523 0.0
2524 0.0
2525 0.0
2526 0.0
2527 0.0
2528 0.0
2529 0.0
2530 0.0
2531 0.0009247373136126848
2532 0.0
2533 0.0
2534 0.0
2535 0.0
2536 0.0
2537 0.0
2538 0.0
2539 0.0
2540 0.0
2541 0.0
2542 0.0
2543 0.0
2544 0.0
2545 -0.002092070687530425
2546 -0.0015978169389014875
2547 0.0
2548 -0.00018043090524922642
2549 -0.0009392592263851981
2550 -0.0028697029702278148
2551 -0.0006082312736589609
2552 0.0
2553 0.0
2554 0.0
2555 0.0
2556 0.0
2557 0.0
2558 0.0
2559 0.0024040082822793848
2560 0.0
2561 0.0
2562 0.0
2563 0.0
2564 0.0
2565 0.0
2566 0.0
2567 0.00011072401677240267
2568 0.00044573235465770176
2569 0.0006566019484054825
2570 0.0
2571 0.0
2572 0.0
2573 0.0
2574 0.0
2575 0.0
2576 0.0
2577 0.0
2578 0.0
2579 0.0
2580 0.0
2581 0.0
2582 0.0
2583 0.0
2584 0.0
2585 0.0
2586 0.0
2587 0.0
2588 0.0
2589 0.0
2590 0.0
2591 0.0
2592 0.0
2593 0.0003234037797297003
2594 7.627668683156803e-05
2595 0.0004395187094286417
2596 0.0
2597 0.0
2598 0.0
2599 0.0
2600 0.0
2601 0.0
2602 0.0
2603 0.0
2604 0.0
2605 0.0
2606 0.0
2607 0.0
2608 0.0
2609 -0.0012380212013452907
2610 -0.002081179244767896
2611 -0.0018244921601510882
2612 -0.001180016780241531
2613 -6.669200532955256e-05
2614 -0.0008316925049098303
2615 0.0
2616 0.0
2617 0.0
2618 0.0
2619 0.0
2620 0.0
2621 0.0
2622 8.012406453272861e-05
2623 0.0032811046462230308
2624 0.0
2625 0.0
2626 0.0
2627 0.0
2628 0.0
2629 0.0
2630 0.0
2631 0.0006627013718777625
2632 0.00039742646581805377
2633 0.0
2634 0.0
2635 0.0010941887817417675
2636 0.0
2637 0.0
2638 0.0
2639 0.0
2640 0.0
2641 0.0
2642 0.0
2643 0.0
2644 0.0
2645 0.0
2646 0.0006323051482140893
2647 0.0
2648 0.0
2649 0.0
2650 -0.0004800181802257716
2651 0.0
2652 0.0
2653 0.0
2654 0.0
2655 0.0
2656 7.164873745230818e-05
2657 0.0
2658 0.0010898440579254329
2659 0.0
2660 0.0
2661 0.0
2662 0.0
2663 0.0
2664 0.0
2665 0.0
2666 0.0
2667 0.0
2668 0.0
2669 0.0
2670 0.0
2671 -0.0009179365943465926
2672 -0.0010237099505800498
2673 -0.0012786671075523386
2674 -0.0018934897018895375
2675 -0.0011589354525858543
2676 -0.0008493648447510442
2677 -0.0005080665857883376
2678 -0.0006058764696807315
2679 0.0
2680 0.0
2681 0.0
2682 0.0
2683 0.0
2684 0.0
2685 0.001767522547310191
2686 0.0017664178241681636
2687 0.0029440639313385807
2688 0.0
2689 0.0
2690 0.0
2691 0.0
2692 0.0
2693 0.0
2694 0.0002704379044273171
2695 0.0
2696 0.0
2697 0.0
2698 0.0
2699 0.0
2700 0.0
2701 0.0
2702 0.0
2703 0.0
2704 0.0
2705 0.0
2706 0.0
2707 0.00046062011043464197
2708 0.00025364265858012207
2709 3.243784162196758e-05
2710 0.0
2711 0.0
2712 0.0
2713 0.0
2714 0.0
2715 0.0
2716 0.0
2717 0.0
2718 0.0
2719 0.0
2720 0.0
2721 0.0
2722 0.00032938694791693893
2723 0.0
2724 0.0
2725 0.0
2726 0.0
2727 0.0
2728 0.0
2729 0.0
2730 0.0
2731 0.0
2732 0.0
2733 0.0
2734 -0.000468701051464949
2735 -0.0006368473135264236
2736 -0.0004710041738318372
2737 0.0
2738 0.0
2739 0.0
2740 0.0
2741 0.0
2742 0.0
2743 0.0
2744 0.0
2745 0.0
2746 0.0
2747 0.0
2748 0.0
2749 0.0005380279293920332
2750 0.0012284032105028331
2751 0.0023764777234249533
2752 0.0
2753 -0.00027618572493339887
2754 0.0
2755 0.0
2756 0.0004270468661611118
2757 0.0
2758 0.0
2759 0.0
2760 0.0014576480224918348
2761 0.0
2762 0.0
2763 0.0
2764 0.0
2765 0.0
2766 0.0
2767 0.0
2768 0.0
2769 0.0
2770 0.0
2771 0.0
2772 0.0006876882904692474
2773 0.00022172920364188877
2774 0.0
2775 0.0
2776 0.0
2777 0.0
2778 0.0
2779 0.0
2780 0.0
2781 0.0
2782 0.0
2783 0.0
2784 0.0
2785 0.0
2786 0.0003386609832658868
2787 0.0005037275687143903
2788 0.0026014605769568294
2789 0.0005098691201324
2790 0.0
2791 0.0
2792 0.0
2793 0.0
2794 0.0
2795 0.0
2796 0.0
2797 -0.00010797701468142639
2798 0.0
2799 -3.7396525379492656e-06
2800 0.0
2801 0.0
2802 0.0
2803 0.0
2804 0.0
2805 0.0
2806 0.0
2807 0.0
2808 0.0
2809 0.0
2810 0.0
2811 0.0
2812 0.0
2813 0.0
2814 0.0
2815 2.8176949769035984e-05
2816 0.0
2817 -0.0002519401356648611
2818 0.0
2819 0.0
2820 0.0
2821 0.0
2822 0.0
2823 0.0
2824 0.0
2825 0.0
2826 0.0
2827 0.0
2828 0.0
2829 0.0
2830 0.0
2831 0.0
2832 0.0005301735033820512
2833 0.0010153075090524207
2834 0.0
2835 0.00042881745879840504
2836 0.001318707157553369
2837 0.0
2838 0.0
2839 0.0
2840 0.0
2841 0.0
2842 0.0
2843 0.0
2844 0.0
2845 0.0
2846 0.0
2847 0.0
2848 0.0
2849 0.0
2850 0.0008436917860049904
2851 0.001317882496594126
2852 0.004991287315786428
2853 0.0014205650088866236
2854 0.0
2855 0.0
2856 0.0
2857 0.0
2858 0.0
2859 0.0
2860 0.0
2861 0.0
2862 0.0
2863 0.0
2864 0.0
2865 0.0
2866 0.0
2867 0.0
2868 0.0
2869 0.0
2870 0.0
2871 0.0
2872 0.0
2873 0.0
2874 0.0
2875 0.0
2876 0.0
2877 0.0
2878 0.0
2879 0.0
2880 0.0
2881 0.0
2882 0.0
2883 0.0
2884 0.0
2885 0.0
2886 0.0
2887 0.0
2888 0.0
2889 0.0
2890 -0.0003448346435214561
2891 -0.002723511395661106
2892 0.0
2893 0.0
2894 0.0008076240779584937
2895 0.0023089107373033143
2896 0.004303525241158023
2897 0.002866975343382881
2898 0.0014134161649732389
2899 0.0
2900 0.0
2901 0.0009016297989382227
2902 0.0007862576899402758
2903 0.0007217176767962633
2904 0.0
2905 0.0
2906 0.0
2907 0.0
2908 0.0
2909 0.0
2910 0.0
2911 0.0
2912 0.0
2913 0.0001910484965171225
2914 0.0
2915 0.0
2916 0.001704909947507138
2917 0.0
2918 0.0
2919 0.0
2920 0.0
2921 0.0
2922 0.0
2923 0.0
2924 0.0
2925 0.0
2926 0.0
2927 0.0
2928 0.0
2929 0.0
2930 0.0
2931 0.0
2932 0.0
2933 0.0
2934 0.0
2935 -0.00119866814993506
2936 -0.001567324378527982
2937 -0.0016181602327618113
2938 0.0
2939 0.0
2940 0.0
2941 0.0
2942 0.0
2943 0.0
2944 0.0
2945 0.0
2946 0.0
2947 0.0
2948 0.0
2949 0.0
2950 0.0
2951 0.0
2952 0.0
2953 -0.0007030326758336151
2954 -0.0023009030236609716
2955 -0.0019793588138455123
2956 0.0
2957 0.0
2958 0.0013184413111255924
2959 0.0016203380352079718
2960 0.0016995326430563065
2961 0.002141415205769246
2962 0.0003158827582126061
2963 0.0
2964 0.0
2965 0.0
2966 0.0
2967 0.0
2968 0.0
2969 0.0
2970 0.0
2971 0.0
2972 0.0
2973 0.0
2974 0.0
2975 0.0
2976 0.0
2977 0.00026090522529112145
2978 0.0
2979 0.0
2980 0.0
2981 0.0
2982 0.0
2983 0.0
2984 0.0
2985 -0.0005462058778523057
2986 0.0
2987 0.0
2988 0.0
2989 0.0
2990 0.0
2991 0.0
2992 0.0
2993 0.0
2994 0.0
2995 0.0
2996 -0.0006905922648474004
2997 -0.00014455369708090923
2998 0.0
2999 -0.0011209628667976377
3000 -0.00015147850108603955
3001 -0.0003977240114327066
3002 0.0
3003 0.0
3004 0.0
3005 0.0
3006 0.0
3007 0.0
3008 0.0
3009 0.0
3010 0.0
3011 0.0
3012 0.0
3013 0.0
3014 0.0
3015 0.0
3016 0.0
3017 -0.0009518535553020645
3018 -0.0001393572592923452
3019 0.0
3020 0.0
3021 0.0
3022 0.0
3023 0.0
3024 0.0
3025 0.0
3026 0.0
3027 0.0
3028 0.0
3029 0.0
3030 0.0
3031 0.0
3032 0.0
3033 0.0
3034 -0.00016266590768356523
3035 0.0
3036 0.0
3037 0.0
3038 0.0
3039 0.0
3040 0.0
3041 0.0
3042 0.0
3043 0.0
3044 0.0
3045 0.0
3046 0.0
3047 0.0
3048 0.0
3049 0.0
3050 0.0
3051 0.0
3052 0.0
3053 0.0
3054 0.0
3055 0.0
3056 0.0
3057 0.0
3058 0.0
3059 0.0
3060 0.0
3061 -0.0007517742885119235
3062 0.0
3063 0.0
3064 0.0
3065 0.0
3066 0.0
3067 0.0
3068 0.0
3069 0.0
3070 0.0
3071 0.0
3072 0.0
3073 0.0
3074 0.0
3075 0.0
3076 0.0
3077 0.0
3078 0.0
3079 0.0
3080 0.0
3081 0.0
3082 0.0
3083 0.0
3084 0.0
3085 0.0
3086 0.0
3087 0.0
3088 0.0
3089 0.0
3090 0.0
3091 0.0
3092 -3.768112879286317e-05
3093 -0.00021803751281232646
3094 0.0
3095 0.0
3096 0.0
3097 0.0
3098 -0.0004485346256645942
3099 0.0
3100 0.0
3101 0.0
3102 0.0
3103 0.0
3104 0.0
3105 0.0
3106 0.0
3107 -0.0007304631364929586
3108 0.0
3109 0.0
3110 0.0
3111 0.0
3112 0.0
3113 0.0
3114 0.0
3115 0.0
3116 0.0
3117 0.0
3118 0.0
3119 0.0
3120 0.0
3121 0.0
3122 0.0
3123 0.0
3124 0.0
3125 0.0
3126 0.0
3127 0.0
3128 0.0
3129 0.0
3130 0.0
3131 -3.337939621988223e-05
3132 0.0
3133 0.0
3134 0.0
3135 0.0
3136 0.0
3137 0.0
3138 0.0
3139 0.0
3140 0.0
3141 0.0004162746652846618
3142 0.0
3143 0.0
3144 0.0
3145 0.0
3146 0.0
3147 0.0
3148 0.0
3149 0.0
3150 0.0
3151 0.0
3152 0.0
3153 0.0
3154 0.0
3155 0.0
3156 0.0
3157 0.0
3158 0.0
3159 0.0
3160 0.0
3161 0.0
3162 0.0
3163 0.0
3164 0.0
3165 0.0
3166 0.0
3167 0.0
3168 0.0
3169 0.0
3170 0.0
3171 0.0
3172 0.0
3173 0.0
3174 0.0
3175 0.0
3176 0.0
3177 0.0
3178 0.0002900802280971348
3179 0.0
3180 0.0
3181 0.0
3182 0.0
3183 0.0
3184 0.0
3185 0.0
3186 0.0
3187 0.0
3188 0.0
3189 0.0
3190 0.0
3191 0.0
3192 0.0
3193 0.0
3194 0.0
3195 0.0
3196 -0.00029169201129103
3197 0.0
3198 -0.0003928825743811593
3199 0.0
3200 0.0
3201 0.0
3202 0.0
3203 0.0
3204 0.0
3205 0.0
3206 0.0
3207 0.0
3208 0.0
3209 0.0
3210 0.0
3211 0.0
3212 0.0
3213 0.0
3214 0.0
3215 0.0
3216 0.0
3217 0.0
3218 0.0
3219 0.0
3220 0.0
3221 0.0
3222 0.0
3223 0.0
3224 0.0
3225 0.0
3226 0.0
3227 0.0
3228 0.0
3229 0.0
3230 0.0
3231 0.0
3232 0.0
3233 0.0
3234 0.0
3235 0.0
3236 0.0
3237 0.0
3238 -0.00019590808905128748
3239 0.0
3240 0.0
3241 0.0
3242 0.0
3243 0.0
3244 0.0
3245 0.0
3246 0.0
3247 0.0
3248 0.0
3249 0.0
3250 0.0
3251 0.0
3252 0.0
3253 0.0
3254 0.0
3255 0.0
3256 0.0
3257 -0.00018720542863150328
3258 -2.0441764135476455e-06
3259 -0.0009296040645976877
3260 0.0
3261 0.0
3262 0.0
3263 -0.00015065124840067434
3264 0.0
3265 0.00034985573917272855
3266 0.0
3267 0.0
3268 0.0
3269 0.0003906299247544746
3270 0.0005765025116304775
3271 0.0
3272 0.0
3273 0.0019276338043088283
3274 0.0011441835142886705
3275 0.0
3276 0.0
3277 0.0
3278 0.0
3279 0.0
3280 0.0
3281 0.0
3282 0.0
3283 0.0
3284 0.0
3285 -0.0005259682469469008
3286 0.0
3287 0.0
3288 0.0
3289 0.0
3290 0.0
3291 0.0
3292 0.0
3293 0.0
3294 0.0
3295 0.0
3296 0.0
3297 0.0
3298 0.0
3299 0.0
3300 0.0
3301 0.0
3302 0.0
3303 -6.125450659666694e-05
3304 0.0
3305 0.0
3306 0.0
3307 0.0
3308 0.0
3309 0.0
3310 0.0
3311 0.0
3312 0.00013271982189900483
3313 0.0
3314 0.0
3315 0.0006389361328405367
3316 0.0
3317 0.0
3318 0.0
3319 0.0
3320 -0.0003886218065544154
3321 0.0
3322 0.0
3323 -0.0003617790117272067
3324 -0.001021040460794357
3325 0.0
3326 0.0
3327 -0.0011220830949047324
3328 0.0
3329 0.0007602277316598075
3330 0.0
3331 0.0
3332 0.0
3333 0.0
3334 0.0
3335 0.0007078102055469145
3336 0.0030793676087118448
3337 0.0013835777407002548
3338 0.0010264050150704744
3339 0.0009596289501326137
3340 0.0
3341 0.0
3342 0.0
3343 0.0
3344 0.0
3345 0.0
3346 0.0
3347 -0.0003256493416683801
3348 -3.346846827470235e-05
3349 0.0
3350 -0.000901733974854276
3351 0.0
3352 0.0
3353 0.0
3354 0.0
3355 0.0
3356 0.0
3357 0.0
3358 0.0
3359 0.0
3360 0.0
3361 0.0
3362 0.0
3363 0.0
3364 0.0
3365 0.0
3366 0.0
3367 0.0
3368 0.0
3369 0.0
3370 0.0
3371 0.0
3372 0.0
3373 0.0
3374 0.0
3375 0.0
3376 0.0
3377 0.0
3378 0.0
3379 0.0
3380 0.0
3381 0.0
3382 0.0
3383 0.0
3384 0.0
3385 -0.002047806772114241
3386 0.0
3387 0.0
3388 0.0
3389 -0.0014869349308937315
3390 -0.0015642126922996435
3391 -0.0006352007995809349
3392 0.0
3393 0.0
3394 0.0
3395 0.0
3396 0.0
3397 0.0
3398 0.0
3399 0.0018363431124018945
3400 0.0007524333990985094
3401 0.0
3402 0.0
3403 0.0
3404 0.0
3405 0.0
3406 0.0
3407 0.0
3408 -4.325842204468137e-05
3409 0.0
3410 -0.0009570675598287607
3411 -1.6813260438355045e-05
3412 0.0
3413 0.0
3414 -0.0001738639298633988
3415 0.0
3416 0.0
3417 0.0
3418 0.0
3419 0.0
3420 0.0
3421 0.0
3422 0.0
3423 0.0
3424 0.0
3425 0.0
3426 0.0
3427 0.0
3428 0.0
3429 0.0
3430 0.0
3431 0.0
3432 0.0
3433 0.0
3434 0.0
3435 0.0
3436 0.0
3437 0.0
3438 0.0
3439 0.0
3440 0.0
3441 0.0
3442 0.0
3443 0.0
3444 0.0
3445 0.0
3446 0.0
3447 0.0
3448 -0.000262493482468342
3449 -0.001446645859818504
3450 -0.0006025971682307332
3451 0.0
3452 0.0
3453 -8.147006818295515e-05
3454 -0.0020680911323050287
3455 0.0
3456 0.0
3457 0.0
3458 0.0
3459 0.0
3460 0.0
3461 0.0
3462 0.0003175441214717362
3463 0.0
3464 0.0
3465 0.0
3466 0.0
3467 0.0
3468 0.0
3469 0.0
3470 0.0
3471 0.0
3472 -0.00011884420285546748
3473 0.0
3474 -0.0016934793033896891
3475 -0.0005688597569166483
3476 0.0
3477 0.0
3478 0.0
3479 0.0
3480 0.0
3481 0.0
3482 0.0
3483 0.0
3484 0.0
3485 0.0
3486 0.0
3487 0.0
3488 0.0
3489 0.0
3490 0.0
3491 0.0
3492 0.0
3493 0.0
3494 0.0
3495 0.0
3496 0.0
3497 0.0
3498 0.0
3499 0.0
3500 0.0
3501 0.0
3502 0.0
3503 0.0
3504 0.0
3505 0.0
3506 0.0
3507 0.0
3508 0.0
3509 -0.00029521802835210276
3510 -7.746841288805224e-05
3511 0.0
3512 -0.001065001817772581
3513 -7.546099428551189e-05
3514 -0.0005971120437521822
3515 0.0
3516 0.0
3517 0.0
3518 -8.551306428473904e-06
3519 -0.0002822706656571219
3520 0.0
3521 0.0
3522 0.0
3523 0.0
3524 0.0
3525 0.0
3526 0.0
3527 0.0
3528 0.0
3529 0.0
3530 0.0
3531 0.0
3532 0.0
3533 0.0
3534 0.0
3535 0.0
3536 -0.0017456288559041702
3537 -0.0016094303225434056
3538 -0.001187401819563533
3539 0.0
3540 0.0
3541 -0.0013617070553499043
3542 -2.608355724672355e-05
3543 0.0
3544 0.0
3545 0.0
3546 0.0
3547 0.0
3548 0.0
3549 0.0
3550 0.0
3551 0.0
3552 0.0
3553 0.0
3554 0.0
3555 0.0
3556 0.0
3557 0.0
3558 0.0
3559 0.0
3560 0.0
3561 0.0
3562 0.0
3563 0.0
3564 0.0
3565 0.0
3566 0.0
3567 0.0
3568 0.0
3569 -3.9333694916189816e-05
3570 -0.0009125658193904861
3571 0.0
3572 0.0
3573 -0.0010708922202228293
3574 -0.00014981922082675956
3575 -0.00013035174945624596
3576 -0.00015384433258914602
3577 0.0
3578 0.0
3579 0.0
3580 0.0
3581 0.0
3582 -1.5443872369308147e-05
3583 0.0
3584 0.0
3585 0.0
3586 -0.00014731082566397463
3587 0.0
3588 0.0
3589 0.0
3590 0.0
3591 0.0
3592 0.0
3593 0.0
3594 0.0
3595 0.0
3596 0.0
3597 0.0
3598 0.0
3599 0.0
3600 0.0
3601 -0.0009267877405211693
3602 -0.0005568029797852992
3603 -0.0012711642249830534
3604 0.0
3605 0.0
3606 -0.0005479977453915894
3607 0.0
3608 0.0
3609 0.0
3610 0.0
3611 0.0
3612 0.0
3613 0.0
3614 0.0
3615 0.0
3616 0.0
3617 0.0
3618 0.0
3619 0.0
3620 0.0
3621 0.0
3622 0.0
3623 0.0
3624 0.0
3625 0.0
3626 0.0
3627 0.0
3628 0.0
3629 0.0
3630 0.0
3631 0.0
3632 0.0
3633 -0.0005953071320092628
3634 -0.002871306467597039
3635 -0.001045243642788619
3636 -0.0013107194843592507
3637 -0.0009657012807710081
3638 0.0
3639 0.0
3640 0.0
3641 0.0
3642 -0.00030369056531643203
3643 0.0
3644 0.0
3645 0.0
3646 0.0
3647 0.0
3648 0.0
3649 -0.0007855802900319152
3650 -0.00018335206493216944
3651 0.0
3652 0.00011652036146068407
3653 0.0011006045046866204
3654 0.0
3655 0.0
3656 0.0
3657 0.0
3658 0.0
3659 0.0
3660 0.0
3661 0.0
3662 0.0
3663 0.0
3664 0.0
3665 -0.0006398265651164535
3666 -0.001944663149537845
3667 -0.0021886039006106727
3668 -0.0001365690660975129
3669 0.0
3670 -0.00045129579797731313
3671 0.0
3672 0.0
3673 0.0
3674 0.0
3675 0.0
3676 0.0
3677 0.0
3678 0.00034228013770115737
3679 0.0
3680 0.0
3681 0.0
3682 0.0
3683 0.0
3684 0.0
3685 0.00023726983900892835
3686 0.00010576010224390245
3687 0.00010493458439218191
3688 0.0
3689 0.0
3690 0.0
3691 0.0
3692 0.0
3693 0.0
3694 0.0
3695 0.0
3696 0.0
3697 -0.0012498452110578171
3698 -0.003508243894545745
3699 -0.0029048117442686166
3700 -0.001922051840013911
3701 0.0
3702 -0.0004226759925491922
3703 -0.0007207099529718531
3704 0.0
3705 0.0
3706 0.0
3707 0.0
3708 0.0
3709 0.0
3710 0.0
3711 0.0
3712 0.0
3713 -0.0008444229104051244
3714 0.0
3715 0.0
3716 0.0009651021944652698
3717 0.000640636092819649
3718 0.0
3719 0.0
3720 0.0
3721 0.0
3722 0.0
3723 0.0
3724 0.0
3725 0.0
3726 0.0
3727 0.0
3728 0.0
3729 0.0
3730 0.0
3731 -0.0001817726167353108
3732 0.0
3733 0.0
3734 0.0
3735 0.0
3736 0.0
3737 0.0
3738 0.0
3739 0.0
3740 0.0
3741 0.0
3742 0.0
3743 0.0
3744 0.0
3745 0.0
3746 0.0
3747 0.0
3748 0.0
3749 0.0
3750 0.0
3751 0.0
3752 0.0
3753 0.0
3754 0.0
3755 0.0
3756 0.0
3757 0.0
3758 0.0
3759 0.0
3760 0.0
3761 0.0
3762 0.0
3763 -0.00031058547226818555
3764 0.0
3765 0.0
3766 0.0
3767 0.0
3768 0.0
3769 0.0
3770 0.0
3771 0.0
3772 0.0
3773 0.0
3774 0.0
3775 0.0
3776 0.0
3777 0.0
3778 0.0
3779 0.0
3780 0.0
3781 0.0017479390296881972
3782 0.0009306798842249277
3783 0.0
3784 0.0
3785 0.0
3786 0.0
3787 0.0
3788 0.0
3789 0.0
3790 0.0
3791 0.0
3792 0.0
3793 0.0
3794 -0.0007039656921788757
3795 0.0
3796 -0.0003432367144812373
3797 0.0
3798 0.0
3799 0.0
3800 0.0
3801 0.0
3802 0.0
3803 0.0
3804 0.0
3805 0.0
3806 0.0
3807 0.0
3808 0.0
3809 0.0
3810 0.0
3811 0.0
3812 0.0
3813 0.0
3814 0.0
3815 0.0
3816 0.0
3817 0.0
3818 0.0
3819 0.0
3820 0.0
3821 0.0
3822 0.0
3823 0.0
3824 0.0
3825 0.0
3826 0.0
3827 0.0
3828 0.0
3829 0.0
3830 0.0
3831 0.0
3832 0.0
3833 0.0
3834 0.0
3835 0.0
3836 -5.7178820571458215e-05
3837 0.0
3838 0.0
3839 0.0
3840 0.0
3841 0.0
3842 0.0
3843 0.0
3844 0.0
3845 0.0015870404300161913
3846 0.0016228158556779225
3847 0.0015974102017656984
3848 0.000578657050688139
3849 0.0014861488479803854
3850 0.0010431713430113848
3851 0.0
3852 0.0
3853 0.0
3854 0.0
3855 0.0
3856 0.0
3857 0.0
3858 0.0
3859 -0.0001721191836330832
3860 0.0
3861 0.0
3862 0.0
3863 0.0
3864 0.0
3865 0.0
3866 0.0006341927581868011
3867 0.0
3868 0.0
3869 0.0
3870 0.0
3871 0.0
3872 0.0
3873 0.0
3874 0.00012762165621436276
3875 0.0
3876 0.0
3877 0.0
3878 0.0
3879 0.0
3880 0.0
3881 0.0
3882 0.0
3883 0.0
3884 0.0
3885 0.0
3886 0.0
3887 0.0
3888 0.000335834604906516
3889 0.0006114303676113971
3890 0.0
3891 0.0
3892 0.0
3893 0.0
3894 0.0
3895 0.0
3896 0.0
3897 0.0
3898 0.0
3899 0.0
3900 0.0
3901 0.0
3902 -1.965238465548913e-08
3903 0.0
3904 0.0
3905 0.0
3906 0.0
3907 0.0
3908 0.0
3909 0.0
3910 0.00130466393328325
3911 0.0021244289988578287
3912 0.0055589146674757004
3913 0.004533712217925864
3914 0.001726878850322698
3915 0.0
3916 0.0
3917 0.0
3918 0.0
3919 0.0
3920 0.0
3921 0.0
3922 -0.000845176266432849
3923 -0.0014032184985599799
3924 0.0
3925 0.0
3926 0.0
3927 0.0
3928 0.0
3929 0.0
3930 0.0017123561804595067
3931 0.0009796358574444609
3932 3.334648286921525e-05
3933 0.0
3934 0.0
3935 0.0
3936 0.0
3937 0.0
3938 0.0007322878913305964
3939 0.0004961935802369448
3940 0.0
3941 0.0
3942 0.0
3943 0.0
3944 0.0
3945 0.0
3946 0.0
3947 0.0
3948 0.0
3949 0.0
3950 0.0
3951 0.0
3952 0.0009697745462709981
3953 0.0009724854289588434
3954 0.0
3955 0.0
3956 0.0
3957 0.0
3958 0.0
3959 0.0
3960 0.0
3961 0.0
3962 0.0
3963 0.0
3964 0.0
3965 0.0
3966 -7.759034421421637e-05
3967 -2.5774930324110908e-05
3968 -0.00025493562512851045
3969 0.0
3970 0.0
3971 0.0
3972 0.0
3973 0.0
3974 0.0
3975 0.0
3976 0.0
3977 0.0
3978 0.0
3979 0.0
3980 0.0
3981 0.0
3982 0.0
3983 0.0
3984 0.0
3985 0.0
3986 0.0
3987 -0.0002030529740182103
3988 0.0
3989 0.0
3990 0.0
3991 0.0
3992 0.0
3993 0.0
3994 0.000761288609181417
3995 0.0003962649327556951
3996 4.356170955172831e-05
3997 0.001731050049789268
3998 0.002865308538200011
3999 0.0013347851166233323
4000 3.0845823271019886e-05
4001 0.0
4002 0.0
4003 0.0008306014305947675
4004 0.0
4005 0.0
4006 0.0
4007 0.00014203562015172743
4008 0.0
4009 0.0006206669244325392
4010 0.0
4011 0.0006292698236392109
4012 0.0
4013 0.0
4014 0.0
4015 0.0
4016 0.0
4017 0.0
4018 0.0
4019 0.0
4020 0.0
4021 0.0
4022 0.0
4023 0.0
4024 0.0
4025 0.0
4026 0.0
4027 0.0
4028 0.0
4029 -0.0015869360636622514
4030 -0.0025039296729832848
4031 -0.002461331759297412
4032 -0.001896414223194279
4033 -0.0018378497644125362
4034 -0.00239498896139291
4035 -0.0004428588454711955
4036 -0.0016376296283219802
4037 -0.0016731102602115264
4038 -0.002260012325332283
4039 -0.0005159866053721576
4040 0.0
4041 0.0
4042 0.0
4043 0.0
4044 -0.000160009922648674
4045 -0.00029173889455899794
4046 0.0
4047 0.0
4048 0.0
4049 0.0
4050 0.0
4051 0.0
4052 0.0
4053 0.0
4054 0.0
4055 0.0
4056 0.0
4057 0.0
4058 0.0
4059 0.0
4060 0.0
4061 0.0
4062 0.0003895019538454482
4063 0.001346542096156858
4064 0.001256608205925288
4065 0.0
4066 0.0
4067 0.0
4068 0.0
4069 0.0
4070 0.0
4071 0.0
4072 0.0
4073 0.0
4074 0.00026663271368059617
4075 0.00042356310372013904
4076 0.0004734481189683224
4077 0.0
4078 0.0
4079 0.0
4080 0.0
4081 0.0
4082 0.0
4083 0.0
4084 0.0
4085 0.0
4086 0.0
4087 0.0
4088 0.0
4089 0.0
4090 0.0
4091 0.0
4092 0.0
4093 0.0
4094 -0.0005116014678916876
4095 -0.0009421184249588345
