 0
0 -0.00038337994362694415
1 -0.0008923063874075729
2 0.0
3 0.0
4 -0.00026625724329047386
5 0.0
6 0.0
7 0.0
8 0.0
9 0.0
10 0.0
11 0.0
12 0.0
13 -0.0007074251899918805
14 -0.0015694890354963843
15 -0.0010259321614118375
16 -0.003782319507976587
17 -0.0005817492002311614
18 0.0
19 0.0
20 0.0
21 0.0
22 0.0
23 -0.00022218679003286213
24 0.0
25 -0.00022001439750211007
26 -0.0013098101812142931
27 -0.0004214739858702957
28 0.0
29 0.0
30 0.0
31 0.0
32 0.0
33 0.0
34 0.0
35 0.0
36 0.0
37 7.086195516964779e-05
38 4.990016427839108e-06
39 0.00038973020696686994
40 0.0014061324392719715
41 0.0005816778702996803
42 0.0
43 0.0
44 0.0
45 0.0
46 0.0
47 0.0
48 0.0010316201971089616
49 0.0
50 0.0
51 0.0
52 0.0
53 9.423895635558643e-05
54 0.0012634563683078912
55 0.0016383779735753047
56 0.0
57 0.0
58 0.0
59 0.0
60 0.0
61 0.0
62 0.0
63 0.0
64 -0.0016624170848584697
65 -0.0018878671729113082
66 -0.00025434747828113836
67 0.0
68 0.0
69 0.0
70 0.0
71 0.0
72 0.0
73 0.0
74 0.0
75 0.0
76 0.0
77 0.0
78 -0.000614664663968289
79 -0.0026223775315800395
80 -0.0029507691296179915
81 0.0
82 0.0
83 0.0
84 0.0
85 0.0
86 0.0
87 0.0
88 0.0
89 0.0
90 0.0
91 0.0
92 0.0
93 0.0
94 0.0
95 0.0
96 0.0
97 0.0
98 0.0
99 0.0
100 0.0
101 0.0
102 0.0
103 0.0
104 0.0
105 0.0
106 0.0
107 0.0
108 0.0
109 -0.0005281627447427256
110 0.0
111 0.0
112 0.0
113 0.0
114 0.0
115 0.0
116 0.0
117 0.0
118 0.0007404054572215918
119 0.0011958737607093903
120 0.0
121 0.0
122 0.0
123 0.0
124 0.0
125 0.0
126 0.0
127 0.0
128 -0.0018110074302120226
129 -0.0008567510034435644
130 0.0
131 0.0
132 0.0
133 0.0
134 0.0010186240003363092
135 0.0016436142933385664
136 0.0
137 0.0
138 0.0
139 0.0
140 0.0
141 0.0
142 0.0
143 0.0
144 0.0
145 0.0
146 0.0
147 0.0
148 0.0
149 0.0
150 0.0
151 0.0
152 0.0
153 0.0
154 0.0
155 0.0
156 0.0
157 0.0
158 0.0
159 0.0
160 0.0
161 0.0
162 0.0
163 0.0
164 0.0
165 0.0
166 0.0
167 0.0
168 0.0
169 0.0
170 -0.0005217062626638312
171 -0.0014554945279110698
172 -6.95634011572086e-05
173 0.0
174 0.0
175 0.0
176 0.0
177 0.0
178 0.0
179 0.0
180 0.0
181 0.0
182 0.0006021554027438907
183 0.00016077964342377837
184 0.0
185 0.0
186 0.0
187 0.0
188 0.0
189 0.0
190 0.0
191 0.0
192 -0.0017578248491217903
193 -0.0002151991386970663
194 0.0
195 0.0
196 0.000284558480605713
197 0.00029587975598954975
198 0.0013890587802202607
199 0.0
200 0.0
201 0.0
202 0.0
203 0.0
204 0.0
205 0.0
206 0.0
207 0.0
208 0.0
209 0.0
210 0.0
211 0.0
212 0.0
213 0.0
214 0.0
215 0.0
216 0.0
217 0.0
218 0.0
219 0.0
220 0.0
221 0.0
222 0.0
223 0.0
224 0.0
225 0.0
226 0.0
227 0.0
228 0.0
229 0.0
230 0.0
231 0.0
232 0.0
233 0.0
234 0.0
235 0.0
236 0.0
237 0.0
238 0.0
239 0.0
240 0.0
241 0.0
242 0.0
243 0.0
244 0.0
245 0.0
246 0.0
247 0.0001153784538652574
248 0.00034472521902124064
249 0.0
250 0.0
251 0.0
252 0.0
253 0.0
254 0.0
255 0.0
256 0.0
257 0.0
258 0.0
259 0.00010989135783254141
260 0.00024022624626050132
261 0.0
262 0.0
263 0.0
264 0.0
265 0.0
266 0.0
267 0.0
268 0.0
269 0.0
270 0.0
271 0.0
272 0.0
273 0.0
274 0.0
275 0.0
276 0.0
277 0.0009862831008764367
278 0.002485159259476017
279 0.0
280 0.0
281 0.001703261727244788
282 0.0
283 0.0
284 0.0
285 0.0
286 0.0
287 0.0
288 0.0
289 0.0
290 0.0
291 0.0
292 0.0
293 0.0
294 0.0
295 0.0
296 0.0
297 0.0
298 0.0
299 0.0
300 0.0
301 0.0
302 0.0
303 0.0
304 0.0
305 0.0
306 0.0
307 0.0
308 0.0
309 0.0
310 0.0
311 0.0
312 0.0
313 0.0
314 0.0
315 0.0
316 0.0
317 0.0
318 0.0
319 0.0
320 0.0
321 0.0
322 0.0
323 0.0
324 0.0
325 0.0
326 0.0
327 0.0
328 0.0
329 0.0
330 0.0
331 0.0
332 0.0
333 -0.0007793948765053123
334 0.0
335 0.0
336 0.0
337 0.0
338 0.0
339 0.0
340 0.0
341 0.0
342 0.0
343 0.0012058718336402112
344 0.0014799730497119335
345 0.0008621315308563324
346 0.0
347 0.00019792660270718965
348 0.0015228653544375173
349 0.0
350 0.0
351 0.0
352 0.0
353 0.0
354 0.0
355 0.0
356 0.0
357 0.0
358 0.0
359 0.0
360 0.0
361 0.0
362 0.0
363 0.0
364 0.0002637890679456737
365 0.0
366 0.0
367 0.0
368 0.0
369 0.0
370 0.0
371 0.0
372 0.0
373 0.0
374 0.0
375 0.0
376 0.0
377 0.0005229045529351982
378 0.0
379 0.0
380 0.0
381 0.0
382 0.0
383 0.0
384 0.0
385 0.0
386 0.0
387 0.0
388 0.0
389 0.0
390 0.0
391 0.0
392 -0.0006145253046974854
393 -0.0018597097165396308
394 -0.0008114436331162493
395 0.0
396 0.0
397 -0.0029354059419908216
398 -0.0016310981762585799
399 0.0
400 0.0
401 0.0
402 0.0
403 0.0
404 0.0
405 0.0
406 0.0
407 0.0
408 0.0
409 0.0
410 0.0
411 0.0
412 0.00067805397426232
413 0.0
414 0.0
415 0.0
416 0.0
417 0.0
418 0.0
419 0.0
420 0.0
421 0.0
422 0.0
423 0.0
424 0.0
425 0.0
426 0.0
427 0.0
428 0.0
429 0.0
430 0.0
431 0.0
432 0.0
433 0.0
434 0.0
435 0.0
436 0.0
437 0.0
438 0.0
439 0.0
440 0.0
441 0.0
442 0.0
443 0.0
444 0.0
445 0.0
446 0.0
447 0.0
448 0.0
449 0.0
450 0.0
451 0.0
452 0.0
453 0.0
454 0.0
455 0.0
456 0.0
457 -0.0005137831539008968
458 0.0
459 0.0
460 -8.613678972499334e-05
461 -0.0020979962272888245
462 -0.0017389582520791445
463 -0.00025777428799683873
464 -0.002665598482653309
465 -5.687005530250539e-05
466 0.0
467 0.0
468 0.0
469 0.0
470 0.0
471 0.0
472 0.0
473 0.0
474 0.0
475 0.0
476 0.0
477 0.0
478 0.0
479 0.0
480 0.0
481 0.0
482 0.0
483 0.0
484 0.0
485 0.0
486 0.0
487 0.0
488 0.0
489 0.0
490 0.0
491 0.0
492 0.0
493 0.0
494 2.1943287664448085e-05
495 0.0
496 0.0004967100658084726
497 0.0
498 0.0
499 0.0
500 0.0
501 0.0
502 0.0
503 0.0
504 0.0
505 0.0
506 0.0
507 0.0
508 0.0
509 0.0
510 0.0
511 0.0
512 0.0
513 0.0
514 -0.0008783882464888614
515 0.0
516 0.0
517 0.0
518 0.0
519 0.0
520 0.0
521 -0.0004209526299307537
522 0.0
523 0.0
524 -0.0005925944614823593
525 -0.0015095473953077691
526 -0.0010810272657333325
527 -0.0008426556588858591
528 -0.0011835584923408995
529 -0.00022062126593299603
530 0.0
531 0.0
532 0.0
533 0.0
534 0.0
535 0.0
536 0.0
537 0.0
538 0.0
539 0.0
540 0.0
541 0.0
542 0.0
543 0.0
544 0.0
545 0.0
546 0.0
547 0.0
548 0.0
549 0.0
550 0.0
551 0.0
552 0.0
553 0.0
554 0.0
555 0.0
556 0.0
557 0.0
558 0.0
559 0.0
560 0.0007482656801408271
561 0.00014189075908395613
562 1.408741097961022e-05
563 0.0
564 0.0
565 0.0
566 0.0
567 0.0
568 0.0
569 0.0
570 0.0
571 0.0
572 0.0
573 0.0
574 0.0
575 0.0
576 0.0
577 0.0
578 0.0
579 -0.0016039275005496107
580 0.0
581 0.0
582 0.0
583 0.0
584 0.0
585 0.0
586 0.0
587 0.0
588 0.0
589 -0.0013375330611971122
590 -0.0021077423321735345
591 -0.0008904568166636845
592 -0.0017257578682381436
593 -0.000913316480355324
594 0.0
595 0.0
596 0.0
597 0.0
598 0.0
599 0.0
600 0.0
601 0.0
602 0.0
603 0.0
604 0.0
605 0.0
606 0.0
607 0.0
608 0.0
609 0.0
610 0.0
611 0.0
612 0.0
613 0.0
614 0.0
615 0.0
616 0.0
617 0.0
618 0.0
619 0.0
620 0.0
621 0.0
622 0.0
623 0.0
624 0.0
625 0.0
626 0.0
627 0.0
628 0.0
629 0.0
630 0.0
631 0.0
632 0.0
633 0.0
634 0.0
635 0.0
636 0.0
637 0.0
638 0.0
639 0.0
640 0.0
641 0.0
642 0.0
643 0.0
644 0.0
645 0.0
646 0.0
647 0.0
648 0.0
649 0.0
650 0.0
651 0.0
652 0.0
653 -0.0011970587720626705
654 -0.0012423799551954144
655 -0.0014085406338940182
656 -0.001968873051907073
657 0.0
658 0.0
659 0.0
660 0.0
661 0.0
662 -0.000554421863269555
663 0.0
664 0.0
665 0.0
666 0.0
667 0.0
668 0.0
669 0.0
670 0.0
671 0.0
672 0.0
673 0.0
674 0.0
675 0.0
676 0.0
677 0.0
678 0.0
679 0.0
680 0.0
681 0.0
682 0.0
683 0.0
684 0.0
685 0.0
686 0.0
687 0.0
688 0.0
689 0.0
690 0.0
691 0.0
692 0.0
693 0.0
694 0.0
695 0.0
696 0.0
697 0.0
698 0.0
699 0.0
700 0.0
701 0.0
702 0.0
703 0.0
704 0.0
705 0.0
706 0.0
707 0.0
708 0.0
709 0.0
710 0.0
711 0.0
712 0.0
713 0.0
714 0.0
715 0.0
716 -0.0001734378425941121
717 0.0
718 0.0
719 0.0
720 -0.0004101492413372123
721 0.0
722 0.0
723 0.0
724 0.0
725 -0.00019422231636550576
726 -0.00109534339562605
727 -0.00040028947705361137
728 0.0
729 0.0
730 0.0
731 0.0
732 0.0
733 0.0
734 0.0
735 0.0
736 0.0
737 0.0
738 0.0
739 0.0
740 0.0
741 0.0
742 0.0
743 0.0
744 0.0
745 0.0
746 0.0
747 0.0
748 0.0
749 0.0
750 0.0
751 0.0
752 0.0
753 0.0
754 0.0
755 0.0
756 0.0
757 0.0
758 0.0
759 0.0
760 0.0
761 0.0
762 0.0
763 0.0
764 0.0
765 0.0
766 0.0
767 0.0
768 0.0
769 0.0
770 0.0
771 0.0
772 0.0
773 0.0
774 0.0
775 0.0
776 0.0
777 0.0
778 0.0
779 0.0
780 0.0
781 0.0
782 0.0
783 0.0
784 0.0
785 0.0
786 0.0
787 0.0
788 0.0
789 -0.0008191986433386513
790 -0.0022253095628758414
791 -0.0022494139440832916
792 -0.0014358361576662791
793 0.0
794 0.0
795 0.0
796 0.0
797 0.0
798 0.0
799 0.0
800 -0.0006027077993657868
801 0.0
802 0.0
803 0.0
804 0.0
805 0.0
806 0.0
807 0.0
808 0.0
809 0.0
810 0.0
811 0.0
812 0.0
813 0.0
814 0.0
815 0.0
816 0.0
817 0.0
818 0.0
819 0.0
820 0.0
821 0.0
822 -8.976538846834506e-06
823 -0.0006702843196829358
824 0.0
825 0.0
826 -0.0011812414274882084
827 -0.0005346455819546047
828 0.0
829 0.0
830 0.0
831 0.0
832 -0.0005500380113108959
833 0.0
834 0.0
835 0.0
836 0.0
837 0.0
838 0.0
839 0.0
840 0.0
841 0.0
842 0.0
843 0.0
844 0.0
845 0.0
846 0.0
847 0.0
848 0.0
849 0.0
850 0.0
851 0.0
852 -0.00038784373547321815
853 -0.001765885831687798
854 -0.0026852325591763906
855 -0.0011549907387876015
856 -6.918551215436464e-05
857 0.0
858 0.0
859 0.0
860 0.0
861 0.0
862 0.0
863 -0.0009355654711917849
864 -0.0012394366321211287
865 0.0
866 0.0
867 0.0
868 0.0
869 0.0
870 0.0
871 0.0
872 0.0
873 0.0
874 0.0
875 0.0
876 0.0
877 0.0
878 0.0
879 0.0
880 0.0
881 0.0
882 0.0
883 0.0
884 0.0
885 0.0
886 -0.0009927676895315274
887 -0.00034040496939421593
888 -0.0011865338961795648
889 -0.0005258288549213892
890 -0.0015931206669379694
891 -0.0014518104389012472
892 0.0
893 0.0
894 -0.00023004223026780728
895 -8.208155310332257e-05
896 0.0
897 0.0
898 0.0
899 0.0
900 0.0
901 0.0
902 0.0
903 0.0
904 0.0
905 0.0
906 0.0
907 0.0
908 0.0
909 0.0
910 0.0
911 0.0
912 0.0
913 0.0
914 0.0
915 0.0
916 0.0
917 -0.001727042010486786
918 -0.002970296879617503
919 -0.0017211452750593634
920 0.0
921 0.0
922 0.0
923 0.0
924 0.0
925 0.0
926 0.0
927 -0.00023299913737748527
928 -0.00044202802086287134
929 0.0
930 0.0
931 0.0
932 0.0
933 0.0
934 0.0
935 0.0
936 0.0
937 0.0
938 0.0
939 0.0
940 -0.00017922526485366892
941 -0.0009873438128694231
942 -0.0014601656175111093
943 -0.00036685387989107763
944 0.0
945 -9.43417898605201e-05
946 -0.0003329259916726279
947 0.0
948 -0.00013361966530305914
949 -0.0012945954601241056
950 -0.0011944370419656341
951 0.0
952 -0.0011262611223307858
953 -0.001214256029422126
954 -0.0017729100936545437
955 -0.0016096424821660281
956 0.0
957 -0.00015227815957257927
958 -0.0020098585066336007
959 -0.0011481335719769365
960 0.0
961 0.0
962 0.0
963 0.0
964 0.0
965 0.0
966 0.0
967 0.0
968 0.0
969 0.0
970 0.0
971 7.463940526241541e-05
972 0.0
973 0.0
974 0.0
975 0.0
976 0.0
977 0.0
978 0.0
979 0.0
980 0.0
981 -0.0010111893196450316
982 -0.0011635086128498901
983 -0.0014553602548757418
984 0.0
985 0.0
986 0.0
987 0.0
988 0.0
989 0.0
990 0.0
991 0.0
992 0.0
993 0.0
994 0.0
995 0.0
996 0.0
997 0.0
998 -8.111689321340014e-05
999 -0.0009937244344343935
1000 0.0
1001 0.0
1002 0.0
1003 0.0
1004 0.0
1005 -0.0019788059544958315
1006 -0.0014714599268861887
1007 0.0
1008 -5.733642242106965e-05
1009 -0.00046404414644174923
1010 -0.0006945004522830965
1011 0.0
1012 0.0
1013 -0.0001473534151495746
1014 0.0
1015 0.0
1016 -0.0016737265551362967
1017 0.0
1018 0.0
1019 0.0
1020 0.0
1021 -0.0033401971258860234
1022 -0.0023942564622107653
1023 -0.0009358899635346174
1024 0.0
1025 0.0
1026 0.0
1027 0.0
1028 0.0
1029 0.0
1030 0.0
1031 -0.00011472993438288475
1032 0.0
1033 0.0
1034 0.0
1035 0.00010807303416322
1036 0.0
1037 0.0
1038 0.0
1039 0.0
1040 0.0
1041 0.0
1042 0.0
1043 0.0
1044 0.0
1045 0.0
1046 -0.0015907931272878173
1047 -0.0015380409878831994
1048 -0.0006230697862220439
1049 0.0
1050 0.0
1051 0.0
1052 0.0
1053 -0.00019497451460663318
1054 -0.001379893170923015
1055 0.0
1056 0.0
1057 0.0
1058 0.0
1059 0.0
1060 0.0
1061 0.0
1062 0.0
1063 -0.0005330066959715708
1064 -0.00020715765248037786
1065 -8.044180527623374e-05
1066 -0.0022497357849301644
1067 -5.1561844985488225e-06
1068 0.0
1069 -0.0004963790429876854
1070 -0.0011907910326717486
1071 0.0
1072 -5.2574508947283896e-05
1073 0.0
1074 0.0
1075 0.0
1076 0.0
1077 0.0
1078 0.0
1079 0.0
1080 0.0
1081 0.0
1082 0.0
1083 0.0
1084 0.0
1085 -0.00036316056862725743
1086 -0.00061011762838437
1087 -0.0002987782552108919
1088 0.0
1089 0.0
1090 0.0
1091 0.0
1092 0.0
1093 0.0
1094 0.0
1095 0.0
1096 0.0
1097 0.0
1098 0.0
1099 0.0
1100 0.0
1101 0.0
1102 0.0
1103 0.0
1104 0.0
1105 0.0
1106 0.0
1107 0.0
1108 0.0
1109 -0.0008619708170060737
1110 0.0
1111 0.0
1112 0.0
1113 0.0
1114 0.0
1115 0.0
1116 -0.0013159371849336163
1117 -0.0015391574690263763
1118 -0.002447269690187834
1119 0.0
1120 0.0
1121 0.0
1122 0.0
1123 0.0
1124 0.0
1125 0.0
1126 -0.0001800799081355562
1127 0.0
1128 0.0
1129 -0.0020390346397944413
1130 -0.001967810717927711
1131 -0.0012327995704084509
1132 0.0
1133 0.0
1134 -0.0016863928052954368
1135 0.0
1136 0.0
1137 0.0
1138 0.0
1139 0.0
1140 0.0
1141 0.0
1142 0.0
1143 0.0
1144 0.0
1145 0.0
1146 0.0
1147 0.0
1148 0.0
1149 0.0
1150 -1.0379228409795774e-05
1151 0.0
1152 0.0
1153 0.0
1154 0.0
1155 0.0
1156 0.0
1157 0.0
1158 0.0
1159 0.0
1160 0.0
1161 0.0
1162 0.0
1163 0.0
1164 0.0
1165 0.0
1166 0.0
1167 0.0
1168 0.0
1169 0.0
1170 0.0
1171 0.0
1172 0.0
1173 0.0
1174 0.0
1175 0.0
1176 0.0
1177 0.0
1178 0.0
1179 0.0
1180 -0.00042397730771356407
1181 -0.00012751598417700967
1182 0.0
1183 0.0
1184 0.0
1185 0.0
1186 0.0016359493020485557
1187 0.0008727380750673365
1188 0.0
1189 -0.0001397451249015532
1190 -0.0010153941899402766
1191 -0.0006343210779793945
1192 0.0
1193 0.0
1194 0.0
1195 0.0
1196 0.0
1197 0.0
1198 0.0
1199 0.0
1200 0.0
1201 0.0
1202 -0.0008307488854527379
1203 0.0
1204 0.0
1205 0.0
1206 0.0
1207 0.0
1208 0.0
1209 0.0
1210 0.0
1211 0.0
1212 0.0
1213 0.0
1214 0.0
1215 0.0
1216 0.0
1217 0.0
1218 0.0
1219 0.0
1220 0.0
1221 0.0
1222 0.0
1223 0.0
1224 0.0
1225 0.0
1226 0.0
1227 0.0
1228 0.0
1229 0.0
1230 0.0
1231 0.0
1232 0.0
1233 0.0
1234 0.0
1235 0.0
1236 0.0
1237 0.0
1238 0.0
1239 0.0
1240 0.0
1241 0.0
1242 0.0
1243 0.0
1244 0.0
1245 0.0
1246 0.0
1247 0.0
1248 0.0
1249 0.002403610955769217
1250 0.005578786844068911
1251 0.002440044106010718
1252 0.0
1253 0.0
1254 0.0
1255 0.0
1256 0.0
1257 0.0
1258 0.0
1259 -0.0006559364995955039
1260 0.0
1261 0.0
1262 -0.00012078729289072097
1263 0.0
1264 0.0
1265 -0.00030054540021572676
1266 -0.00027872742875863
1267 0.0
1268 0.0
1269 0.0
1270 0.0
1271 0.0
1272 0.0
1273 0.0
1274 0.0
1275 0.0
1276 0.0
1277 0.0
1278 0.0
1279 0.0
1280 0.0
1281 0.0
1282 0.0
1283 0.0
1284 0.0
1285 0.0
1286 0.0
1287 0.0
1288 0.0
1289 0.0
1290 0.0
1291 0.0
1292 0.0
1293 0.0
1294 0.0
1295 0.0
1296 0.0
1297 0.0
1298 0.0
1299 0.0
1300 0.0
1301 0.0
1302 0.0
1303 0.0
1304 0.0
1305 0.0
1306 0.0
1307 0.0
1308 0.0
1309 0.0
1310 0.0
1311 0.0
1312 0.0
1313 0.0025535484176497304
1314 0.006247773531266951
1315 0.0029774062432127214
1316 0.0007034367889404284
1317 0.0
1318 0.0
1319 0.0
1320 0.0
1321 0.0
1322 0.0
1323 0.0
1324 0.0
1325 0.0
1326 0.0
1327 -0.0001420919208909415
1328 0.0
1329 0.0
1330 0.0
1331 -0.0006432611320343311
1332 0.0
1333 0.0
1334 0.0
1335 0.0
1336 0.0
1337 0.0
1338 0.0
1339 0.0
1340 0.0
1341 0.0
1342 0.0
1343 0.0
1344 0.0
1345 0.0
1346 0.0
1347 0.0
1348 0.0005074740208548619
1349 0.0
1350 0.0
1351 0.0
1352 0.0
1353 0.0
1354 0.0
1355 0.0
1356 0.0
1357 0.0
1358 0.0
1359 0.0
1360 0.0
1361 0.0013320563975785914
1362 0.0
1363 0.0
1364 0.0
1365 0.0
1366 0.0
1367 0.0
1368 0.0
1369 0.0
1370 0.0
1371 0.0
1372 0.0
1373 0.0
1374 0.0
1375 0.0
1376 0.0
1377 0.0027670768029758436
1378 0.0045975892794523
1379 0.0
1380 0.0
1381 0.0
1382 0.0
1383 0.0
1384 0.0
1385 0.0
1386 0.0
1387 0.0
1388 0.0
1389 -1.8314368140012772e-06
1390 0.0
1391 0.0
1392 0.0
1393 0.0
1394 0.0
1395 -0.00019032630618675953
1396 -0.0010187072962869438
1397 -0.0007859576834952333
1398 -0.00014292989063902726
1399 0.0
1400 0.0
1401 0.0
1402 0.0
1403 0.0
1404 0.0
1405 0.0
1406 0.0
1407 0.0
1408 0.0
1409 0.0
1410 0.0
1411 0.0
1412 0.0003562457560772602
1413 0.0002873877626109144
1414 0.0
1415 0.0
1416 0.0
1417 0.0
1418 0.0
1419 0.0
1420 0.0
1421 0.0
1422 0.0
1423 0.0
1424 0.0
1425 0.000275987018061507
1426 0.0
1427 0.0
1428 0.0
1429 0.0
1430 0.0
1431 0.0
1432 0.0
1433 0.0
1434 0.0
1435 0.0
1436 0.0
1437 0.0
1438 0.0
1439 0.0
1440 0.0
1441 0.0008614320637830555
1442 0.002068061888274978
1443 0.0
1444 0.0
1445 0.0
1446 0.0
1447 0.0
1448 0.0
1449 0.0
1450 0.0
1451 0.0
1452 0.0
1453 0.0
1454 0.0
1455 0.0
1456 0.0
1457 0.0
1458 0.0
1459 0.0
1460 -0.00044139516291700115
1461 -0.002220339302661723
1462 -7.36577256188142e-06
1463 0.0
1464 0.0
1465 0.0
1466 0.0
1467 0.0
1468 0.0
1469 0.0
1470 0.0
1471 0.0
1472 0.0
1473 0.0
1474 0.0
1475 0.0
1476 0.0006727822372692421
1477 0.0
1478 0.0
1479 0.0
1480 0.0
1481 0.0
1482 0.0
1483 0.0
1484 0.0
1485 0.0
1486 0.0009106159205505933
1487 0.0
1488 0.0
1489 0.0
1490 0.0
1491 0.0
1492 0.0
1493 0.0
1494 0.0
1495 0.0
1496 0.0
1497 0.0
1498 0.0
1499 0.0
1500 0.0
1501 0.0
1502 0.0
1503 0.0
1504 0.0
1505 0.0
1506 0.0006439416033866013
1507 4.7917448223793444e-05
1508 0.0
1509 0.0
1510 0.000706966070017015
1511 0.0
1512 0.00041356059187671603
1513 0.0
1514 0.0
1515 0.0
1516 0.0
1517 0.0
1518 0.0
1519 0.0
1520 0.0
1521 0.0
1522 0.0
1523 0.0
1524 -4.4945918604723915e-05
1525 0.0
1526 0.0
1527 0.0
1528 0.0
1529 0.0
1530 0.0
1531 0.0
1532 0.0
1533 0.0
1534 0.0
1535 0.0
1536 0.0
1537 0.0
1538 0.0
1539 0.0
1540 0.0003316271164118517
1541 0.0
1542 0.0
1543 0.0
1544 0.0
1545 0.0
1546 0.0
1547 0.0
1548 0.0
1549 0.0
1550 0.0006864732271334091
1551 0.0002520788420854327
1552 0.0
1553 0.0004297600761126528
1554 0.0
1555 0.0
1556 0.0
1557 0.0
1558 0.0
1559 0.0004418840179378846
1560 0.0003351286081020114
1561 0.0
1562 0.0
1563 0.0
1564 0.0
1565 0.0
1566 0.0
1567 0.0
1568 0.0
1569 0.0
1570 0.0015621609181568077
1571 0.001335192412222437
1572 0.0
1573 0.0
1574 0.0
1575 0.0
1576 0.003120823623262608
1577 0.0
1578 0.0
1579 0.0
1580 0.0
1581 0.0
1582 0.0
1583 0.0
1584 0.0
1585 0.0
1586 0.0
1587 0.0
1588 0.0
1589 0.0
1590 -0.0010095850519543897
1591 0.0
1592 0.0
1593 0.0
1594 0.0
1595 0.0
1596 0.0
1597 0.0
1598 0.0
1599 0.0
1600 0.0007312272832791687
1601 0.0
1602 0.0
1603 0.0
1604 0.0004986340450756951
1605 0.0
1606 0.0
1607 2.8925999307492148e-05
1608 0.0
1609 0.0
1610 0.0
1611 0.0
1612 0.0
1613 0.0
1614 9.653793865584222e-05
1615 0.0002355624839988173
1616 0.0
1617 0.0002207662369157739
1618 0.0001262893341888872
1619 0.0
1620 0.0
1621 0.0
1622 0.0
1623 0.00031150266041552474
1624 4.139626805781743e-05
1625 0.0
1626 0.0
1627 0.0
1628 -0.0010714373689729622
1629 -0.001245212393324714
1630 0.0
1631 0.0
1632 0.0
1633 0.0
1634 0.0
1635 0.0
1636 0.0
1637 0.0
1638 0.0
1639 0.00078900445656749
1640 0.0006583423583553038
1641 0.0
1642 0.0
1643 0.0
1644 0.0
1645 0.0
1646 0.0
1647 0.0
1648 0.0
1649 0.0
1650 0.0
1651 0.0
1652 0.0
1653 0.0
1654 -0.00047375035751024363
1655 0.0
1656 0.0
1657 0.0
1658 0.0
1659 0.0
1660 0.0
1661 0.0
1662 0.0
1663 0.0
1664 0.0
1665 0.0
1666 0.0
1667 0.0
1668 0.0
1669 0.0
1670 0.0
1671 0.0
1672 0.0
1673 0.0
1674 0.0
1675 0.0
1676 0.0
1677 0.0007249532929628374
1678 0.0015269888497538252
1679 0.0
1680 0.0
1681 0.0
1682 0.0
1683 0.0
1684 0.0
1685 0.0
1686 0.0
1687 0.001985293829649022
1688 0.0002465782558155621
1689 0.0
1690 0.0
1691 0.0
1692 0.0
1693 0.0
1694 0.0
1695 0.0
1696 0.0
1697 0.0
1698 0.0
1699 0.0
1700 0.0
1701 0.0
1702 0.0
1703 0.0010337000962178076
1704 0.0016722137269597642
1705 0.0
1706 0.0
1707 0.0
1708 0.0
1709 0.0
1710 0.0
1711 0.0
1712 0.0
1713 0.0
1714 0.0
1715 0.0
1716 0.0
1717 0.0
1718 0.0
1719 0.0
1720 0.0
1721 0.0
1722 0.0
1723 0.0
1724 0.0
1725 0.0
1726 0.0
1727 0.0
1728 0.0
1729 0.0
1730 0.0
1731 0.0
1732 0.0
1733 0.0
1734 0.0
1735 0.0
1736 1.787011925427309e-05
1737 0.0
1738 0.0
1739 0.0
1740 0.0
1741 0.0014692420403967519
1742 0.0
1743 0.0
1744 0.0
1745 0.0
1746 0.0009118377525888975
1747 0.0
1748 0.0
1749 0.0
1750 0.0
1751 0.0010382089434064123
1752 0.00018556274569785374
1753 0.00010677640206803068
1754 0.0
1755 0.0
1756 0.0
1757 0.0
1758 0.0
1759 0.0
1760 0.0
1761 0.0
1762 0.0
1763 0.0
1764 0.0
1765 0.0
1766 0.0008442867507124046
1767 0.0
1768 0.0
1769 0.0
1770 0.0
1771 0.0
1772 0.0
1773 0.0
1774 0.0
1775 0.0
1776 0.0
1777 0.0
1778 0.0
1779 -0.0010647175370720682
1780 0.0
1781 0.0
1782 0.0
1783 0.0
1784 0.0
1785 0.0
1786 0.0
1787 0.0
1788 0.0
1789 0.0
1790 0.0
1791 0.0
1792 3.36011793169923e-05
1793 0.0
1794 0.0
1795 0.0
1796 0.0
1797 0.0
1798 0.0
1799 0.0
1800 0.0
1801 2.1888533198815027e-05
1802 0.0
1803 0.0
1804 0.0
1805 0.0
1806 0.0
1807 0.0
1808 2.0244121664204266e-05
1809 0.0
1810 1.2799315273875746e-05
1811 0.00034876335084135167
1812 0.0
1813 0.0
1814 0.0
1815 0.0
1816 0.00042123379790391094
1817 0.0016326854832764378
1818 0.0006485214514770653
1819 0.0017561827532997336
1820 0.0006687758959600901
1821 0.0007861212211289425
1822 0.0
1823 0.0011228498226204227
1824 0.00047465619351231815
1825 0.0
1826 0.0
1827 0.0
1828 0.0
1829 0.0
1830 0.0
1831 0.0
1832 0.0
1833 0.0
1834 0.0
1835 0.0
1836 0.0
1837 0.0
1838 0.0
1839 0.0
1840 0.0
1841 -2.9356811268200508e-05
1842 -0.0010183356386533617
1843 -0.0031770082841694096
1844 -0.0010774438600686382
1845 0.0
1846 0.0
1847 0.0
1848 0.0
1849 0.0
1850 0.0
1851 0.0
1852 0.0
1853 0.0
1854 0.0
1855 0.00091915611558074
1856 0.00034866847082807033
1857 0.0
1858 0.0
1859 0.0
1860 0.0
1861 0.0
1862 0.0
1863 0.0
1864 0.0
1865 0.0
1866 0.0
1867 0.0
1868 0.0
1869 0.0003728108781403846
1870 0.0003151067386124593
1871 0.001077047641369896
1872 0.0
1873 0.0
1874 0.0
1875 0.0
1876 0.0006408654631526256
1877 0.00027843507792378575
1878 0.0
1879 0.0015570554167898684
1880 0.0020594313285687152
1881 0.0024540486429027886
1882 0.001671773859532584
1883 0.0004152042956548268
1884 0.001250828901822773
1885 0.0005050352103104159
1886 0.0
1887 0.0
1888 0.0002805584292179825
1889 0.0
1890 0.0
1891 0.0
1892 0.0
1893 0.0
1894 0.0
1895 0.0
1896 0.0
1897 0.0
1898 0.0
1899 0.0
1900 -6.344772929429765e-05
1901 0.0
1902 0.0
1903 0.0
1904 -0.0003181143999105771
1905 -0.0019661155388590403
1906 0.0
1907 -0.0006729816761502441
1908 0.0
1909 0.0
1910 0.0
1911 0.0
1912 0.0
1913 0.0
1914 0.0
1915 0.0
1916 0.0
1917 0.0
1918 0.0
1919 0.0
1920 0.0
1921 0.0
1922 0.0
1923 0.0
1924 0.0
1925 0.0
1926 0.0
1927 0.0
1928 0.00011597913232300831
1929 0.0
1930 0.0
1931 0.0
1932 0.0
1933 0.0
1934 0.0011581275335140753
1935 0.000522028032541744
1936 0.0
1937 0.00023679896207722922
1938 0.0
1939 0.0
1940 0.0
1941 0.000882860992257603
1942 0.0
1943 0.0014535452257148794
1944 0.002400889456153583
1945 0.0023290281111263728
1946 0.0030239739115969664
1947 0.0020536040773879707
1948 0.002275163140500138
1949 0.0017654544702389822
1950 0.0007329248655334013
1951 0.001025515537568592
1952 0.00036788354270353787
1953 0.0
1954 0.0
1955 0.0
1956 0.0
1957 0.0
1958 0.0
1959 0.0
1960 0.0
1961 0.0
1962 0.0
1963 0.0
1964 -0.0009805936575522064
1965 -0.0007284513575284281
1966 0.0
1967 0.0
1968 -2.900921440356285e-05
1969 -0.0005230921858319484
1970 -0.0017669876374200348
1971 -0.0030465640871840255
1972 0.0
1973 0.0
1974 -0.00034098469758655207
1975 0.0
1976 0.0
1977 0.0
1978 0.0
1979 0.0
1980 0.0
1981 0.0
1982 0.0
1983 9.528713619489667e-05
1984 0.0
1985 0.0
1986 0.0
1987 0.0
1988 0.0
1989 0.00020768787730794566
1990 0.0
1991 0.0
1992 0.0
1993 0.0
1994 0.0
1995 0.0
1996 0.0
1997 0.0
1998 0.000546277338488946
1999 0.0001621120580092947
2000 0.0
2001 0.0
2002 0.0
2003 0.0
2004 0.0
2005 0.0
2006 0.0
2007 0.0
2008 0.0
2009 0.00035567897184243585
2010 0.0022180147887416366
2011 0.002999682263332735
2012 0.003556388942071034
2013 0.0010757556602178954
2014 0.0006335691163914625
2015 0.0
2016 0.00018401755960016755
2017 0.0001196443493155583
2018 0.0
2019 0.0
2020 0.0
2021 0.0
2022 0.0
2023 0.0
2024 0.0
2025 0.0
2026 0.0
2027 0.0
2028 -1.6045744291733737e-05
2029 -0.00016070369492705616
2030 -0.0003779389565133101
2031 0.0
2032 0.0
2033 0.0
2034 0.0
2035 -0.0005179325742734607
2036 -0.0008553792455088791
2037 -0.002339127351916336
2038 -0.0030351059921296724
2039 0.0
2040 0.0
2041 0.0
2042 0.0
2043 0.0
2044 0.0
2045 0.0
2046 0.0
2047 0.0005434641269300294
2048 0.0
2049 0.0
2050 0.0
2051 0.0
2052 0.0
2053 0.0
2054 7.605171362193487e-06
2055 0.0
2056 0.0
2057 0.0
2058 0.0
2059 0.0
2060 0.0
2061 1.771897939287349e-05
2062 0.0
2063 0.0
2064 0.0
2065 0.00015303364533946834
2066 0.0
2067 0.0
2068 0.0
2069 0.0
2070 0.0
2071 0.0
2072 0.0
2073 0.0005673316093016169
2074 0.0007198325359780136
2075 0.002327968292716141
2076 0.0012106430581800707
2077 0.0011394060946305184
2078 0.0005524242062591947
2079 0.0
2080 0.0
2081 0.0006049045285693745
2082 0.0
2083 0.0
2084 0.0
2085 0.0
2086 0.0
2087 0.0
2088 0.0
2089 0.0
2090 0.0
2091 0.0
2092 0.0
2093 0.0
2094 0.0
2095 0.0
2096 0.0
2097 0.0
2098 0.0
2099 -0.0025251182717268717
2100 -0.0006629184481911749
2101 -0.0039788244337547315
2102 -0.002847184243660682
2103 -0.001756195032280664
2104 0.0
2105 0.0
2106 0.0
2107 0.0
2108 0.0
2109 0.0
2110 0.0
2111 0.0011885598289410736
2112 0.0009449653645536336
2113 0.0
2114 0.0
2115 0.0
2116 0.0
2117 0.0
2118 0.0006144857991752364
2119 0.0006355547531056755
2120 0.0
2121 0.0
2122 0.0
2123 0.0
2124 0.0
2125 4.8814459359240205e-06
2126 7.681062548837807e-05
2127 0.0
2128 4.630551062695627e-05
2129 0.0014943135968978729
2130 0.0003815675983994405
2131 0.0
2132 0.0
2133 0.0
2134 0.0
2135 0.001199110162736098
2136 0.0
2137 0.0005481297857306202
2138 0.0012568859796956058
2139 0.0
2140 0.0009115991486232056
2141 0.0010397905425634803
2142 0.00029021062032923346
2143 0.0
2144 0.0
2145 0.0016181742121074152
2146 0.0006393494931146978
2147 0.0
2148 0.0
2149 0.0
2150 0.0
2151 0.0
2152 0.0
2153 0.0
2154 0.0
2155 0.0
2156 0.0
2157 0.0
2158 0.0
2159 0.0
2160 0.0
2161 0.0
2162 0.0
2163 0.0
2164 -0.00015717988831260503
2165 -0.0023459079574190897
2166 -0.0029709592521156595
2167 0.0
2168 0.0
2169 0.0
2170 0.0
2171 0.0
2172 0.0
2173 0.0
2174 0.0
2175 0.0
2176 8.170053748284518e-05
2177 0.0
2178 0.0
2179 0.0
2180 0.0
2181 5.978304590009353e-06
2182 0.0014806933432809214
2183 0.0007948208781092745
2184 0.0
2185 0.0
2186 0.0
2187 0.0
2188 0.0
2189 0.0
2190 0.0
2191 0.0
2192 0.00038631574607556876
2193 0.00034060842220210087
2194 0.0
2195 0.0
2196 0.0
2197 0.0
2198 0.0
2199 0.0
2200 0.0
2201 0.0
2202 0.0
2203 0.001341723923774884
2204 0.0007434316190055626
2205 0.0012545984419344701
2206 0.0
2207 0.0
2208 0.0
2209 0.0011365304782669505
2210 0.0021117262659417248
2211 0.0
2212 0.0
2213 0.0
2214 0.0
2215 0.0
2216 0.0
2217 0.0
2218 0.0
2219 0.0
2220 0.0
2221 0.0
2222 0.0
2223 0.0
2224 0.0
2225 0.0
2226 0.0
2227 0.0
2228 0.0
2229 -0.0008080553782754177
2230 0.0
2231 0.0
2232 0.0
2233 0.0
2234 0.0
2235 0.0
2236 0.0
2237 0.0
2238 0.0
2239 0.0
2240 0.0
2241 0.0
2242 0.0
2243 0.0
2244 0.0
2245 0.0
2246 0.00011897613401579328
2247 0.0
2248 0.0
2249 0.0
2250 0.0
2251 0.0
2252 0.0
2253 0.0
2254 0.0
2255 2.6110029381400042e-05
2256 0.0
2257 2.9761711644473143e-06
2258 0.0
2259 0.0
2260 0.0
2261 0.0
2262 0.0
2263 0.0
2264 0.0
2265 0.0
2266 0.0
2267 0.0
2268 0.0
2269 0.0
2270 0.0
2271 0.0
2272 0.0
2273 0.0
2274 0.0
2275 0.0
2276 0.0
2277 0.0
2278 -4.669421598034809e-05
2279 0.0
2280 0.0
2281 0.0
2282 0.0
2283 0.0
2284 0.0
2285 0.0
2286 0.0
2287 0.0
2288 0.0
2289 0.0
2290 0.0
2291 0.0
2292 0.0
2293 0.0
2294 0.0
2295 0.0
2296 0.0
2297 0.0
2298 0.0
2299 0.0
2300 0.0
2301 0.0
2302 0.0
2303 0.00028455924432230207
2304 0.0
2305 0.0
2306 0.0
2307 0.0
2308 0.0
2309 0.0
2310 0.0
2311 2.2226051620165506e-06
2312 0.0
2313 0.0
2314 0.0
2315 0.0
2316 0.0
2317 0.0
2318 0.000760412290827292
2319 7.71436529181829e-06
2320 4.266553416204692e-05
2321 0.0019070707210471537
2322 0.0005774475471662982
2323 5.790790993146703e-06
2324 0.0
2325 0.0
2326 0.0
2327 0.0
2328 0.0
2329 0.0
2330 0.0
2331 0.0
2332 0.0
2333 0.0
2334 0.0
2335 0.0
2336 0.0
2337 0.0
2338 0.0
2339 0.0
2340 0.0
2341 0.0
2342 0.0
2343 0.0
2344 0.0
2345 0.0
2346 0.0
2347 0.0
2348 0.0
2349 0.0
2350 0.0
2351 0.0
2352 0.0
2353 0.0
2354 0.0
2355 0.0
2356 0.0
2357 0.0
2358 0.0
2359 0.0
2360 0.0
2361 0.0
2362 0.0
2363 0.0
2364 0.0
2365 0.0
2366 0.0
2367 0.0001712782039198718
2368 0.0
2369 0.0
2370 0.0
2371 0.0
2372 0.0
2373 0.0
2374 0.0
2375 0.00021211505441603477
2376 0.0
2377 0.0
2378 0.0
2379 0.0
2380 0.0
2381 0.0015553501067884223
2382 0.00038217271333507364
2383 0.0006185754534418895
2384 4.176257182702192e-05
2385 0.0022841001666715484
2386 0.0030739394976936076
2387 0.0004731727427417562
2388 0.0
2389 0.0
2390 0.0
2391 0.0
2392 0.0
2393 0.0
2394 0.0
2395 0.0
2396 0.0
2397 0.0
2398 0.0
2399 0.0
2400 0.0
2401 0.0
2402 0.0
2403 0.0
2404 0.0
2405 0.0
2406 0.0
2407 0.0
2408 0.0
2409 0.0
2410 0.0
2411 0.0
2412 0.0
2413 0.0
2414 0.0
2415 0.0
2416 0.0
2417 0.0
2418 0.0
2419 0.0
2420 0.0
2421 0.0
2422 0.0
2423 -2.861129254417332e-05
2424 0.0
2425 0.0
2426 0.0
2427 0.0
2428 0.0
2429 0.0
2430 0.00043684391750866406
2431 0.0016370756528961312
2432 0.0
2433 0.0
2434 0.0
2435 0.0
2436 0.0
2437 0.0
2438 0.0
2439 0.0
2440 0.0011031544460246615
2441 3.554576811643619e-05
2442 0.0
2443 0.0
2444 0.0
2445 0.00030063347120539563
2446 0.0
2447 0.0
2448 0.00218153612898229
2449 0.002625092852571055
2450 0.003220836234088806
2451 0.0007080299982903963
2452 0.0
2453 0.0
2454 0.0
2455 0.0
2456 0.0
2457 0.0
2458 0.0
2459 0.0
2460 0.0
2461 0.0
2462 0.0
2463 0.0
2464 0.0
2465 0.0
2466 0.0
2467 0.0
2468 0.0
2469 0.0
2470 0.0
2471 0.0
2472 0.0
2473 0.0
2474 0.0
2475 0.0
2476 0.0
2477 0.0
2478 0.0
2479 0.0
2480 0.0
2481 0.0
2482 -0.0018279144798165144
2483 0.0
2484 0.0
2485 0.0
2486 0.0
2487 0.0
2488 0.0
2489 0.0
2490 0.0
2491 0.0
2492 0.0
2493 6.20136513024764e-05
2494 0.00191811369957241
2495 0.0026309671986595173
2496 0.0
2497 0.0
2498 0.0
2499 0.0
2500 0.0
2501 0.0
2502 0.0
2503 0.0
2504 0.0
2505 0.0
2506 0.0
2507 0.0
2508 0.0
2509 0.0
2510 0.0
2511 0.0007399888501426268
2512 0.0035014120662831176
2513 0.0018767113594873228
2514 0.002488890899417008
2515 0.0
2516 0.0002430025326547367
2517 0.0
2518 0.0
2519 0.0
2520 0.0
2521 0.0
2522 0.0
2523 0.0
2524 0.0
2525 0.0
2526 0.0
2527 0.0
2528 0.0
2529 0.0
2530 0.0
2531 0.0
2532 0.0
2533 0.0
2534 0.0
2535 0.0
2536 0.0
2537 0.0
2538 0.0
2539 -0.0016321776270795552
2540 -0.001792586263618072
2541 0.0
2542 0.0
2543 0.0
2544 0.0
2545 -0.0029066135675341227
2546 -0.0009158617529429631
2547 -0.001097006387096154
2548 0.0
2549 0.0
2550 -0.0003832754142377624
2551 -0.0023750965609595086
2552 -0.00019249596853579523
2553 0.0
2554 0.0
2555 0.0
2556 0.0017519605686376805
2557 0.0004941181736779084
2558 0.0
2559 0.0027597582447045146
2560 0.0
2561 0.0
2562 0.0
2563 0.0
2564 0.0
2565 0.0
2566 2.025425810930818e-05
2567 0.0
2568 0.0
2569 0.0
2570 0.0
2571 0.0
2572 0.0
2573 0.0
2574 0.0005718151039216573
2575 0.0005238413730829265
2576 0.0012590531862356554
2577 0.0018060646716125072
2578 0.0036262573175332106
2579 0.0012549596833427107
2580 0.0
2581 0.0
2582 0.0
2583 0.0
2584 0.0
2585 0.0
2586 0.0
2587 0.0
2588 0.0
2589 0.0
2590 0.0
2591 0.0
2592 0.0
2593 0.0
2594 0.0
2595 0.0
2596 0.0
2597 0.0
2598 -0.0013304116449112434
2599 0.0
2600 0.0
2601 0.0
2602 0.0
2603 0.0
2604 -0.0028031436063808445
2605 0.0
2606 0.0
2607 0.0
2608 0.0
2609 -0.002226034140652785
2610 -0.0014531920085359895
2611 -0.0023871484722107926
2612 -0.0022431289931188142
2613 -0.0013491891801303405
2614 0.0
2615 0.0
2616 0.0
2617 0.0
2618 0.0
2619 0.0
2620 0.000156313440232985
2621 0.0002726646168719589
2622 0.0002792921717343596
2623 0.001476660791525921
2624 0.0
2625 0.0
2626 0.0
2627 0.0
2628 0.0005198640358048919
2629 0.0
2630 0.0
2631 0.0
2632 0.0
2633 0.0
2634 0.0
2635 0.0
2636 0.0
2637 0.000807218945820512
2638 0.0
2639 0.0
2640 0.0
2641 0.0018406508232747564
2642 0.0011904508019817603
2643 0.0004697881190168381
2644 0.0
2645 0.0
2646 0.0
2647 0.0
2648 0.0
2649 0.0
2650 0.0
2651 0.0
2652 0.0
2653 0.0
2654 0.0
2655 0.0
2656 0.0
2657 0.0
2658 0.0
2659 0.0
2660 0.0
2661 0.0
2662 -0.0008503400900098312
2663 0.0
2664 0.0
2665 0.0
2666 0.0
2667 0.0
2668 -0.0006854458355131232
2669 -0.00022461444527187432
2670 -1.1731544313088361e-05
2671 0.0
2672 -0.000653780746225333
2673 0.0
2674 -0.002140801309102523
2675 -0.0022317545008926857
2676 -0.003321257828499314
2677 -0.0009785729425662315
2678 0.0
2679 0.0
2680 0.0
2681 0.0
2682 0.0
2683 0.0
2684 0.0
2685 0.001055136938072147
2686 0.0
2687 0.0018736435153725336
2688 0.0
2689 0.0
2690 0.0
2691 0.0
2692 0.00027976269328433036
2693 3.910614086873895e-05
2694 0.0
2695 0.0
2696 0.0
2697 0.0
2698 0.0
2699 0.0
2700 0.0
2701 0.0
2702 0.0
2703 0.0
2704 0.0
2705 7.925797731461617e-05
2706 0.0005682795709904759
2707 2.9472629450175796e-06
2708 0.0
2709 0.0
2710 0.0
2711 0.0
2712 0.0
2713 0.0
2714 0.0
2715 0.0
2716 0.0
2717 0.0
2718 0.0
2719 0.0
2720 0.0
2721 0.0
2722 4.725868785871607e-05
2723 0.0
2724 0.0
2725 0.0
2726 0.0
2727 0.0
2728 0.0
2729 0.0
2730 0.0
2731 0.0
2732 -0.00045115693358481566
2733 -0.0020967174953960533
2734 -0.0018745602862855607
2735 0.0
2736 -0.0007057175823691839
2737 0.0
2738 -0.0028600312600564753
2739 -0.002172944629464012
2740 -0.001396351030929425
2741 0.0
2742 0.0
2743 0.0
2744 0.0
2745 0.0
2746 0.0
2747 0.0
2748 0.0
2749 0.0
2750 0.0
2751 0.0
2752 0.0
2753 0.0
2754 0.0
2755 0.0
2756 0.0
2757 0.0
2758 0.0
2759 0.0
2760 0.0
2761 0.0
2762 0.0
2763 0.0
2764 0.0
2765 0.0
2766 0.0
2767 0.0
2768 0.0
2769 0.0
2770 0.0
2771 0.0
2772 0.0
2773 0.0
2774 0.0
2775 0.0
2776 0.0
2777 0.0
2778 0.0
2779 0.0
2780 0.0
2781 0.0
2782 0.0
2783 0.0
2784 0.0
2785 0.0
2786 0.0036273095415413877
2787 0.0026524176197423553
2788 0.0005611690051773919
2789 0.0
2790 0.0
2791 0.0
2792 0.0
2793 0.0
2794 0.0
2795 0.0
2796 0.0
2797 -0.0006735505361099032
2798 -0.0013934913101891762
2799 -0.0021824162904062368
2800 0.0
2801 0.0
2802 0.0
2803 0.0
2804 0.0
2805 0.0
2806 0.0
2807 0.0
2808 0.0
2809 0.0
2810 0.0
2811 0.0
2812 0.0
2813 0.0
2814 0.0
2815 0.0
2816 0.0
2817 0.0
2818 0.0
2819 0.0
2820 0.0
2821 0.0
2822 0.0
2823 0.0
2824 0.0
2825 0.0
2826 0.0
2827 0.0
2828 0.0
2829 0.0
2830 0.0
2831 0.0
2832 0.0
2833 0.0
2834 0.0006297892679933383
2835 0.0
2836 0.0
2837 0.0
2838 0.0
2839 0.0
2840 0.0
2841 0.0
2842 0.0
2843 0.0
2844 0.0
2845 0.0
2846 0.0
2847 0.0
2848 0.0
2849 0.00019388166575483938
2850 0.002100097955993
2851 0.0
2852 0.0
2853 0.0
2854 0.0
2855 0.0
2856 -0.00047063562006768726
2857 0.0
2858 0.0
2859 0.0
2860 0.0
2861 -0.0003928374599303599
2862 0.0
2863 0.0
2864 0.0
2865 0.0
2866 0.0
2867 0.0
2868 0.0
2869 0.0
2870 0.0
2871 0.0
2872 0.0
2873 0.0
2874 0.0
2875 0.0
2876 0.0
2877 0.0
2878 0.0
2879 0.0
2880 0.0
2881 0.0
2882 0.0
2883 0.0
2884 0.0
2885 0.0
2886 0.0
2887 0.0
2888 0.0
2889 0.0
2890 0.0
2891 0.0
2892 0.0
2893 0.0
2894 0.0
2895 0.0
2896 0.0
2897 9.684986812039298e-05
2898 0.0004124072571148005
2899 0.0007454675620105558
2900 0.0
2901 0.0
2902 0.0
2903 0.0
2904 0.0
2905 0.0
2906 0.0
2907 0.0
2908 0.0
2909 0.0
2910 0.0
2911 0.0
2912 0.0
2913 0.0023800760485973268
2914 0.0018517715028137636
2915 0.0
2916 0.0
2917 0.0
2918 0.0
2919 -0.001158357390193941
2920 -0.002023923325000961
2921 0.0
2922 0.0
2923 0.0
2924 0.0
2925 0.0
2926 0.0
2927 0.0
2928 0.0
2929 0.0
2930 0.0
2931 0.0
2932 0.0
2933 0.0
2934 0.0
2935 0.0
2936 0.0
2937 0.0
2938 0.0
2939 0.0
2940 0.0
2941 0.0
2942 0.0
2943 0.0
2944 0.0
2945 0.0
2946 0.0
2947 0.0
2948 0.0
2949 0.0
2950 0.0
2951 0.0
2952 0.0
2953 0.0
2954 0.0
2955 0.0
2956 0.0
2957 7.036834867695595e-05
2958 0.0005726426100483828
2959 0.0
2960 0.0
2961 0.00010052431467197744
2962 0.0016919584638999674
2963 0.001989590716516994
2964 0.0
2965 0.0
2966 0.0
2967 0.0
2968 0.0
2969 0.0
2970 0.0
2971 0.0
2972 0.0
2973 0.0
2974 0.0
2975 0.0
2976 0.0
2977 0.00249620595044972
2978 0.0037347339256218505
2979 0.0
2980 0.0
2981 0.0
2982 0.0
2983 -0.0011736198839809701
2984 0.0
2985 0.0
2986 0.0
2987 0.0
2988 0.0
2989 0.0004769916498171582
2990 0.0
2991 0.0002493384193179557
2992 0.0
2993 0.0
2994 0.0
2995 0.0
2996 -0.0006463313680516338
2997 0.0
2998 0.0
2999 0.0
3000 0.0
3001 0.0
3002 0.0
3003 0.0
3004 0.0
3005 0.0
3006 0.0
3007 0.0
3008 0.0
3009 0.0
3010 0.0
3011 0.0
3012 0.0
3013 0.0
3014 0.0
3015 0.0
3016 0.0
3017 0.0
3018 0.0
3019 0.0
3020 0.0
3021 0.0
3022 0.0
3023 0.0
3024 0.0
3025 0.0
3026 0.0
3027 0.00038414799956229924
3028 0.0
3029 0.0
3030 0.0
3031 0.0
3032 0.0
3033 0.0
3034 0.0
3035 0.0
3036 0.0
3037 0.0
3038 0.0
3039 0.0
3040 0.0
3041 0.0018636115573095876
3042 0.001204689282431259
3043 0.0
3044 0.0
3045 0.0
3046 0.0
3047 0.0
3048 0.0
3049 0.0
3050 0.0
3051 0.0
3052 0.0
3053 0.0
3054 0.0
3055 0.0
3056 0.0
3057 0.0
3058 0.0
3059 0.0
3060 0.0
3061 0.0
3062 0.0
3063 0.0
3064 0.0
3065 0.0
3066 0.0
3067 0.0
3068 0.0
3069 0.0
3070 0.0
3071 0.0
3072 0.0
3073 0.0
3074 0.0
3075 0.0
3076 0.0
3077 0.0
3078 0.0
3079 0.0
3080 0.0
3081 0.0
3082 0.0
3083 0.0
3084 0.0014072474073430483
3085 0.0
3086 0.0
3087 0.0
3088 0.0
3089 0.0
3090 0.0
3091 0.0
3092 0.0
3093 0.0
3094 0.0
3095 0.0
3096 0.0
3097 0.0
3098 0.0
3099 0.0
3100 0.0
3101 0.0
3102 0.0
3103 0.0
3104 0.0
3105 0.0
3106 0.0
3107 0.0
3108 0.0
3109 0.0
3110 0.0
3111 0.0
3112 0.0
3113 0.0
3114 0.0
3115 0.0
3116 0.0
3117 0.0
3118 0.0
3119 0.0
3120 -0.0004195968071297993
3121 0.0
3122 0.0
3123 0.0
3124 0.0
3125 0.0
3126 0.0
3127 0.0
3128 0.0
3129 0.0
3130 0.0
3131 0.0
3132 0.0
3133 0.0
3134 0.0
3135 0.0
3136 0.0
3137 0.0
3138 0.0
3139 0.0
3140 0.0
3141 0.0
3142 0.0
3143 0.0
3144 0.0
3145 0.0
3146 0.0
3147 0.0
3148 0.0
3149 1.1661089129852257e-05
3150 0.0
3151 0.0
3152 0.0
3153 0.0
3154 0.0
3155 0.0
3156 0.0
3157 0.0
3158 -0.0002501204136234983
3159 0.0
3160 0.0
3161 0.0
3162 0.0
3163 0.0
3164 0.0
3165 0.0
3166 0.0
3167 0.0
3168 0.0
3169 0.0
3170 0.0
3171 0.0
3172 0.0
3173 0.0
3174 0.0
3175 0.0
3176 0.0
3177 0.0
3178 0.0
3179 0.0
3180 0.0
3181 0.0
3182 0.0
3183 0.0
3184 0.0
3185 0.0
3186 0.0
3187 0.0
3188 0.0
3189 0.0
3190 0.0
3191 0.0
3192 0.0
3193 0.0
3194 0.0
3195 0.0
3196 0.0
3197 0.0
3198 0.0
3199 0.0
3200 0.0
3201 0.0
3202 0.0
3203 0.0
3204 0.0
3205 0.0
3206 0.0
3207 0.0
3208 0.0
3209 0.000811507332431593
3210 0.0
3211 0.0
3212 0.0
3213 0.0
3214 0.0
3215 0.0
3216 0.0
3217 0.0
3218 0.0
3219 0.0
3220 0.0
3221 0.0
3222 0.0
3223 0.0
3224 0.0
3225 0.0
3226 0.0
3227 0.0
3228 0.0
3229 0.0
3230 0.0
3231 -0.0016720250009965207
3232 -0.0008311470311312399
3233 0.0
3234 0.0
3235 0.0
3236 0.0
3237 0.0
3238 0.0
3239 0.0
3240 0.0
3241 0.0
3242 0.0
3243 0.0
3244 0.0
3245 0.0
3246 0.0
3247 0.0
3248 0.0
3249 0.0
3250 0.0
3251 0.0
3252 0.0
3253 0.0
3254 0.0
3255 0.0
3256 0.0
3257 0.0
3258 0.0
3259 0.0
3260 0.0
3261 0.0
3262 0.0
3263 0.0
3264 0.0
3265 0.0
3266 0.0
3267 0.0
3268 0.0
3269 0.0
3270 0.0
3271 0.0
3272 0.0
3273 0.0017337332961789944
3274 0.0021892089784828895
3275 0.0
3276 0.0
3277 0.0
3278 0.0
3279 0.0
3280 0.0
3281 0.0
3282 0.0
3283 0.0
3284 0.0
3285 0.0
3286 0.0
3287 0.0
3288 0.0
3289 0.0
3290 0.0
3291 0.0
3292 0.0
3293 0.0
3294 0.0
3295 -0.0010767443313230588
3296 -0.002862360790039173
3297 0.0
3298 0.0
3299 0.0
3300 0.0
3301 -0.001001676699254086
3302 -0.0005932848551426858
3303 -0.00035781445964297166
3304 0.0
3305 0.0
3306 0.0
3307 0.0
3308 0.0
3309 0.0
3310 0.0
3311 0.0
3312 0.0
3313 0.0
3314 0.0
3315 0.0
3316 0.0
3317 0.0
3318 0.0
3319 0.0
3320 0.0
3321 0.0
3322 0.0
3323 0.0
3324 0.0
3325 0.0
3326 0.0
3327 0.0
3328 0.0
3329 0.0
3330 0.0
3331 0.0
3332 0.0
3333 0.0
3334 0.0
3335 0.0
3336 0.0
3337 0.0008573532161098101
3338 0.0015496485031914395
3339 0.002471873128426309
3340 0.0
3341 0.0
3342 0.0
3343 0.0
3344 0.0
3345 0.0
3346 0.0
3347 0.0
3348 0.0
3349 0.0
3350 -0.000456246603636968
3351 0.0
3352 0.0
3353 0.0
3354 0.0
3355 0.0
3356 0.0
3357 0.0
3358 0.0
3359 -0.001023830373061368
3360 -0.002033009915659686
3361 -0.0004285611676280147
3362 0.0
3363 0.0
3364 0.0
3365 -0.002041840052504613
3366 -0.0008527534543334202
3367 0.0
3368 0.0
3369 0.0
3370 0.0
3371 0.0
3372 0.0
3373 0.0
3374 0.0
3375 0.0
3376 0.0
3377 0.0
3378 0.0
3379 0.0
3380 0.0
3381 0.0
3382 0.0
3383 0.0
3384 0.0
3385 -0.00045194121059180786
3386 -0.00012610724099027185
3387 0.0
3388 0.0
3389 0.0
3390 0.0
3391 0.0
3392 0.0
3393 0.0
3394 0.0
3395 0.0
3396 0.0
3397 0.0
3398 0.0
3399 0.0
3400 0.0
3401 0.0
3402 0.0
3403 0.0
3404 0.0
3405 0.0
3406 0.0
3407 -0.0002189783688140615
3408 -0.0016442561666926766
3409 0.0
3410 -0.0019054210364342868
3411 -0.0007325854168176067
3412 0.0
3413 0.0
3414 -0.0011708885147385776
3415 0.0
3416 0.0
3417 0.0
3418 0.0
3419 0.0
3420 0.0
3421 0.0
3422 0.0
3423 0.0
3424 0.0
3425 0.0
3426 0.0
3427 0.0
3428 0.0
3429 0.0
3430 0.0
3431 0.0
3432 0.0
3433 0.0
3434 0.0
3435 0.0
3436 0.0
3437 0.0
3438 0.0
3439 0.0
3440 0.0
3441 0.0
3442 0.0
3443 0.0
3444 0.0
3445 0.0
3446 0.0
3447 0.0
3448 -0.00018296669175615034
3449 -0.00041078991035989104
3450 -0.0016893740291359486
3451 0.0
3452 0.0
3453 0.0
3454 0.0
3455 0.0
3456 0.0
3457 0.0
3458 0.0
3459 0.0
3460 0.0
3461 0.0
3462 0.0
3463 0.0
3464 0.0
3465 0.0
3466 0.0
3467 0.0
3468 0.0
3469 0.0
3470 0.0
3471 -0.00036344897370486787
3472 -0.001143935953393732
3473 0.0
3474 -0.002600369409472144
3475 -0.0009538628891540593
3476 0.0
3477 0.0
3478 -0.0008986512652813953
3479 0.0
3480 0.0
3481 0.0
3482 0.0
3483 0.0
3484 0.0
3485 0.0
3486 0.0
3487 0.0
3488 0.0
3489 0.0
3490 0.0
3491 0.0
3492 0.0
3493 0.0
3494 0.0
3495 0.0
3496 0.0
3497 0.0
3498 0.0
3499 0.0
3500 0.0
3501 0.0
3502 0.0
3503 0.0
3504 0.0
3505 0.0
3506 0.0
3507 0.0
3508 0.0
3509 0.0
3510 0.0
3511 0.0
3512 -0.0012841913178989349
3513 -0.00013180256136061016
3514 -0.0006606702747767963
3515 0.0
3516 0.0
3517 0.0
3518 0.0
3519 0.0
3520 0.0
3521 0.0
3522 -0.0022234913453260357
3523 0.0
3524 0.0
3525 0.0
3526 0.0
3527 0.0
3528 0.0
3529 0.0
3530 0.0
3531 0.0
3532 0.0
3533 0.0
3534 0.0
3535 0.0
3536 -0.0010165739661705333
3537 -0.0003185542508029269
3538 -0.000739702445779459
3539 -0.0019161226750655552
3540 0.0
3541 0.0
3542 -0.0002638026688074891
3543 0.0
3544 0.0
3545 0.0
3546 0.0
3547 0.0
3548 0.0
3549 0.0
3550 0.0
3551 0.0
3552 0.0
3553 0.0
3554 0.0
3555 0.0
3556 0.0
3557 0.0
3558 0.0
3559 0.0
3560 0.0
3561 0.0
3562 0.0
3563 0.0
3564 0.0
3565 0.0
3566 0.0
3567 0.0
3568 0.0
3569 0.0
3570 0.0
3571 0.0
3572 0.0
3573 0.0
3574 -0.0017704661524270983
3575 -0.00015685217974761232
3576 0.0
3577 -0.0007380515281402876
3578 0.0
3579 0.0
3580 0.0
3581 0.0
3582 0.0
3583 0.0
3584 0.0
3585 0.0
3586 0.0
3587 0.0
3588 0.0
3589 0.0
3590 0.0
3591 0.0
3592 0.0
3593 0.0
3594 0.0
3595 0.0
3596 0.0
3597 0.0
3598 0.0
3599 0.0
3600 -0.0006742987590171601
3601 -0.0004401234567869082
3602 0.0
3603 -0.0011734266564272457
3604 -0.0009314212738284751
3605 0.0
3606 0.0
3607 0.0
3608 0.0
3609 0.0
3610 0.0
3611 0.0
3612 0.0
3613 0.0
3614 0.0
3615 0.0
3616 0.0
3617 0.0
3618 0.0
3619 0.0
3620 0.0
3621 0.0
3622 0.0
3623 0.0
3624 0.0
3625 0.0
3626 0.0
3627 0.0
3628 0.0
3629 0.0
3630 0.0
3631 0.0
3632 0.0
3633 0.0
3634 0.0
3635 0.0
3636 0.0
3637 -0.0005470314189302118
3638 -0.0006896037302116557
3639 0.0
3640 0.0
3641 0.0
3642 0.0
3643 0.0
3644 0.0
3645 0.0
3646 0.0
3647 0.0
3648 0.0
3649 0.0
3650 0.0
3651 0.0
3652 0.0
3653 0.0
3654 0.0
3655 0.0
3656 0.0
3657 0.0
3658 0.0
3659 0.0
3660 0.0
3661 0.0
3662 0.0
3663 0.0
3664 0.0
3665 0.0
3666 -0.0006361235558247926
3667 -0.0009705664711745389
3668 -0.0004771210560790127
3669 0.0
3670 0.0
3671 0.0
3672 0.0
3673 0.0002846136352886664
3674 0.0
3675 0.0
3676 0.0
3677 0.0
3678 0.0
3679 0.0
3680 0.0
3681 0.0
3682 0.0
3683 0.0
3684 0.0
3685 0.0
3686 0.0
3687 0.0
3688 0.0
3689 0.0
3690 0.0
3691 0.0
3692 0.0
3693 0.0
3694 0.0
3695 0.0
3696 0.0
3697 0.0
3698 0.0
3699 0.0
3700 -0.00010512495759637901
3701 0.0
3702 -0.0005156130492279116
3703 0.0
3704 0.0
3705 0.0
3706 -0.00018472652083054982
3707 0.0
3708 0.0
3709 0.0
3710 0.0
3711 0.0
3712 0.0
3713 0.0
3714 0.0
3715 0.0
3716 0.0008641830172415573
3717 0.0
3718 0.0
3719 0.0
3720 0.0
3721 0.0
3722 0.0
3723 0.0
3724 -0.00011068106635315357
3725 0.0
3726 0.0
3727 0.0
3728 0.0
3729 0.0
3730 0.0
3731 0.0
3732 0.0
3733 0.0
3734 0.0
3735 0.0
3736 0.0
3737 0.0
3738 0.0
3739 0.0
3740 0.0
3741 0.0
3742 0.0
3743 0.0
3744 -0.001511219819828188
3745 -0.0010463015179686128
3746 -0.0011962793097336482
3747 0.0
3748 0.0
3749 0.0
3750 0.0
3751 0.0
3752 0.0
3753 0.0
3754 0.0
3755 0.0
3756 0.0
3757 0.0
3758 0.0
3759 0.0
3760 0.0
3761 0.0
3762 0.0
3763 0.0
3764 0.0
3765 0.0
3766 -0.0011112058758619308
3767 -0.0012477248720471274
3768 0.0
3769 0.0
3770 0.0
3771 0.0
3772 -0.0001603419048562455
3773 -0.00011413630577435844
3774 0.0
3775 0.0
3776 0.0
3777 0.0
3778 0.0
3779 0.0
3780 0.0027595952703495853
3781 0.004286712501825025
3782 0.002131055543330755
3783 0.0
3784 0.0
3785 0.0
3786 0.0
3787 -0.00014177556294159182
3788 0.0
3789 0.0
3790 0.0
3791 0.0
3792 0.0
3793 0.0
3794 0.0
3795 0.0
3796 0.0
3797 0.0
3798 0.0
3799 0.0
3800 0.0
3801 0.0
3802 0.0
3803 0.0
3804 0.0
3805 -0.0009230039583517895
3806 0.0
3807 0.0
3808 -0.003010921329464789
3809 -0.002582226896269137
3810 0.0
3811 0.0
3812 0.0
3813 0.0
3814 0.0
3815 0.0
3816 0.0
3817 0.0
3818 0.0
3819 0.0
3820 0.0
3821 0.0
3822 0.0
3823 0.0
3824 0.0
3825 0.0
3826 0.0
3827 0.0
3828 0.0
3829 0.0
3830 0.0
3831 0.0
3832 0.0
3833 -0.000673516803317746
3834 -0.002670687496908439
3835 -0.00022519352758542028
3836 0.0
3837 -5.967670645923253e-05
3838 -0.0008176136986161542
3839 -0.00033888649598355126
3840 0.0
3841 0.0
3842 0.0
3843 0.0
3844 0.0025866384079333052
3845 0.005585875908138106
3846 0.005038204030261277
3847 0.00562076590586465
3848 0.003268258552377144
3849 0.0
3850 0.0
3851 0.0
3852 0.0
3853 0.0
3854 0.0
3855 0.0
3856 0.0
3857 0.0
3858 0.0
3859 0.0
3860 0.0
3861 0.0
3862 0.0
3863 0.0
3864 0.0
3865 0.0
3866 0.0
3867 0.0
3868 0.0
3869 -0.001257616191215507
3870 0.0
3871 0.0
3872 0.0
3873 0.0
3874 0.0
3875 0.0
3876 0.0
3877 0.0
3878 0.0
3879 0.0
3880 0.0
3881 0.0
3882 0.0
3883 0.0
3884 0.0
3885 0.0
3886 0.0
3887 0.0
3888 0.0008052838809309709
3889 0.0
3890 0.0
3891 0.0
3892 0.0
3893 0.0
3894 0.0
3895 0.0
3896 0.0
3897 -0.0021311007590162374
3898 -0.0023092072954839127
3899 0.0
3900 0.0
3901 0.0
3902 -3.192541841949809e-05
3903 0.0
3904 -0.00022146465034324602
3905 -0.00014909935162813552
3906 0.0
3907 0.0
3908 0.0
3909 0.00010745656597485083
3910 0.0015618286898317867
3911 0.004122944022579525
3912 0.005297792644405232
3913 0.0027210688223548167
3914 0.0014856339140755536
3915 0.0
3916 0.0
3917 0.0
3918 0.0
3919 0.0
3920 0.0
3921 0.0
3922 -0.0010625097808938588
3923 -0.0016672428563136062
3924 -0.0006464386482294626
3925 0.0
3926 0.0
3927 0.0
3928 -0.0004402148388317653
3929 0.0
3930 0.0
3931 0.0
3932 -0.0006042036313213801
3933 -0.0005041633310701116
3934 0.0
3935 0.0
3936 0.0
3937 0.0
3938 0.0
3939 0.0
3940 0.0
3941 0.0
3942 0.0
3943 0.0
3944 0.0
3945 0.0
3946 0.0
3947 0.0
3948 0.0
3949 0.0
3950 0.0
3951 0.0
3952 0.0005818335759484889
3953 0.0
3954 0.0
3955 0.0
3956 0.0
3957 0.0
3958 0.0
3959 0.0
3960 0.0
3961 0.0
3962 0.0
3963 0.0
3964 0.0
3965 0.0
3966 0.0
3967 0.0
3968 -0.000643169539436765
3969 -0.0014122830277810425
3970 -0.0017766378791547403
3971 0.0
3972 0.0
3973 0.0
3974 0.0
3975 0.0
3976 0.0
3977 0.0
3978 0.0
3979 0.0
3980 0.0
3981 0.0
3982 0.0
3983 0.0
3984 0.0
3985 0.0
3986 -0.001588681181353082
3987 -0.0007275998192431213
3988 0.0
3989 0.0
3990 0.0
3991 0.0
3992 0.0
3993 0.0
3994 0.0
3995 0.0
3996 0.0
3997 0.0
3998 0.0
3999 0.0
4000 0.0
4001 0.00033358052443596675
4002 0.000774661006817246
4003 0.00045497844412563626
4004 0.0011358813330291768
4005 0.0
4006 0.0
4007 0.0
4008 0.0
4009 0.00014229251804719756
4010 0.0013511839254708902
4011 0.001165476460070144
4012 0.0
4013 0.0
4014 0.0
4015 0.0007025147739331979
4016 0.0
4017 0.0
4018 0.0
4019 0.0
4020 0.0
4021 0.0
4022 0.0
4023 0.0
4024 0.0
4025 0.0
4026 0.0
4027 0.0
4028 0.0
4029 -0.000147637817942055
4030 -0.0004947225239587337
4031 -0.0007370110538849508
4032 -0.0008896199579735488
4033 -0.0005258185056138808
4034 -0.0013210770907820075
4035 0.0
4036 0.0
4037 -0.00013168031523631588
4038 -0.0006882874604932704
4039 0.0
4040 0.0
4041 0.0
4042 0.0
4043 0.0
4044 0.0
4045 0.0
4046 0.0
4047 0.0
4048 0.0
4049 0.0
4050 0.0
4051 0.0
4052 0.0
4053 0.0
4054 0.0
4055 0.0
4056 0.0
4057 0.0
4058 0.0
4059 0.0
4060 0.0
4061 0.0
4062 0.0
4063 0.0
4064 0.0008241102112429045
4065 0.0006192752953273057
4066 0.0009834161938662178
4067 0.0001313176070415776
4068 0.00049691863397374
4069 0.0007775795050903241
4070 0.00147284229468484
4071 0.0008257837355393543
4072 0.0002805290163803788
4073 0.0010395447350195711
4074 0.000815515639309566
4075 0.00123257934080045
4076 0.0011703991038091652
4077 0.0
4078 0.0
4079 0.0
4080 0.0
4081 0.0
4082 0.0
4083 0.0
4084 0.0
4085 0.0
4086 0.0
4087 0.0
4088 0.0
4089 0.0
4090 0.0
4091 0.0
4092 0.0
4093 0.0
4094 0.0
4095 0.0
