 0
0 1.2774194587706558
1 0.4939647815920192
2 0.5586619188749783
3 1.1600687144958433
4 1.780473516190098
5 0.9336870933672284
6 0.9798542120969762
7 0.35697718096630154
8 0.29796230254314926
9 0.3619924523198636
10 0.058188318304359346
11 0.16656392505223644
12 0.10863176266461753
13 0.20283025620289796
14 0.0806952124282008
15 0.08797274325168614
16 0.09860214142658805
17 7.463660843280487e-05
18 0.10935741930381991
19 0.24446152381172243
20 0.055893613351136635
21 0.0011531662290803042
22 0.2280038894451204
23 0.7590565315402767
24 1.3146651178204236
25 1.0003618727427597
26 1.0878982403265605
27 0.6752029161670986
28 1.7435630694931352
29 1.8673504678190926
30 1.2879674473664877
31 1.3349824254641827
32 2.789811232243009
33 4.317100800114597
34 3.1037372151603506
35 1.709739398161194
36 1.7363002082200512
37 2.521138474278693
38 1.8543244960966487
39 1.6743409659072024
40 1.8020253029981261
41 1.0312318094796904
42 1.1589705794027276
43 0.5907742211766394
44 0.9837549096104995
45 0.9785027561058783
46 1.9795640534812764
47 1.9366672175553812
48 1.5474896744936466
49 0.6008488021556632
50 0.6701314892931861
51 0.3675355982666703
52 0.3019575027001019
53 0.03636952855123919
54 0.14362595891806462
55 0.025321432973552077
56 0.18711259212203524
57 0.25646652839015566
58 0.4656505070787487
59 0.49583792576626146
60 0.44546334163630613
61 0.936423567247448
62 1.164921226844477
63 1.2390912004684584
64 0.8501143529193447
65 0.5063470430827339
66 0.8877977780812333
67 1.413680076191577
68 1.0945024923867344
69 0.5861224443320748
70 0.6378449046635261
71 0.2065963995516504
72 0.11791934290664853
73 0.02464267643750973
74 0.06677164898664825
75 0.006728000621348657
76 0.01753343252461674
77 0.15381078497979067
78 0.3517951106169829
79 0.41249331954056934
80 0.13374479802257042
81 0.003929332207901067
82 0.00534488977031365
83 0.34324989815848395
84 0.3218595996762646
85 0.15575958750978333
86 0.6218437361462754
87 1.140477324489083
88 1.1989545918189772
89 1.3367482575300837
90 2.136125497715826
91 2.05153191191823
92 2.5269602536503664
93 2.083761600564405
94 1.768673553681624
95 1.939632628261991
96 3.162895130560028
97 4.754755795005597
98 4.007628575695561
99 3.022885855033231
100 3.2642759594357433
101 3.8397197232973608
102 2.2884356575771188
103 2.273336096642362
104 1.1912140311391797
105 0.7216012817260048
106 0.8610118550535175
107 0.4332955410122403
108 0.6867252018522765
109 0.512613111905343
110 0.5151944417953287
111 0.44674761346451314
112 0.49251033362605673
113 0.06292823293312004
114 0.1546680994086368
115 0.2726293997518044
116 0.1170674772648823
117 0.04714394441272806
118 0.2072798367078952
119 0.1656853035884031
120 0.3286933254866652
121 0.362451392059822
122 0.41118813884516464
123 0.48007739035780306
124 0.43780515612410287
125 0.5258982649078028
126 0.3884132871535502
127 0.5062329637205684
128 1.0606329462885993
129 0.9134243675786939
130 1.7140332803004268
131 1.782196686707417
132 2.0419544448965694
133 0.7099912592482519
134 0.40788199073964676
135 0.1529167033801256
136 0.3513349131915746
137 0.664385755400673
138 0.12991693205935165
139 0.09275443818836994
140 0.09384221148116442
141 0.6112679057891902
142 0.4952270526893618
143 0.5473204058928509
144 0.15313809911272924
145 0.10672821940929218
146 0.01669410099640417
147 0.1376684096553967
148 0.3270352915666415
149 0.42714243602240437
150 0.8209576227315505
151 2.2342321609440927
152 2.2982564410789137
153 2.164270198703461
154 1.9844128471724691
155 1.9777795278434294
156 3.229410645696022
157 2.843628811333798
158 3.6934796682620843
159 3.858691819907181
160 6.925707462860555
161 6.8904772333437805
162 4.8119960394432715
163 5.112725787191927
164 4.406225121783003
165 4.242422816710135
166 3.3038998648169877
167 3.320274083464768
168 1.362971123207145
169 1.1998665841496705
170 0.8434890366675579
171 0.5510298534868565
172 0.4407730697765835
173 0.06472296505189798
174 0.04760187279320761
175 0.13687087585828658
176 0.13454417632489307
177 0.0015701950105469196
178 0.17534131514884047
179 0.37554701431343085
180 0.09252513149387652
181 0.04711076669935421
182 0.12220171200606272
183 0.22043512421035186
184 0.34479727460354037
185 0.45792690050512536
186 0.3588512861710414
187 0.05480474303298206
188 0.07677416512623143
189 0.26542145675662643
190 0.4386415867325323
191 0.2972838127183223
192 0.803599053587206
193 0.5152927537213187
194 1.7535373189363972
195 0.8447282406906196
196 0.47522487546971787
197 0.8386352819958788
198 0.41099921789014005
199 0.3353932477124597
200 0.445012619925932
201 0.6193708791630741
202 0.34650423278423237
203 0.6749085710163932
204 1.0102873969244606
205 2.3882967888199875
206 1.4850031613923464
207 1.1066132668076474
208 0.4427482696953847
209 0.41737990972864714
210 0.04968432944260705
211 0.29750885500064506
212 0.39256433061040635
213 0.7906060946624138
214 1.1646457303009274
215 1.8429215920011321
216 1.3073739758384826
217 1.2516297666613492
218 2.1873017775718884
219 2.368585542006815
220 4.246040813789077
221 5.7375002526566865
222 5.600035269796287
223 5.803708952830658
224 7.396532535902961
225 4.95429801715611
226 3.953915207355672
227 4.925364421865674
228 3.7444841781251603
229 3.7070586398351026
230 4.451082394877134
231 4.369688562350962
232 2.7547586473795618
233 1.9358917642547464
234 1.575586526949896
235 1.3158718848429163
236 1.3295910214792195
237 0.31520419538527306
238 0.14643454135028766
239 0.12138026268701396
240 0.023992298140540727
241 0.05889157736791229
242 0.02217303568066563
243 0.0310575430051088
244 0.0019386923535459019
245 0.05930849474722769
246 0.007760885568912761
247 0.05174456001585713
248 0.2107558528892883
249 0.34443676071471024
250 0.24299615333483082
251 0.13441347546268984
252 0.19419919881089298
253 0.5558835292195029
254 0.6240928584908764
255 1.1992715814637458
256 0.7764129687018275
257 0.2377392798097417
258 0.5865570621413753
259 0.5779086992137827
260 0.050852534413761176
261 0.5500017011107908
262 0.6227326435329557
263 0.6982946745296086
264 1.4462475048091126
265 1.8156046699616095
266 1.579894449182162
267 2.4997270495947967
268 2.8927707882688303
269 3.535424569154818
270 2.880247299475282
271 1.7087531206138529
272 0.8369283258508622
273 0.9492762016647164
274 0.5786224350642051
275 0.023230954733796924
276 0.003925296916364549
277 0.06267196888519659
278 0.32079334928437614
279 0.619664336064819
280 0.2857692904752265
281 1.487799302522316
282 3.3555411900396965
283 4.542099931711117
284 5.064189217605607
285 5.59029032678719
286 4.588834913892534
287 4.1567141954583064
288 4.733860939887559
289 4.0523078346866
290 3.759643175872769
291 3.745950971416763
292 3.358421626851948
293 3.821506240032799
294 3.7159291071468274
295 3.574509138109728
296 3.33298808412733
297 2.427715238298668
298 1.9987909967286377
299 2.114212756601467
300 1.0196526024315518
301 0.7328666451426923
302 0.31023227266392245
303 0.12872287969171844
304 0.014780119883519665
305 0.10263224404448278
306 0.08401445655844357
307 0.0001879637011374245
308 0.010211773437053965
309 0.26847822816649153
310 0.0030901591114589366
311 0.030148541393956205
312 0.17100634079796334
313 0.5966052251587186
314 0.6482409356245502
315 0.6937951945972706
316 1.1692519983413974
317 0.9585457342717499
318 0.8564478765477971
319 0.9205479225712941
320 0.9928951850633607
321 1.024583894465478
322 0.482163393679357
323 0.23885726643969118
324 0.04155214973309824
325 0.6440768489424351
326 1.3923114359992534
327 2.2478595507806856
328 2.6246929049444723
329 3.8611947038533554
330 4.501250879998687
331 4.648614378736574
332 4.35555173985956
333 6.922207805035003
334 6.426635669075107
335 5.253360427111883
336 2.295458935895636
337 1.5571228519568627
338 0.8214013425043397
339 1.5260502350266476
340 1.4179422380332483
341 0.5424293580993867
342 0.11430102385617459
343 0.0035297782419116473
344 0.05744685393345113
345 0.541786335068965
346 1.4495745073874806
347 5.115868023399942
348 5.13989197119499
349 4.489183310619113
350 3.2736471075310196
351 2.4949581379508974
352 2.5691605612581965
353 3.354494356265599
354 1.811397973105866
355 2.499313067156366
356 2.6145606331783475
357 3.2165274284616894
358 3.1776021818502196
359 3.798495474523036
360 4.581559980843004
361 3.1787625746678576
362 2.505423362917446
363 1.5068145140781255
364 1.5519353428480238
365 1.0740643958354203
366 1.3227008642530262
367 0.6528984084041031
368 0.2770765005305876
369 0.03479262712692012
370 0.020683890082753786
371 0.0017074443511588455
372 0.0076968036090523965
373 0.06973659915856585
374 0.04102486218956724
375 0.23249781985567133
376 0.31966336513075927
377 1.3908126302631656
378 1.6729690123928613
379 1.127404138247869
380 0.9780483232828564
381 1.093678002814853
382 1.106097046060182
383 1.130219597089294
384 0.7253086941466389
385 1.0705345411081753
386 0.3404704979092135
387 0.007027556954956897
388 0.008872833281917774
389 0.4281773516393771
390 2.2834715364260894
391 3.1442848427030268
392 3.97242176381413
393 5.779818058905275
394 6.50472171867648
395 6.3117499295402455
396 4.767259458785174
397 6.505517509071257
398 5.469429011463552
399 4.2427482235608265
400 2.4803735049296702
401 1.288527563557578
402 0.79590100625908
403 1.1083813331664196
404 0.43947223732870627
405 0.4903430468678214
406 0.18560017106987603
407 2.8890076594657188e-06
408 0.0016930401001976584
409 0.16825304332854685
410 1.3503913478791276
411 3.1307822136961874
412 4.744000753911929
413 4.050777874883982
414 2.689721961645257
415 1.1746803404083173
416 0.6298737999400404
417 1.038236011276277
418 0.509943674227851
419 1.055690366382516
420 1.7828971633615853
421 1.6794841526180988
422 1.7219443976172546
423 1.8856163454848482
424 2.027376970290634
425 1.7476662276650485
426 1.350559915794854
427 0.7588195079381789
428 0.5293798667540499
429 0.6286968906124246
430 0.9095461588096008
431 1.167503721647867
432 0.6424477121557541
433 0.1336337386104237
434 0.02476852749566982
435 0.06230650551646827
436 0.0012806431133849322
437 0.024535743648712294
438 0.008118249328884608
439 0.0023868335785447725
440 0.14520288770514095
441 0.4958278812465527
442 0.6990286022749902
443 0.47870425207097705
444 0.4772011837280171
445 0.5046696451340669
446 0.6165554427699641
447 0.8938101859762866
448 0.8313074262717287
449 0.5836541707110923
450 0.7590559825839511
451 0.0055731829676234764
452 0.01749896822905816
453 0.4509339191463132
454 1.549965808519184
455 3.518712386622339
456 4.288890113578225
457 6.264563362584129
458 4.976547362697884
459 6.146665448973958
460 6.164332992335971
461 6.539710007762051
462 5.184482092418539
463 4.361390178344927
464 4.544380728900173
465 3.0083722456100386
466 1.4781993259318156
467 0.6510016884446123
468 0.026071059855099814
469 0.21309693747978983
470 0.35961964461951185
471 0.40601264232278
472 0.07863371666817293
473 0.11726548414685349
474 1.254764992234137
475 2.210349888848864
476 2.007648402813113
477 2.7772932492620863
478 1.1347685945543144
479 0.8075134286596287
480 0.3116712065205635
481 0.1873190000262073
482 0.18275910298021036
483 0.6627514641287858
484 1.2666548523091958
485 1.3220411455667138
486 1.1998962401267173
487 0.8282059361471145
488 0.7019492405839339
489 0.4224938767509351
490 0.3178619956238683
491 0.011119259114265739
492 5.276417380810655e-05
493 0.05057133867639276
494 0.27334923408443296
495 1.1308903938316317
496 1.5021702068089653
497 0.40230092498417486
498 0.16746108787201036
499 0.21848617624287112
500 0.04829329227946948
501 0.00215605175492499
502 0.10880094829194692
503 0.0677574640557822
504 0.032786401943972254
505 0.029991924700021856
506 0.07714582752462477
507 0.055363507542756416
508 0.5073876256795316
509 0.6486009205621195
510 0.22309754813050253
511 0.5557899096064831
512 0.7657517543042333
513 0.5102028726095255
514 0.7429438845818415
515 0.6971826135522606
516 0.04680605811718224
517 0.34307224261157837
518 1.2466897102718701
519 2.8852590576031663
520 4.467773047200665
521 4.364186394594553
522 3.5928749716382273
523 4.807652383304322
524 5.50272153573459
525 4.6751634111655855
526 5.060907164203325
527 4.839498336103735
528 4.739825297305638
529 4.0253182094017035
530 1.942212203860616
531 0.4076348820363358
532 0.005314278836461083
533 0.0918635294895441
534 0.5573265037749494
535 0.3181952563062967
536 0.17273035902632847
537 0.3555089886748712
538 1.5040230231648894
539 1.0785274776890774
540 1.3682571080169321
541 0.6217290203698521
542 0.40937497411018614
543 0.34694055026760307
544 0.04490140545705135
545 0.12361920820903725
546 0.14708661670477302
547 0.6080302099385869
548 2.1282540029269645
549 1.9366371714166228
550 1.2482298148153812
551 0.9757060543753628
552 0.7915358714246119
553 0.2793461401407364
554 0.22581999798764485
555 0.025204839042121573
556 0.21705298527883998
557 0.04563944537082357
558 0.019401297352077525
559 0.7769893696780582
560 1.6166075483538003
561 0.577035098340898
562 0.22564725565444185
563 0.2557925909938097
564 0.01591852338287674
565 0.10993452659239764
566 0.24822784048783808
567 0.7005088983963945
568 0.9098687356406435
569 0.23836968074136552
570 0.16508911994931041
571 0.0026757437795304154
572 0.07117694923204848
573 0.09848845953823235
574 0.1576638645201316
575 0.1615899326253998
576 0.6521371224143815
577 0.27088767301618033
578 0.22089631445044577
579 0.4880840271258993
580 0.5684638744704753
581 0.01660612525624
582 0.14745408696812512
583 0.023163696432117346
584 0.9764993398248916
585 0.9061406232169719
586 1.166139475128092
587 2.1785567858900845
588 2.016072858983384
589 2.037521821564566
590 2.6557704491013925
591 3.3578671111921627
592 3.313687878673343
593 2.1719102210103607
594 0.5473983086969003
595 0.05547004592096224
596 0.005501244671811586
597 0.016621832566215557
598 0.08678371121222132
599 0.013740024466426345
600 0.09642890054168388
601 9.082664073310714e-05
602 0.4750670764746477
603 0.4496433478290325
604 0.35911398015776463
605 0.494057181681512
606 0.9653723202781337
607 1.0432029865118866
608 0.29748135880266535
609 0.2524618880086157
610 0.09059048591040178
611 0.2035469803633992
612 0.7883067676708976
613 0.6877681291820015
614 1.0238390334292917
615 1.1096972858060836
616 0.4052657182366397
617 0.09472641756812782
618 0.0007204050981763023
619 0.06766985901308509
620 0.023259771714577566
621 0.021545216982539934
622 0.15487809907384154
623 0.8060672851847016
624 0.7534755872396727
625 0.30192491250869763
626 0.14371775386872948
627 0.04354284943746271
628 0.03048422627043341
629 0.15925619771217467
630 0.5617816944903652
631 1.17498035579595
632 0.8218390585088275
633 0.905645886756501
634 0.3378481956733282
635 0.1231092062409779
636 0.27405237722327574
637 0.016094380187165955
638 0.03011210755654333
639 0.016965940442258694
640 0.5390299157107223
641 0.13384661210979523
642 0.12442698091910182
643 0.08311589092032434
644 0.2593752107645632
645 0.11152681654246514
646 0.012182321995175745
647 0.4878191713288382
648 0.06976788306095946
649 0.004002449405149076
650 0.00022790138760069682
651 0.03087818128261216
652 0.1933202814684526
653 0.383997607540225
654 0.5191677875883968
655 1.3393687826351102
656 1.499547721379053
657 0.9485744418058493
658 0.17687153739195147
659 0.00013682354293264378
660 0.02540366505789924
661 0.0539873128845065
662 0.0023931890137249092
663 0.012654941015558382
664 0.08161614696038455
665 0.05024141067496603
666 0.5729062471668611
667 0.5382393999272282
668 1.0030133168425963
669 1.0356531424918287
670 1.1354030417087522
671 0.9750147568986504
672 0.32827409265336954
673 0.01048552865304485
674 0.06547885022850596
675 0.10045945966737893
676 0.5519065233056517
677 0.3398690803405356
678 0.5069630779666445
679 0.5309016718044288
680 0.3882174327992416
681 0.5162947710182022
682 0.17469599749904113
683 0.03348595982937911
684 0.00488737947143963
685 0.01853944234585618
686 0.13914688537756326
687 0.6892333253671871
688 0.3051716056095269
689 0.07464741369667882
690 0.023012805819591975
691 0.05767307342657408
692 0.30982292306912057
693 0.8778051607419314
694 0.5416005318817186
695 2.485143367259822
696 1.4405332741788057
697 3.1772483650178898
698 1.7184494172666478
699 1.0004563832503035
700 0.3537244635556267
701 0.21460888799680652
702 0.2703553511290066
703 0.002412543855898238
704 1.0688298682856676
705 0.33298953147410726
706 0.07787840486135857
707 0.12329765069650458
708 0.06110274091558206
709 0.07238208675633684
710 0.015098776177382695
711 0.4386013253014879
712 1.5587053202206562
713 1.6405925045570335
714 0.875246750240447
715 0.9199259849993229
716 0.39413246611701563
717 0.022863295747927094
718 0.05776150399178292
719 0.37722540645206515
720 0.753014976255828
721 0.2906488409872214
722 0.0582814231346926
723 0.015223197825525076
724 0.2534647083622865
725 0.5346206255819499
726 0.03651145214470744
727 0.06432116979458119
728 0.021702535709971736
729 0.41963009323550937
730 0.7292633147777042
731 1.0553920912708268
732 2.0085726546895946
733 1.6974601660495428
734 1.1854806035693066
735 0.5759626919765884
736 0.15238374747851094
737 0.0695926285670952
738 0.6608689683428577
739 0.6953414121330801
740 0.6075948931480282
741 0.6065653882895186
742 0.4401574754233258
743 0.1623451701612058
744 0.03696544858456242
745 0.015042731993493751
746 0.04424957847426099
747 0.04747730756025043
748 0.0021481650040269065
749 0.06968377540732634
750 0.19223235502088878
751 0.01677077426259592
752 0.0033075951010019845
753 0.14989061452788285
754 0.43338698361383843
755 0.5860190220210892
756 0.5990676118467009
757 0.7148809358494715
758 0.5037743777747442
759 2.30956676888059
760 2.3243506054478686
761 3.830549562163111
762 3.58230564307588
763 2.5117015749860307
764 1.1444597370818737
765 1.2603189908812362
766 0.5556327054179907
767 0.13114941407292485
768 1.2458698316156787
769 0.5277234626435744
770 0.08363752678401293
771 0.1377668086851321
772 0.00680460594904295
773 0.050036960418220304
774 0.0034911887643017834
775 0.26324034432558935
776 3.381077113578235
777 4.500840600296357
778 2.9702592955638
779 2.0889314589923123
780 1.5834140864108746
781 0.7832405458472834
782 0.07122110494111804
783 0.028540070380274635
784 0.01697570494928577
785 0.014944111780045928
786 0.0013878790735620207
787 0.0171476741475373
788 0.07560889892964054
789 0.003173729019480719
790 0.19821294957961866
791 0.10786083451986819
792 0.008290274637546242
793 0.07103120476853778
794 0.23160905337004303
795 0.33535536441436153
796 0.4895765853257077
797 0.5363161069991453
798 0.20455098807971406
799 0.4489893985221453
800 0.28147587178147937
801 0.17192928690084217
802 0.8239526185752497
803 0.6586533654647982
804 0.571391818338142
805 0.4880289415010733
806 0.07186103317109177
807 0.2295393935621001
808 0.26937153660594726
809 0.03922567462006839
810 0.016929404284086853
811 0.16054107498662967
812 0.16601810188490385
813 0.013207950747894784
814 0.044736218307427994
815 0.005285185379312634
816 0.0033051202949278204
817 0.010541372272032298
818 0.3309363162764009
819 0.37222139548245176
820 0.6380033378091111
821 0.4183031881740954
822 0.5082513337240067
823 1.7955808260572603
824 2.1375102760223488
825 4.229941025398005
826 4.640325685623339
827 3.4744637840155423
828 3.052466033459541
829 1.9489488888214717
830 1.5367200814238107
831 0.712552934553287
832 2.1489274271631364
833 0.4325452193193281
834 0.0967914316353291
835 0.0010719877766998777
836 0.23056887443274363
837 0.8860891340968856
838 0.7968699760378564
839 1.4121440811168517
840 4.480780691454646
841 7.675677324985998
842 8.193667142289218
843 5.775014918573036
844 4.2334947109876016
845 2.279013143766871
846 0.4611183558888716
847 0.21028918809785233
848 0.06748091682572609
849 0.020339468278631912
850 0.04362694698962545
851 0.16551892094202023
852 0.0010515230389751228
853 0.024921902983361235
854 0.2814469757717323
855 0.07563758268754298
856 0.017603179146977514
857 0.08409137744675409
858 0.2999679841515146
859 0.17798848272570347
860 0.19112764719565967
861 0.0985638705166206
862 0.07618704581087778
863 0.07974024861424876
864 0.008014442173091059
865 0.0026715228514049088
866 0.07527405212172691
867 0.06810295929318465
868 0.17583558693435336
869 0.07654162088762598
870 0.08565181216874328
871 0.03437811367245531
872 0.1989254817771917
873 0.14254036955401853
874 0.1599673393756039
875 0.02104367350943644
876 0.0002610977013484292
877 0.007574846175519026
878 0.05893888869028313
879 0.09884101225707206
880 0.1975546803259542
881 0.44475766704430836
882 0.44558346380996383
883 0.2658950116075038
884 0.6715203325313819
885 0.5731237542737996
886 1.5440189933974307
887 2.0143874720647936
888 2.114283414711738
889 3.998976218566557
890 4.833183951445855
891 4.496679471056604
892 3.1242778594541045
893 3.546157087200005
894 3.8588205408197
895 1.3690001729444818
896 1.6729730730470926
897 0.332678714010882
898 0.09796300800637718
899 0.0006579231031208727
900 0.4088868890521882
901 1.8662989382852146
902 3.022889707421411
903 5.8874853701180925
904 5.018367251153315
905 6.527194850130974
906 12.721337934215617
907 13.167533484904158
908 6.4989162042711
909 3.9114241567220995
910 1.9658066983827656
911 1.2625136399249353
912 0.5530725663914366
913 0.23653902000884194
914 0.09214167789732063
915 0.08526660843867517
916 0.0571067916907493
917 0.009525204177139725
918 0.14045597631299286
919 0.0008143944490432002
920 0.17572762566219868
921 0.3631995655130851
922 0.6006669152446
923 0.08535868312223838
924 0.012120571581732133
925 0.08385432369798126
926 0.20416214073167568
927 0.27999062588844453
928 0.012401955750475086
929 0.07381090910265792
930 0.3321437062469609
931 0.08480665458549991
932 0.10737670332231901
933 0.012138509251409899
934 1.1154530988897795
935 1.0415673539819557
936 0.7330475574326291
937 0.4071719979564474
938 0.023826320435813793
939 0.3373606532918056
940 0.7022060414028402
941 1.0337764458248053
942 1.0616202550950486
943 0.8622873322615574
944 1.4221831192804526
945 2.287731871469974
946 2.3149449114584684
947 1.3807047936850139
948 1.848756737724808
949 1.2702769283495634
950 0.8384605329581251
951 2.102378641779501
952 5.470545952110994
953 4.785698226398979
954 5.143678316063876
955 5.332797168773816
956 5.620288579270137
957 5.795668032334521
958 5.108805933048366
959 1.7688295757583612
960 1.797428367577095
961 0.6325224610130306
962 0.03462857362279565
963 0.009541261383559867
964 0.3382133468169601
965 1.6318759415565858
966 4.861285923868273
967 6.213273548249588
968 5.147415280065686
969 5.851884071761796
970 9.989217555034154
971 15.82369671084272
972 12.49057215504983
973 6.678588733275158
974 5.955744139812284
975 4.783943019357451
976 3.489514886040886
977 2.5084423193484042
978 0.9686792680064256
979 1.011496317140262
980 1.4989276837672167
981 0.520965408730924
982 0.2704288317434663
983 0.6086910670086237
984 0.5388214698686054
985 0.6293971825391234
986 0.8167515997857318
987 0.8322380527270928
988 0.6510012552072277
989 0.40354584791872167
990 0.4446340376271877
991 0.8030838706920226
992 0.7936139417370255
993 1.2996480300082804
994 1.912763470654982
995 0.7252724607315424
996 0.8405374366750055
997 0.045933621005506776
998 1.6278646000327457
999 2.417345465789047
1000 2.0564486683412273
1001 0.5708806413823765
1002 0.40275157465581285
1003 0.5944708759228706
1004 0.6329570329807376
1005 1.8540284990402573
1006 1.753944729278294
1007 0.7411074517376042
1008 0.9970586737610413
1009 2.5765838534404284
1010 3.223622154438761
1011 1.8459902264565344
1012 1.8906771813692633
1013 1.6901388335556393
1014 1.273840781327499
1015 4.160795046091462
1016 7.345986475620009
1017 5.243863248854449
1018 4.148486700337425
1019 4.489000066786318
1020 5.139611486138511
1021 7.399938291455512
1022 5.1192018049343595
1023 2.271630020017434
1024 0.9722493083033399
1025 0.32514937583697934
1026 0.12236098379180783
1027 0.2875481483934213
1028 1.336643549316543
1029 2.910433151444699
1030 3.9337227126254395
1031 4.682287310488173
1032 6.9215287498158675
1033 7.277394140050714
1034 8.362715608274325
1035 13.62556727820176
1036 17.927461688847696
1037 12.895166740874773
1038 10.172660727825992
1039 8.324611244950045
1040 6.713838014178763
1041 5.947638952575754
1042 4.578602437225061
1043 3.1602619070179903
1044 2.357838778933441
1045 1.972518981542719
1046 1.0645962060884615
1047 0.7647663687137212
1048 0.43699345750474994
1049 0.09264127732753354
1050 0.27198978656268863
1051 0.23174771498017777
1052 0.12423799267068128
1053 0.14592145055006864
1054 0.3660669018327105
1055 1.2407611234352838
1056 1.6851802776635212
1057 1.4749171533201446
1058 1.1911096188617587
1059 1.3983644113274991
1060 1.8318989343735903
1061 0.22381033546287843
1062 0.6320919047851605
1063 1.545161970154146
1064 2.1406399843726924
1065 1.0515624758343207
1066 0.7958699450361053
1067 0.742770799986276
1068 0.6544748603599743
1069 1.725061041729609
1070 1.9177419966177482
1071 0.9622737186656996
1072 1.6187260765925195
1073 2.624011941112516
1074 2.3948199077277716
1075 2.392623862292843
1076 1.9934337649565002
1077 2.357372782406301
1078 2.4424494225167463
1079 3.9799063612375316
1080 5.888283971062969
1081 5.344245795566449
1082 4.407772136180495
1083 4.50929561914272
1084 6.124387473514232
1085 5.042930662977337
1086 4.261593775332705
1087 1.7466387711863007
1088 0.4278965101767465
1089 0.2026490431103988
1090 0.17060839484411994
1091 0.6528837025278924
1092 2.469452791306084
1093 4.748091709743573
1094 4.938370038971216
1095 4.059917746404014
1096 7.547654369100341
1097 14.91112015080599
1098 14.277372399160056
1099 12.288259869307332
1100 20.99381186002889
1101 20.92250424697778
1102 15.52836536013573
1103 11.843728557722574
1104 11.755203403096328
1105 11.289207961322035
1106 8.202806998269628
1107 5.716012250524463
1108 4.848112460607394
1109 3.738461549647985
1110 2.5321024510873533
1111 0.9973810700827631
1112 0.7350498893149733
1113 0.4862776159572742
1114 0.638527255577057
1115 0.37115252698201
1116 0.31650523964373795
1117 0.34795471705106157
1118 0.5875699616625903
1119 2.692355561081458
1120 2.2268422394248226
1121 1.5952330716439904
1122 2.42543065301553
1123 5.919212708006728
1124 4.671557551687391
1125 1.254202212868526
1126 0.1242533701921418
1127 0.13412634501458834
1128 0.07855612005792485
1129 0.8300458772228663
1130 1.7299317521354192
1131 1.471145046793609
1132 1.5009082455271225
1133 1.9780239426932211
1134 2.673105534058528
1135 2.3525887876124276
1136 2.430810508886504
1137 4.223249092336881
1138 4.578854747768151
1139 5.173871978049087
1140 5.1806332564962885
1141 3.7577754642124317
1142 3.124254717788604
1143 2.62371056787204
1144 3.695673896376852
1145 4.40146083803373
1146 3.43299838156459
1147 4.452169320289837
1148 5.895324341366568
1149 5.175161381863396
1150 3.3293440099042857
1151 1.333001734380939
1152 0.2113757153888472
1153 0.03200742370371327
1154 0.2753634892579434
1155 1.7429114911933763
1156 3.299764091635681
1157 5.252497435694096
1158 8.153804668892302
1159 8.262435133045026
1160 11.092452564134677
1161 13.810546743695012
1162 14.533282091157561
1163 12.000163466311033
1164 17.20904927961645
1165 23.870883184376833
1166 25.585679471692146
1167 20.330078422090395
1168 16.572213730437586
1169 15.190297667004963
1170 12.633377608094083
1171 10.148681473396737
1172 10.369225939348814
1173 6.425567355518173
1174 3.639142097891587
1175 1.3105931817053926
1176 0.5652023014154188
1177 0.6199721683645555
1178 0.6383795560924442
1179 0.6137695849145083
1180 0.933669173781397
1181 0.6402136692108075
1182 1.1619877653584672
1183 2.640605467967214
1184 2.572462115650175
1185 2.9352683424921056
1186 5.932399794881341
1187 10.846696136484
1188 10.253176608224244
1189 4.754755495321747
1190 2.222214990059525
1191 0.3000431164304656
1192 0.07757305000307681
1193 0.062287543828478655
1194 0.2584927068486834
1195 1.2267884662068276
1196 0.8971308292225973
1197 0.714137720604916
1198 1.5882799174436426
1199 1.927067667454357
1200 2.8586071039055674
1201 4.357971282309875
1202 5.780027742740358
1203 8.814116042247417
1204 9.966670892784993
1205 7.608556868159727
1206 5.789654466806257
1207 4.102535324637536
1208 3.4923082276921193
1209 2.6583878963990535
1210 3.0776458734308565
1211 2.559213995904921
1212 3.4995148418058015
1213 2.8758039695378375
1214 2.4810227147432617
1215 1.091059338225117
1216 0.1032304662192906
1217 0.013188733715105781
1218 0.21335302685587346
1219 2.016146037448477
1220 5.674204675238468
1221 6.765493714234014
1222 10.445656037489167
1223 13.780326120404276
1224 15.160503621129049
1225 14.429832806786177
1226 13.759877467056212
1227 13.42868360922124
1228 14.175938406895998
1229 20.56217472303695
1230 24.962391936528686
1231 25.57203904321389
1232 17.13828830943335
1233 14.802750691481044
1234 15.48384377054247
1235 13.478900710950468
1236 11.690065853640382
1237 5.485329733909786
1238 2.686900338301405
1239 1.1568823752635145
1240 1.0293929229827403
1241 0.313823223149177
1242 0.3739851848775538
1243 0.7824012568484464
1244 0.8961880043850836
1245 1.2680268370507835
1246 1.9711659512637465
1247 2.178565034348316
1248 5.822120799435531
1249 10.197626094715837
1250 11.85542832366946
1251 17.91257029539029
1252 15.542242488475345
1253 10.583864202230936
1254 8.685099360475151
1255 2.405384162201157
1256 0.10958408852783821
1257 0.0011754134868269543
1258 0.04449982621139621
1259 1.753661722707871
1260 1.259093708815928
1261 0.9928868225872212
1262 2.295705975563539
1263 4.14397326880154
1264 4.844947612203997
1265 7.121299157800322
1266 8.522065849635638
1267 10.66954302929847
1268 11.750542301238696
1269 11.287972607083836
1270 8.671637393154624
1271 7.442701246459298
1272 5.544958871761934
1273 3.8618094028321854
1274 2.8992995664593044
1275 3.5705459255760905
1276 2.946533791377285
1277 1.4153342904183404
1278 1.5958616704784008
1279 0.6027107807195502
1280 0.021251055375816685
1281 0.10801207835900757
1282 1.0587705560664873
1283 2.9138485517762023
1284 6.380315836109716
1285 7.927506291793819
1286 13.197212223149261
1287 18.238743203802937
1288 18.578302245567645
1289 15.72281067067439
1290 14.766879621279724
1291 14.764577263354896
1292 16.01967206229805
1293 19.904711942996745
1294 22.4975878027052
1295 22.81783305649266
1296 20.71458889659183
1297 20.160750880647537
1298 19.42990735981909
1299 15.32214210832996
1300 9.997378425852887
1301 6.434626200479283
1302 4.352841983759157
1303 1.8648572498079685
1304 0.8939254361624327
1305 0.20981117130325422
1306 0.019953145713783513
1307 0.09706846926189013
1308 0.2767956646253701
1309 0.8931759492162346
1310 1.1660739422508795
1311 2.3786767917549407
1312 8.194142394662029
1313 17.164559194942495
1314 20.953608740419863
1315 25.858774973387476
1316 21.769297126086133
1317 15.124762661433548
1318 12.814097185986546
1319 4.325326025793072
1320 0.9225020800043287
1321 0.012752257488518534
1322 0.008047478022576679
1323 1.0397791615363545
1324 0.9546067221153582
1325 1.273607690554187
1326 2.551422905750461
1327 4.249669452215916
1328 6.77786871530361
1329 7.198565372088149
1330 10.852373772754426
1331 12.467723114443158
1332 12.04612103846795
1333 12.843741406690972
1334 10.504016357093704
1335 7.13124744294552
1336 5.787373107441191
1337 4.238654250235236
1338 3.78673820860861
1339 3.546226901895116
1340 2.8817423508405144
1341 1.5732530801282896
1342 0.7366479162217441
1343 0.2925613138547894
1344 0.0035913323633726367
1345 0.504969198787423
1346 1.1586154517653804
1347 3.4680591867144086
1348 9.347271256043095
1349 10.00877734563892
1350 14.140439824664307
1351 19.388064327226946
1352 21.68201313017977
1353 19.954773758209527
1354 20.787252247974106
1355 17.283700844429305
1356 21.780754509872185
1357 28.288341238064156
1358 23.407437857623673
1359 23.63997233532305
1360 28.316469925963503
1361 28.573973159952835
1362 24.051042703909157
1363 17.621080423324045
1364 12.134071258306085
1365 8.313370869472484
1366 5.630821997031652
1367 2.7669232413555545
1368 0.45275391188332476
1369 0.012417045753723018
1370 0.0011800688708884309
1371 0.00099609587299773
1372 0.050488759216883845
1373 0.5366102112748888
1374 1.261422474928744
1375 1.9570944521418185
1376 8.167327464125206
1377 18.19599268945257
1378 22.811949248264145
1379 27.79688870064741
1380 18.691891647174952
1381 13.201053843168822
1382 10.636342097383967
1383 6.311033760304115
1384 2.682524312914141
1385 0.3270939541507732
1386 0.01335047807365299
1387 0.1240540481681284
1388 0.5337819341489364
1389 1.1175406350930048
1390 2.402772262599845
1391 4.607464913765868
1392 6.652792792209087
1393 11.214330512038794
1394 12.745082479430543
1395 14.15739427081583
1396 14.680879099694488
1397 15.606699812696343
1398 14.966118076982118
1399 11.583732292559636
1400 5.466277253212749
1401 3.9304428822765622
1402 2.7547305469650203
1403 4.278288097847752
1404 4.03661764202322
1405 1.7561135076839707
1406 0.49344843520525317
1407 0.13173306701186455
1408 0.0005348824278139037
1409 0.37746151090933616
1410 1.518356046165601
1411 4.532019542679397
1412 11.37883401653919
1413 13.507602814867143
1414 13.32309667117417
1415 20.865345565693858
1416 23.486889514276093
1417 25.976115568615917
1418 25.871009595967614
1419 23.776417891215818
1420 23.967674538087707
1421 34.09288698277035
1422 31.64347517109201
1423 25.239922440801696
1424 27.314094315802514
1425 32.28851677560854
1426 30.236966742506322
1427 22.48979257147895
1428 16.55424189737357
1429 10.349918697012638
1430 6.3928149574665944
1431 2.7851697836839615
1432 0.5696183072348305
1433 0.09615284567692058
1434 0.11580183211433831
1435 0.044976452515985525
1436 0.001746946275109358
1437 0.3367621929715171
1438 1.0027650928186023
1439 2.2926196111921624
1440 5.950649844422536
1441 17.069920824684427
1442 20.735783708258136
1443 19.748930007126493
1444 14.990341383711483
1445 11.946840337187435
1446 10.425187374022428
1447 5.767579545290286
1448 5.391118715858996
1449 1.4193941218125599
1450 0.0006526577920301888
1451 0.070765303104967
1452 0.29756222121657305
1453 0.8183098523522679
1454 1.9263179336802914
1455 4.387751524936495
1456 7.100936097719145
1457 10.235137639404151
1458 12.95364877725418
1459 12.59236712660756
1460 14.023212699304063
1461 15.569465048747777
1462 16.917335232959957
1463 12.530288973854088
1464 7.091563528683042
1465 4.372842623925139
1466 2.8460242662516753
1467 2.784428682082101
1468 3.979589817814967
1469 2.7463255684374137
1470 0.8318836130350705
1471 0.14609211038255
1472 0.13412089251425213
1473 0.5109253099562893
1474 2.521832921876383
1475 6.178654921738003
1476 13.70332356997758
1477 15.533070400537426
1478 16.1261940324378
1479 22.52219695113093
1480 25.12059343800816
1481 30.403904825748572
1482 28.88882232442472
1483 29.775349469439067
1484 30.338780111757575
1485 33.85880716436186
1486 39.277151526161056
1487 37.57462351796823
1488 32.25451264937522
1489 34.16595899837616
1490 28.615349228368636
1491 26.72893339458743
1492 18.07981694267519
1493 9.797802195053881
1494 6.556181147648428
1495 2.799078500640543
1496 0.8188419718853697
1497 1.7014657978413423
1498 1.3716440622798813
1499 0.33268991695167427
1500 0.03289418365998022
1501 0.02129340848899595
1502 0.10471173212125658
1503 0.842329006009551
1504 2.764940899829572
1505 8.551871684770425
1506 14.073382723114907
1507 11.487647294627827
1508 10.739746844743694
1509 9.116267896319407
1510 10.537055752839207
1511 8.253162487396231
1512 7.084285728937059
1513 1.4540287872865376
1514 0.0014160410698695074
1515 0.1360890888023527
1516 0.7550159955873574
1517 1.9023797742700361
1518 2.8260935506312386
1519 5.77632368012733
1520 8.320613329474348
1521 9.229955095493818
1522 11.81469236883201
1523 11.099363523786234
1524 11.60783631806579
1525 12.194940675280659
1526 13.304756625423199
1527 12.737101045645227
1528 9.705518551511148
1529 6.005851729061532
1530 4.700654056859978
1531 5.255947732990598
1532 4.080869665845556
1533 2.562268685527812
1534 1.2912138887790228
1535 0.6397329951888736
1536 0.5797115701527756
1537 0.8355144289176194
1538 3.8165707872476804
1539 8.165759853170202
1540 14.24207272074711
1541 15.208656645339781
1542 17.96261000334382
1543 22.294684491635735
1544 26.79769286876774
1545 30.957277530882028
1546 29.82677313546151
1547 31.931378970621434
1548 34.16648071774644
1549 39.93095741386646
1550 45.5638683582656
1551 44.93296959907877
1552 39.88091210361738
1553 38.724611907793566
1554 37.50940343069418
1555 32.00800449743329
1556 20.95230087877519
1557 12.555085028187607
1558 7.403393454133402
1559 3.066756417747563
1560 2.258698626363655
1561 2.3536338543242854
1562 2.502231323200357
1563 0.513723559478369
1564 0.026247124974426116
1565 0.13784428462288478
1566 0.05719409687176695
1567 0.2483343061342334
1568 1.6635243028435118
1569 4.895854918709828
1570 9.278179289615384
1571 8.586774206549276
1572 11.83392517447173
1573 9.642223514289988
1574 7.572564567991036
1575 7.855873511597887
1576 5.744113837966549
1577 2.758421925119852
1578 0.45373536754127297
1579 0.0013788458189645304
1580 0.4469715338851908
1581 1.2680316859619059
1582 1.7633891057771918
1583 3.9135041799484553
1584 6.522030778105399
1585 9.265961780806144
1586 12.092538920172906
1587 9.626769146819814
1588 9.890293213959072
1589 12.172557885168526
1590 13.35185838230225
1591 10.808071856635515
1592 9.806732610263964
1593 7.48791560550822
1594 5.120757926733455
1595 5.603178850418386
1596 5.441534030594303
1597 3.8666817229018178
1598 1.267465719194456
1599 0.9047245971133371
1600 0.18071029616682058
1601 1.0491688041242484
1602 4.036296211620123
1603 9.56558603497398
1604 14.910634442782221
1605 17.1261876948312
1606 21.344173359610593
1607 23.952624099014344
1608 27.6583033918255
1609 36.02997609323111
1610 31.231514279194077
1611 31.86883151706829
1612 38.861205472294735
1613 45.86057359090903
1614 56.3819486749211
1615 53.134694002842984
1616 44.40701292812663
1617 45.45766658124761
1618 50.52898808702441
1619 43.754762643712205
1620 33.33378134529319
1621 21.188075297535804
1622 12.005346537960689
1623 5.877601510340368
1624 4.316723821724851
1625 3.696355516292391
1626 2.641430167120051
1627 1.0182901995096745
1628 0.24248411563093214
1629 0.12748815933162722
1630 0.717755168679962
1631 1.3239412632938181
1632 2.437750174081
1633 3.108047761605871
1634 3.6050030166331344
1635 3.5393622428748746
1636 5.979539473437603
1637 9.720641006102221
1638 8.56357708967801
1639 7.476385242621167
1640 5.458073300434712
1641 2.8586371610443004
1642 0.5344367538988776
1643 0.09057660089552694
1644 1.028292377341491
1645 1.6633748385855847
1646 3.6735195472357463
1647 5.169086121467437
1648 9.976034141279634
1649 15.365389086002603
1650 14.057542375653224
1651 12.996508235406802
1652 13.191890972497747
1653 15.265213812339924
1654 14.317067061450182
1655 10.390303140759983
1656 9.138074430286526
1657 8.317563198568221
1658 5.89278616795016
1659 8.220143912346073
1660 8.724274301704927
1661 5.266236487449414
1662 3.109564337769004
1663 1.394461351177172
1664 0.246818006996266
1665 1.0254178602754553
1666 4.9332558445579435
1667 9.917022644877882
1668 12.668385393588556
1669 18.6146388064725
1670 23.897341059187056
1671 25.091656522884655
1672 27.804318860132067
1673 33.42271724898078
1674 33.64817169365218
1675 30.933133619477307
1676 42.65234742143823
1677 53.43472678720401
1678 64.49833293935623
1679 57.246427876933524
1680 51.351039579663905
1681 51.358939334677345
1682 60.924312155896494
1683 54.89847565607929
1684 44.76422826754986
1685 30.717048484801268
1686 19.831904887962963
1687 11.304012673802218
1688 7.603187368313784
1689 6.503396254618514
1690 3.8159830765911757
1691 2.169385318475436
1692 1.1610714714489327
1693 1.3133453014369385
1694 2.5886361840562464
1695 3.499788677336344
1696 4.490629889836404
1697 2.721161815725179
1698 1.0185787416936913
1699 1.1666831689212223
1700 2.6655618825208216
1701 4.8270759975756
1702 4.077774980116034
1703 2.3860957173955892
1704 1.7630215142869585
1705 0.9707649786150758
1706 0.06776928411088906
1707 0.42753210361522387
1708 1.122625331971517
1709 3.3987095265995566
1710 5.4245397782774
1711 7.715261148768844
1712 11.797917855268812
1713 18.718706554006246
1714 20.907504083920454
1715 24.596400268299693
1716 22.599804679232122
1717 20.399469581858472
1718 15.750278919960463
1719 10.804045948677366
1720 7.972406077940773
1721 7.405302928433433
1722 8.706231387632032
1723 9.591464411448223
1724 8.92824655650245
1725 7.002009542447662
1726 3.8890077740219358
1727 2.0427834955080866
1728 0.6905456180818336
1729 1.2209041575577189
1730 3.7945603407542303
1731 9.4918532094448
1732 13.809790807803925
1733 18.148091352986008
1734 23.016328245033783
1735 24.702090901841814
1736 26.07274021998237
1737 28.698464392872314
1738 29.320712602007237
1739 26.906427517653473
1740 40.169063423942404
1741 50.52024640867339
1742 59.61482228372961
1743 56.59314106953437
1744 51.484807195892294
1745 51.364993130489964
1746 57.02231097409548
1747 49.70749899949863
1748 40.98326447451227
1749 32.08434421337824
1750 20.29436644727253
1751 15.1074918428846
1752 10.237891413901382
1753 6.4454882281978865
1754 4.709796012732
1755 3.8520982017744534
1756 2.498618419117376
1757 2.0376472286691563
1758 2.431653731258303
1759 2.6067924623979257
1760 3.6025851185341313
1761 2.3804025052997826
1762 1.4951953619459022
1763 0.5985131655431691
1764 0.9836737823717351
1765 1.1730523810973708
1766 1.041941293260275
1767 0.38761684749694236
1768 0.21118180722037685
1769 0.011325815792975376
1770 0.18407104370654911
1771 0.9940731908554408
1772 2.1265870488268
1773 4.840726639077245
1774 7.597082518790441
1775 10.593977742539487
1776 14.082324572082362
1777 16.620242569015353
1778 22.854171894157133
1779 27.195286464593
1780 25.508656312344872
1781 23.00417921170764
1782 14.109131541721336
1783 10.931606286296638
1784 8.202697992888188
1785 6.1834159440343
1786 9.387007766316612
1787 11.66117115254758
1788 12.281361470369148
1789 8.62496930621757
1790 4.630813786057167
1791 1.16001789597961
1792 1.3599291513958058
1793 2.146385700840277
1794 4.107994839217728
1795 8.296305189493687
1796 12.445027710763538
1797 17.294014029301508
1798 21.255718360067643
1799 23.93848554437729
1800 26.549870771865194
1801 31.453328906577703
1802 28.617835003185075
1803 26.62186967423146
1804 39.24311544192629
1805 45.02306727510349
1806 50.100880549773834
1807 52.091165613580365
1808 59.18682609021104
1809 59.090692827998396
1810 55.51746860729205
1811 52.005367019860266
1812 42.95016048316979
1813 32.07636131450112
1814 18.238844620695257
1815 13.665981423603231
1816 12.597172875530319
1817 10.11751934156013
1818 7.210267793404926
1819 6.960992535083272
1820 3.73426680107291
1821 3.4302416514284944
1822 3.132013075155714
1823 3.3955471495835527
1824 4.255323162590265
1825 1.7768484819576222
1826 0.852613449125485
1827 0.11477886069155213
1828 0.09904948738852684
1829 0.04035202684049872
1830 0.36942907905227773
1831 0.5097124439397267
1832 0.6397828507819324
1833 2.2234949146592835
1834 3.360398082085052
1835 4.583830802504205
1836 7.0137481090939815
1837 9.18697636757518
1838 9.358733384176332
1839 12.644267259731928
1840 17.341540192470564
1841 16.21624077483351
1842 17.483566989571187
1843 19.301540576620667
1844 19.491374538412526
1845 19.746921863558445
1846 14.896917211863974
1847 9.316459766807885
1848 8.049433680948725
1849 8.659230747642466
1850 8.872732080269573
1851 10.315992934492469
1852 14.048788083211843
1853 12.724038002025555
1854 5.178948190652486
1855 1.5109995163926417
1856 2.06335656491329
1857 3.0684384455734732
1858 5.390687991449079
1859 8.724543617360508
1860 14.63726725770659
1861 18.819354784874367
1862 24.153293702219464
1863 23.92686391837615
1864 28.60170466531136
1865 34.32698119863713
1866 30.46412848062045
1867 28.743428445733045
1868 40.54783595092109
1869 49.8801165916516
1870 53.00545520400521
1871 55.52251095297158
1872 60.56052708192171
1873 60.125707342062476
1874 59.04595049337848
1875 50.053846063164734
1876 39.80626824532087
1877 30.688936877937966
1878 22.789478953833566
1879 18.630644172039766
1880 15.489775554004993
1881 10.990521628822918
1882 10.182767118318896
1883 7.028992956829186
1884 7.016337686750313
1885 6.486968105210641
1886 5.811042178952084
1887 5.122112240557739
1888 3.461122032167104
1889 1.03822711646817
1890 0.1651660023438704
1891 0.09426290122264665
1892 0.6201221199410885
1893 1.6665615597205081
1894 2.3379104891726907
1895 2.6308504649530096
1896 4.007696930789298
1897 7.7131442737603955
1898 8.018582300563178
1899 9.894144533417759
1900 14.104991241612213
1901 13.630415583669597
1902 13.871927013892478
1903 18.054314819830083
1904 20.427360323674133
1905 18.05713644923781
1906 16.481355440618252
1907 13.96065036266376
1908 12.289671765577461
1909 13.283035025315886
1910 11.3075770259327
1911 7.975155926889366
1912 8.219494371014347
1913 7.765652764278254
1914 8.028950515332859
1915 10.192925205365926
1916 13.311245292718201
1917 15.248699098102492
1918 8.384443962515645
1919 2.2997898987937075
1920 1.6809541605989655
1921 2.987196881286235
1922 6.1685252719224435
1923 9.96504948091341
1924 15.492453412881778
1925 19.518475363122818
1926 24.471416762133185
1927 30.796031229765845
1928 34.320766353432056
1929 35.51298177335428
1930 30.948849499457065
1931 32.58321457571702
1932 40.08262680797878
1933 50.8482220694854
1934 56.018241682800664
1935 60.137844667639925
1936 59.05609425739146
1937 62.76646020954938
1938 60.10503967844205
1939 47.5710213843295
1940 38.05842811602338
1941 29.296191363536103
1942 22.898059000166672
1943 19.401183993809553
1944 17.17932293920718
1945 14.253177316229886
1946 13.490303800594008
1947 10.078586573762358
1948 7.158896185920367
1949 6.420404278090452
1950 5.014900801502837
1951 3.753643721236614
1952 2.440971795464542
1953 0.8188909356889684
1954 0.04973039395880261
1955 0.13180201071939257
1956 0.8712473730488415
1957 2.085082380635927
1958 3.2274554888384057
1959 4.664552265079938
1960 7.2918976790354275
1961 10.109463606653444
1962 10.661106095485533
1963 15.473269001476334
1964 18.478319428459972
1965 18.296615168910613
1966 18.76807377581319
1967 20.138414205219572
1968 19.453617628155307
1969 16.119747692536574
1970 14.028432212595787
1971 10.351369038220843
1972 7.612920146703122
1973 8.856866894153752
1974 5.644142160320991
1975 4.413437414672353
1976 5.804096422710185
1977 8.09399832918337
1978 10.495328408213352
1979 11.978930943769921
1980 11.222538471442082
1981 14.535509765535203
1982 10.259386433372182
1983 2.7275557574927793
1984 2.1336330557450878
1985 3.0920096132254997
1986 5.931390824846914
1987 9.852672061707771
1988 13.887209776482374
1989 18.827947356588606
1990 26.392068766698152
1991 34.583454312384944
1992 38.2313048615892
1993 37.95382192913743
1994 33.541643439240566
1995 35.710762899134565
1996 41.083713290724575
1997 49.141165344814155
1998 58.38478078924398
1999 55.074752994606456
2000 55.91683310847234
2001 59.78719009357695
2002 56.91935463575341
2003 49.04818014553112
2004 39.67003031976744
2005 32.636268746602994
2006 23.960354207796335
2007 20.65681985972313
2008 17.2331973036967
2009 16.596137530748567
2010 15.590758621273572
2011 11.53869028881511
2012 8.058888873862696
2013 6.236405126249459
2014 5.056078415626717
2015 2.9646119008053526
2016 1.4519869946686208
2017 0.5249640095902557
2018 0.007194765782784021
2019 0.5132278598645218
2020 1.206487384541915
2021 1.509887159380542
2022 3.2366662394306154
2023 5.195275619987484
2024 6.840296672029868
2025 10.350154354981244
2026 11.598223964892522
2027 15.418192419626216
2028 17.700404297408575
2029 17.680333536126238
2030 18.815000597383985
2031 16.64458043755473
2032 14.660175997889336
2033 12.921420554555759
2034 9.798478502147402
2035 7.659944975222709
2036 6.062424904597339
2037 6.150460632115045
2038 3.6223098412152037
2039 1.916593532306052
2040 6.497428648204
2041 10.363480674092832
2042 10.640561760136022
2043 8.784564203827834
2044 9.667467669858446
2045 13.964856723970817
2046 10.670287469917987
2047 2.972390323843023
2048 1.5437664371277486
2049 2.090746570615463
2050 5.274848704824053
2051 9.03175870621847
2052 12.894146645839724
2053 19.418756437493105
2054 27.402409214748666
2055 34.2024136156086
2056 37.30913956696334
2057 35.62228070465947
2058 31.40090227958818
2059 33.254898401996044
2060 36.13111207915121
2061 44.56687369200619
2062 45.75552272107458
2063 42.65288086035176
2064 48.96841894762927
2065 54.399564875777806
2066 50.41826541853844
2067 42.2569790224421
2068 38.63168501067461
2069 30.901244816954755
2070 23.519624281887754
2071 18.823110349079375
2072 17.096665029753627
2073 19.89392573400514
2074 17.30596185742838
2075 13.574088145479168
2076 7.7320560436305525
2077 5.510759505283938
2078 4.118918051286564
2079 2.5460887781353714
2080 1.7210251958010496
2081 0.6943512297338561
2082 0.04494444441520492
2083 0.296725113120726
2084 0.9584611848420926
2085 1.4011807846725897
2086 1.6021238205266783
2087 2.6237066925206416
2088 4.176075432501452
2089 6.146370025844804
2090 9.209309906892747
2091 9.184859399117922
2092 10.653801903884668
2093 14.121938247643117
2094 14.963618284100603
2095 14.548656854002198
2096 12.580023699111639
2097 8.930185068631259
2098 8.293704495335271
2099 8.494660348399215
2100 4.903630454269804
2101 3.799645240324247
2102 5.062154923905861
2103 5.811911558444624
2104 8.52433747805825
2105 10.611630483031647
2106 8.315114470503032
2107 8.41149300387932
2108 9.406524460460446
2109 13.633884195795961
2110 11.186426033241805
2111 3.37119282121249
2112 1.7943882721538462
2113 1.9940532651943341
2114 4.229739856684435
2115 7.515808510899041
2116 12.899775819262425
2117 20.508723639501902
2118 28.395956954337233
2119 34.78100224078045
2120 35.874687955725086
2121 35.95132581365126
2122 29.566724624907728
2123 33.07038851572785
2124 35.24262297498179
2125 45.88272834078283
2126 48.46101356718566
2127 43.38564998960421
2128 49.23766513220587
2129 58.18493985631443
2130 55.17582761528579
2131 44.42794551022673
2132 34.59294318955975
2133 30.211346509888784
2134 27.656987236572974
2135 25.460234851060648
2136 20.307463074595287
2137 17.34389703569159
2138 15.768115705605329
2139 10.829042721857913
2140 8.657838425892535
2141 6.127958708655102
2142 4.606333738340353
2143 2.8142819868705216
2144 1.7990133158940942
2145 0.8195121033060376
2146 0.07044790130234063
2147 0.20018871072261504
2148 0.18578591660247906
2149 0.6477521055524786
2150 1.263358386747154
2151 2.1137001420745825
2152 3.31119142940573
2153 3.846715662159826
2154 5.79232843318049
2155 7.311887409609811
2156 8.359055440509186
2157 11.83545447823035
2158 12.8213731815269
2159 12.786020592796149
2160 12.46670121296711
2161 7.609570007003569
2162 8.104977073294389
2163 8.527322421297331
2164 5.205995574511602
2165 3.7204958597442626
2166 7.102249259712947
2167 9.584554328164636
2168 12.82210779338274
2169 11.188122495470248
2170 9.682312609267322
2171 7.284619365141876
2172 9.598012717090077
2173 13.740984200487366
2174 11.035947830260742
2175 4.183376045596007
2176 2.1923538169821337
2177 1.5306144826116885
2178 3.2324132792640308
2179 6.992608462417367
2180 12.137855315015413
2181 19.743677679072004
2182 29.40854665874214
2183 37.42667312008728
2184 35.07122293926513
2185 34.88731782164189
2186 30.67198630895963
2187 33.04584255756963
2188 36.13530034777251
2189 50.66781838763841
2190 49.31092822703416
2191 47.672510426974014
2192 51.99112223061424
2193 58.03328948111664
2194 56.26199899348069
2195 47.80348388227462
2196 34.43900860236267
2197 29.138745524365753
2198 26.30209868451379
2199 27.476815869761623
2200 22.803086226727004
2201 18.0826498285008
2202 14.789436071413542
2203 11.891768620684422
2204 9.318808261882793
2205 6.922485403450002
2206 4.396172592018346
2207 3.07479746373094
2208 1.4252166397253834
2209 0.986304736187489
2210 0.33188997602777076
2211 0.041345566875930544
2212 0.23111234186927107
2213 0.4330626539737095
2214 0.647279298034725
2215 1.30364503840909
2216 2.7714770594367133
2217 3.178064331073935
2218 3.9235542842959537
2219 6.890729629716192
2220 8.055339498717148
2221 11.013035969127742
2222 10.049335937669555
2223 10.498473858313222
2224 9.898842607615991
2225 9.729828890740881
2226 8.863006763464984
2227 9.824499140686639
2228 10.12810871627494
2229 12.013421666040145
2230 9.809850844638625
2231 9.206111377643326
2232 10.672084084425055
2233 9.539929715423474
2234 9.833101983587909
2235 6.852823194395103
2236 9.803085686562616
2237 12.878786355954624
2238 8.415879490484786
2239 3.300312852934335
2240 1.6110116362452902
2241 2.0468799872416406
2242 4.015752278734202
2243 7.034287257895506
2244 12.318631127262218
2245 19.355166597986223
2246 31.419432142381115
2247 37.409262316405325
2248 35.46412922462722
2249 35.432352180580196
2250 29.913796143744676
2251 31.294461155536048
2252 36.424482177441476
2253 48.22363284754283
2254 50.740205001261124
2255 45.88681997318829
2256 46.18975268012502
2257 51.930551599318
2258 56.128218900522384
2259 46.36454592545008
2260 38.02848014921359
2261 29.616095811958573
2262 26.38706824903593
2263 24.755337561909474
2264 19.046569587262233
2265 15.280982120638324
2266 12.104892279066362
2267 10.600110991516216
2268 7.778176582543814
2269 5.932338484753113
2270 3.4415611974839955
2271 2.0770072920991227
2272 1.8091690866653014
2273 1.352330337949108
2274 0.683947880012047
2275 0.02282509148727678
2276 0.21493697019879118
2277 0.5231606483223542
2278 0.49958381652266287
2279 0.3445338714674706
2280 1.0722750164961987
2281 2.2074449800806235
2282 2.7357528846860575
2283 4.5943599265874955
2284 6.629435582431786
2285 8.247376793301797
2286 9.22185053396886
2287 8.958489922720148
2288 10.424440577603844
2289 10.21916578280403
2290 10.336546739146396
2291 13.234487975118416
2292 18.171032460699156
2293 22.920400573576693
2294 14.218123794075288
2295 11.317274879368625
2296 9.525835791488948
2297 7.615984300754845
2298 9.039083403087778
2299 8.244466662504555
2300 10.100203243826853
2301 10.365470936612557
2302 5.882497496587451
2303 3.367137232733623
2304 1.5083850282908655
2305 2.4886928133222654
2306 4.259152530278226
2307 6.3851212690363255
2308 10.420815187717626
2309 18.440457852947382
2310 30.453859935667293
2311 34.134051438754774
2312 34.13368693825085
2313 33.891666169086584
2314 30.92893509356788
2315 32.26148949459382
2316 36.24465495637867
2317 45.44369089030825
2318 50.36383633823504
2319 45.80063589478489
2320 48.420833606187706
2321 47.28385092967641
2322 50.85642048869863
2323 45.693959015773046
2324 39.323859386529215
2325 30.999063048414666
2326 22.23983343994282
2327 17.11762740539583
2328 14.74600383368571
2329 12.235372485869457
2330 7.76363757659351
2331 5.416713743394536
2332 4.59589241275619
2333 5.951453491361832
2334 4.160582613392211
2335 1.8649176598690296
2336 1.3680467053844385
2337 1.3817188310189958
2338 0.44013583748073776
2339 1.7051926967723087e-05
2340 0.017506135927694837
2341 0.00047006187575008267
2342 0.0010350718794891597
2343 0.06167960714949509
2344 0.8000310798049228
2345 1.4206911297930884
2346 2.3194999356824924
2347 4.913198626929644
2348 8.732462775389443
2349 8.179815717883297
2350 10.617413625742042
2351 12.016663655996016
2352 10.386491913213511
2353 10.645706425880759
2354 12.582181130448141
2355 18.615325072992462
2356 25.99544880068781
2357 26.67245899658176
2358 18.132267582769302
2359 12.45784651700667
2360 9.318146051984577
2361 10.928527548005956
2362 12.18058342582716
2363 11.227816882379315
2364 11.286787012677987
2365 7.081979100966962
2366 3.6756184560594103
2367 2.6527953094143535
2368 1.201807897931053
2369 2.3878389945658944
2370 4.596185275360771
2371 6.223270945649087
2372 10.475780474926898
2373 18.14365675940973
2374 28.544864044473112
2375 32.6686503021406
2376 34.151455318568
2377 34.62985760470556
2378 32.906979789381765
2379 32.49311316798712
2380 38.14113101258058
2381 45.26042690916982
2382 48.230983868776015
2383 45.379061699442204
2384 45.32687218958469
2385 47.23907025960592
2386 53.75114687517824
2387 48.59797901067384
2388 41.54799162224757
2389 29.02790608639626
2390 17.135982470828424
2391 12.06010791692207
2392 9.250340820006857
2393 6.056545666359156
2394 3.673364262972001
2395 3.2397688654034846
2396 4.334796869211192
2397 5.280315674858585
2398 4.635377557891922
2399 2.7735365842772737
2400 1.0872542001218621
2401 0.8559810538683007
2402 0.3780041621525189
2403 0.05625816362121011
2404 0.27719795767620375
2405 0.40809489592219733
2406 0.05386005145670454
2407 0.002331935706542542
2408 0.07353892245961019
2409 0.36836901402973404
2410 1.8871687141444569
2411 3.443182952263025
2412 7.465695760271576
2413 9.03980485343558
2414 12.06413930514731
2415 13.349135896462949
2416 14.483002797760452
2417 14.372796195653304
2418 19.806859083897354
2419 26.131349848685165
2420 32.80144661793042
2421 29.594539702326802
2422 20.834859868750733
2423 15.44414164784083
2424 12.590180939978904
2425 15.231778157066458
2426 12.633443132564715
2427 11.911786090822407
2428 10.317293713733669
2429 5.148327275034795
2430 3.064458670876639
2431 1.741117119568473
2432 0.4613635559456933
2433 1.3470180410195376
2434 4.414575050050195
2435 6.896488919021019
2436 11.728055115124398
2437 19.258797733200094
2438 26.403993761654316
2439 31.91867364277445
2440 34.837155760016955
2441 36.008916064549304
2442 34.22927971068554
2443 31.569882422155196
2444 38.259246649833955
2445 42.33232192820659
2446 43.463017336630465
2447 41.892844619963036
2448 43.356510622518535
2449 41.800456334856676
2450 52.954083886047435
2451 47.83270990949213
2452 39.20476854919732
2453 25.342436878334706
2454 14.239806406137701
2455 9.92540044277979
2456 5.281176757676601
2457 3.5544127496322804
2458 3.3040569468215057
2459 4.159827889410763
2460 3.939781248516684
2461 4.048810833134027
2462 4.400900400861646
2463 3.5391786218179475
2464 1.73317592381029
2465 0.9104969452625258
2466 0.603544296964745
2467 1.3475924978305578
2468 1.6932714786822827
2469 1.3810016117862611
2470 0.48050411718716035
2471 0.11651981102546356
2472 0.10145391199294959
2473 0.13221193111027427
2474 0.7119764977091868
2475 3.43451478281022
2476 7.862215533730879
2477 10.296817879502376
2478 13.58440849634232
2479 15.663335704292214
2480 17.43344333252645
2481 22.230015297585652
2482 27.764601837166985
2483 27.39086259356199
2484 31.0539138840772
2485 32.041722739714714
2486 22.624945247264634
2487 19.160557520787005
2488 13.604694839312677
2489 14.559552119776162
2490 10.134243666997454
2491 8.501419051962406
2492 8.890977808072801
2493 5.428939573856025
2494 1.9863954245369653
2495 0.8215945672272164
2496 0.14788018028857647
2497 1.0719583602679528
2498 4.314002402752356
2499 7.2850321887202405
2500 14.049339393720283
2501 19.55275736433961
2502 26.346771953043024
2503 29.764559807769206
2504 32.069984171019605
2505 33.5405081987102
2506 33.96829483142943
2507 31.463583530664653
2508 37.2308760885973
2509 39.53426997969278
2510 46.61616306499342
2511 42.17968906593238
2512 43.807050604978926
2513 47.012317489331544
2514 45.634193615995585
2515 39.71067333923701
2516 35.2902365189674
2517 25.98600870334412
2518 12.841826970092065
2519 7.110911402231008
2520 4.311868950600138
2521 3.82510727128255
2522 3.435513748570647
2523 3.5011516947057544
2524 2.770321161799983
2525 3.278125308694286
2526 4.11765678421057
2527 3.237342087099831
2528 3.1227731813700847
2529 2.194419205660785
2530 3.10039147073037
2531 3.883761061401146
2532 4.367473961621407
2533 3.797000820838778
2534 4.332822953868751
2535 4.031527509898239
2536 0.6990915341205711
2537 0.002999473617028891
2538 0.2827607705390821
2539 4.1793795435731225
2540 9.621441101137906
2541 10.008646025340486
2542 15.319766025404157
2543 17.262906233251805
2544 19.56984767447
2545 25.92697713889028
2546 29.319906324131157
2547 29.616094305617537
2548 29.193836235391114
2549 28.4055583502802
2550 24.32618732872961
2551 19.608438501742963
2552 16.634069230775275
2553 11.452936716519767
2554 8.264116971909923
2555 7.948591282908547
2556 7.42422112458566
2557 5.709740197338117
2558 2.6730250377498606
2559 1.3722332174224898
2560 0.032119737161805786
2561 0.5050151783299779
2562 3.9776871340685416
2563 7.216190252748081
2564 12.969848678649358
2565 20.076920948690415
2566 27.201671719309065
2567 29.228090178857816
2568 30.526979030029576
2569 32.9510557630244
2570 31.726693519169398
2571 32.69096999781052
2572 37.16030750592231
2573 41.163940419110446
2574 51.32966613961955
2575 43.8065091036237
2576 42.79953411835858
2577 43.335194941708295
2578 42.228998503557456
2579 37.75311450856952
2580 32.37457375438975
2581 21.722970782579246
2582 11.592844029357105
2583 6.923234975116414
2584 2.9511268978377445
2585 2.479019591065254
2586 2.2820459502188077
2587 2.779820035315825
2588 2.87247569471189
2589 2.937757136937635
2590 4.6946989906923875
2591 4.451383818608626
2592 3.2635231288633766
2593 4.478605241523067
2594 5.686327717148715
2595 5.6566252528216205
2596 6.8479283638126
2597 8.41533444997492
2598 9.817669732947882
2599 9.209503791055235
2600 1.9702779426034138
2601 4.2528789630901745e-05
2602 0.14650984348003682
2603 2.9682777188037615
2604 9.62040962795231
2605 9.16093225278906
2606 11.997162315760148
2607 17.038711854699518
2608 18.925645470682767
2609 26.229271470594483
2610 25.673962267843997
2611 26.941682070733687
2612 24.781841892588194
2613 21.747792889624105
2614 20.43038392885545
2615 17.486905657468736
2616 16.085285289624412
2617 11.471219139474153
2618 9.065495085568315
2619 7.443088079504397
2620 7.32623280014081
2621 5.172093261144154
2622 2.9887041471416693
2623 1.6197632804227706
2624 0.09752160216262439
2625 0.34969780268060535
2626 2.737049518827026
2627 7.036270093630418
2628 13.529026166839204
2629 20.00201375864895
2630 25.816356498808403
2631 28.43250927227449
2632 29.12669039358654
2633 28.309926575138082
2634 28.558574251410906
2635 36.010116597533525
2636 30.80573559960422
2637 45.32127052295413
2638 50.58789520777453
2639 43.29480201357649
2640 41.02131708752229
2641 37.26904825873906
2642 36.822248956239214
2643 33.0129643726348
2644 28.254266658920066
2645 18.632848714469162
2646 11.063702348503572
2647 6.270463462492954
2648 2.9912869596511302
2649 1.7532015737276847
2650 1.0171292914193353
2651 2.180113427008104
2652 1.587624717393318
2653 1.9825685642629987
2654 4.57300339512653
2655 4.886787328695556
2656 6.567615561026074
2657 10.04209217585884
2658 11.847519265964028
2659 10.258328990768154
2660 9.339307976687078
2661 7.975735723391491
2662 6.980445435588642
2663 8.359270692497692
2664 3.0255588403872657
2665 0.2013546085483854
2666 0.0060001905820092
2667 1.1816058827054285
2668 6.861909994616169
2669 7.2574883687822735
2670 8.062573114946112
2671 11.352164743697438
2672 15.331473579910178
2673 18.28543323830008
2674 19.590801623407636
2675 18.353231895948653
2676 18.588383375060037
2677 17.02989245011783
2678 14.816483661387394
2679 14.457019205079874
2680 10.550018178516751
2681 9.267500151469541
2682 7.814323618487365
2683 8.481124655320023
2684 6.375071994574732
2685 4.576971330778661
2686 4.059190924294448
2687 2.1946523379338676
2688 0.16199723338533414
2689 0.06127304066473742
2690 1.8591832186706263
2691 6.782984530329207
2692 12.58550275827946
2693 16.29605496708034
2694 20.4927227219498
2695 22.512611893605023
2696 21.963887542881213
2697 23.164792162872104
2698 25.085997774158482
2699 28.658108791927308
2700 30.013401584249163
2701 37.91352855134475
2702 39.37555830167609
2703 35.95714986251235
2704 35.53047264444713
2705 31.27190042102463
2706 29.31702350710884
2707 30.732556362697306
2708 27.90087307465555
2709 19.138897703052773
2710 11.317172046667917
2711 6.134258203086447
2712 1.699736529174299
2713 0.9414361389794166
2714 0.7391921159320973
2715 0.6440827947173298
2716 0.8527732652596045
2717 2.0302686851501655
2718 4.106582239761062
2719 4.641270037137196
2720 8.523995182904558
2721 12.012854246799963
2722 15.231009251470185
2723 16.55841004164444
2724 12.381892535727255
2725 10.907716654938161
2726 9.09727369413058
2727 8.161374564056397
2728 5.388090716367132
2729 0.985663415031224
2730 0.04672735540914434
2731 1.0416166634704964
2732 4.633326745455488
2733 5.528988921909521
2734 5.974181598112789
2735 8.498676216079868
2736 10.540033682539953
2737 11.113986667991002
2738 12.012659861367892
2739 13.827878379766242
2740 16.444502739538642
2741 15.698226765504206
2742 11.07806897296011
2743 12.44693746408136
2744 8.707856504811575
2745 6.407455832983346
2746 7.3466084136365035
2747 6.051762932808843
2748 4.407259168817907
2749 4.243815559364808
2750 3.7440263054320355
2751 2.264674200776196
2752 0.3549964757502854
2753 0.018705450221392743
2754 0.7719741219985209
2755 4.668024352419771
2756 10.011099374545275
2757 12.547279626836076
2758 15.328707499583242
2759 18.66438548056736
2760 21.104056347872298
2761 18.28077498993751
2762 19.105108129009427
2763 20.85360809754996
2764 23.665851412121476
2765 28.17133805597622
2766 24.38935847231132
2767 26.91487276252499
2768 35.4375044668629
2769 37.22929851131121
2770 32.12446905390052
2771 28.440757354352936
2772 24.114667352584814
2773 20.433638306849602
2774 12.219337232526728
2775 5.534600388452207
2776 1.9181949062752426
2777 0.4708875739210366
2778 0.7391650869471703
2779 0.7686701286252318
2780 1.2888801712249411
2781 2.3691695383802878
2782 3.1892654559968414
2783 6.950944319787461
2784 12.741892301600673
2785 13.670316575835384
2786 20.63616127133292
2787 24.694713203528867
2788 21.798806652040625
2789 13.141159111785573
2790 11.266051696189113
2791 8.596301520658347
2792 6.143296117656457
2793 1.2722244845519446
2794 0.0029620274361408425
2795 0.8649285425842304
2796 3.0714555356764426
2797 4.555402972547219
2798 5.430344753633044
2799 8.867867909174953
2800 7.595751557104025
2801 7.915290670119526
2802 8.596380746188464
2803 10.36961906455633
2804 9.782727519072452
2805 8.976977861310898
2806 8.782539318248986
2807 10.067343187307218
2808 7.900033796864446
2809 6.71577962968769
2810 6.8865763038952235
2811 5.323330029132647
2812 3.7555473214844857
2813 4.4458819047518165
2814 2.6524303696637443
2815 1.6203048826639492
2816 0.38089568793073425
2817 0.18929661890027055
2818 0.3566395844429994
2819 2.481741981187722
2820 6.789064870985386
2821 11.204950966417115
2822 12.486159908809942
2823 13.239848609425211
2824 13.549701006215788
2825 11.576084629190765
2826 13.789518472466668
2827 14.050786581106422
2828 17.92589354612466
2829 19.990253499493875
2830 25.278191058137654
2831 29.059945337132284
2832 32.769722310668094
2833 36.25410502547623
2834 32.25355870602805
2835 31.310276003349966
2836 25.909573762603166
2837 17.565733740394975
2838 10.345553815007772
2839 5.279806887095493
2840 2.981114980715634
2841 0.42212415382046686
2842 1.2004771047269416
2843 2.113536043383834
2844 1.6644110531837897
2845 3.072838470632629
2846 5.279062994772723
2847 11.46916834078882
2848 14.832882915597308
2849 16.202528141735122
2850 16.041210971891356
2851 23.21470678395112
2852 27.773677932889242
2853 13.134640044007398
2854 8.230930969241008
2855 4.818949547949738
2856 3.2850076721316626
2857 0.4737340461687325
2858 0.044521216237926056
2859 0.4174595540874331
2860 1.309004768197386
2861 2.026998726186274
2862 4.023435513305491
2863 6.095498345241725
2864 5.062469872219238
2865 9.298537811758534
2866 8.467520588904096
2867 7.501123108758686
2868 7.716319442509966
2869 6.051983930624628
2870 6.992354925575429
2871 9.02065560336179
2872 8.152917856114248
2873 9.404319332855815
2874 7.742387686574666
2875 5.5717793442755505
2876 4.022445774178695
2877 3.54388069776713
2878 2.364693297944579
2879 1.767090442588289
2880 0.4267216394566759
2881 0.08642692972180778
2882 0.47207167280650025
2883 1.8518726903329255
2884 5.662047709490463
2885 7.889289408365101
2886 9.039248596258853
2887 9.748196640806507
2888 9.613249711068299
2889 7.936830562522964
2890 8.313427839484474
2891 11.799293274694381
2892 16.06504593315251
2893 15.225309550258896
2894 20.130730888111167
2895 23.475843666940925
2896 28.378081290304024
2897 32.358297501013624
2898 31.287297237376368
2899 30.89583485049806
2900 26.419846939047
2901 17.619876785780797
2902 9.356149132799318
2903 5.606766745341479
2904 1.8241741925988009
2905 0.6829338077837512
2906 2.1581185803572667
2907 2.476899561296528
2908 3.775834227451363
2909 4.667157508653066
2910 5.789322949279815
2911 9.811478193443326
2912 11.055501802584931
2913 15.735160965850774
2914 18.042865621873204
2915 16.88610454255842
2916 22.230316566387337
2917 8.810349193713611
2918 4.5473560271582585
2919 3.853442409007442
2920 2.5830071512284545
2921 0.09645639095899508
2922 0.05330732432330314
2923 0.5182305513457205
2924 0.8807622194405713
2925 1.1176577031879713
2926 2.4055342298669746
2927 4.022302368310962
2928 4.09320202414239
2929 7.781477737397256
2930 8.150265228583628
2931 7.878713808759261
2932 8.130388301259512
2933 7.092257099252311
2934 8.828412812521211
2935 11.311886967300874
2936 10.046268561602707
2937 9.507376975025839
2938 7.141861510043157
2939 4.800073591929958
2940 4.2911844796429905
2941 3.132868672092022
2942 1.9672944325081387
2943 1.4231646124543724
2944 0.001337049600050281
2945 0.0748328022670579
2946 0.6442887200595264
2947 1.6522537062676599
2948 4.005088196720655
2949 4.844031864083781
2950 5.2524273238990595
2951 6.99728625372003
2952 7.449615051652981
2953 5.74637437528444
2954 8.681047979200327
2955 11.231713251400695
2956 13.316875779910047
2957 14.534433494340124
2958 17.44801075895152
2959 18.650293877208824
2960 16.448128670548034
2961 20.446950709538932
2962 23.772669412288582
2963 25.397862138085152
2964 21.942601501363335
2965 17.275201241307776
2966 13.170172182156554
2967 7.241339171348412
2968 2.4626022932623624
2969 1.9367779107061727
2970 1.4249414195438264
2971 2.459214622777103
2972 5.0647899970975505
2973 5.370074788872644
2974 4.676147509154513
2975 6.922750883740507
2976 9.23580950417008
2977 14.012253322400804
2978 13.345582496048245
2979 13.20151734934048
2980 12.880953757440336
2981 10.036279122256426
2982 5.508703682006883
2983 3.383236018569338
2984 1.0824544391031763
2985 0.0919993595282413
2986 0.3064519446740274
2987 0.8372342037905717
2988 1.2193277480616116
2989 1.6149195888582248
2990 2.485481183505546
2991 3.065698596487401
2992 4.386931318549653
2993 7.813647838764708
2994 7.035387198396211
2995 9.670477060486398
2996 12.565123877191418
2997 12.21327387531396
2998 10.02216980619096
2999 14.043495091835004
3000 13.542866258615325
3001 10.726341591882484
3002 6.515902557295786
3003 3.5418401153875
3004 4.727480669881178
3005 2.6716257803925987
3006 2.122470815079893
3007 1.7600796523572542
3008 0.06716783403512509
3009 0.23469566157153993
3010 0.9299515598150431
3011 2.191083296903578
3012 2.426717634184341
3013 3.2157197879633705
3014 3.5515820824972093
3015 4.241525947525968
3016 4.343474538641567
3017 5.895992604472092
3018 10.991688608579427
3019 9.306714889037682
3020 9.818436461361689
3021 12.280819986940186
3022 12.810911098933532
3023 14.387260334691545
3024 12.444312594843712
3025 10.828127144571953
3026 12.384158841238275
3027 15.153257639167583
3028 11.902296995711577
3029 11.308492843240858
3030 9.193459398110821
3031 4.246568721955352
3032 3.5622318856782047
3033 1.5074129613590803
3034 0.6772683253705251
3035 1.6967751277348178
3036 2.5831022888133286
3037 2.827413909873102
3038 2.318986701596941
3039 4.465877871638882
3040 7.94806417021471
3041 12.931861329264887
3042 10.025126943422194
3043 9.744682929897662
3044 8.647554057086532
3045 7.851693437149752
3046 4.159451403563955
3047 2.7796317624822255
3048 0.4364222143529699
3049 0.08254682052461039
3050 0.0343532232279202
3051 0.05980623042804471
3052 0.2999146568720284
3053 1.3947057339140863
3054 2.6493040117323052
3055 3.6946067822035
3056 5.703764408795922
3057 8.45233013504117
3058 7.991005537229055
3059 11.98647466397223
3060 13.464772258411232
3061 14.78228275459378
3062 10.830252431866748
3063 11.497972670477242
3064 11.455372945483221
3065 11.29747647810712
3066 5.106377710404421
3067 6.690040624789007
3068 5.021531815527696
3069 4.247255322163749
3070 4.657783953746081
3071 2.144557616075054
3072 0.16300476544348022
3073 0.41516553913193177
3074 0.7764356455460135
3075 2.0457394205681045
3076 2.699274833749976
3077 2.5313899117984335
3078 3.376658216047508
3079 4.253742409196727
3080 5.2375536735138954
3081 8.87163695230687
3082 10.16083741537798
3083 9.522558040546409
3084 8.33737218075634
3085 5.787573289323699
3086 6.368549407771624
3087 6.155624837954444
3088 6.115221534506052
3089 6.712294636053354
3090 7.435161380432447
3091 7.098795608473442
3092 5.4543950763858335
3093 5.137435996435213
3094 5.158281947089154
3095 3.7604747882391534
3096 2.549882562159918
3097 0.9909836751336659
3098 0.6758647662048324
3099 0.5687939497038889
3100 0.5831281116705662
3101 0.7834794514327833
3102 0.6317449495648503
3103 1.22203004862398
3104 4.171372229381546
3105 5.846334026640296
3106 5.481465878341651
3107 5.070117970620561
3108 4.625709183550553
3109 2.6449094351951175
3110 1.349984317855972
3111 0.453539419643485
3112 0.39587995421402233
3113 0.09405120252383638
3114 0.010008719160673344
3115 0.041148404335006106
3116 0.03303464539907648
3117 0.6142923189470991
3118 1.6746513487369374
3119 3.2497572402030923
3120 5.390053388961902
3121 8.438027100841433
3122 11.438340854969393
3123 11.87318459392256
3124 16.33281053065552
3125 16.530201295041152
3126 11.433301879011141
3127 10.343358114238054
3128 7.7170289931881495
3129 7.1308739926785885
3130 6.587069866173641
3131 6.411670904730498
3132 6.34762217683177
3133 4.501771171988796
3134 4.427907959159363
3135 2.652574851972339
3136 0.03874540043422688
3137 0.0832436292038992
3138 0.7344475307037763
3139 2.0891721154617615
3140 2.0580655650455935
3141 2.2027427878231194
3142 2.770520518265061
3143 3.568020708641988
3144 6.475600568726688
3145 7.972204592214896
3146 8.590925786338433
3147 9.297305133542853
3148 6.032238297218678
3149 4.032930244603436
3150 2.8068721996695953
3151 2.4330186188023886
3152 2.941622999792362
3153 5.103316076332975
3154 4.97551696894053
3155 4.532268915459113
3156 3.0753615773257246
3157 2.49636940046207
3158 3.840261978388699
3159 4.3486307059218445
3160 2.0723704744032103
3161 1.2327167433827917
3162 0.8160323779407733
3163 1.0255648126441042
3164 0.6886703789122914
3165 1.6064471541518044
3166 1.2930097981998294
3167 1.745515371308437
3168 3.739072944196169
3169 5.915292273023667
3170 4.666226323023037
3171 4.208932171461967
3172 1.9336881328831934
3173 1.6621791502970291
3174 0.8239795412333365
3175 0.12478958410385108
3176 0.04105167148060871
3177 0.006833793617402154
3178 0.0026402988425721467
3179 1.7655537982138387e-07
3180 0.01644322602858632
3181 0.24563844938953952
3182 1.310839557382672
3183 2.2035171094154102
3184 3.3357269317643152
3185 3.8414702028815784
3186 6.669852759972677
3187 9.676239514159388
3188 13.25008294121109
3189 15.899428256590323
3190 11.49136414068335
3191 10.765519161939926
3192 6.729546040792063
3193 7.131289348529257
3194 8.539841615686838
3195 5.8521914268135395
3196 4.204141531765324
3197 2.400590410269502
3198 2.1418636590898026
3199 1.473276575467327
3200 0.04306794142159327
3201 0.08411025075474372
3202 0.5400854410546674
3203 1.486182320268219
3204 1.1242980797891684
3205 1.9328597593906474
3206 4.002727950680569
3207 4.745703865151822
3208 5.308876303819553
3209 8.572011557765569
3210 6.704363613250883
3211 4.927977904714067
3212 3.2377125417067636
3213 2.8962093357441003
3214 1.115449813471876
3215 0.6048839957132506
3216 0.7115489438430298
3217 1.4853606588553288
3218 1.8592466690616525
3219 1.4263018349803855
3220 0.2484958484409232
3221 0.6158588571232247
3222 1.7986786926045457
3223 1.621465109188534
3224 2.0299182710636363
3225 2.046449984643616
3226 1.160698099312412
3227 1.1867902802787476
3228 1.199017930381387
3229 1.1798263165869811
3230 1.802189221781043
3231 0.9265929903640012
3232 1.1363527836195944
3233 3.14196408359455
3234 1.8140212339320398
3235 1.0113472797798153
3236 0.6374538789813058
3237 0.25377404942716775
3238 0.029537315460378848
3239 0.02609352627362524
3240 0.016975434701996413
3241 0.09074659488444718
3242 0.11781812517135608
3243 0.10500960777281021
3244 0.0627296094321551
3245 0.321190518331585
3246 1.4381310010569204
3247 1.6799129762045812
3248 1.5364094426796666
3249 1.5805908692638804
3250 3.4867182710342877
3251 5.190847468770848
3252 6.2654276973274285
3253 9.371045273338172
3254 10.503115444493837
3255 9.64846189107572
3256 7.402269686485122
3257 6.87046821686144
3258 5.871644571438456
3259 5.718879514157994
3260 4.194829949330759
3261 2.862123589589472
3262 1.6158971074677961
3263 1.3410871951193803
3264 0.025833934011998527
3265 0.18169656514227506
3266 0.331635414305227
3267 0.37866231584340615
3268 0.9849266201255809
3269 1.6122982341918828
3270 2.5458028907621166
3271 4.673987037786525
3272 6.214892168640771
3273 6.9526508363736905
3274 4.038641140077045
3275 2.8640144653120942
3276 1.747874772903098
3277 0.7333315142689879
3278 0.22849122611021655
3279 0.22470722933193962
3280 0.11331872842196686
3281 8.325898485139092e-06
3282 0.022796019871224857
3283 0.02584061998718987
3284 0.0008924098974397143
3285 0.0005122070149040064
3286 0.2645588974276995
3287 0.6038336796527615
3288 1.5295476496602218
3289 1.1512614222163093
3290 1.1382171134928485
3291 1.6963850905805486
3292 0.9242617682942258
3293 1.060759691131729
3294 1.389007225784017
3295 0.8910461408015836
3296 1.047241806543355
3297 1.1691062800541687
3298 0.9247932569436368
3299 0.49520870361232844
3300 0.07807621878897598
3301 0.02396383879259748
3302 0.013387680273891582
3303 0.1470290359494253
3304 0.0026773474611528052
3305 3.414886063256316e-05
3306 0.00038023347928218426
3307 0.006724268782710786
3308 0.0003293053311231268
3309 0.05962960646569445
3310 0.16995312261060283
3311 0.6413845659963797
3312 0.4280044239171385
3313 0.6421127495407098
3314 1.5363507410078059
3315 2.8220609131123267
3316 4.7733426194585835
3317 7.289960980087091
3318 8.05942317645807
3319 9.702082813055938
3320 10.363682465861604
3321 8.627241510569075
3322 6.607933763324088
3323 5.570665173657706
3324 6.6402085181545845
3325 4.754483104845371
3326 2.8957372531932064
3327 2.072309717693233
3328 0.03845294437282392
3329 0.18170463452839766
3330 0.1710445746887929
3331 0.1842660218111032
3332 0.7814408888469382
3333 1.3448151814678377
3334 2.2827053437476374
3335 4.105695954533036
3336 3.6217847991607233
3337 2.61563741862599
3338 2.3045572077901664
3339 2.3444181146601415
3340 0.8252995896109299
3341 0.2807246506100132
3342 0.05999419469937578
3343 0.023890149748312627
3344 0.043999014784937
3345 0.10028750231414814
3346 0.16578971463829068
3347 0.07899760821384759
3348 0.08343466196956993
3349 0.0023438686021307184
3350 0.0007191061646908981
3351 0.08460384686513032
3352 0.7308049025034656
3353 0.5778138349867336
3354 0.43851406782222313
3355 0.7320775409081887
3356 0.32005452536416035
3357 1.2895155289921378
3358 1.3466727631504647
3359 1.5279141092293018
3360 0.989733916581067
3361 1.0447087004424713
3362 0.7113190871490641
3363 0.7316436811010251
3364 0.2314489558206847
3365 9.046236923758362e-06
3366 0.005118756480002766
3367 0.014727739325803025
3368 0.04582873307502851
3369 0.5259609842360634
3370 1.042060217221253
3371 0.7662504326215038
3372 0.768299426301868
3373 0.2792913512607491
3374 0.2096844817125726
3375 0.8480818765517232
3376 0.27036599836973574
3377 0.5487921284776653
3378 1.063522263022316
3379 1.76806090180977
3380 3.3788226410956064
3381 5.97462300962472
3382 6.299101787682375
3383 9.053390879067143
3384 12.664853177091045
3385 8.572924880096258
3386 6.716884502631205
3387 4.886393757178366
3388 6.715406355112968
3389 5.842214329537788
3390 5.381682899419942
3391 1.8165528351849105
3392 0.03037539004447004
3393 0.01874793982336337
3394 0.05010040597986932
3395 0.13165033354383762
3396 0.5185272179400598
3397 0.9161095948716965
3398 1.313549963044342
3399 1.817679409028608
3400 0.7156969054408784
3401 0.336391951106366
3402 0.27440666115080603
3403 0.6148328139338176
3404 0.47884059317641137
3405 0.06111516208172044
3406 0.010297672179497987
3407 0.08927727325640568
3408 0.3547174727483755
3409 0.23623542379392487
3410 0.4958076555007915
3411 0.1392661526220693
3412 0.009135391981454554
3413 0.02270221598210019
3414 0.023720178581633434
3415 0.11782909567068423
3416 0.30262466665458665
3417 0.43622648185121854
3418 0.3390886303247553
3419 0.41888324925056364
3420 1.1253420969626513
3421 1.7895801581871211
3422 1.7938029009232437
3423 1.5497571876869847
3424 1.0978876662280777
3425 1.611379771193438
3426 0.7152920256384924
3427 0.5254416174188937
3428 0.08949900477968047
3429 0.03269564563477706
3430 0.17466288652596
3431 0.16721872123862808
3432 0.4524059506755784
3433 0.03894238161088486
3434 0.5552607369363799
3435 1.5220551828460305
3436 1.5900614172623717
3437 0.5638562899737456
3438 0.5722870429452437
3439 1.211647889181889
3440 0.8966437124764162
3441 0.7252347519089145
3442 1.4711335796331173
3443 1.8490148530936987
3444 3.260654224303529
3445 5.588932381606481
3446 5.359177017719907
3447 6.943255303123572
3448 9.372869580846642
3449 7.753325598311433
3450 6.466059265668284
3451 6.0173489667759625
3452 5.6321944244139015
3453 7.2156105768861085
3454 6.521830276510007
3455 3.469515314009158
3456 0.006274977809288508
3457 0.03653302031953871
3458 0.08043545830787506
3459 0.20230636848719435
3460 0.3553668551111803
3461 0.2134270336915331
3462 1.0772016743658173
3463 1.1498506462639906
3464 0.0847011899072423
3465 0.01766846372483801
3466 0.0004229498284040162
3467 0.005698971773985007
3468 0.027184346595999276
3469 0.0038536654153393996
3470 0.21239188100422857
3471 0.5926473898655623
3472 0.30921439931510925
3473 0.3309342525515516
3474 0.7282466317329233
3475 0.27425653434103675
3476 0.011123537229535721
3477 0.045031604925150744
3478 0.011028189329372294
3479 0.20476412320686743
3480 0.4197031047852857
3481 1.1492513888511418
3482 1.2461229768479583
3483 1.3804875902518678
3484 1.7374010295546607
3485 2.0424483491415018
3486 1.8387472333221457
3487 1.6223765816699185
3488 1.3749466375239257
3489 1.4339152837435492
3490 1.4578169939148464
3491 0.733939797791889
3492 0.5290492102169825
3493 0.8564185649017746
3494 0.7811490532329404
3495 0.7125265639012146
3496 0.4561801951929085
3497 0.2337259823736308
3498 0.02777664306173857
3499 0.23985818614258148
3500 0.6395624914394565
3501 0.14862232889525157
3502 0.3023680499942723
3503 0.9164909370039508
3504 1.3164520581255574
3505 0.6559566632086238
3506 1.6602857536585622
3507 1.9223116125248731
3508 3.957758814409884
3509 5.255229894364472
3510 4.645883641990182
3511 7.721066576856893
3512 7.779938314318935
3513 8.411822310520918
3514 5.353068891680441
3515 5.887290575719563
3516 3.3215684582950593
3517 4.316942553269046
3518 5.009038551345326
3519 2.7913004321000523
3520 0.010600582764327337
3521 0.11802042987326405
3522 2.9491074237201638e-05
3523 0.00485170630427883
3524 0.00012256867644717243
3525 0.23830629130829237
3526 0.4439701291000729
3527 0.1900119870024364
3528 0.027692652623846847
3529 0.002197870924630324
3530 0.080061824478017
3531 0.14436296289490047
3532 0.13013561361590403
3533 0.29149554186457144
3534 0.46291880785643014
3535 0.6135786811596072
3536 0.9550764900688301
3537 0.6464841736927707
3538 0.7636844365014205
3539 0.5175541243113523
3540 0.07191459137654806
3541 6.215313426805074e-05
3542 0.004675883409719611
3543 0.26373034891705993
3544 0.18532324998726973
3545 0.8085682455532021
3546 0.861187140958455
3547 1.003509373314349
3548 1.5951208269025086
3549 2.0700802857608647
3550 1.9879673657580308
3551 1.2117328169611816
3552 0.7270858801013119
3553 0.7941645406751421
3554 1.4456987159152277
3555 1.3840660456758882
3556 2.835757931200712
3557 2.7216961702959135
3558 1.5623540922105754
3559 0.7168297221182847
3560 0.4314727255571874
3561 0.373272905635383
3562 0.14132091130945032
3563 9.662415227209492e-06
3564 0.0012372129104810316
3565 0.0020325689775442368
3566 0.0726891640717305
3567 0.6765009579420087
3568 1.0254245326898346
3569 0.3395658436316676
3570 1.1924302899295889
3571 1.6250979036637467
3572 3.185963104314621
3573 4.924430687480159
3574 5.24822128273164
3575 4.501283969358479
3576 4.748550152370576
3577 7.660775322244607
3578 5.6294895284547115
3579 5.17978520561438
3580 4.3291611120657585
3581 3.132567567531242
3582 3.6867359437742193
3583 1.5872010941466435
3584 0.002023468482451568
3585 0.07109295496603883
3586 0.27651959291221645
3587 0.41844710563073484
3588 0.03592053932236549
3589 0.2280472089698105
3590 0.13345520191527638
3591 0.0008016191875139112
3592 0.000684084146858357
3593 0.07653880153767242
3594 0.11264079801305814
3595 0.39117410679677306
3596 0.783597522750392
3597 0.9806656779275298
3598 0.7107553405220423
3599 1.0229193034605017
3600 1.0024672589652937
3601 0.8118508446945798
3602 0.789689429893714
3603 0.5265230519663746
3604 0.04541853748057279
3605 0.011916281046385733
3606 0.03766068965316082
3607 8.88325320833608e-06
3608 0.18577637559834315
3609 0.9394400808112637
3610 0.7355283886589215
3611 1.8102160283884137
3612 2.394584320398188
3613 2.402351907299738
3614 1.3882465400204205
3615 0.950299501456899
3616 0.22938909965032206
3617 0.34156056452533423
3618 0.8832467144587164
3619 0.9837665614540845
3620 1.5609385497104056
3621 2.036527486320058
3622 1.7328008042947374
3623 1.509838765639026
3624 1.2490282077030939
3625 0.5706370752828818
3626 0.2391253824504793
3627 0.06608813895088748
3628 0.1494513583527404
3629 0.009541414343282246
3630 0.1040839554885149
3631 0.9530163538389452
3632 1.4517089141031807
3633 1.7407416286997615
3634 2.8800995668012765
3635 1.6076363062457324
3636 4.021312412440591
3637 5.9574907674119135
3638 3.342569277832377
3639 1.8294736965765623
3640 3.3223659235626166
3641 4.006591941340925
3642 6.428833313867402
3643 3.69105481963358
3644 3.305707072300509
3645 2.988021871144102
3646 1.6801106256603728
3647 1.770590331928278
3648 0.0005184131709940819
3649 0.12657716024768367
3650 0.5298712771848509
3651 0.8861857365190166
3652 0.013567322733304918
3653 0.2089829545558611
3654 0.0019329913373714333
3655 0.11046492252758777
3656 0.24794102770905507
3657 0.7332913062412356
3658 0.7737789927073238
3659 0.998160486046974
3660 0.7491983812799013
3661 0.8541062227439219
3662 0.7613288090387643
3663 0.45763264529970393
3664 0.8293667663989226
3665 0.8174010145451097
3666 0.5548347105799667
3667 0.2382760385427974
3668 0.04859783355745414
3669 0.034470886041318774
3670 0.0555954378141514
3671 0.021074810741883387
3672 0.3938990243502733
3673 1.540118028748469
3674 2.1599493009879702
3675 2.8538971797597132
3676 2.562222935578937
3677 2.4900349818957133
3678 1.7555085192809996
3679 1.0313297658368703
3680 0.17807922787466335
3681 0.11633623826138687
3682 1.1123083509417107
3683 1.2996777831799995
3684 2.168279877926548
3685 2.2641214037820445
3686 1.8424112626024955
3687 2.2451678290978196
3688 2.4996839633025676
3689 2.276032306378678
3690 1.4359514633567056
3691 0.570742604538584
3692 0.030006869509604222
3693 0.09703191251322099
3694 0.5479609201785265
3695 1.5139061449205797
3696 1.7885354197338468
3697 2.6407494636864235
3698 4.103104089602023
3699 3.0098721885752804
3700 2.7715607693788264
3701 2.33683670338031
3702 2.42623106591413
3703 3.1899594530303745
3704 3.2518832210544124
3705 3.000925312604525
3706 3.741168521515103
3707 4.046591396490754
3708 3.5840779476795768
3709 2.8145928943192517
3710 2.1783523442356296
3711 1.6672636036625896
3712 0.00013478575044962077
3713 0.1718550220163385
3714 0.6276759630984411
3715 0.31124117613120444
3716 0.0004249780137907297
3717 0.09070484334128436
3718 0.007585692881204395
3719 0.0034282745375544305
3720 0.04445565429590415
3721 0.10659082785305808
3722 0.20086396896453176
3723 0.5800243395034563
3724 0.5297670326063698
3725 0.6873459735747881
3726 0.36950862851676547
3727 0.5182359144332205
3728 0.8448514714449123
3729 0.5619936762599362
3730 0.4820578054912689
3731 0.06242783711013719
3732 0.02537176688050346
3733 0.0005150187266014898
3734 0.04526187226765864
3735 0.349935045042455
3736 0.6797231358892303
3737 1.4005870578080253
3738 1.7976509969713932
3739 1.3410971649955548
3740 2.091972078790499
3741 1.237587930348801
3742 1.6811344330450144
3743 0.9161358290710674
3744 0.18267290926333798
3745 0.25101771234303344
3746 0.7952148179276252
3747 1.3974284935651413
3748 1.3380376332113504
3749 1.0126703231062604
3750 0.9195540222388884
3751 1.6213052483528185
3752 2.2985179499144195
3753 1.3152210682127345
3754 0.4386236069104077
3755 0.07820648435051791
3756 0.06801977058611089
3757 0.2588004397995184
3758 0.5472605430029805
3759 1.4392345234437287
3760 1.735347319077986
3761 2.1905486505389344
3762 3.187128834231739
3763 3.829139014973264
3764 3.441127613918497
3765 3.076591915985681
3766 2.618748478355366
3767 3.596846829192917
3768 3.7569305422529915
3769 2.4087021518135234
3770 2.59284792103048
3771 3.306581404431506
3772 3.306706796940531
3773 2.8442865843183642
3774 2.9042983256821375
3775 1.523040661654154
3776 0.003044487961072869
3777 0.41580475543769124
3778 1.1486947280862634
3779 0.42255456061928315
3780 0.016403706853106895
3781 0.2812823242766412
3782 0.06730155583170241
3783 0.09689701862588947
3784 0.000834965073188874
3785 0.026926479380455587
3786 0.00013204110069130827
3787 0.26460534451710366
3788 0.4787303043557681
3789 0.8230066707205036
3790 0.35711638561617154
3791 0.3291256029739816
3792 0.7047842835644675
3793 0.11987302243889891
3794 0.3394380208152991
3795 0.13632746635131862
3796 0.00977482272925549
3797 0.29667642224506907
3798 0.3401147445082647
3799 0.058400411524448734
3800 0.1343220083458731
3801 0.644203734616016
3802 1.3817024551879786
3803 0.713946418923194
3804 0.525703868478431
3805 0.1964260677237424
3806 0.6056139980456092
3807 0.3745368266749019
3808 0.002655512642147607
3809 0.0027100180786127676
3810 0.017557768665013507
3811 0.10612202859748279
3812 0.41569697536463956
3813 0.7532401822442212
3814 0.8461001835325298
3815 0.6991168451390055
3816 0.5914847384665224
3817 0.13547218297860317
3818 0.06723281503953411
3819 0.1078222570953086
3820 0.7633907589869764
3821 0.49013883808054426
3822 1.2824243713158805
3823 1.999162718952386
3824 1.4898974887770373
3825 2.136220423595473
3826 2.591449622879494
3827 3.859731460426802
3828 3.9024342334635524
3829 4.243053672512255
3830 4.342126784933639
3831 3.680504405862018
3832 2.700212957332865
3833 3.503232515238992
3834 3.979607664844766
3835 3.6015727969295352
3836 3.007469345324097
3837 3.7297401820760228
3838 3.8232860558425195
3839 1.9920565945694773
3840 0.10571081063589775
3841 0.7186349315422256
3842 1.129953152072964
3843 0.7427714119755466
3844 0.2145999640026874
3845 0.054154502461467864
3846 0.1740140119038426
3847 0.4165899793269625
3848 0.27005357071783503
3849 0.2593217001774112
3850 0.08257919951114176
3851 0.19791655677469858
3852 0.20382498179189132
3853 0.6133239343786508
3854 0.8561565994270449
3855 0.4785252433978328
3856 0.28704638513855274
3857 0.020267710630854155
3858 0.12584344123837904
3859 0.4920983404334812
3860 0.02953382131060929
3861 0.5415151751702019
3862 0.936139555002069
3863 0.6887168268570548
3864 0.18085291371687823
3865 0.25916776802462427
3866 0.6709035911449686
3867 0.9065348895570889
3868 0.35828366476311235
3869 0.04411107509424738
3870 0.06149925270429332
3871 0.09067914657715996
3872 0.011619505685413005
3873 0.02969849319429673
3874 0.025044844219938387
3875 0.04895318254928526
3876 0.15591355935751106
3877 0.590066440804902
3878 0.2422094875587614
3879 0.3862056789924359
3880 0.01694697145140735
3881 0.02750954125162049
3882 0.05743741546896551
3883 0.005668931999130801
3884 0.3906934086574658
3885 0.4893149467451652
3886 0.8429781445650614
3887 0.9032716032409827
3888 0.8131637798038754
3889 1.2964827121978884
3890 2.5805509495703696
3891 5.919560282914111
3892 5.96858674676581
3893 4.210952887908383
3894 2.7747888525597992
3895 2.2250744003903318
3896 2.226441152370875
3897 2.871644720765508
3898 3.0859343154475445
3899 3.187960839308907
3900 2.946053643546671
3901 2.3760079271105496
3902 2.441797184567984
3903 1.3231495933657356
3904 0.0528588527658914
3905 0.2458452877601241
3906 0.7650543502148088
3907 0.5435993118585278
3908 0.48956574244997597
3909 0.06129742885804352
3910 0.29826934542732136
3911 0.8947104389649737
3912 1.8925697644362198
3913 1.6144093712290961
3914 1.165406065932143
3915 0.517010488142683
3916 0.0945502907732876
3917 0.018062388088008037
3918 0.17923593416942554
3919 0.2860140213865417
3920 0.534707915792715
3921 0.8373886555761223
3922 0.17955038767621972
3923 0.4082711234510066
3924 0.4548940437385535
3925 0.002166161582854664
3926 0.27787678727511317
3927 0.09426082392319732
3928 0.02471339932639349
3929 0.04270241562076281
3930 0.6078626798539121
3931 1.3638429430896515
3932 0.9157580050375265
3933 0.6121065932893258
3934 0.6545538095890732
3935 0.3152244623113908
3936 0.10045996106766708
3937 0.14349320238054378
3938 0.24029339207294415
3939 0.11212718531516672
3940 0.1646790706448188
3941 0.04906280913202018
3942 0.00024125859926785325
3943 0.0005637829065157616
3944 0.003541892370148911
3945 0.000493663797197264
3946 0.01306881871998266
3947 0.008229440398329482
3948 0.1894423192662548
3949 0.14081128018619654
3950 0.15962108049892693
3951 0.5934251932087952
3952 0.7809040539968678
3953 1.2551141370943661
3954 2.92799271561855
3955 4.724198636533382
3956 4.194675966601662
3957 2.8948469387286035
3958 2.895000620501566
3959 2.4283539970670063
3960 1.8633679225272872
3961 1.5139956143099056
3962 1.9632379523939305
3963 2.2692912871075968
3964 2.9749840028405865
3965 3.050035170811256
3966 2.698691404996758
3967 2.4496139939775823
3968 0.19041671648736438
3969 0.16482832646548143
3970 0.27045216342964234
3971 0.4077116803659761
3972 0.10328685696820628
3973 0.0368642507597453
3974 0.008081964949347814
3975 0.1658788711259124
3976 0.25422721987033786
3977 0.23437271304210638
3978 0.15905005935760436
3979 0.08565688463534564
3980 0.004289908085671653
3981 0.11007686964564381
3982 0.09337602293349279
3983 0.45067642067852176
3984 1.0260117277281586
3985 0.7190829588821366
3986 0.32502800220274763
3987 0.14413674930554904
3988 0.007054288380772354
3989 0.05273826987304527
3990 0.047643783672042236
3991 0.11686140434109715
3992 0.03865884437881556
3993 0.2330920830779556
3994 1.3302282275120012
3995 1.4727542615103082
3996 1.4491211511940374
3997 1.4745110034000224
3998 1.378660078917599
3999 1.0285161164740888
4000 1.1757194763671905
4001 0.6415692278117476
4002 0.42910731450799305
4003 0.11004928889454542
4004 0.030835627966778315
4005 0.03711857110940922
4006 0.03396040645079033
4007 0.0002172822805127301
4008 0.010408012250428202
4009 0.00851079117565937
4010 0.0015055849632911362
4011 0.02618134583372098
4012 0.06994065316040156
4013 0.07289088928894395
4014 0.31706803599811134
4015 0.6873460505619174
4016 1.2114460398830613
4017 1.982104353009643
4018 3.416000782456703
4019 4.422472885369544
4020 2.895770782549572
4021 3.002751907619004
4022 2.5903124633860783
4023 3.0531421486138313
4024 2.557267378736851
4025 2.396056009929154
4026 2.2722889048884762
4027 2.5926598493891926
4028 3.7574293924015647
4029 5.503106622682417
4030 4.764782416352876
4031 4.231724868654911
4032 1.01295254979363
4033 0.8406177689844612
4034 0.5523742522264998
4035 0.22932226321658308
4036 0.18714998311149433
4037 0.11599539238807463
4038 0.540520057673305
4039 0.17374138684983045
4040 0.21316738312369599
4041 0.42011728017283245
4042 0.10766877387418439
4043 0.0042826679410252
4044 0.020694578356713657
4045 0.08457557193763314
4046 0.39519076228493916
4047 0.034624041102763174
4048 0.0008831905970521812
4049 0.03232849156874376
4050 0.03917895839014632
4051 0.08044158517934982
4052 6.205050947765388e-05
4053 0.0023805004055281083
4054 0.01185003587201267
4055 0.0003050120028868842
4056 0.010492033546895782
4057 0.047291931600259934
4058 0.35564594110956527
4059 1.1354365907399917
4060 1.0295047695591808
4061 1.237314683614638
4062 1.5157193857682123
4063 1.3109192766429179
4064 1.685128342028618
4065 1.0450623315065055
4066 0.45615241419476743
4067 0.016812257165258155
4068 0.0005766204339389256
4069 0.028071667147136773
4070 0.00025579475931045853
4071 0.0074311235007579425
4072 0.007313084124984304
4073 1.0863872001340905e-05
4074 0.00030663298801080705
4075 0.043666836927656744
4076 0.21643862353811616
4077 0.5042950259071387
4078 1.0509846808354548
4079 1.269310310244514
4080 1.9975754335912281
4081 3.4242514665889447
4082 3.6957690869636677
4083 6.178425877364192
4084 3.4617910510426566
4085 3.517515304138104
4086 3.2398488657730846
4087 3.601835011304906
4088 3.541669394712604
4089 3.1209014429221726
4090 3.297130377254761
4091 3.2082000546957175
4092 3.666857777336377
4093 3.4621215545083284
4094 2.8437823896199417
4095 2.524488810002352
