 0
0 0.0
1 0.0
2 0.0
3 0.0
4 0.0
5 0.0
6 0.0
7 0.0
8 0.0
9 0.0
10 0.0
11 0.0
12 0.0
13 0.0
14 -0.00025068365853812775
15 0.0
16 0.0
17 0.0
18 0.0
19 0.0
20 0.0
21 0.0
22 -0.0006258837273011631
23 0.0
24 0.0
25 0.0
26 0.0
27 0.0
28 0.0
29 0.0
30 0.0
31 0.0
32 0.0
33 0.0
34 0.0
35 0.0
36 0.0
37 0.0
38 0.0
39 0.0
40 0.0
41 0.0
42 0.0
43 0.0
44 0.0
45 0.0
46 0.0
47 0.0
48 0.0
49 0.0
50 0.0
51 0.0
52 0.0
53 0.0
54 0.0015142289607008594
55 0.000273894860470346
56 0.0
57 0.0
58 0.0
59 0.0
60 0.0
61 0.0
62 0.0
63 0.0
64 0.0
65 0.0
66 0.0
67 0.0
68 0.0
69 0.0
70 0.0
71 0.0
72 0.0
73 0.0
74 0.0
75 0.0
76 0.0
77 0.0
78 0.0
79 -0.0007602576429736589
80 -0.0004573714537035103
81 -0.00042716583492463753
82 0.0
83 -0.000623635737570084
84 -0.0005463266509782613
85 -0.0011146751916057173
86 -0.0008853150430812896
87 -0.0005666663855244313
88 0.0
89 0.0
90 0.0
91 0.0
92 0.0
93 0.0
94 0.0
95 0.0
96 0.0
97 0.0
98 0.0
99 0.0
100 0.0
101 0.0
102 0.0
103 0.0
104 0.0
105 0.0
106 -8.360328225532991e-05
107 -0.0005550189766928367
108 -0.0017861648058054586
109 -0.00287669793787303
110 0.0
111 0.0
112 0.0
113 0.0
114 0.0
115 0.0
116 0.0
117 0.0
118 0.0004160591591942629
119 0.0
120 0.0
121 0.0
122 0.0
123 0.0
124 0.0
125 0.0
126 0.0
127 0.0
128 0.0
129 0.0
130 0.0
131 0.0
132 0.0
133 0.0
134 0.0
135 0.0
136 0.0
137 0.0
138 0.0
139 0.0
140 0.0
141 0.0
142 0.0
143 0.0
144 0.0
145 0.0
146 0.0
147 0.0
148 -8.005737985036848e-05
149 -0.00020141674779254156
150 -0.00032273097254418654
151 0.0
152 0.0
153 0.0
154 0.0
155 0.0
156 0.0
157 0.0
158 0.0
159 0.0
160 0.0
161 0.0
162 0.0
163 0.0
164 0.0
165 0.0
166 0.0
167 0.0
168 0.0
169 0.0
170 -0.0010619413655737397
171 -0.0028890298934209436
172 -0.0030347912842312416
173 -0.003484796107959831
174 -0.0005507165326941274
175 0.0
176 0.0
177 -2.767214958617016e-05
178 -8.845821309559659e-05
179 0.0
180 0.0
181 0.0
182 0.0
183 0.0
184 0.0
185 0.0
186 0.0
187 0.0
188 0.0
189 0.0
190 0.0
191 0.0
192 0.0
193 0.0
194 0.0
195 0.0
196 0.0
197 0.0
198 0.0
199 0.0
200 0.0
201 0.0
202 0.0006487023481234147
203 0.0
204 0.0
205 0.0
206 0.0
207 0.0
208 0.0
209 0.0
210 0.0
211 0.0
212 0.0
213 0.0
214 0.0
215 0.0
216 0.0
217 0.0
218 0.0
219 0.0
220 0.0
221 0.0
222 0.0
223 0.0
224 0.0
225 0.0
226 0.0
227 0.0
228 0.0
229 0.0
230 0.0
231 0.0
232 0.0
233 0.0
234 0.0
235 0.0
236 0.0
237 0.0
238 0.0
239 0.0
240 0.0
241 0.0
242 0.0
243 0.0
244 0.0
245 0.0
246 0.0
247 0.0
248 0.0
249 0.0
250 0.0
251 0.0
252 0.0
253 0.0
254 0.0
255 0.0
256 0.0
257 0.0
258 0.0
259 0.0
260 0.002318136991615371
261 0.0
262 0.0
263 0.0
264 0.0
265 0.0
266 0.00025610532405236997
267 0.0
268 0.0
269 0.0
270 0.0
271 0.0015724964601292765
272 0.0017841253779879497
273 0.0
274 0.0
275 0.0001949907028839153
276 0.0
277 0.0
278 0.0
279 0.0
280 0.0
281 0.0
282 0.0
283 0.0
284 0.0
285 0.0
286 0.0
287 0.0
288 0.0
289 0.0
290 0.0
291 0.0
292 0.0
293 0.0
294 0.0
295 0.0
296 0.0
297 0.0
298 0.0
299 0.0
300 0.0
301 0.0
302 0.0
303 0.0
304 0.0
305 0.0
306 0.0
307 0.0
308 0.0
309 0.0
310 0.0
311 0.0
312 0.0
313 0.0
314 0.0
315 0.0
316 0.0
317 0.0
318 0.0
319 0.0
320 0.0
321 0.0
322 0.0
323 0.0
324 0.0
325 0.0
326 0.0
327 0.0
328 0.0
329 0.0
330 0.0
331 0.0
332 0.0
333 0.0
334 0.0
335 0.0
336 2.070127838916513e-05
337 0.0
338 0.000992827971230686
339 0.00019112565489640368
340 0.0002829716070552207
341 0.0
342 0.0
343 0.0
344 0.0
345 0.0
346 0.0
347 0.0
348 0.0
349 0.0
350 0.0
351 0.0
352 0.0
353 0.0
354 0.0
355 0.0
356 0.0
357 0.0
358 0.0
359 0.0
360 0.0
361 0.0
362 0.0012294598628798579
363 0.00010005633374421958
364 0.0
365 0.0
366 0.0
367 0.0
368 0.0
369 0.0
370 0.0
371 0.0
372 0.0
373 0.0
374 0.0
375 0.0
376 0.0
377 0.0
378 0.0
379 0.0
380 0.0
381 0.0
382 0.0
383 0.0
384 0.0
385 0.0
386 0.0
387 0.0
388 0.0
389 0.0
390 0.0
391 0.0
392 0.0
393 0.0
394 0.0
395 0.0
396 0.0
397 0.0
398 0.0
399 0.0
400 0.0
401 0.0
402 0.0001602850478500507
403 0.0
404 0.0
405 0.0
406 8.034187651346021e-05
407 0.0
408 0.0
409 0.0
410 0.0
411 0.0
412 0.0
413 0.0
414 0.0
415 0.0
416 -0.0011602921041772435
417 0.0
418 0.0
419 0.0
420 0.0
421 0.0
422 0.0
423 0.0
424 0.0
425 0.0
426 0.0017821189253969486
427 0.0
428 0.0
429 0.0
430 0.0
431 0.000668446366294765
432 0.0
433 0.0
434 0.0
435 0.0
436 0.0
437 0.0
438 0.0
439 0.0
440 0.0
441 0.0
442 0.0
443 0.0
444 0.0
445 0.0
446 0.0
447 0.0
448 0.0
449 0.0
450 0.0
451 0.0
452 0.0
453 0.0
454 0.0
455 0.0
456 0.0
457 0.0
458 0.0
459 0.0
460 0.0
461 0.0
462 0.0
463 0.0
464 0.0
465 0.0
466 0.0
467 0.0
468 0.0
469 0.0
470 0.0003182782413987504
471 0.0010137614298192273
472 0.0
473 0.0
474 0.0
475 0.0
476 0.0
477 0.0
478 0.0
479 0.0
480 0.0
481 0.0
482 0.0
483 0.0
484 0.0
485 0.0
486 0.0
487 0.0
488 0.0
489 0.0
490 0.0
491 0.0
492 0.0
493 0.0
494 0.0
495 0.0
496 0.0
497 0.0
498 0.0
499 0.0
500 0.0
501 0.0
502 0.0
503 0.0
504 0.0
505 0.0
506 0.0
507 0.0
508 0.0
509 0.0
510 0.0
511 0.0
512 0.0
513 0.0
514 0.0
515 -0.0008176440380475286
516 0.0
517 0.0
518 0.0
519 0.0
520 0.0
521 0.0
522 0.0
523 0.0
524 0.0
525 0.0
526 -0.0008536118296541495
527 0.0
528 -0.0006111977581670445
529 0.0
530 0.0
531 0.0
532 0.0
533 0.0
534 0.0
535 0.0
536 0.0
537 0.0
538 0.0
539 0.0
540 0.0
541 0.0
542 0.0
543 0.0
544 0.0
545 0.0
546 0.0
547 0.0
548 0.0
549 -0.00024184327459249124
550 -0.0004802650624683933
551 0.0
552 0.0
553 0.0
554 0.0
555 0.0
556 0.0
557 0.0
558 0.0
559 0.0
560 0.0
561 0.0
562 0.0
563 0.0
564 0.0
565 0.0
566 0.0
567 0.0
568 0.0
569 0.0
570 0.0
571 0.0
572 0.0
573 0.0
574 0.0
575 0.0
576 0.0
577 0.0
578 0.0
579 -0.00012771465178731159
580 0.0
581 0.0
582 0.0
583 0.0
584 0.0
585 0.0
586 0.0
587 0.0
588 0.0
589 -0.0002653628256680851
590 -0.0007937460446089024
591 -0.00130046094035365
592 -0.0013414159718316274
593 -0.000504208872697186
594 0.0
595 0.0
596 0.0
597 0.0
598 0.0
599 0.0
600 0.0
601 0.0
602 0.0
603 0.0
604 0.0
605 0.0
606 0.0
607 0.0
608 0.0
609 0.0
610 0.0
611 0.0
612 0.0
613 -0.0018871947126342205
614 -0.0011425222058910039
615 0.0
616 0.0
617 0.0
618 0.0
619 0.0
620 0.0
621 0.0
622 0.0
623 0.0
624 0.0
625 0.0
626 0.0
627 0.0
628 0.0
629 0.0
630 0.0
631 0.0
632 0.0
633 0.0
634 0.0
635 0.0
636 0.0
637 0.0
638 0.0
639 0.0
640 0.0
641 0.0
642 0.0
643 0.0
644 0.0
645 0.0
646 0.0
647 0.0
648 0.0
649 0.0
650 0.0
651 0.0
652 0.0
653 0.0
654 0.0
655 -0.0004360843408332842
656 0.0
657 -0.0007424095406467817
658 0.0
659 0.0
660 0.0
661 0.0
662 0.0
663 0.0
664 0.0
665 0.0
666 0.0
667 0.0
668 0.0
669 0.0
670 0.0
671 0.0
672 0.0
673 0.0
674 0.0
675 0.0
676 0.0
677 0.0
678 -0.0011388462092542914
679 -0.0010195764129048161
680 0.0
681 0.0
682 0.0
683 0.0
684 0.0
685 0.0
686 0.0
687 0.0
688 0.0
689 0.0
690 0.0
691 0.0
692 0.0
693 0.0
694 0.0
695 0.0
696 0.0
697 0.0
698 0.0
699 0.0
700 0.0
701 0.0
702 0.0
703 0.0
704 0.0
705 0.0
706 0.0
707 0.0
708 0.0
709 0.0
710 0.0
711 0.0
712 0.0
713 0.0
714 0.0
715 0.0
716 0.0
717 0.0
718 0.0
719 0.0
720 -0.0005820257032893787
721 0.0
722 0.0
723 0.0
724 0.0
725 0.0
726 0.0
727 0.0
728 0.0
729 0.0
730 0.0
731 0.0
732 0.0
733 0.0
734 0.0
735 0.0
736 0.0
737 0.0
738 0.0
739 0.0
740 0.0
741 0.0
742 0.0
743 0.0
744 0.0
745 0.0
746 0.0
747 0.0
748 0.0
749 0.0
750 0.0
751 0.0
752 0.0
753 0.0
754 0.0
755 0.0
756 0.0
757 0.0
758 0.0
759 0.0
760 0.0
761 0.0
762 0.0
763 0.0
764 0.0
765 0.0
766 0.0
767 0.0
768 0.0
769 0.0
770 0.0
771 0.0
772 0.0
773 0.0
774 0.0
775 0.0
776 0.0
777 0.0
778 0.0
779 0.0
780 0.0
781 0.0
782 0.0
783 0.0
784 0.0
785 0.0
786 0.0
787 0.0
788 0.0
789 0.0
790 -0.0033026346449116636
791 -0.001468414798526011
792 -0.0012654539198782855
793 -8.214316190797999e-05
794 -0.0016783087812198081
795 -0.0025515998021592937
796 0.0
797 0.0
798 0.0
799 0.0
800 0.0
801 0.0
802 0.0
803 0.0
804 0.0
805 0.0
806 -0.0012470468552372863
807 -0.0008804570006968965
808 0.0
809 0.0
810 0.0
811 0.0
812 0.0
813 0.0
814 0.0
815 0.0
816 0.0
817 0.0
818 0.0
819 0.0
820 0.0
821 0.0
822 0.0
823 0.0
824 0.0
825 0.0
826 0.0
827 0.0
828 0.0
829 0.0
830 0.0
831 0.0
832 0.0
833 0.0
834 0.0
835 0.0
836 0.0
837 0.0
838 0.0
839 0.0
840 0.0
841 0.0
842 0.0
843 0.0
844 0.0
845 0.0
846 0.0
847 0.0
848 0.0
849 0.0
850 0.0
851 0.0
852 0.0
853 -0.0020586856622878355
854 -0.0018653815673686275
855 -0.0002465943641778965
856 -0.0008536700132182034
857 -7.532071895919325e-05
858 -0.0008103933329943543
859 -0.00421141706724379
860 -5.661435537123408e-05
861 0.0
862 0.0
863 0.0
864 0.0
865 0.0
866 0.0
867 0.0
868 0.0
869 0.0
870 0.0
871 0.0
872 0.0
873 0.0
874 0.0
875 0.0
876 0.0
877 0.0
878 0.0
879 0.0
880 0.0
881 0.0
882 0.0
883 0.0
884 0.0
885 0.0
886 -8.639426823017856e-05
887 0.0
888 0.0
889 0.0
890 0.0
891 0.0
892 0.0
893 0.0
894 0.0
895 0.0
896 0.0
897 0.0
898 0.0006717359291608864
899 0.0
900 0.0
901 0.0
902 0.0
903 0.0
904 0.0
905 0.0
906 0.0
907 0.0
908 0.0
909 0.0
910 0.0
911 0.0
912 0.0
913 0.0
914 0.0
915 0.0
916 0.0
917 -0.00017090594783039794
918 -0.0014429112727420662
919 -0.0004359747295140891
920 0.0
921 0.0
922 0.0
923 0.0
924 0.0
925 0.0
926 0.0
927 0.0
928 0.0
929 0.0
930 0.0
931 0.0
932 0.0
933 0.0
934 -0.0002677008962376744
935 0.0
936 0.0
937 0.0
938 0.0
939 0.0
940 0.0
941 0.0
942 0.0
943 0.0
944 -0.00032762696255136817
945 -4.443192657604703e-05
946 -0.0004251186175111077
947 0.0
948 0.0
949 0.0
950 0.0
951 -0.0002711324364775591
952 -0.001948480647493346
953 -0.001105702033652802
954 -0.00024547429260876217
955 0.0
956 0.0
957 0.0
958 0.0
959 0.0
960 0.0
961 0.0
962 0.0008802075835244678
963 0.00021867180082409552
964 0.0
965 -7.97860613431376e-05
966 0.0
967 0.0
968 0.0
969 0.0
970 0.0
971 6.47595907589768e-05
972 0.00044706446576994296
973 0.0
974 0.0
975 2.339667742730638e-05
976 0.0
977 0.0
978 0.0
979 0.0
980 -6.304670100024386e-05
981 -0.0009585161233859516
982 -0.0012016249027523775
983 -0.00014883204735979726
984 0.0
985 0.0
986 0.0
987 0.0
988 -0.0010318192641089008
989 -0.0015054567112420694
990 -0.0003829933435521084
991 -0.0005380807951039987
992 0.0
993 0.0
994 0.0
995 0.0
996 0.0
997 0.0
998 -0.00042399503714932315
999 -0.0020271384058465516
1000 0.0
1001 0.0
1002 0.0
1003 0.0
1004 0.0
1005 0.0
1006 0.0
1007 0.0
1008 0.0
1009 0.0
1010 0.0
1011 0.0
1012 0.0
1013 0.0
1014 0.0
1015 -0.0006664125778248178
1016 -0.0018011384632587034
1017 -0.0018296938937519022
1018 0.0
1019 0.0
1020 0.0
1021 0.0
1022 0.0
1023 0.0
1024 0.0
1025 0.0
1026 0.0008085721832716173
1027 0.0
1028 0.0
1029 0.0
1030 0.0
1031 0.0
1032 -0.00016413404448874594
1033 0.0
1034 0.0
1035 0.0
1036 0.0007866950995956361
1037 0.0013004107686057265
1038 0.0008283206112502281
1039 0.0
1040 0.0
1041 0.0
1042 0.0
1043 0.0
1044 -0.00010428392612587445
1045 0.0
1046 -0.002271523448381759
1047 -0.0012712669963482472
1048 0.0
1049 0.0
1050 0.0
1051 -0.0025706482544940266
1052 -0.003777038490522795
1053 -0.0025623222373090436
1054 -0.0014233457479355352
1055 0.0
1056 0.0
1057 0.0
1058 0.0
1059 0.0
1060 0.0
1061 0.0
1062 -0.00039439895354565423
1063 0.0
1064 0.0
1065 0.0
1066 0.0
1067 0.0
1068 0.0
1069 0.0
1070 0.0
1071 0.0
1072 0.0
1073 0.0
1074 0.0
1075 0.0
1076 0.0
1077 0.0
1078 0.0
1079 0.0
1080 -0.001011486259214552
1081 -0.0014505656931570038
1082 -8.115792226638125e-06
1083 0.0
1084 0.0
1085 0.0
1086 0.0
1087 0.0
1088 0.0
1089 0.0
1090 0.0
1091 0.0
1092 0.0006453698818261718
1093 0.0
1094 0.0
1095 -0.0014457184449992316
1096 -0.0017863948225080688
1097 0.0
1098 0.0
1099 0.0
1100 0.0
1101 0.0015816633795274048
1102 0.0
1103 0.0
1104 0.0
1105 0.0
1106 0.0
1107 0.0
1108 0.0
1109 0.0
1110 0.0
1111 -0.0004815196824957598
1112 0.0
1113 0.0
1114 0.0
1115 -0.0008636019028537342
1116 -0.004405995550272041
1117 -0.00349555505033599
1118 -0.0016417867081688136
1119 0.0
1120 0.0
1121 0.0
1122 0.0
1123 0.0
1124 0.0
1125 0.0
1126 0.0
1127 0.0
1128 0.0
1129 0.0
1130 0.0
1131 0.0
1132 0.0
1133 0.0
1134 0.0
1135 0.0
1136 0.0
1137 0.0
1138 0.0
1139 0.0
1140 0.0
1141 -1.5857003775357408e-05
1142 0.0
1143 0.0
1144 0.0
1145 0.0
1146 0.0
1147 0.0
1148 0.0
1149 0.0
1150 0.0
1151 0.0
1152 0.0
1153 0.0
1154 0.0
1155 0.0
1156 0.0
1157 0.0
1158 0.0
1159 0.0
1160 0.0
1161 -0.0006164969165470954
1162 -7.017789974934227e-06
1163 0.0
1164 0.0
1165 0.0
1166 0.0
1167 0.0
1168 0.0
1169 0.0
1170 0.0
1171 0.0
1172 0.0
1173 0.0
1174 0.0
1175 0.0
1176 0.0
1177 0.0
1178 0.0
1179 0.0
1180 0.0
1181 -0.0018009484290221033
1182 0.0
1183 0.0
1184 0.0
1185 0.0
1186 0.0008063289036351262
1187 0.0029565966555523803
1188 0.0
1189 -0.0007032133672577483
1190 -0.0025649961761441144
1191 0.0
1192 0.0
1193 0.0
1194 0.0
1195 0.0
1196 0.0
1197 0.0
1198 0.0
1199 0.0
1200 0.0
1201 0.0
1202 0.0
1203 0.0
1204 0.0
1205 -0.00038343599115894474
1206 0.0
1207 0.0
1208 0.0
1209 0.0
1210 0.0
1211 0.0
1212 0.0
1213 0.0
1214 0.0
1215 0.0
1216 0.0
1217 0.0
1218 0.0
1219 0.0
1220 0.0
1221 0.0
1222 0.0
1223 0.0
1224 0.0
1225 0.0
1226 -0.0005561606653863516
1227 -0.00014129150515861802
1228 -0.0005872521914438147
1229 0.0
1230 0.0
1231 0.0
1232 0.0
1233 0.0
1234 0.0
1235 0.0
1236 0.0
1237 0.0
1238 0.0
1239 0.0
1240 0.0
1241 0.0
1242 0.0
1243 0.0
1244 0.0
1245 0.0
1246 0.0
1247 0.0
1248 0.0010094080240021484
1249 0.0033179394663155263
1250 0.004852933475575983
1251 0.0026375228043301548
1252 0.0
1253 0.0
1254 0.0
1255 0.0
1256 0.0
1257 0.0
1258 0.0
1259 0.0
1260 0.0
1261 0.0
1262 0.0
1263 0.0
1264 0.0
1265 0.0
1266 0.0
1267 -0.00019857463716273476
1268 -0.0001419528070445349
1269 -9.30460670538121e-06
1270 -0.00022541463438489404
1271 0.0
1272 0.0
1273 0.0
1274 0.0
1275 0.0
1276 0.0
1277 0.0
1278 0.0
1279 0.0010970016292433003
1280 0.0
1281 0.0
1282 0.0
1283 0.0
1284 0.0
1285 0.0
1286 0.0
1287 0.0
1288 0.0
1289 0.0
1290 0.0
1291 -0.00011926532718098336
1292 -0.0007063285432413525
1293 -0.0011588477558885986
1294 0.0
1295 0.0
1296 0.0
1297 0.0
1298 0.0
1299 0.0
1300 0.0
1301 0.0
1302 0.0
1303 0.0
1304 0.0
1305 0.0
1306 0.0
1307 0.0
1308 0.0
1309 0.0
1310 0.0
1311 0.0
1312 0.0
1313 0.00506046978948902
1314 0.009118024857879754
1315 0.002465596024084021
1316 0.0
1317 0.0
1318 0.0
1319 0.0
1320 -0.0011355956498469136
1321 -0.0009644428751624836
1322 0.0
1323 0.0
1324 0.0
1325 0.0
1326 0.0
1327 0.0
1328 0.0
1329 0.0
1330 0.0
1331 0.0
1332 0.0
1333 -9.012601220665017e-05
1334 -0.00028426236871671013
1335 0.0
1336 0.0
1337 0.0
1338 0.0
1339 0.0
1340 0.0
1341 0.0
1342 0.0
1343 0.0
1344 0.0
1345 0.0
1346 0.0
1347 0.0
1348 0.0
1349 0.0
1350 0.0
1351 0.0
1352 0.0
1353 0.0
1354 0.0
1355 0.0
1356 0.0
1357 0.0
1358 0.0
1359 0.0
1360 0.0
1361 0.0
1362 0.0
1363 0.0
1364 0.0
1365 0.0
1366 0.00011828914635885228
1367 0.001475334469562754
1368 0.0
1369 0.0
1370 0.0
1371 -0.0009699160736783042
1372 0.0
1373 0.0
1374 0.0
1375 0.0
1376 0.0
1377 0.0028330040182384096
1378 0.006529470676447421
1379 0.0006156824800152347
1380 0.0
1381 0.0
1382 0.0
1383 0.0
1384 -0.0002512318695918839
1385 0.0
1386 -0.00046698581260812565
1387 0.0
1388 0.0
1389 0.0
1390 0.0
1391 0.0
1392 0.0
1393 0.0
1394 0.0
1395 0.0
1396 0.0
1397 0.0
1398 -0.0025161273492330717
1399 0.0
1400 0.0
1401 0.0
1402 0.0
1403 0.0
1404 0.0
1405 0.0
1406 0.0
1407 0.0
1408 0.0
1409 0.0
1410 0.0
1411 0.0
1412 0.0
1413 0.0
1414 0.0
1415 0.0
1416 0.0
1417 0.0
1418 0.0
1419 0.0
1420 0.0
1421 0.0
1422 0.0
1423 0.0
1424 0.0
1425 0.001171026840965673
1426 0.0
1427 0.0
1428 0.0
1429 0.0
1430 0.0010133568597815645
1431 0.0005623198450690624
1432 0.0
1433 0.0
1434 0.0
1435 0.0
1436 0.0
1437 0.0
1438 0.0
1439 0.0
1440 0.0
1441 0.0015141501982927003
1442 0.001839437395413042
1443 0.0
1444 0.0
1445 0.0
1446 0.0
1447 0.0
1448 0.0
1449 0.0
1450 -0.0010174235624217545
1451 0.0
1452 0.0
1453 0.0
1454 0.0
1455 0.0
1456 0.0
1457 0.0
1458 0.0
1459 0.0
1460 0.0
1461 0.0
1462 -0.0025046656490813014
1463 -0.0005842598258688911
1464 0.0
1465 0.0
1466 0.0
1467 0.0
1468 0.0
1469 0.0
1470 0.0
1471 0.0
1472 0.0
1473 0.0
1474 0.0
1475 0.0
1476 0.0
1477 0.0
1478 0.0
1479 0.0
1480 0.0
1481 0.0
1482 0.0
1483 0.0
1484 0.0
1485 0.0
1486 0.0007036407334030905
1487 0.0
1488 0.0
1489 1.4593878581642362e-05
1490 0.0
1491 0.0
1492 0.0
1493 0.0
1494 0.0018177244350688205
1495 0.00026868420634998825
1496 0.0
1497 0.0
1498 0.0
1499 0.0
1500 0.0
1501 0.0
1502 0.0
1503 0.0
1504 0.0
1505 0.0
1506 0.0
1507 0.0
1508 0.0
1509 9.882254038977053e-05
1510 0.001174012913013219
1511 0.0
1512 0.0
1513 0.0
1514 0.0
1515 -2.183652824690115e-06
1516 0.0
1517 0.0
1518 0.0
1519 0.0
1520 0.0
1521 0.0005364404494651181
1522 0.0
1523 0.0
1524 0.0
1525 0.0
1526 0.0
1527 0.0
1528 0.0
1529 0.0
1530 0.0
1531 0.0
1532 0.0
1533 0.0
1534 0.0
1535 0.0001362182772296449
1536 0.00026617010460939464
1537 0.0
1538 0.0
1539 0.0
1540 0.0
1541 0.0
1542 0.0
1543 0.0
1544 0.0
1545 0.0
1546 0.0
1547 0.0
1548 0.0
1549 0.0
1550 0.0
1551 0.0
1552 0.0
1553 0.0010042654157953114
1554 0.00019277425374545395
1555 0.0
1556 0.0
1557 0.0
1558 0.0012902401904485348
1559 0.0009584402146633828
1560 0.0
1561 0.00011717590098372624
1562 0.0
1563 0.0
1564 -0.0008739511763571656
1565 0.0
1566 0.0
1567 0.0
1568 0.0
1569 0.0
1570 0.0006749167111817593
1571 0.00043515590955563426
1572 0.0006156934493660667
1573 0.0008834895299491072
1574 0.0
1575 0.0001356830810575395
1576 0.000789368098920368
1577 0.0
1578 0.0
1579 0.0
1580 0.0
1581 0.0
1582 0.0
1583 0.0
1584 0.0
1585 0.0
1586 0.0
1587 0.0
1588 0.0
1589 -0.0007097573109101247
1590 -0.0020022850799209036
1591 0.0
1592 0.0
1593 0.0
1594 0.0
1595 0.0
1596 0.0
1597 0.0
1598 0.0
1599 0.00031100157507362944
1600 0.0012177293474987653
1601 0.0
1602 0.0
1603 0.0
1604 0.0
1605 0.0
1606 0.0
1607 0.0
1608 0.0
1609 0.0
1610 0.0
1611 0.0
1612 0.0
1613 0.0
1614 0.0
1615 0.0
1616 0.0
1617 0.0
1618 0.0
1619 0.0
1620 0.0
1621 0.0
1622 0.00205741896549745
1623 0.0022520731823526628
1624 0.0006532029706971699
1625 0.0
1626 0.0
1627 0.0
1628 0.0
1629 -0.00026304470812273486
1630 0.0
1631 0.0
1632 0.0
1633 0.0
1634 0.0
1635 0.0004317201421202705
1636 0.0004109394392945231
1637 0.0
1638 0.000487031568270471
1639 0.001462183358503819
1640 0.001486351459222451
1641 0.0016637473643358396
1642 0.0
1643 0.0
1644 0.0
1645 0.0
1646 0.0
1647 0.0
1648 0.0
1649 0.0
1650 0.0
1651 0.0
1652 0.0
1653 0.0
1654 -0.0027857655119407493
1655 0.0
1656 0.0
1657 0.0
1658 0.0
1659 0.0
1660 0.0
1661 0.0
1662 0.0
1663 0.0
1664 0.0
1665 0.0
1666 0.0
1667 0.0
1668 0.0
1669 0.0
1670 0.0
1671 0.0
1672 0.0
1673 0.0
1674 0.0
1675 0.0
1676 0.0
1677 0.0
1678 0.0
1679 0.0
1680 0.0
1681 0.0
1682 4.0058443617141084e-05
1683 0.0
1684 0.0
1685 0.0
1686 0.0006860418181429199
1687 0.0028258097052970897
1688 0.0018851708062571511
1689 0.0
1690 0.0
1691 0.0
1692 0.0
1693 0.0
1694 0.0
1695 0.0
1696 0.0
1697 0.0
1698 0.0
1699 0.0
1700 0.0
1701 0.0
1702 0.0
1703 0.00010980233989871263
1704 0.0011780053176276167
1705 0.0
1706 0.0
1707 0.0
1708 0.0
1709 0.0
1710 0.0
1711 0.0
1712 0.0
1713 0.0
1714 0.0
1715 0.0
1716 0.0
1717 0.0
1718 -0.0010488379970765992
1719 -0.0011099523352630985
1720 0.0
1721 0.0
1722 0.0
1723 0.0015186096552493816
1724 0.0005848574593988351
1725 0.0
1726 0.0
1727 0.0
1728 0.0
1729 0.0
1730 0.0
1731 0.0
1732 0.0
1733 0.0
1734 0.0
1735 0.0
1736 0.0
1737 0.0
1738 0.0
1739 0.0
1740 0.0
1741 0.0
1742 0.0
1743 0.0
1744 0.0
1745 0.0
1746 0.0001880209262897448
1747 0.0
1748 0.0
1749 0.0
1750 8.061994698065283e-06
1751 0.0014484010322408968
1752 0.0003914716255931771
1753 0.0
1754 0.0
1755 9.958880944202354e-07
1756 0.0
1757 0.0
1758 0.0
1759 0.0
1760 0.0
1761 0.0
1762 0.0
1763 0.0
1764 0.0
1765 0.0
1766 0.0
1767 0.0
1768 0.0
1769 0.0
1770 0.0
1771 0.0
1772 0.0
1773 0.0
1774 0.0
1775 0.0
1776 0.0
1777 0.0
1778 -0.0008431627538388754
1779 -0.0026807751530401784
1780 0.0
1781 -0.0010447305820810307
1782 -0.000824982240289482
1783 -0.002815811369088047
1784 0.0
1785 0.0
1786 0.0017254740123669053
1787 0.002481263949441127
1788 0.0009921470267704332
1789 0.0
1790 0.0
1791 0.0
1792 0.0005641461132841925
1793 0.0
1794 0.0
1795 0.0
1796 0.0
1797 0.0
1798 0.0
1799 0.0
1800 0.0
1801 0.0
1802 0.0
1803 0.0
1804 0.0
1805 0.0
1806 0.0
1807 0.0
1808 0.0
1809 0.0008753865895557884
1810 0.0
1811 0.0
1812 0.0
1813 0.0
1814 0.0
1815 0.0
1816 0.0
1817 0.0
1818 0.0
1819 0.0016180239774096251
1820 0.0015405979779386334
1821 0.00014075925245943775
1822 0.0
1823 0.0
1824 0.0
1825 0.0
1826 0.0
1827 0.0
1828 0.0
1829 0.0
1830 0.0
1831 0.0
1832 0.0
1833 0.0
1834 0.0
1835 0.0
1836 0.0
1837 0.0
1838 0.0
1839 0.0
1840 -6.421868260135283e-05
1841 0.0
1842 -0.0011876683730259036
1843 -0.0031735601421699604
1844 0.0
1845 0.0
1846 -0.0024961636499164987
1847 0.0
1848 0.0
1849 0.0
1850 0.0007881272562313094
1851 0.001168123253980749
1852 5.213448077184401e-05
1853 0.0
1854 0.0
1855 0.0006616036077723503
1856 0.00024374577491981667
1857 0.0
1858 0.0
1859 0.0
1860 0.0
1861 0.0
1862 0.0
1863 0.0
1864 0.0
1865 0.0
1866 0.0
1867 0.0
1868 0.0
1869 0.0
1870 0.0
1871 0.0016649941150285658
1872 0.0004918824363556384
1873 0.0
1874 0.0
1875 0.0
1876 0.0
1877 0.0
1878 0.0
1879 5.685067313016896e-05
1880 0.0007072209653504109
1881 0.0012141343202298261
1882 0.0016737824009148273
1883 0.002055074849481154
1884 0.002677314031741834
1885 0.0028968165932228176
1886 0.002312725946972173
1887 0.0
1888 0.0
1889 0.0
1890 0.0
1891 0.0
1892 0.0
1893 0.0
1894 0.0
1895 0.0
1896 0.0
1897 0.0
1898 0.0
1899 0.0
1900 0.0
1901 0.0
1902 0.0
1903 0.0
1904 -0.0019780348800151086
1905 -0.0011771646049634685
1906 -0.0016280544101415168
1907 -0.0019490931141605957
1908 0.0
1909 0.0
1910 -0.0007242618751119726
1911 -0.00033273697176673737
1912 0.0
1913 0.0
1914 0.0
1915 0.0
1916 0.0
1917 0.0
1918 0.0
1919 0.0
1920 0.00031198144382753984
1921 0.0
1922 0.0
1923 0.0
1924 0.0
1925 0.0
1926 0.0
1927 0.0
1928 0.0
1929 0.0
1930 0.0
1931 0.0
1932 0.0
1933 0.0
1934 3.414723065183377e-05
1935 0.0023872158045296563
1936 0.002021560649103093
1937 0.00218478039636033
1938 0.00019426739174676727
1939 0.0
1940 0.0
1941 2.9542457150547448e-05
1942 0.00036953693156820583
1943 0.0009991159347359855
1944 0.0021390131550775332
1945 0.0014219848464117918
1946 0.0026686996115901107
1947 0.001976853994365279
1948 0.0024747884064401727
1949 0.0015398368297888417
1950 0.003082495682459482
1951 0.0017173289516183516
1952 0.0
1953 0.00026523929714376637
1954 0.0
1955 0.0
1956 0.0
1957 0.0
1958 0.0
1959 0.0
1960 0.0
1961 -0.00022592198732011024
1962 0.0
1963 0.0
1964 -0.00034060914214902147
1965 0.0
1966 0.0
1967 0.0
1968 -0.0015128427735334885
1969 0.0
1970 0.0
1971 -0.003148191046429587
1972 -2.9044365258890867e-05
1973 0.0
1974 -0.002733031382088245
1975 0.0
1976 0.0
1977 0.0
1978 0.0
1979 0.0
1980 0.0
1981 0.0
1982 0.0
1983 0.0
1984 0.001369429094542745
1985 0.0
1986 0.0
1987 0.0
1988 0.0
1989 0.0
1990 0.0
1991 0.0
1992 0.0
1993 0.0
1994 0.0
1995 0.0
1996 0.0
1997 0.0
1998 0.0
1999 0.0015304759799378443
2000 0.0009295172688260894
2001 0.0008518458001706667
2002 0.0
2003 0.0
2004 0.0
2005 0.0
2006 0.0
2007 0.0
2008 0.0
2009 0.0002598869332422953
2010 0.00011225010451295053
2011 0.0008273616993726834
2012 0.002360974988785751
2013 0.0006908154615235792
2014 0.001024194380662962
2015 0.0
2016 0.0006829250535539537
2017 0.0010725042866476025
2018 0.0
2019 0.0
2020 0.0
2021 0.0
2022 0.0
2023 -0.0005473601446220812
2024 0.0
2025 -0.00016733214340478237
2026 0.0
2027 0.0
2028 -0.00035435527690192304
2029 -0.0013464730921158691
2030 0.0
2031 0.0
2032 -0.00128082514679197
2033 0.0
2034 0.0
2035 0.0
2036 0.0
2037 -0.0005192682190855572
2038 -0.0014696521105332005
2039 0.0
2040 0.0
2041 0.0
2042 0.0
2043 2.8481006703459806e-05
2044 0.00034399432229032174
2045 0.0
2046 0.0
2047 0.0
2048 0.0
2049 0.0
2050 0.0
2051 0.0
2052 0.0
2053 0.0
2054 0.0
2055 0.0
2056 0.0
2057 0.0
2058 0.0
2059 0.0
2060 0.0
2061 0.0
2062 0.0
2063 0.0
2064 0.00018085804423291285
2065 0.0003779207320486996
2066 0.0
2067 0.0
2068 0.0
2069 0.0
2070 0.0
2071 0.0
2072 0.0
2073 0.00023512849920488097
2074 4.4807241286135176e-05
2075 0.000602291254778572
2076 0.0
2077 0.0006647724996505218
2078 0.0
2079 0.0
2080 0.0
2081 0.0003217781268501229
2082 0.0
2083 0.0
2084 0.0
2085 0.0
2086 0.0
2087 0.0
2088 0.0
2089 0.0
2090 0.0
2091 0.0
2092 -0.0005577351638135602
2093 -0.001232424247113368
2094 -0.0003431801438229808
2095 0.0
2096 -0.0004669186738492223
2097 -0.00038027777065926827
2098 0.0
2099 0.0
2100 0.0
2101 0.0
2102 -0.0032291125751957137
2103 -0.00256213111945041
2104 0.0
2105 0.0
2106 0.0
2107 0.0
2108 0.0005356988464432417
2109 0.0
2110 0.0
2111 0.00017011890508936408
2112 0.0006137692644650065
2113 0.0
2114 0.0
2115 0.0
2116 0.0
2117 0.0
2118 0.0
2119 0.0
2120 0.0
2121 0.0
2122 0.0
2123 0.0
2124 0.0
2125 0.0
2126 0.0
2127 0.0
2128 0.0
2129 0.00030725397259913725
2130 0.0
2131 0.0
2132 0.0
2133 0.0
2134 0.0
2135 0.0
2136 0.0
2137 0.0011652034343293195
2138 0.002303251546549989
2139 0.0
2140 0.0
2141 0.0
2142 0.0
2143 0.0
2144 2.330234578095744e-05
2145 4.0433060607914375e-05
2146 0.0
2147 0.0
2148 0.0
2149 0.0
2150 0.0
2151 0.0
2152 0.0
2153 0.0
2154 0.0
2155 0.0
2156 0.0
2157 0.0
2158 0.0
2159 0.0
2160 0.0
2161 0.0
2162 0.0
2163 0.0
2164 0.0
2165 0.0
2166 -0.003560982165089464
2167 -0.003405955298616458
2168 -0.001761097644937575
2169 0.0
2170 0.0
2171 0.0
2172 0.0
2173 0.0
2174 0.0
2175 0.00022230611800074226
2176 0.0002717987052693622
2177 0.0
2178 0.0
2179 0.0
2180 0.0
2181 0.0
2182 0.0
2183 0.0002959100616609814
2184 0.0
2185 0.0
2186 0.0
2187 0.0
2188 0.0
2189 0.0
2190 0.0
2191 0.0
2192 0.0
2193 0.00022527067060688425
2194 0.0
2195 0.0
2196 0.0
2197 0.0
2198 0.0
2199 0.0
2200 0.0
2201 0.0
2202 0.0
2203 0.00016517617068069408
2204 0.0005648765719087041
2205 0.0
2206 0.0
2207 0.0
2208 0.0
2209 0.001814124605648713
2210 0.0014275547692267853
2211 0.0007658802207638422
2212 0.0
2213 0.0
2214 0.0
2215 0.0
2216 0.0
2217 0.0
2218 0.0
2219 0.0
2220 0.0
2221 0.0
2222 0.0
2223 0.0
2224 0.0
2225 0.0
2226 0.0
2227 0.0
2228 0.0
2229 -0.0013477913488495748
2230 0.0
2231 -0.0015934219899721984
2232 -0.00018165039609832376
2233 0.0
2234 0.0
2235 0.0
2236 0.0
2237 0.0
2238 0.0
2239 0.00031780831762834164
2240 0.0
2241 0.0
2242 0.0
2243 0.0
2244 0.0
2245 0.0
2246 0.0
2247 0.0003592226108132801
2248 0.0007853793285381674
2249 0.0
2250 0.0
2251 0.0
2252 0.0
2253 0.0
2254 0.0006680871846457071
2255 0.0002117114146978504
2256 0.0
2257 0.0
2258 0.0
2259 0.0
2260 0.0
2261 0.0
2262 0.0
2263 0.00031457873727121005
2264 0.0
2265 0.0
2266 0.0
2267 0.0
2268 0.0
2269 0.0
2270 0.0
2271 0.0
2272 0.0
2273 0.0012417415237664176
2274 0.0010987714364081832
2275 0.0
2276 0.0
2277 0.0
2278 0.0
2279 0.0
2280 0.0
2281 0.0
2282 0.0
2283 0.0
2284 0.0
2285 0.0
2286 0.0
2287 0.0
2288 0.0
2289 0.0
2290 0.0018402268874301703
2291 0.0
2292 0.0
2293 0.0
2294 0.0
2295 0.0
2296 0.0
2297 0.0
2298 0.0
2299 0.0
2300 0.0
2301 0.0
2302 0.0
2303 0.001459846908018349
2304 0.0
2305 0.0
2306 0.0
2307 0.0
2308 0.0
2309 0.0
2310 0.0
2311 0.0001283581062175344
2312 0.0
2313 0.0
2314 0.0
2315 0.0
2316 0.0
2317 1.3303146545369956e-05
2318 0.0
2319 0.0006333578689530128
2320 0.0008761754106778762
2321 0.0006862157658284808
2322 0.0
2323 0.0
2324 0.0
2325 0.0
2326 0.0
2327 0.0020831756686305503
2328 0.0004578026738889784
2329 0.0
2330 0.0
2331 0.0
2332 0.0
2333 0.0
2334 0.0
2335 0.0
2336 0.0
2337 3.7928612192582435e-05
2338 0.0
2339 0.0
2340 0.0
2341 0.0
2342 0.0
2343 0.0
2344 0.0
2345 0.0
2346 0.0
2347 0.0
2348 0.0
2349 0.0
2350 0.0
2351 0.0
2352 0.0
2353 0.0
2354 0.0012018816417728269
2355 0.0
2356 0.0
2357 0.0
2358 0.0
2359 0.0
2360 0.0
2361 0.0
2362 0.0
2363 0.0
2364 0.0
2365 0.0
2366 0.0
2367 0.00041838200704583475
2368 0.0
2369 0.0
2370 0.0
2371 0.0
2372 0.0
2373 0.0
2374 0.0
2375 0.0
2376 0.0
2377 0.0
2378 0.0
2379 0.0
2380 0.0
2381 0.0006798425565207753
2382 0.0002877773646955217
2383 0.00205406463014167
2384 0.0023976898265145163
2385 0.0017163502094711452
2386 0.0019465707796725708
2387 0.00022492491484628005
2388 0.0
2389 0.0
2390 0.0
2391 0.0
2392 0.0
2393 0.0
2394 0.0
2395 0.0
2396 0.0
2397 0.0
2398 0.0
2399 0.0
2400 0.0
2401 0.0
2402 0.0
2403 0.0
2404 0.0
2405 0.0
2406 0.0
2407 0.0
2408 0.0
2409 0.0
2410 0.0
2411 0.0
2412 0.0
2413 0.0
2414 0.0
2415 0.0
2416 0.0
2417 0.0
2418 0.0
2419 0.0
2420 0.0
2421 0.0
2422 0.0
2423 0.0
2424 0.0
2425 0.0
2426 0.0
2427 0.0
2428 0.0
2429 0.0
2430 0.0
2431 0.001169928168085881
2432 0.0
2433 0.0
2434 0.0
2435 0.0
2436 0.0
2437 0.0
2438 0.0
2439 0.0
2440 0.0002804661511040458
2441 0.0
2442 0.0
2443 0.0
2444 0.0
2445 0.0
2446 0.0
2447 7.252453313769424e-05
2448 0.0014554131909909737
2449 9.326949912299239e-05
2450 0.0021854059191543005
2451 0.002515232971202513
2452 0.0004050815371062067
2453 0.0
2454 0.0
2455 0.0
2456 0.0
2457 0.0
2458 0.0
2459 0.0
2460 0.0
2461 0.0
2462 0.0
2463 0.0
2464 0.0
2465 0.0
2466 0.0
2467 0.0
2468 0.0
2469 0.0
2470 0.0
2471 0.0
2472 0.0
2473 0.0
2474 0.0
2475 0.0
2476 0.0
2477 0.0
2478 0.0
2479 -4.318467258416944e-06
2480 0.0
2481 0.0
2482 0.0
2483 0.0
2484 0.0
2485 0.0
2486 0.0
2487 0.0
2488 0.0
2489 0.0
2490 0.0
2491 0.0
2492 0.0
2493 0.0
2494 0.0008770346111197931
2495 0.004930955663673555
2496 0.0
2497 0.0
2498 0.0
2499 0.0
2500 0.0
2501 0.0
2502 8.135361727703979e-06
2503 1.7999970843374658e-05
2504 0.0
2505 0.0
2506 0.0
2507 0.0
2508 0.0
2509 0.0
2510 0.0
2511 0.0006271637012662724
2512 0.000588593735054153
2513 0.0014675277998243696
2514 0.0015522564959585023
2515 0.002344377182477214
2516 0.000831333727647817
2517 0.0
2518 0.0
2519 0.0
2520 0.0
2521 0.0
2522 0.0
2523 0.0
2524 0.0
2525 0.0
2526 4.055494840531777e-05
2527 0.00037318172475302354
2528 0.0
2529 0.0
2530 0.0
2531 0.0
2532 0.0
2533 0.0
2534 0.0
2535 0.0
2536 0.0
2537 0.0
2538 -0.00015639316688511592
2539 -0.00017973624109030576
2540 0.0
2541 0.0
2542 0.0
2543 0.0
2544 -0.00021099730171147266
2545 -0.002453364097753534
2546 -0.0021129055997018598
2547 0.0
2548 0.0
2549 0.0
2550 -0.002298052495850537
2551 0.0
2552 0.0
2553 0.0
2554 0.0
2555 0.0
2556 0.0
2557 0.0
2558 0.00038349705227793914
2559 0.003483577120650997
2560 0.0
2561 0.0
2562 0.0
2563 0.0
2564 0.0
2565 0.0
2566 0.0012698660491840374
2567 0.00025363271749390755
2568 0.0006868622437129626
2569 0.0
2570 0.0
2571 0.0
2572 0.0
2573 0.0
2574 0.0
2575 0.0
2576 0.0
2577 0.0
2578 0.0017397618486842926
2579 0.005606479764454661
2580 0.00013095761898069134
2581 0.0
2582 0.0
2583 0.0
2584 0.0
2585 0.0
2586 0.0
2587 0.0
2588 0.0
2589 0.0
2590 0.0
2591 0.0
2592 0.0
2593 0.0
2594 0.0
2595 0.0
2596 0.0
2597 -0.0005874278963799951
2598 0.0
2599 0.0
2600 0.0
2601 -0.0016434964510388171
2602 -0.0016029232000901038
2603 -0.0010476111411826003
2604 -0.0002570595824557402
2605 0.0
2606 0.0
2607 -0.0002760664158249134
2608 -0.0005735771933822477
2609 -0.002661517924561089
2610 -0.002561867984461899
2611 -0.002157726920711773
2612 -0.002258536902869929
2613 -0.00029872942745400564
2614 0.0
2615 0.0
2616 0.0
2617 0.0
2618 0.0
2619 0.0
2620 0.0
2621 0.0
2622 0.0019078648675289662
2623 0.0026444105735708425
2624 0.0
2625 0.0
2626 0.0
2627 3.171148989493608e-06
2628 0.0
2629 0.0
2630 0.0014253656989824317
2631 0.0014552996851047366
2632 0.0009322296034955065
2633 0.00017254233154822315
2634 0.0
2635 0.0
2636 0.0
2637 0.0
2638 0.0
2639 0.0
2640 0.0
2641 0.0
2642 0.000819475058348735
2643 0.001504775248422567
2644 0.0
2645 0.0
2646 0.0
2647 0.0
2648 0.0
2649 0.0
2650 0.0
2651 0.0
2652 0.0
2653 0.0
2654 0.0
2655 0.0
2656 0.0
2657 0.0
2658 0.0
2659 0.0
2660 0.0
2661 0.0
2662 0.0
2663 -0.0004610103036801524
2664 0.0
2665 0.0
2666 0.0
2667 0.0
2668 0.0
2669 0.0
2670 -3.194297282991267e-05
2671 -0.0016612065677627063
2672 -0.002695883320663111
2673 -0.0021195153226832458
2674 -0.0032804352453496464
2675 -0.00280188234025868
2676 -0.0012812389010432629
2677 -3.245162626859028e-05
2678 -0.00045200624773355635
2679 0.0
2680 0.0
2681 -0.00025784612589915134
2682 0.0
2683 0.0
2684 0.0
2685 1.2231110452170148e-05
2686 0.0
2687 0.0013148222417419904
2688 0.0
2689 0.0
2690 0.0
2691 0.0
2692 0.0012860644363794512
2693 7.285718384158064e-06
2694 0.0007802491666128858
2695 0.0003205352349983267
2696 7.39227239782177e-05
2697 0.0
2698 0.0
2699 0.0
2700 0.0
2701 0.0
2702 0.0
2703 0.0
2704 0.0
2705 0.0
2706 0.00046202267842838647
2707 0.00021249721558364297
2708 0.0007462836454943114
2709 0.0
2710 0.0
2711 0.0
2712 -0.0010699295432589448
2713 0.0
2714 0.0
2715 -0.00033688895365805306
2716 0.0
2717 0.0
2718 0.0
2719 0.0
2720 0.0
2721 0.0
2722 0.0004868312568541052
2723 0.0
2724 0.0
2725 0.0
2726 0.0
2727 0.0
2728 0.0
2729 0.0
2730 -0.00016680031418614855
2731 0.0
2732 -0.0001339087056577221
2733 -0.003543649453443223
2734 -0.0025662066430637226
2735 -0.002965830620519898
2736 -0.0018840784737074187
2737 -0.0012490575051185924
2738 -0.0009386459820479784
2739 -0.0006883052811892387
2740 -0.0003812113019689595
2741 0.0
2742 -4.212820178456638e-05
2743 -0.0003231774166576214
2744 0.0
2745 0.0
2746 0.0
2747 0.0
2748 0.0
2749 1.7051745208806775e-05
2750 0.0
2751 0.0
2752 0.0
2753 0.0
2754 0.0
2755 0.0
2756 0.0011018450948413257
2757 0.00013905153967170024
2758 0.0
2759 0.0
2760 0.0
2761 0.0
2762 0.0
2763 0.0
2764 0.0
2765 0.0
2766 0.0
2767 0.0
2768 0.0
2769 0.0
2770 0.00020968369292355873
2771 0.0
2772 0.0
2773 4.9718397822116775e-05
2774 0.0
2775 0.0
2776 0.0
2777 0.0
2778 0.0
2779 0.0
2780 0.0
2781 0.0
2782 0.0
2783 0.0
2784 0.0
2785 0.0
2786 1.6264317116851596e-06
2787 0.00042397894706103716
2788 0.0010430354733739562
2789 0.0
2790 0.0
2791 0.0
2792 0.0
2793 0.0
2794 0.0
2795 0.0
2796 0.0
2797 -0.0018136116081087486
2798 -0.0018670768154570615
2799 -0.0009735407554007843
2800 0.0
2801 0.0
2802 0.0
2803 0.0
2804 0.0
2805 0.0
2806 0.0
2807 0.0
2808 0.0
2809 0.0
2810 0.0
2811 0.0
2812 0.0005462568383775439
2813 0.0
2814 0.0
2815 0.0
2816 0.0
2817 0.0
2818 0.0
2819 0.0
2820 3.073343529867769e-05
2821 0.0
2822 0.0
2823 0.0
2824 0.0
2825 0.0
2826 0.0
2827 0.0
2828 0.0
2829 0.0
2830 0.0
2831 0.0
2832 0.0
2833 0.0012346757625058974
2834 0.0006872841522830976
2835 0.0
2836 0.0
2837 0.0
2838 0.0
2839 0.0
2840 0.0
2841 0.0
2842 0.0
2843 0.0
2844 0.0
2845 0.0
2846 0.0
2847 0.0
2848 0.0
2849 0.0
2850 0.0022953937976830188
2851 0.0
2852 0.002771051123320067
2853 0.0
2854 0.0
2855 0.0
2856 0.0
2857 0.0
2858 0.0
2859 0.0
2860 0.0
2861 -0.00038430839264332967
2862 0.0
2863 0.0
2864 0.0
2865 0.0
2866 0.0
2867 0.0
2868 0.0
2869 0.0
2870 0.0
2871 0.0
2872 0.0
2873 0.0
2874 0.0
2875 0.0
2876 0.0
2877 0.0
2878 0.0
2879 0.0
2880 0.0
2881 0.0
2882 0.0
2883 0.0
2884 0.0
2885 0.0
2886 0.0
2887 0.0
2888 0.0
2889 0.0
2890 0.0
2891 -0.0011456170717051115
2892 0.0
2893 0.0
2894 0.001484431817987015
2895 0.0006139916388609512
2896 0.0019869923945034446
2897 0.002405074077986833
2898 0.0023501827743339448
2899 0.0009454302710844398
2900 0.0005672665779973221
2901 0.0
2902 0.0006440706179322723
2903 0.0
2904 0.0
2905 -0.00013372273192772087
2906 0.0
2907 0.0
2908 0.0
2909 0.0
2910 0.0
2911 0.0
2912 0.0
2913 0.0004936109425048665
2914 0.0
2915 0.0
2916 2.8529235983669137e-05
2917 0.0
2918 0.0
2919 0.0
2920 0.0
2921 0.0
2922 0.0
2923 0.0
2924 0.0
2925 0.0
2926 0.0
2927 0.0
2928 0.0
2929 0.0
2930 0.0
2931 0.0
2932 0.0
2933 0.0
2934 0.0
2935 -0.00023099877212725086
2936 0.0
2937 0.0
2938 0.0
2939 0.0
2940 0.0
2941 0.0
2942 0.0
2943 0.0
2944 0.0
2945 0.0
2946 0.0
2947 0.0
2948 0.0
2949 0.0
2950 0.0
2951 0.0
2952 0.0
2953 0.0
2954 -0.0027876681368512986
2955 -0.0008922609805316861
2956 0.0
2957 0.0
2958 0.0
2959 0.0
2960 0.0
2961 0.0029800362413766957
2962 0.0026147580592549876
2963 0.0012622543205456347
2964 0.0
2965 0.0
2966 0.0
2967 0.0
2968 0.0
2969 0.0
2970 0.0
2971 0.0
2972 0.0
2973 0.0
2974 0.0
2975 0.0
2976 0.0
2977 0.0
2978 0.00035084639419889654
2979 0.0
2980 0.0
2981 0.0
2982 0.0
2983 0.0
2984 0.0
2985 0.0
2986 0.0
2987 0.0
2988 0.0
2989 0.0
2990 0.0
2991 0.0
2992 0.0
2993 0.0
2994 0.0
2995 0.0
2996 -0.001902531658254944
2997 -0.0017701571332490072
2998 -0.0005706743210972132
2999 -0.0017038768859104839
3000 0.0
3001 -4.210727210125669e-05
3002 0.0
3003 0.0
3004 0.0
3005 0.0
3006 0.0
3007 0.0
3008 0.0
3009 0.0
3010 0.0
3011 0.0
3012 0.0
3013 0.0
3014 0.0
3015 0.0
3016 -0.00048755520111538436
3017 -0.0025103006635072713
3018 -0.0004584291814280459
3019 0.0
3020 0.0
3021 0.0
3022 0.0
3023 0.0
3024 0.0
3025 0.0
3026 0.0
3027 0.0
3028 0.0
3029 0.0
3030 0.0
3031 0.0
3032 0.0
3033 0.0
3034 -0.0009475784493419668
3035 -1.9732971045407935e-05
3036 0.0
3037 0.0
3038 0.0
3039 0.0
3040 0.0
3041 0.0
3042 0.0
3043 0.0
3044 0.0
3045 0.0
3046 0.0
3047 0.0
3048 0.0
3049 0.0
3050 0.0
3051 0.000317378020817514
3052 0.0
3053 0.0
3054 0.0
3055 0.0
3056 0.0
3057 0.0
3058 0.0
3059 -1.3983756080570463e-05
3060 -0.0008081731112390242
3061 0.0
3062 -0.00015589297659504922
3063 -0.0010418165877200492
3064 0.0
3065 -0.001296425128657076
3066 0.0
3067 0.0
3068 0.0
3069 0.0
3070 0.0
3071 0.0
3072 0.0
3073 0.0
3074 0.0
3075 0.0
3076 0.0
3077 0.0
3078 0.0
3079 0.0
3080 -0.0020679131719867285
3081 0.0
3082 0.0
3083 0.0
3084 0.0
3085 0.0
3086 0.0
3087 0.0
3088 0.0
3089 0.0
3090 0.0
3091 0.0
3092 0.0
3093 0.0
3094 0.0
3095 0.0
3096 0.0
3097 -0.0006774021624881936
3098 -0.0006839127675956762
3099 -0.0015745218094615604
3100 0.0
3101 0.0
3102 0.0
3103 0.0
3104 0.0
3105 0.0
3106 0.0
3107 0.0
3108 0.0
3109 0.0
3110 0.0
3111 0.0
3112 0.0
3113 0.0
3114 0.0
3115 0.0
3116 0.0
3117 0.0
3118 0.0
3119 0.0
3120 0.0
3121 0.0
3122 0.0
3123 0.0
3124 0.0
3125 0.0
3126 0.0
3127 0.0
3128 0.0
3129 -0.001257040612472063
3130 0.0
3131 0.0
3132 0.0
3133 0.0
3134 0.0
3135 0.0
3136 0.0
3137 0.0
3138 0.0
3139 0.0
3140 0.0
3141 0.0
3142 0.0
3143 0.0
3144 0.0
3145 0.0
3146 0.0
3147 0.0
3148 0.0
3149 0.0
3150 0.0
3151 0.0
3152 0.0
3153 0.0
3154 0.0
3155 0.0
3156 0.0
3157 0.0
3158 0.0
3159 0.0
3160 0.0
3161 0.0
3162 -0.0009567654743110056
3163 -0.0009193029066151381
3164 0.0
3165 0.0
3166 0.0
3167 0.0
3168 0.0
3169 0.0
3170 0.0
3171 0.0
3172 0.0
3173 0.0
3174 0.0
3175 0.0
3176 0.0
3177 0.0
3178 0.0
3179 0.0
3180 0.0
3181 0.0
3182 0.0
3183 0.0
3184 0.0
3185 0.0
3186 0.0
3187 0.0
3188 0.0
3189 0.0
3190 -0.0002624474187497118
3191 -0.001259182011771443
3192 0.0
3193 0.0
3194 0.0
3195 0.0
3196 0.0
3197 0.0
3198 0.0
3199 0.0
3200 0.0
3201 0.0
3202 0.0
3203 0.0
3204 0.0
3205 0.0
3206 0.0
3207 0.0
3208 0.0
3209 0.0
3210 0.0
3211 0.0
3212 0.0
3213 0.0
3214 0.0
3215 0.0
3216 0.0
3217 0.0
3218 0.0
3219 0.0
3220 0.0
3221 0.0
3222 0.0
3223 0.0
3224 0.0
3225 0.0
3226 0.0
3227 0.0
3228 0.0
3229 0.0
3230 0.0
3231 -0.0005212923190474979
3232 -0.0008695367729617733
3233 -0.0004215383069423979
3234 0.0
3235 0.0
3236 0.0
3237 -0.001693416401505902
3238 -0.002095214995019846
3239 0.0
3240 0.0
3241 0.0
3242 0.0
3243 0.0
3244 0.0
3245 0.0
3246 0.0
3247 0.0
3248 0.0
3249 0.0
3250 0.0
3251 0.0
3252 0.0
3253 0.0
3254 0.0
3255 0.0
3256 0.0
3257 -0.001074500353368597
3258 0.0
3259 0.0
3260 0.0
3261 0.0
3262 0.0
3263 0.0
3264 0.0
3265 0.0
3266 0.0
3267 0.0
3268 0.0
3269 0.0
3270 0.0
3271 0.0003777374980315658
3272 0.0009147062841201546
3273 9.690870943632532e-06
3274 0.0
3275 0.0
3276 0.0
3277 0.0
3278 0.0
3279 0.0
3280 0.0
3281 0.0
3282 0.0
3283 0.0
3284 0.0
3285 -0.002167790971709765
3286 0.0
3287 -0.00013295847276180653
3288 -0.0004167023005245447
3289 0.0
3290 0.0
3291 0.0
3292 0.0
3293 0.0
3294 0.0
3295 0.0
3296 0.0
3297 -1.8492654211865723e-05
3298 0.0
3299 0.0
3300 0.0
3301 0.0
3302 -0.0007766025964254743
3303 -0.0006552299487991486
3304 0.0
3305 0.0
3306 0.0
3307 0.0
3308 0.0
3309 0.0
3310 0.0
3311 0.0
3312 0.0
3313 0.0
3314 0.0
3315 0.0
3316 0.0
3317 0.0
3318 0.0
3319 0.0
3320 0.0
3321 -0.0013772794127640108
3322 -0.0005866608925299681
3323 -0.00023410561721279045
3324 0.0
3325 0.0
3326 0.0
3327 0.0
3328 0.0
3329 0.0
3330 0.0
3331 0.0
3332 0.0
3333 0.0
3334 0.00017673532338208226
3335 0.0004888441434564361
3336 0.0012082944664288662
3337 0.0
3338 0.00042170841265157857
3339 0.0011569672841097263
3340 0.0
3341 0.0
3342 0.0
3343 0.0
3344 0.0
3345 0.0
3346 0.0
3347 -6.464565279295939e-05
3348 -0.000134262321376349
3349 -0.00032267300272110914
3350 -0.0025253421670713904
3351 -0.001669544150233852
3352 0.0
3353 0.0
3354 0.0
3355 0.0
3356 0.0
3357 0.0
3358 0.0
3359 0.0
3360 0.0
3361 0.0
3362 0.0
3363 0.0
3364 0.0
3365 0.0
3366 0.0
3367 0.0
3368 0.0
3369 0.0
3370 0.0
3371 0.0
3372 0.0
3373 0.0
3374 0.0
3375 0.0
3376 0.0
3377 0.0
3378 0.0
3379 0.0
3380 0.0
3381 0.0
3382 0.0
3383 -0.00034977280080079507
3384 -0.0005014146597663015
3385 -0.0009768679619322007
3386 0.0
3387 0.0
3388 0.0
3389 0.0
3390 0.0
3391 0.0
3392 0.0
3393 0.0
3394 0.0
3395 -0.00018442294483904083
3396 -0.00018061990284524748
3397 0.0
3398 0.0
3399 0.0
3400 0.0
3401 0.0
3402 0.0
3403 0.0
3404 0.0
3405 0.0
3406 0.0
3407 0.0
3408 0.0
3409 0.0
3410 -0.00041251126478197207
3411 0.0
3412 0.0
3413 0.0
3414 -0.0005512409065888144
3415 0.0
3416 0.0
3417 0.0
3418 0.0
3419 0.0
3420 0.0
3421 0.0
3422 0.0
3423 0.0
3424 0.0
3425 0.0
3426 0.0
3427 0.0
3428 0.0
3429 0.0
3430 0.0
3431 0.0
3432 0.0
3433 0.0
3434 0.0
3435 0.0
3436 0.0
3437 0.0
3438 0.0
3439 0.0
3440 0.0
3441 0.0
3442 0.0
3443 0.0
3444 0.0
3445 0.0
3446 0.0
3447 0.0
3448 -0.0019132066702135188
3449 -0.0014864641031401822
3450 -0.0010742429134413482
3451 0.0
3452 0.0
3453 0.0
3454 0.0
3455 0.0
3456 0.0
3457 0.0
3458 0.0
3459 -0.001161965936967088
3460 0.0
3461 0.0
3462 0.0
3463 0.0
3464 0.0
3465 0.0
3466 0.0
3467 0.0
3468 0.0
3469 0.0
3470 0.0
3471 0.0
3472 0.0
3473 -0.0004155797770056174
3474 -0.0011018943006742398
3475 0.0
3476 0.0
3477 0.0
3478 0.0
3479 0.0
3480 0.0
3481 0.0
3482 0.0
3483 0.0
3484 0.0
3485 0.0
3486 0.0
3487 0.0
3488 0.0
3489 0.0
3490 0.0
3491 0.0
3492 0.0
3493 0.0
3494 0.0
3495 0.0015556805024371518
3496 0.0
3497 0.0
3498 0.0
3499 0.0
3500 0.0
3501 0.0
3502 0.0
3503 0.0
3504 0.0
3505 0.0
3506 0.0
3507 0.0
3508 0.0
3509 0.0
3510 0.0
3511 -0.001341008465285929
3512 -0.0021396880673936925
3513 -0.0007260226826379445
3514 0.0
3515 0.0
3516 0.0
3517 0.0
3518 0.0
3519 0.0
3520 0.0
3521 0.0
3522 0.0
3523 -0.00019130469850143058
3524 0.0
3525 0.0
3526 1.3023929641213331e-05
3527 0.0
3528 0.0
3529 0.0
3530 0.0
3531 0.0
3532 0.0
3533 0.0
3534 0.0
3535 0.0
3536 -0.001159106847439184
3537 -0.002061363589656806
3538 -0.0013551039446671803
3539 -0.00014436899040718364
3540 0.0
3541 0.0
3542 0.0
3543 0.0
3544 0.0
3545 0.0
3546 0.0
3547 0.0
3548 0.0
3549 0.0
3550 0.0
3551 0.0
3552 0.0
3553 0.0
3554 0.0
3555 0.0
3556 0.0
3557 0.0
3558 0.001854344430591202
3559 0.0009939226325924205
3560 0.00037046749720792
3561 0.0
3562 0.0
3563 0.0
3564 0.0
3565 0.0
3566 0.0
3567 0.0
3568 0.0
3569 0.0
3570 0.0
3571 0.0
3572 0.0
3573 0.0
3574 0.0
3575 0.0
3576 0.0
3577 -6.714606958884822e-06
3578 0.0
3579 0.0
3580 0.0
3581 0.0
3582 0.0
3583 0.0
3584 0.0
3585 0.0
3586 -0.000954130516613589
3587 0.0
3588 0.0
3589 0.0
3590 0.0
3591 0.0
3592 0.0
3593 0.0
3594 0.0
3595 0.0
3596 0.0
3597 0.0
3598 0.0
3599 0.0
3600 0.0
3601 -0.001598752120010209
3602 -0.002478399798224938
3603 -0.0007945472832916597
3604 0.0
3605 0.0
3606 0.0
3607 0.0
3608 0.0
3609 0.0
3610 0.0
3611 0.0003527478120084428
3612 3.1715392888732883e-05
3613 0.0
3614 0.0
3615 0.0
3616 0.0
3617 0.0
3618 0.0
3619 0.0
3620 0.0
3621 0.0
3622 0.0002103857538902769
3623 0.00125934425316543
3624 0.0015673101747112532
3625 0.0
3626 0.0
3627 0.0
3628 0.0
3629 0.0
3630 0.0
3631 0.0
3632 0.0
3633 0.0
3634 -0.0004305072976118421
3635 -0.0004126633743630914
3636 -0.0011674660516280176
3637 -0.001410697825640526
3638 0.0
3639 0.0
3640 0.0
3641 0.0
3642 0.0
3643 0.0
3644 0.0
3645 0.0
3646 0.0
3647 0.0
3648 0.0
3649 -0.0006326504742127599
3650 -0.0012226637459043428
3651 0.0
3652 0.0
3653 0.00040001862334251154
3654 0.0
3655 0.0
3656 0.0
3657 0.0
3658 0.0
3659 0.0
3660 0.0
3661 0.0
3662 0.0
3663 0.0
3664 0.0
3665 0.0
3666 -0.0015864640589140166
3667 0.0
3668 0.0
3669 0.0
3670 0.0
3671 0.0
3672 0.0
3673 0.0012166501938490942
3674 0.0011218261443980482
3675 1.4697552272944016e-05
3676 0.00040299741391188636
3677 0.0
3678 0.0
3679 0.0
3680 0.0
3681 0.0
3682 0.0
3683 0.0
3684 0.0
3685 0.0
3686 0.0
3687 0.00039980893937560365
3688 0.0007784253585581066
3689 0.0
3690 0.0
3691 0.0
3692 0.0
3693 0.0
3694 0.0
3695 0.0
3696 0.0
3697 -0.0008366451516296593
3698 -0.0015434354868236989
3699 -0.0007386047726682422
3700 -0.000990357010471475
3701 0.0
3702 0.0
3703 0.0
3704 0.0
3705 0.0
3706 0.0
3707 0.0
3708 0.0
3709 0.0
3710 0.0
3711 0.0
3712 0.0
3713 -0.00030926084726279817
3714 -0.0004101501784900716
3715 0.0
3716 0.0018600926208064555
3717 1.29193861627817e-05
3718 0.0
3719 0.0
3720 0.0
3721 0.0
3722 0.0
3723 0.0
3724 -0.00015454768549056188
3725 0.0
3726 0.0
3727 0.0
3728 0.0
3729 0.0
3730 0.0
3731 0.0
3732 0.0
3733 0.0
3734 0.0
3735 0.0
3736 0.0
3737 0.0006019555880212424
3738 0.0014639085651656104
3739 0.0009035038539372451
3740 0.0
3741 0.0
3742 0.0
3743 0.0
3744 0.0
3745 0.0
3746 0.0
3747 0.0
3748 0.0
3749 0.0
3750 0.0
3751 0.0
3752 0.0008913266514311294
3753 0.0
3754 0.0
3755 0.0
3756 0.0
3757 0.0
3758 0.0
3759 0.0
3760 0.0
3761 0.0
3762 0.0
3763 -0.0004981465252480097
3764 -0.00018061491529259988
3765 0.0
3766 0.0
3767 0.0
3768 0.0
3769 0.0
3770 0.0
3771 0.0
3772 0.0
3773 0.0
3774 0.0
3775 0.0
3776 0.0
3777 0.0
3778 0.0
3779 0.0
3780 0.002804196263360625
3781 0.002296756897268264
3782 0.00022271286472705213
3783 0.0
3784 0.0
3785 0.0
3786 0.0
3787 -6.80279095842944e-05
3788 -0.0001114383862532943
3789 0.0
3790 0.0
3791 0.0
3792 0.0
3793 0.0
3794 0.0
3795 0.0
3796 0.0
3797 0.0
3798 0.0
3799 0.0
3800 0.0
3801 0.0
3802 0.0
3803 0.0
3804 0.0
3805 0.0
3806 0.0
3807 0.0
3808 0.0
3809 0.0
3810 0.0
3811 0.0
3812 0.0
3813 0.0
3814 0.0
3815 0.0
3816 0.0
3817 0.0
3818 0.0
3819 0.0
3820 0.0
3821 0.0
3822 0.0
3823 0.0
3824 0.0
3825 0.0
3826 0.0
3827 0.0
3828 0.0
3829 0.0
3830 0.0
3831 0.0
3832 0.0
3833 0.0
3834 0.0
3835 0.0
3836 -9.447747654524547e-05
3837 0.0
3838 0.0
3839 0.0
3840 0.0
3841 -0.0006588388010470305
3842 0.0
3843 0.0
3844 0.0025959067506630272
3845 0.004044287065091173
3846 0.00258841551477566
3847 0.002802886241771545
3848 0.001699471630989814
3849 0.0
3850 0.0
3851 0.0
3852 0.0
3853 0.0
3854 0.0
3855 0.0
3856 0.0
3857 0.0
3858 0.0
3859 0.0
3860 0.0
3861 0.0
3862 0.0
3863 0.0
3864 0.0
3865 0.0
3866 0.0
3867 0.0
3868 0.0
3869 0.0
3870 0.0
3871 0.0
3872 0.0
3873 0.0
3874 0.0
3875 0.0
3876 0.0
3877 0.0
3878 0.0
3879 0.0
3880 0.0
3881 0.0
3882 0.0
3883 0.0
3884 0.0
3885 0.0
3886 0.0002902345987213773
3887 0.0
3888 0.001032565881084384
3889 0.0
3890 0.0
3891 0.0
3892 0.0
3893 0.0
3894 0.0
3895 0.0
3896 0.0
3897 0.0
3898 0.0
3899 0.0
3900 0.0
3901 0.0
3902 0.0
3903 0.0
3904 -9.858932053376739e-06
3905 -0.000813964225090656
3906 0.0
3907 0.0
3908 0.0
3909 0.000625397090668367
3910 0.0029303196836409397
3911 0.00383821836198258
3912 0.004913277664511506
3913 0.00454318478134243
3914 0.0019958846781329372
3915 0.0007763402446740229
3916 0.0004953618581828396
3917 0.0
3918 0.0
3919 0.0
3920 0.0
3921 0.0
3922 0.0
3923 0.0
3924 0.0
3925 0.0
3926 0.0
3927 0.0
3928 0.0
3929 0.0
3930 0.0
3931 0.0
3932 0.0
3933 0.0
3934 0.0
3935 0.0
3936 0.0
3937 0.0
3938 0.0
3939 0.0
3940 0.0
3941 0.0
3942 0.0
3943 0.0
3944 0.0
3945 0.0
3946 0.0
3947 0.0
3948 0.0
3949 0.0
3950 0.0
3951 0.0
3952 0.0
3953 0.0
3954 0.0
3955 0.0
3956 0.0
3957 0.0
3958 0.0
3959 0.0
3960 0.0
3961 0.0
3962 0.0
3963 0.0
3964 0.0
3965 0.0
3966 -0.0006474298630599826
3967 0.0
3968 -0.002256308689565885
3969 -0.0018089529246181483
3970 -0.0009988422372890797
3971 -0.001080377276332422
3972 0.0
3973 0.0
3974 0.0
3975 0.0
3976 0.0
3977 0.0
3978 0.0
3979 0.0
3980 0.0
3981 0.0
3982 0.0
3983 0.0
3984 0.0
3985 0.0
3986 0.0
3987 0.0
3988 0.0
3989 0.0
3990 0.0
3991 0.0
3992 0.0
3993 0.0
3994 0.0
3995 0.0
3996 0.0
3997 0.0
3998 0.0
3999 0.0
4000 0.0
4001 0.0
4002 0.00043369111623647465
4003 0.0
4004 0.0
4005 0.0
4006 0.0
4007 0.0
4008 0.0
4009 0.0
4010 0.0
4011 0.0
4012 0.0
4013 0.0
4014 0.0
4015 0.0
4016 0.0
4017 0.0
4018 0.0
4019 0.0
4020 0.0
4021 0.0
4022 0.0
4023 -0.0010184703007679616
4024 0.0
4025 -6.917200598914591e-05
4026 0.0
4027 0.0
4028 -0.0009032084974828848
4029 -0.0019200022616013082
4030 -0.0033332580067652606
4031 -0.0020501436741814146
4032 -0.0012429515487103009
4033 -0.0010163909272041737
4034 0.0
4035 0.0
4036 -0.00045636961362566166
4037 -0.0013022990567625157
4038 -4.397456280632266e-05
4039 0.0
4040 0.0
4041 0.0
4042 0.0
4043 0.0
4044 0.0
4045 0.0
4046 0.0
4047 0.0
4048 0.0
4049 0.0
4050 0.0
4051 0.0
4052 0.0
4053 0.0
4054 0.0
4055 0.0
4056 0.0
4057 0.0
4058 0.0
4059 0.0
4060 0.0
4061 0.0
4062 0.0
4063 0.0006647758123736354
4064 0.00034132559155886425
4065 0.0021992978501311693
4066 0.0019837355113988004
4067 0.00026150944718170534
4068 0.0
4069 0.0
4070 0.0
4071 0.0
4072 0.0
4073 0.0
4074 0.0
4075 0.0
4076 0.0
4077 0.0
4078 0.0
4079 0.0
4080 0.0
4081 0.0
4082 -0.00013575761418561902
4083 -0.0007192156558634103
4084 0.0
4085 0.0
4086 0.0
4087 -0.0011490081989715072
4088 -0.0007840819544333035
4089 -8.472617370643776e-05
4090 0.0
4091 -7.984157610556017e-05
4092 -0.0013131979002177349
4093 -0.0018299973512131507
4094 -0.0009438762955410235
4095 0.0
