 0
0 1.9104713996894218
1 1.3441544655376325
2 2.2751865218783522
3 2.5490778664901312
4 1.9070628821571194
5 0.9981522212304819
6 0.4793177850718282
7 0.17406669756101
8 0.157155272552021
9 0.34662897409611443
10 0.13687485679475672
11 0.5138592830032186
12 0.46317105127431124
13 0.3248329796813167
14 0.34916317874448244
15 0.22809667831271285
16 0.17968449013736795
17 0.06582688516678402
18 0.07909969409235396
19 0.13378139298118544
20 0.12451235078886044
21 0.04645777954574197
22 0.08231025098737126
23 0.3571966353486126
24 0.5344676421159406
25 0.2307247152334907
26 0.3054786087720718
27 0.23138697328086008
28 1.6809556797921468
29 2.4607085348273943
30 2.8653472539447487
31 3.3766037303183993
32 3.456380571499251
33 3.440733325340577
34 3.189051765944067
35 2.377135072496164
36 3.030776003838221
37 4.572668160343177
38 4.846345602802975
39 4.60471647476248
40 3.4454071562078137
41 3.0010248446318215
42 3.066071137128446
43 1.9864115134832367
44 2.3157461120708214
45 1.929529914401691
46 2.712077821047785
47 2.9909509417506266
48 2.2916258564893943
49 1.4828156138353323
50 1.919068488198274
51 1.5464258671373687
52 1.8043823897871383
53 1.4630509285016118
54 1.61520575272053
55 0.878258565652397
56 1.1491196086470843
57 0.8033694772946655
58 0.87449427996276
59 1.5608797607302194
60 0.9985685225582245
61 1.2791246781781276
62 0.784115822886304
63 0.6519402493345658
64 1.0173103974336208
65 0.8174457560522921
66 1.0023405285738867
67 1.124496861890749
68 0.7850785429454321
69 0.32114010490560013
70 0.1651618074325686
71 0.11242672187225333
72 0.010011620941857537
73 0.009933424447746806
74 0.3125919478005977
75 0.0972765489790395
76 0.006851118779792955
77 0.018183795685979314
78 0.1720543213667305
79 0.30473985330258285
80 0.12733360305383748
81 0.07301305312702118
82 0.21485874037037622
83 0.06429839048594838
84 0.054671355106637905
85 0.0034845802404626165
86 0.45454236676534343
87 0.7331004359250283
88 0.7332904034863075
89 0.5454031988888065
90 0.7437935295078383
91 1.0158461649892534
92 2.465075570758269
93 3.6811162078253665
94 4.398287907956652
95 5.4273903426722745
96 5.902830994272843
97 5.564668355883634
98 4.356973187160384
99 4.315206652646218
100 5.513210877513146
101 6.740676370150613
102 5.386738560650341
103 4.686501753752752
104 2.577460941260397
105 2.1065189733828427
106 2.0109330453113277
107 1.4859212953939802
108 1.6250478157412909
109 1.1931434800357852
110 1.5955673509787012
111 1.7640585609834636
112 1.4301718539028954
113 0.9038873266938342
114 1.126398749820099
115 1.875381212691975
116 2.0963039945138817
117 1.8646420862141806
118 1.8280393364293746
119 1.2824048685488427
120 1.378327027603425
121 1.0539981658964699
122 0.829465032138245
123 0.9935745056796544
124 0.5316513808762359
125 0.6151828581143483
126 0.22759830873153614
127 0.4019576872476208
128 0.8189621541216447
129 0.42293573003124546
130 0.6791835317996723
131 0.6613461115160607
132 0.295085551258998
133 0.08686976397981742
134 0.189924847141231
135 0.37608178439815637
136 0.4233792813184252
137 0.1428598146450452
138 0.4707956652144134
139 0.5807757859377994
140 0.604099252883465
141 0.24091545140085033
142 0.03413137269837175
143 0.0032989067409456532
144 0.0009634716149768598
145 0.013745237007118882
146 0.3549627344076968
147 0.014117730285203271
148 0.014538467938967022
149 0.13488194697705522
150 0.34196154403481005
151 1.0932020770511475
152 1.288625176272049
153 0.8359232109444574
154 0.8831802229561969
155 1.1980301949953394
156 2.5843632734299566
157 4.124151596458141
158 6.208042529594715
159 7.848975148065147
160 11.476841902056552
161 9.913118298773702
162 7.384315514875069
163 8.358232349500435
164 9.146104567351578
165 7.923600465706066
166 6.070548821496775
167 5.03698417906841
168 2.258849462493963
169 1.8878078850591562
170 1.3799966242433732
171 1.2362856759138352
172 0.9204208712961455
173 0.6766997719449526
174 0.7167433264046561
175 1.4420355045395563
176 1.1641786958417097
177 0.5615185369515697
178 1.182729679561599
179 2.486106733838048
180 2.4395689307765536
181 2.2202609851995976
182 1.6332661595868876
183 1.2064115728283098
184 0.941379135240482
185 0.9996650031221055
186 0.9128252890780176
187 0.30563430162659
188 0.19617418312961316
189 0.22846748757508867
190 0.30610559071872967
191 0.33899014329049737
192 0.5153869821190726
193 0.14517214547299545
194 0.7775529804718535
195 0.04982512274365686
196 0.0742304450776703
197 0.13253406892300607
198 0.2586280505920498
199 0.2298549957525271
200 0.3877231393045952
201 0.36638116886466054
202 0.4177415022512218
203 0.2394553174784884
204 0.09407179984418415
205 0.0246466152152401
206 0.07785017942261216
207 0.12965269713049585
208 0.2615069563303483
209 0.003820468499857392
210 0.0026782664654517296
211 0.16608654180600066
212 0.06617196320861865
213 0.20546136991034153
214 0.5103720149924366
215 0.8300662213449708
216 0.6455914123127645
217 0.5218087993908483
218 0.8838021421020074
219 0.906774341950277
220 2.3506741741728794
221 3.8347974072985775
222 5.750241369731869
223 8.519052211503434
224 11.328233303171544
225 6.856542169949213
226 6.814165925834216
227 8.555054047463042
228 7.660330316999958
229 8.153132670505299
230 8.049006711034652
231 6.456671712640284
232 4.184514088307414
233 2.786194615494589
234 3.1432924622560097
235 2.8222802658293014
236 2.304139008460631
237 1.578580933128066
238 1.525076591707553
239 1.303851441996549
240 1.0869724127950373
241 0.5449110074110081
242 0.8634101991673665
243 1.865318569029044
244 1.6527037756325968
245 1.0757761703031465
246 1.0256004912640713
247 1.1296159818778853
248 1.1236339677622973
249 1.2702290769752056
250 0.5880531779511824
251 0.4314301058649677
252 0.6518618494872866
253 0.5325172334480299
254 0.7285062966127338
255 1.385876387439332
256 0.23747010932004126
257 0.008141285767429654
258 0.2140606619399911
259 6.871572388436218e-05
260 0.17167386175743826
261 0.020901034568999038
262 0.06691360115168295
263 0.22717743361183412
264 0.37406925769667165
265 0.17921087660046833
266 0.06850164642910722
267 0.10867435449118883
268 0.01781605551483479
269 0.00048064864597473374
270 0.04411423214903448
271 0.08272941878091988
272 0.35294195557459784
273 0.08840840375666603
274 0.008758944861147623
275 0.1847348519748814
276 0.553697781341959
277 0.6637905348130176
278 0.8867608088618718
279 0.5800191780576058
280 0.4729292002428713
281 0.6409198192128894
282 1.0641932903251337
283 1.4045927831156928
284 2.146052850283986
285 2.3801510405190722
286 3.1292797617761705
287 4.973529698478482
288 7.138464107937384
289 6.152719173094601
290 5.878134679868519
291 7.100377696708944
292 7.8369773969567085
293 10.52155538413412
294 9.977412776644824
295 8.53204224610741
296 8.126830599965098
297 5.959817400998383
298 4.995720408855713
299 5.051337256726157
300 2.8845916217209804
301 2.7431992574624657
302 1.8105540057823017
303 1.5261671342481022
304 0.5854373221080924
305 0.2903788996342678
306 0.6795538432633433
307 1.2784123576277289
308 1.0976814907507322
309 0.4030761129272079
310 1.075958385523234
311 1.2722464488092027
312 1.343658183099906
313 1.9951234974428598
314 1.173492002737359
315 1.783507740627139
316 2.423131284088968
317 1.7771733004732577
318 1.5349580439931512
319 1.5949398387031979
320 0.8728137401495675
321 0.20033633458984484
322 0.021425367461050723
323 0.013218895165292954
324 0.0014807256799831542
325 0.2067763928690832
326 0.5891765450120606
327 1.3343390105400463
328 1.2201043172781638
329 1.4946027093303025
330 1.484890490083307
331 0.9772153598538523
332 0.5559201320807704
333 1.0677346593461343
334 0.727087269242929
335 0.36748884829635764
336 0.0006383198420361203
337 0.010820940376109268
338 0.11240658620455403
339 0.004399859204499384
340 0.08661689314380584
341 0.059485439195186396
342 0.44511142965714207
343 0.7618402219793123
344 1.804304971223149
345 1.5242204709682985
346 1.4066595866036593
347 3.161619171858472
348 3.1915694004692208
349 2.5025124804318857
350 1.9286516256655282
351 1.9883004960206416
352 3.355428702701793
353 5.1011570821397925
354 4.7648081015822
355 5.3915190770288755
356 6.387638567195594
357 7.972092365803125
358 10.369987548430334
359 10.68727554736148
360 13.856960070388956
361 9.738007343560712
362 6.630252589979114
363 5.196578533132825
364 4.858767332820532
365 3.742481861012293
366 3.369373315656132
367 2.3694562014154767
368 1.4530274107382386
369 0.6072551395288263
370 0.5904104403591799
371 0.7942210364422384
372 0.5103412237914766
373 0.23441543891331867
374 0.9964168236059001
375 1.2115972447829155
376 1.1573849546256811
377 2.0293672035857684
378 2.1780106240881234
379 1.8355570583530914
380 1.8515099333737535
381 1.9664260687722361
382 1.728355240593682
383 1.4428012972532942
384 0.5159221062961368
385 0.570986600889453
386 0.23689841392879826
387 0.006486837297713101
388 0.0011622309825155238
389 0.19662696097597412
390 1.4564272984644264
391 2.1351220581009662
392 2.353485454749214
393 2.4290801241595186
394 2.403307998506407
395 2.3357034439554676
396 1.3454204595059323
397 2.2135806753134935
398 1.1685262746872909
399 0.6068372739473564
400 0.187141304179587
401 0.08756607729080579
402 0.02779437786335255
403 0.001460529207058327
404 0.0902308068027272
405 0.11183269384045577
406 0.48895967363481324
407 1.4025236751334762
408 1.657460933606745
409 1.639279901928224
410 3.2132364421429984
411 4.537679215976868
412 6.5478068127674
413 4.3988327847068724
414 1.9501984709071474
415 1.0747674470959092
416 1.4589582774208676
417 2.5748622270020114
418 2.0777701510041253
419 2.8193222285987916
420 4.122019527186628
421 4.328312135827558
422 5.979780784165994
423 6.623394998115795
424 8.121788113544856
425 7.4563950193991895
426 7.197804781804396
427 4.434573439321492
428 3.5459090132090254
429 3.549874919872774
430 3.143128729820261
431 3.485195372234237
432 2.0814892553292417
433 1.1364986116923923
434 0.5920133675518953
435 0.8799308910193416
436 0.41816004349701286
437 0.4144628001711639
438 0.7706593442476959
439 0.5267390585371703
440 0.8829432463016562
441 0.8877177406524281
442 1.2231705894929674
443 1.443885344335446
444 1.0115272471280592
445 0.8504246461282315
446 0.7761507208835196
447 0.6394447260556013
448 0.5383287305767387
449 0.4703209261164399
450 1.119962270128645
451 0.09638221592179261
452 0.008381015369446613
453 0.0263040622057358
454 0.43138239862087197
455 1.3592161033081165
456 2.112211308512708
457 2.01868343971693
458 1.966769830373692
459 2.8987983407742663
460 2.2274460902205093
461 2.4164275277161997
462 1.4311819897000566
463 1.1831700198674697
464 1.2667698087335801
465 1.099674116966057
466 0.17718467837130147
467 0.07913315317403873
468 1.1264452153193298
469 0.8922523685512249
470 1.5044852513762565
471 2.048833766322781
472 1.5901789696380397
473 1.5857410604740847
474 2.5391697048700146
475 4.419636333113403
476 5.36525052542134
477 4.143006464744937
478 1.5893284869809203
479 1.3968336915388058
480 1.1116525962008477
481 1.2523608125778383
482 1.0469936563621063
483 1.7239005141838442
484 2.634404703015782
485 3.7138838690595066
486 4.679604001074172
487 4.216213033913802
488 4.391220190835073
489 3.822427002585974
490 3.748267850749264
491 1.820933022663718
492 1.6202524472902464
493 1.4233666835608736
494 2.806000445453148
495 4.308932804218773
496 4.144501945433337
497 2.275027788103524
498 0.9951926110834762
499 1.6764767355102108
500 0.26846006748954787
501 0.4918596197484196
502 0.38089298508034164
503 0.3620624519419085
504 0.11581216921652326
505 0.36477384356969866
506 0.4535146530876275
507 0.5788985319754704
508 1.099589133134641
509 1.0926093346508816
510 0.2442023769103815
511 0.2732322667534447
512 0.355683040621538
513 0.2545459503028914
514 1.3845316488194057
515 0.930937741157876
516 5.0976062627263274e-05
517 0.04099483936157625
518 0.002672218948659652
519 0.495104146447913
520 0.9828901254725554
521 1.1323380352404186
522 1.384409574347067
523 2.5652418380945194
524 2.082855761950655
525 1.740606644174182
526 1.4158978279729568
527 1.7828975483694165
528 1.9596097162157733
529 1.972776303117048
530 0.7341133654700648
531 0.020339026968736445
532 0.5574003426388805
533 0.9515334860124505
534 1.3241697437955766
535 1.1963585191482013
536 0.7704647824464919
537 1.1378903017773108
538 2.6376364721427685
539 2.2202610052596348
540 4.955042618416686
541 4.062706394228091
542 1.9498390338028393
543 1.3674658180420078
544 1.008285209261951
545 0.8566936967354677
546 1.1004658826760283
547 2.099090350724757
548 3.1550439860953072
549 3.1031476773048294
550 2.2650678296561257
551 2.0509961764692766
552 3.1290675955598095
553 2.743181453259037
554 2.1635808677466293
555 0.7378301122706441
556 0.610225596531178
557 1.0564905486994958
558 1.5501174456283757
559 3.118019862041289
560 3.4600542193325365
561 1.469445867590648
562 0.9464214662866433
563 1.0853877423824052
564 0.04988903168362678
565 0.11515056712175378
566 0.25604971045586594
567 0.07063111919761458
568 2.59443207790343e-05
569 0.007542535668996825
570 0.12680081819263594
571 0.22052371661346035
572 0.596045117420302
573 0.35213793994948145
574 0.1419604129934559
575 0.016264862357172203
576 0.38725858038817496
577 0.2721546226284274
578 0.6977586935140994
579 1.219315967218174
580 0.1509796332074802
581 0.47439842613880684
582 0.47274588480718
583 0.37614336196578646
584 0.033839896632718726
585 0.02781680064861678
586 0.3309164364716072
587 1.1093358162728628
588 0.7154757682640915
589 0.7243774479131563
590 1.1343364132147526
591 1.7503233867674024
592 1.6878255352391098
593 1.2069450804279753
594 0.23199945326756946
595 0.06121018851038211
596 0.40311974807913226
597 0.6212142578784513
598 0.35912044724428555
599 0.23105425163802662
600 0.02486935697290303
601 0.4504641777905099
602 1.7592214677668738
603 2.809165476242629
604 3.3004106356281335
605 3.582893664087745
606 3.5929862782721003
607 2.6561917372056376
608 1.237869929705247
609 0.9505797832342299
610 0.6082897702990534
611 0.8225988431391044
612 1.2319870526164378
613 0.8434614498166765
614 0.9603843025998674
615 2.311286131965904
616 1.933139631884596
617 1.1164617600409008
618 0.7376788108615453
619 0.3095187385119298
620 0.7647449128536308
621 0.9858621639132342
622 1.1507888732077363
623 2.456737462599193
624 1.886842305422419
625 1.023005486981715
626 0.4985484952582424
627 0.3010515665037189
628 0.20411607789758276
629 0.32432559548632844
630 0.17224953564258136
631 0.0007258283054266543
632 0.04995124336177859
633 0.016156356097866805
634 0.0842900627135844
635 0.005737054496591612
636 0.0033474783132222087
637 0.016474318091582642
638 0.050453227699129584
639 0.0015107004325066993
640 0.4812769726366922
641 0.4382371719986658
642 0.3825698785725726
643 0.49729230715071476
644 0.07425055275647445
645 0.3504761971476426
646 1.6408606073381287
647 1.7273419538069401
648 0.8278524018493214
649 0.26739335762481914
650 0.1086019736998229
651 3.0664681282253725e-05
652 0.00031562636122620444
653 0.07669157136566725
654 0.3718113298315208
655 1.1101790942414922
656 0.9826029362051687
657 0.8150919678268307
658 0.07918337616337183
659 7.582094765219873e-05
660 0.07299961280256989
661 0.40008012809279897
662 0.11532495614334544
663 0.09932186105228884
664 0.10112532168386167
665 0.3547930722387763
666 1.858500223522928
667 2.1279366943415767
668 4.84472216836437
669 5.639677648118334
670 4.896484641327989
671 2.8530169636092992
672 1.4763305666315298
673 0.8749026562308603
674 0.3781434052361224
675 0.2607456107068442
676 0.39222305188496737
677 0.5172248021223257
678 1.110416568688135
679 1.3274167677374056
680 1.243632580071647
681 1.354963451597001
682 0.7645146246946833
683 0.42602090624037325
684 0.5006211530620297
685 0.3746784336424344
686 0.8500485369581869
687 1.903521601713831
688 1.1815788617772691
689 0.4293446747562851
690 0.14686833626856727
691 0.014004746067116684
692 0.007893676602983382
693 0.014587734230013118
694 0.035239783496056915
695 0.9001500285066365
696 0.5291433785613232
697 0.5007973149511677
698 0.47565075067075274
699 0.5198797600102978
700 0.021397171145689158
701 0.017732703437941116
702 0.10051170060565777
703 0.06418312578431751
704 0.8918966746319978
705 0.6323299805976794
706 0.2894409813364869
707 0.4301633084802156
708 0.18122989546572302
709 0.02534967027281847
710 0.6305496280268474
711 1.6356526215859672
712 2.086673632893354
713 2.1086974337782878
714 1.323204579395129
715 0.9598804726291046
716 0.49902218111184976
717 0.0913498231347811
718 0.005768575427645551
719 0.3961344156096525
720 0.4271229523292704
721 0.08540526873925838
722 0.007269816429055922
723 0.0026425572389936008
724 0.17267052108824624
725 0.49923287145798434
726 0.007870702104213157
727 0.0005568928668775611
728 0.0015081439418247005
729 0.3535656388486516
730 1.1797340834785566
731 1.5436036974796645
732 4.233431046742766
733 4.850347261994305
734 3.3833481861751373
735 2.260330739888294
736 1.197760383005159
737 1.0860630618615605
738 1.649849849455027
739 0.6250401525392901
740 0.5618020538226624
741 1.1631784916077954
742 1.2514814404091275
743 1.1950043072144017
744 0.6417417122007252
745 0.39387000102372255
746 0.2532063827483414
747 0.36710327975772117
748 0.3473486982008029
749 6.983107931188796e-06
750 0.001851923266710557
751 0.1698222469926814
752 0.24349166934611263
753 0.0016675862701882142
754 0.11314341148448682
755 0.2846027770216321
756 0.19403620379676528
757 0.23399876009949652
758 0.1252566056933644
759 1.2450604234901756
760 1.5282059617968689
761 1.3156780346538928
762 1.6709400130228926
763 1.5961776957012803
764 0.33692226395765096
765 0.48188580620746524
766 0.33737087823831186
767 0.21824770286003042
768 0.7423716708073191
769 0.468474564137518
770 0.17279600457451094
771 0.23915201013400078
772 0.027574703207057873
773 0.18297958775267792
774 0.9887691148783233
775 2.0669067486650907
776 3.4395753698820473
777 4.665573016531647
778 3.4522723756715354
779 2.8546802141884484
780 1.8905070366884265
781 0.8346544792354329
782 0.07222835955709656
783 0.004122286475733354
784 3.433334453848162e-05
785 0.012275405533824767
786 0.0026562608418910848
787 0.00026967887173271317
788 0.035771272056059206
789 0.0007280244473003388
790 0.01837136697949081
791 0.030117814594157823
792 6.00447057167196e-05
793 0.17604672281449396
794 0.10997328686244542
795 0.06801722140519029
796 0.7053830021039148
797 1.3546350433182428
798 1.0596834250165081
799 1.2322047024373006
800 1.0471942721712093
801 0.4099754378474002
802 0.5776562021820714
803 0.30328334324391126
804 0.5415336585407944
805 0.5942419840654405
806 0.33392411695077023
807 0.9467848535197635
808 0.972104404434605
809 0.5176198547326709
810 0.468977343666451
811 0.4560525726870507
812 0.19966867348629905
813 0.026136419594670248
814 0.13026790638813662
815 0.02402919545018785
816 0.05553321870635486
817 0.017900297581316865
818 0.3084875126003004
819 0.4124691952930863
820 0.5657357274431465
821 0.5648199941456788
822 0.5186251674625337
823 1.1185876387951517
824 1.576560060383896
825 2.558769221705915
826 3.792526026103751
827 2.6539268619336713
828 2.8611997387359245
829 2.498668723377272
830 1.9167951905750502
831 1.7067869071881072
832 0.8100640287119647
833 0.16228566944878545
834 0.0014229742245560225
835 0.16551216937111915
836 0.4510457164733258
837 1.175973839963872
838 2.038677550954929
839 3.3999837534099466
840 6.157095596971594
841 5.886145685367299
842 10.5378512688642
843 6.446553271254425
844 4.559889472291544
845 2.104071452703929
846 0.6026613015991362
847 0.5290619791712395
848 0.06651746530299414
849 0.010042346549360166
850 0.0011485362772155265
851 0.03840735410837127
852 0.00014394871298610077
853 0.03800041803293249
854 0.13053788550370785
855 0.032889928599290734
856 1.9653330676760984e-05
857 0.1644204178082992
858 0.09304373302504294
859 0.0005817827859310998
860 0.08555519986426341
861 0.6430384919666692
862 1.1157572156965216
863 0.7887942542170353
864 0.40669044835359835
865 0.02890684861899573
866 0.11200502375469847
867 0.10249994405581601
868 0.2535437694288659
869 0.026161745837964642
870 0.013812567084221676
871 0.09052819565365262
872 0.40225367879687807
873 0.2851917537608386
874 0.32427652885387764
875 0.13272075125735058
876 0.004227675337627167
877 0.02016314503503816
878 0.16905004503296667
879 0.05964210902074277
880 0.0972403627943019
881 0.5862917993740877
882 0.8022583295692638
883 0.6904821832320036
884 1.3435219278316362
885 1.225549786893331
886 2.2024750513416693
887 2.3076237459741633
888 2.6082554968538245
889 4.47564768417214
890 5.572908389172128
891 5.619906099205166
892 3.8512125411351814
893 5.059350459246387
894 5.286599423325788
895 3.533951293090612
896 0.25148190398005676
897 0.006160215764266299
898 0.19431203392659935
899 0.8205470005386445
900 1.126886643945946
901 2.304298151673785
902 3.6544594292247505
903 6.874178143697141
904 8.480574706191328
905 8.321782322310662
906 12.216190737823354
907 11.712099054944423
908 8.512108193630668
909 4.52929476431788
910 2.215352098235783
911 1.2172648463189961
912 0.22390526889854748
913 0.07265699158294218
914 0.00021688587988469437
915 0.00887370913945255
916 0.02928061017830125
917 0.1370013258039502
918 0.256222334248133
919 0.03064996071231131
920 0.10572714419834367
921 0.09968719258368097
922 0.16513721631528255
923 0.01455075372548884
924 0.00042227770916043256
925 0.5084204767009873
926 0.701702268876387
927 0.9503149083207464
928 0.5653474388617524
929 0.46054493459707263
930 0.37484766251448987
931 0.0933580254665153
932 0.17009605736773784
933 1.5469227951433263e-05
934 0.3802971322131486
935 0.1226500962279317
936 0.04222058626893529
937 0.019823340429387267
938 1.4597109712403826e-05
939 0.15615591687612373
940 0.16021778027330036
941 0.6779429942692619
942 1.2967436198676179
943 1.0610475760153601
944 1.5704271788441697
945 2.3445639120313846
946 2.7533949115235985
947 1.867444808888376
948 2.0287554219081176
949 1.8131425263052936
950 2.093316064625623
951 2.733098293387071
952 6.806609343696966
953 5.842551036789655
954 6.167328625547637
955 4.333505437072673
956 4.321858232211391
957 4.610547087509235
958 5.6241961741054824
959 3.1572445339178246
960 0.10047113911820972
961 0.007366687511700513
962 0.29980701574843666
963 0.8682778949142695
964 1.25211330738238
965 2.707090119371889
966 5.09756337745073
967 6.431751040175298
968 7.726935976756159
969 7.823754451721161
970 10.488236532114003
971 15.790309740279966
972 11.571625668354978
973 8.182262317510906
974 6.011261189186654
975 4.239873029525826
976 2.229878117386881
977 0.9279926797962973
978 0.27767588162512086
979 0.2597987162789221
980 0.1467630985658064
981 0.004363344894663033
982 0.023455386022425345
983 0.02537428536133176
984 0.1372273792451349
985 0.13481495798993967
986 0.5600792432070366
987 0.491535495657421
988 0.48445391946083677
989 0.8141441891210587
990 0.8182212927629097
991 1.4415462007634463
992 1.5602780675943864
993 1.168404156377432
994 1.2620521850737814
995 0.6153723302708318
996 0.46752085572996566
997 0.004354515458408697
998 0.4299426182563376
999 0.45980621121290016
1000 0.3137894315983427
1001 0.06309680496474213
1002 0.12737392990703608
1003 0.4464747981739814
1004 0.0681806811443091
1005 0.7498780351506942
1006 0.787725909597065
1007 0.4368884387865475
1008 0.8387467018450694
1009 1.6030779409334763
1010 1.5982770913898887
1011 1.7673379030572924
1012 2.5455936254177516
1013 2.1989349198411716
1014 2.1698669331420084
1015 3.7792084768191807
1016 7.085865221020753
1017 5.516545746232052
1018 4.119474909943863
1019 3.088245075929581
1020 2.677260445598314
1021 4.861575073228198
1022 5.041316394341226
1023 2.8874430955818298
1024 0.018033201052059987
1025 0.00013217777813493006
1026 0.42372246280437975
1027 1.0359778654584129
1028 2.6897563017848736
1029 4.830490506294731
1030 4.897333401927281
1031 4.500005175922778
1032 6.549868507754843
1033 8.999220403722079
1034 10.455612421201614
1035 13.509916309458964
1036 15.105977938480217
1037 13.695104018366385
1038 12.044809187807735
1039 8.799492068895445
1040 5.513112662945762
1041 3.7681989124608863
1042 2.178387324381745
1043 0.6589616523034132
1044 0.24377914024696337
1045 0.19527830331962154
1046 0.018985203151624094
1047 0.0694055830163899
1048 0.09859317688544376
1049 0.004096414370035596
1050 0.0017755480995251369
1051 0.004781258932354917
1052 0.00022672059593697587
1053 0.05579201126150279
1054 0.18644558996005428
1055 0.730189928278305
1056 0.657285618221285
1057 0.6567222046557325
1058 0.8520032950860472
1059 0.898551011324768
1060 0.6021558170049123
1061 0.09877665566512654
1062 0.41431219349736814
1063 0.586725297336017
1064 0.09601635348390335
1065 0.011512412146311227
1066 0.27216347485326364
1067 0.4036002878292411
1068 0.22096522736702978
1069 0.7521940152901392
1070 0.9530734729983309
1071 0.38158826861576983
1072 0.7518591905923756
1073 1.688380051082783
1074 1.3747849019926295
1075 1.9066362119479432
1076 2.3682979342981096
1077 3.784190672097274
1078 3.840659587989797
1079 3.83152232635882
1080 4.705857099812444
1081 4.7439094666258335
1082 2.753603544212887
1083 3.168447353818091
1084 2.8298912215837033
1085 3.1865812568271252
1086 4.124087097588858
1087 2.690090912332502
1088 0.00036935704773677857
1089 0.006024904433122215
1090 0.22163113130790263
1091 0.8997059736765397
1092 3.535874138296665
1093 6.487914093516937
1094 6.074245342688047
1095 4.722354763817505
1096 8.048412248483206
1097 14.444019390696248
1098 12.73763906306742
1099 11.903549591816708
1100 15.139682385962285
1101 20.26702973553368
1102 16.34249141452979
1103 12.37496906870709
1104 9.877372118827347
1105 7.710929831072732
1106 4.569850750777453
1107 2.6739643230502685
1108 1.9744028930665127
1109 1.4012436167785003
1110 1.440013208879821
1111 1.354563883609479
1112 1.0552164443023508
1113 1.097452651548748
1114 0.6910199252082034
1115 0.35452433280917967
1116 0.5266889769004929
1117 0.40782109037072506
1118 0.7740417109167755
1119 3.073519860205576
1120 1.0649089645354237
1121 1.0983283301276165
1122 3.317215453773198
1123 7.3415424048018885
1124 4.833038009978692
1125 1.5334678834930677
1126 0.00933070828930998
1127 0.831415072068317
1128 0.2853275943314771
1129 0.17929890091085407
1130 0.6688233347731654
1131 0.9259873894317098
1132 0.7970232867536501
1133 0.6862438452384768
1134 0.7076257304695509
1135 0.6331845690467162
1136 1.4715591964865182
1137 3.445791353935666
1138 3.4308372900343036
1139 3.7729129759590503
1140 4.122909789750505
1141 4.441368388888541
1142 4.90481867842209
1143 3.651168875788788
1144 3.750831813119231
1145 3.6319130428865622
1146 2.3330030819579513
1147 2.1370650358486305
1148 3.4453449559199076
1149 3.697380792727202
1150 4.0520957477130635
1151 3.3954976510669033
1152 0.06805316010408091
1153 0.06197453200691544
1154 0.14926689026985773
1155 1.3157830582655363
1156 3.424255472368798
1157 6.48128598965486
1158 9.70181753789321
1159 9.723962472040927
1160 11.65434653844694
1161 12.901656769173643
1162 12.062739992414079
1163 12.404830032299351
1164 17.544711095287884
1165 21.720793643331422
1166 23.588045172109215
1167 19.73918996383245
1168 16.997474211486963
1169 12.67083933263794
1170 11.32500504726728
1171 9.463255997429858
1172 7.404344648307757
1173 3.9486085072420205
1174 2.6435841811900036
1175 2.21347147365431
1176 1.3248976621382849
1177 1.6323365437392194
1178 2.2081482115267868
1179 2.3022712470575897
1180 3.10478570306687
1181 2.1279793184127977
1182 2.949274230945768
1183 6.2488899132122135
1184 3.507237952909611
1185 3.122672104584583
1186 7.3384242652432565
1187 10.830731757862615
1188 7.4938475665749085
1189 5.704563204580402
1190 0.9182614703104788
1191 0.07762460855666124
1192 0.34211713463287
1193 0.3319375550116972
1194 0.32738790338266194
1195 1.0067932031376794
1196 0.7303234431833475
1197 0.6517479351917966
1198 0.9953353888147365
1199 0.6574689430932759
1200 1.6089485613645864
1201 3.5712452514445028
1202 4.656429354202957
1203 5.503840968619608
1204 7.747939290517356
1205 8.606908070307687
1206 6.933603148558631
1207 6.872092505517376
1208 5.378160070014898
1209 2.8617281894198983
1210 2.061835157212018
1211 1.4233625092804127
1212 2.773305647007308
1213 3.108822771036734
1214 3.5897977911662133
1215 2.8340535732949688
1216 0.11377723410554179
1217 0.019747316670522725
1218 0.052119839821297836
1219 1.0874645516165486
1220 4.938113197296154
1221 7.30902924835117
1222 12.052543998372228
1223 14.780049110523061
1224 16.56817389473751
1225 15.90243505547949
1226 14.80693505730234
1227 14.634091030593984
1228 18.37604863798209
1229 21.861314242536135
1230 26.31124801741646
1231 29.73615132282378
1232 22.201818051532584
1233 20.698494010071382
1234 16.45833782589651
1235 11.430679343706574
1236 8.700494135245329
1237 5.534484034330068
1238 3.7406746346481343
1239 1.7690615796098867
1240 1.5446017457522931
1241 0.7610579527468305
1242 1.7081486513784303
1243 1.7510945596368035
1244 2.2696553715585823
1245 3.5721739268153554
1246 4.234418272700341
1247 6.165457919404886
1248 8.06754011041627
1249 10.473821377711543
1250 17.962430863250166
1251 16.144007639891193
1252 7.380046444662726
1253 6.435425359610288
1254 4.028798833350701
1255 0.4211935293677225
1256 0.034895210739355954
1257 0.25362830939645714
1258 0.4033622940292672
1259 1.4999319449519148
1260 1.0879765179237102
1261 0.3690203599661916
1262 1.0382650948644812
1263 1.938478895737924
1264 2.9253119156588063
1265 5.372345437647538
1266 6.842951166913158
1267 7.751577509373803
1268 9.001505888851032
1269 12.119125204916893
1270 11.16362795561029
1271 10.789363326890424
1272 8.904774894836958
1273 5.038481835865911
1274 3.909637604023393
1275 3.5285431574455655
1276 2.9568074659194505
1277 1.8476732805054759
1278 1.9558146544853645
1279 1.7326606315462973
1280 0.00619925834923506
1281 0.008198712229744769
1282 0.06528770725635916
1283 1.1607023500345957
1284 4.9420572408320265
1285 8.42883584361545
1286 13.177553763612208
1287 17.908523107026436
1288 20.038055357372013
1289 18.376965507609402
1290 18.44972012438913
1291 15.010384279348688
1292 16.465369865871917
1293 20.396181306924934
1294 26.993323904567358
1295 32.728885785526614
1296 32.01024469141651
1297 24.462969945485124
1298 18.336104677022
1299 12.05800479342109
1300 8.893024886855427
1301 7.580633203052457
1302 6.336633829154501
1303 3.484150895334489
1304 1.398690197152592
1305 0.30558812114869965
1306 0.3916741127778476
1307 0.46262648216154745
1308 0.6301068852118853
1309 2.1465444909356632
1310 4.298667249377923
1311 6.444704811806929
1312 10.60899805888019
1313 18.896388567393092
1314 32.495759554287496
1315 23.38148612513447
1316 15.080862411886386
1317 6.958503085441363
1318 5.2775807256193925
1319 1.2134419261519216
1320 0.03605658381841743
1321 0.16615826143466814
1322 0.16246146886439872
1323 0.8928636562533698
1324 0.7254307040144613
1325 0.6479206604455351
1326 1.7373190561326235
1327 2.426919831780828
1328 3.298561579405432
1329 4.334801313311281
1330 6.323819970262953
1331 7.634136154965561
1332 10.868628958225255
1333 15.735190764184146
1334 13.826847000363877
1335 12.01813412658685
1336 9.83736959419903
1337 9.099803256763566
1338 7.440716302278438
1339 4.50663103650953
1340 3.699870662098577
1341 2.4875208015146018
1342 1.538069252273519
1343 1.7105001219072895
1344 0.0005516278212466812
1345 0.0737143073683234
1346 0.1030298851178377
1347 1.8884479762208757
1348 6.7780607491739815
1349 9.463742685654486
1350 14.812746903478178
1351 17.785240374058578
1352 19.290034421123437
1353 20.89377619675087
1354 24.679806522864382
1355 18.680567414496448
1356 20.286307938049525
1357 26.974116804539086
1358 28.42612842343611
1359 30.086665902352777
1360 31.674818130050536
1361 24.97874077060637
1362 20.906634457108165
1363 16.204840206227704
1364 10.687553955141194
1365 10.427467727443872
1366 9.33888878450235
1367 6.064992841784024
1368 0.8336841091175259
1369 0.17436016238144486
1370 0.24209020270428772
1371 0.48482862092992207
1372 1.1966824584950426
1373 3.079835670156415
1374 5.721698758806919
1375 6.78536606490766
1376 10.06516032856952
1377 18.61694453973703
1378 30.300844018225572
1379 23.177720609934124
1380 14.128926810445462
1381 9.013615891336219
1382 7.062053992425528
1383 2.812562191559773
1384 0.891546152526468
1385 0.0018266460378862516
1386 0.13282208301346662
1387 0.02938133565054273
1388 0.37080777385299074
1389 0.7414528692520352
1390 1.0924915707604976
1391 2.486995490305673
1392 3.6673473889579284
1393 5.152536612212266
1394 6.314512317933669
1395 8.218094443721323
1396 10.044050512625343
1397 15.075228182017282
1398 14.751042260901727
1399 15.884806514615763
1400 9.60952085707537
1401 10.241965212695693
1402 7.305752421463841
1403 6.619008624863231
1404 4.8564681150228575
1405 3.0715175213453443
1406 1.7611551706745954
1407 1.9784071933026561
1408 0.0012599350096208994
1409 0.14786026839254132
1410 0.5092048451970901
1411 2.7425547846609564
1412 7.800882331358269
1413 11.737013459244524
1414 12.667090864512216
1415 18.95443003696614
1416 19.790274971582093
1417 23.19060398445141
1418 27.123163460091394
1419 21.681010536425553
1420 20.348103124669596
1421 30.759230942338075
1422 33.35485458396268
1423 25.52091590893757
1424 28.057509334442106
1425 30.421363598335144
1426 24.661711544035363
1427 17.714319422716056
1428 12.832239638557454
1429 12.296250260891897
1430 9.414065855739935
1431 5.163721766073062
1432 2.1398836147337503
1433 0.8606192391927844
1434 0.9346221404056934
1435 1.5167237391954926
1436 1.8720768386248519
1437 4.682006847117992
1438 7.429639709959477
1439 7.566925716157252
1440 9.676944814151481
1441 15.773852708363858
1442 20.603668287660028
1443 17.426174173064418
1444 10.668709363946261
1445 7.7948647383630645
1446 6.400811966094536
1447 1.966549329918709
1448 2.7283382484862893
1449 0.469391566274645
1450 0.10115014150795269
1451 0.01585625344431414
1452 0.27719580170549013
1453 1.14597432174489
1454 1.1916709672496104
1455 1.8791400078528944
1456 3.4167006728785836
1457 4.74592058635916
1458 6.589182829905744
1459 6.712658745483443
1460 8.658561682433572
1461 12.80844453056064
1462 12.039622804450204
1463 12.317008331683839
1464 8.56268159502488
1465 7.77655455350223
1466 7.47721845302086
1467 5.786417841674011
1468 4.426905186194169
1469 3.9002324156746533
1470 1.8341367175087369
1471 1.4023971086529403
1472 0.22045967729513952
1473 0.3035753608890441
1474 1.2725379304462099
1475 3.6743253553501156
1476 8.790384998406495
1477 12.429594143610743
1478 13.86265940141382
1479 20.407384329718226
1480 20.409120261025084
1481 22.722462801946424
1482 25.322465724721493
1483 24.292988283500595
1484 27.170869631267923
1485 34.739249841526984
1486 37.32828054840941
1487 31.522968987244244
1488 27.67623170317302
1489 30.766236074721913
1490 22.69833887081142
1491 16.568324627039555
1492 12.577770604272787
1493 9.20118238926258
1494 4.3587474592500675
1495 3.5757390324612364
1496 2.651889889071247
1497 3.057541079264604
1498 2.786396757663597
1499 2.2251613653212674
1500 1.1569983261328716
1501 3.0302364294171213
1502 4.506220000633528
1503 4.591694173541939
1504 5.468356686195416
1505 9.447551449388389
1506 13.311292242061008
1507 13.187327712118206
1508 11.007508467353643
1509 8.363232487732164
1510 8.101650826188656
1511 4.327259600395664
1512 2.820533699518067
1513 1.524729723263254
1514 0.00849779924345273
1515 0.0002518204261965516
1516 0.12103115495788101
1517 1.080253871615594
1518 1.4766222450715283
1519 2.602607695031867
1520 3.0694631550781515
1521 3.498618209060987
1522 5.229116964946251
1523 7.222106152218643
1524 7.8482570615302185
1525 10.91001979671856
1526 9.966331387596584
1527 9.601214876461999
1528 7.617830264388767
1529 6.914075479406115
1530 7.587221499279427
1531 8.813239528496874
1532 6.648132489820819
1533 4.342768631823998
1534 2.592119482347386
1535 1.879130538125922
1536 0.911569759716071
1537 0.9554453910823194
1538 2.359136665395838
1539 5.417050331981009
1540 10.648693568426774
1541 12.351805889706533
1542 15.503636121667412
1543 20.25109523306295
1544 22.291711714898113
1545 21.748894088985708
1546 22.201367727992388
1547 26.388142189628226
1548 33.587912528402924
1549 42.46082772577796
1550 39.630322993767656
1551 34.369400515024765
1552 31.650526133592447
1553 33.88968876553154
1554 32.63446106298551
1555 22.590667083515783
1556 14.198963705521413
1557 10.51181404285194
1558 5.274750237297266
1559 3.318904073380553
1560 3.274854160917787
1561 2.4017630047390717
1562 3.2414545058271886
1563 3.011932822606871
1564 0.8639822746268975
1565 0.47290609743341544
1566 0.9876317405354575
1567 1.4431291314928518
1568 2.180759979807773
1569 4.740218982019565
1570 7.012838622391705
1571 8.173382742489391
1572 11.509528944594061
1573 10.426267853631991
1574 7.774369251887438
1575 6.021399870662198
1576 5.077633745369315
1577 3.868261687285388
1578 1.0822119700486532
1579 0.24235756701495123
1580 0.01390095837666973
1581 0.0513663415229473
1582 0.6654491757209442
1583 1.5364434676313508
1584 1.5826258656472438
1585 2.3808422209064313
1586 4.564613980156194
1587 5.789092292198747
1588 7.15900077781487
1589 10.74568051596445
1590 11.330168309345934
1591 8.615056558057951
1592 7.274444979010196
1593 7.908901604717959
1594 6.437998431039965
1595 8.215316482096718
1596 6.306822426721147
1597 5.830530785358225
1598 2.884613957193238
1599 2.074985154481576
1600 1.7054544395786406
1601 2.0406830047961164
1602 3.2046579256394785
1603 6.4938659279163655
1604 10.454178458032182
1605 13.047978514828474
1606 17.567177288421437
1607 20.66432167312176
1608 23.092607413374385
1609 24.711636751978244
1610 23.386757779817742
1611 28.286766752244414
1612 36.47338660348805
1613 41.495609596886354
1614 46.80892516851271
1615 42.02142225480203
1616 35.77478699820532
1617 38.1777550877557
1618 38.62685415903719
1619 27.70410141885457
1620 20.587772969063376
1621 14.6243594597457
1622 9.177493079668684
1623 4.918151497842699
1624 3.7562673410777245
1625 2.861541950026448
1626 2.7381678800692293
1627 2.926232643305796
1628 1.26224457872828
1629 0.5165754657535154
1630 0.979637809433037
1631 1.1041792186313986
1632 1.4410340869970948
1633 1.4649773923366847
1634 1.7578980195733171
1635 3.0016775687957375
1636 5.587919850598505
1637 8.3671583860615
1638 8.227587035321983
1639 7.6325771335058334
1640 6.265282724438904
1641 3.882513752275819
1642 1.5943533433522057
1643 0.22047344669687816
1644 0.0011454001527279928
1645 0.1181643788017669
1646 1.5342329349476673
1647 2.408859366744101
1648 3.4052272861968973
1649 5.365498332649817
1650 6.082620420925921
1651 7.643954090473021
1652 9.126211389778401
1653 12.97716519240182
1654 14.94890725748084
1655 11.950979024747586
1656 10.791138163904805
1657 9.73788276362043
1658 7.086821224681662
1659 10.833371161145104
1660 10.51312654266047
1661 7.240584585966134
1662 5.086114937506649
1663 3.194118812348817
1664 1.3595501201394116
1665 2.0729797228852735
1666 4.920906985522799
1667 8.511797961486579
1668 10.749126112330933
1669 15.257037260902464
1670 20.126767496401456
1671 21.312546597303523
1672 22.306585502319376
1673 22.624246235184835
1674 26.03423436296738
1675 28.421513938804
1676 38.267174799181525
1677 41.015585989668985
1678 50.71090452282853
1679 47.84620633914086
1680 43.58324698123439
1681 41.143853163022044
1682 46.01434474055791
1683 33.230653393905435
1684 27.159297287534642
1685 21.31525927970076
1686 16.059455626338966
1687 13.500984405940923
1688 9.241724308661208
1689 7.416968539632617
1690 4.756267612593279
1691 4.267513914923126
1692 3.1207222938172996
1693 2.357657508881916
1694 2.9542229904258606
1695 3.7313811057350272
1696 3.7430516021090363
1697 1.8909832830346873
1698 0.6472759155034856
1699 0.29891881170101153
1700 0.7570864330429049
1701 2.386204911532866
1702 3.3185580865742135
1703 3.1100161994817705
1704 2.802941294384605
1705 1.8883187790084297
1706 0.9501250490895514
1707 0.05251760857608192
1708 0.03541537715562436
1709 1.1234111584469804
1710 2.1978247472166266
1711 2.9969471712311475
1712 5.2394460905228755
1713 8.082751647806278
1714 11.2598650295126
1715 16.02673220632614
1716 17.943547046803843
1717 16.451574009683963
1718 14.65573909670701
1719 11.337196875492364
1720 10.963963914044422
1721 12.271000061441809
1722 13.552649553713149
1723 15.213346616029847
1724 14.227248734601025
1725 10.473555746767534
1726 6.3181611408346265
1727 4.9116198331626055
1728 2.143887701961991
1729 1.8387825213361921
1730 4.0030254068557305
1731 9.266214800848006
1732 10.40296456377691
1733 12.56345546068954
1734 16.477817576544943
1735 19.01484010766284
1736 20.459154463250176
1737 22.761408134759495
1738 26.017119874187216
1739 26.180064436680972
1740 32.16394466253452
1741 39.10197152712009
1742 40.23343652612256
1743 42.12241971620614
1744 44.298923767930376
1745 47.34469821415872
1746 44.02835225783218
1747 33.57850703917813
1748 27.94882981877426
1749 26.68005826562022
1750 20.47735241990577
1751 18.059118310213115
1752 14.302154963591645
1753 11.020766412814496
1754 8.215223110690502
1755 7.461397364540013
1756 6.517446201315996
1757 4.196802839869812
1758 4.200431222567769
1759 4.786890054531689
1760 5.855914852983241
1761 3.6382984483304153
1762 2.098022983425077
1763 0.26255154284123144
1764 0.27118154505758385
1765 0.6083337764249988
1766 1.0643052118911411
1767 0.661866777007832
1768 0.18925699681739966
1769 4.042869640942305e-05
1770 0.004201291663189506
1771 0.11431022155886292
1772 0.6127557492851226
1773 2.107304442841575
1774 3.128079191988365
1775 4.212079575124826
1776 6.907805905597277
1777 9.067987373293125
1778 13.68043529222293
1779 18.537694691125463
1780 20.9254950231676
1781 19.445371602757234
1782 13.024896019925613
1783 13.119541591641662
1784 11.343816588350215
1785 10.965829168475544
1786 14.816501961458068
1787 17.034062677370386
1788 18.69920748844108
1789 12.30943848328478
1790 7.129514236141472
1791 4.722024879745184
1792 4.702466776056574
1793 4.288408316239652
1794 5.263197553430168
1795 8.192747553937881
1796 9.771378067431026
1797 12.465743182958013
1798 16.147573961605215
1799 18.149090808951975
1800 21.637288705309924
1801 23.887910984253505
1802 25.529746082804383
1803 24.556507672919988
1804 30.971383881393418
1805 37.01350736018994
1806 36.63401307351423
1807 38.92239901968462
1808 49.34956230195636
1809 50.924634842164764
1810 43.41108995103211
1811 39.471873061006576
1812 33.675987604733564
1813 29.90970111821457
1814 20.120563906181886
1815 16.286603609685084
1816 15.727167721289092
1817 14.186831002908312
1818 10.094166065152875
1819 11.379799178691092
1820 8.86188088234912
1821 7.147471873498733
1822 6.13186425140847
1823 6.375085998726237
1824 7.049663445598389
1825 3.481262465016539
1826 2.1693288175264516
1827 0.4112358786967707
1828 0.2183938998288539
1829 0.00018217811786438556
1830 0.17171458312898585
1831 0.6088460612506245
1832 0.440818338673891
1833 1.2634471040016086
1834 1.6511159922736045
1835 1.6009360530498893
1836 2.6800067441697273
1837 3.751847011995648
1838 3.779279761545085
1839 5.287302016921213
1840 9.562689060932021
1841 9.633086287593645
1842 12.719189603742556
1843 16.16267967483032
1844 17.164077353285624
1845 20.257506335405843
1846 18.531738258441212
1847 14.806811114024411
1848 12.733839833323067
1849 15.163113676051331
1850 16.747290317770787
1851 16.361317794518552
1852 17.45301038762687
1853 14.147363534025937
1854 7.225108431933019
1855 3.9581915006622834
1856 5.2452019607625555
1857 5.375525856374324
1858 6.246226135000743
1859 8.83497354473281
1860 11.16623501092196
1861 12.604065277897707
1862 15.898072579168076
1863 17.799440605832984
1864 23.740474931132656
1865 26.795978040106306
1866 26.257343011782968
1867 26.269865455028505
1868 28.792065319320283
1869 37.755747145790195
1870 42.7346418842
1871 45.75987462012777
1872 49.35815877713065
1873 46.588183817249934
1874 45.00532464885836
1875 40.19311821234454
1876 36.99954748077454
1877 29.859565717843267
1878 22.856702259367516
1879 21.182477334956452
1880 21.700004025987088
1881 17.884324193507705
1882 14.165911048696122
1883 10.93571730439816
1884 9.862688674067032
1885 9.66939692128247
1886 8.661548049535115
1887 7.305907285885088
1888 7.001927565395949
1889 3.44981933134295
1890 1.287042815535936
1891 0.05165262095679171
1892 0.15875564754905744
1893 1.2483680559676766
1894 2.2584743067092345
1895 3.8913057638414177
1896 4.366220861981649
1897 6.030352714666149
1898 5.3291591153535585
1899 5.252283150305296
1900 7.847203379693631
1901 8.418506059837778
1902 8.419428001092431
1903 12.169009629439858
1904 14.818869188036828
1905 14.002727476497796
1906 14.273965760843165
1907 15.193957566540357
1908 14.480970528922205
1909 18.472724407474523
1910 17.746188665246642
1911 14.86460195842199
1912 14.185445132752484
1913 16.581422021299858
1914 17.09952690471558
1915 16.469316217187668
1916 17.59595193744655
1917 18.980083251663363
1918 11.054309079962007
1919 5.3577480889471145
1920 5.034633181539887
1921 5.0947955799322315
1922 7.1695724407851715
1923 9.2760537376804
1924 11.428242718877366
1925 12.447892011123077
1926 16.193056452461477
1927 20.013879872253025
1928 24.87923677447506
1929 25.5862600944756
1930 24.2574042588104
1931 25.301132917611458
1932 28.71327610009596
1933 38.33505130340433
1934 46.222070828522355
1935 52.10023864022893
1936 55.758637291158664
1937 58.56219823869577
1938 52.19155658732827
1939 43.509645283566066
1940 37.5440537857651
1941 30.01701525608399
1942 27.420837852168372
1943 25.873763144302558
1944 24.774440227436294
1945 24.27819336934946
1946 24.48998974386379
1947 18.50047921617255
1948 13.771019345743309
1949 12.512342121353365
1950 9.926943877348334
1951 9.39350941901529
1952 7.724691805975341
1953 3.4871015101651537
1954 0.7523481283269283
1955 0.03716089224049914
1956 0.22760300256269753
1957 1.219296112721018
1958 2.3376712903041135
1959 4.623211051877561
1960 6.321660610809277
1961 9.303753278151857
1962 9.44491485062245
1963 10.527060645529401
1964 10.981448792876153
1965 11.489809142440526
1966 12.829774268621456
1967 15.025882788302896
1968 16.215579607076847
1969 15.17579686042326
1970 14.365716723719002
1971 12.904139709701338
1972 12.151019158996574
1973 16.223755785352402
1974 13.321671035126801
1975 9.235366150537747
1976 11.625729435192309
1977 17.114770762256963
1978 20.890607847853286
1979 20.294011620768156
1980 17.28284238442412
1981 21.479437511267886
1982 15.368072958742514
1983 5.700543394746823
1984 5.9611086915474445
1985 5.500998815736691
1986 6.919248651522268
1987 8.905336728150747
1988 9.689143485263
1989 12.689713918453327
1990 15.743471958152464
1991 20.004772811832613
1992 23.20972552109545
1993 25.24748923644476
1994 23.321922686670206
1995 24.300048942319343
1996 26.98368808578079
1997 33.915987008186335
1998 45.662764812369275
1999 44.58978332887649
2000 52.47743011674689
2001 55.35219827729375
2002 48.4288114075796
2003 41.76485728095361
2004 35.63969303119385
2005 31.52295659620242
2006 26.502744908032277
2007 24.963115704544073
2008 23.96798909677013
2009 27.36335695020085
2010 28.339737900992713
2011 26.31468245749619
2012 22.627211013843283
2013 15.63529205706737
2014 12.801122265073628
2015 8.488479383683481
2016 5.33266176964036
2017 2.977833007576639
2018 0.9135621526441637
2019 0.01195516504355589
2020 0.20826248034593198
2021 0.21357777089372834
2022 1.0904854819771195
2023 3.1448373188544467
2024 4.826156960609118
2025 6.897705951510416
2026 8.757100348699733
2027 10.868908414434747
2028 11.450493719527614
2029 13.297516327561004
2030 17.58827106269555
2031 16.78774497055398
2032 13.709268527256059
2033 13.833384559391623
2034 12.221080502284066
2035 10.040546340169877
2036 12.527043844098717
2037 17.427196316122252
2038 11.739751102144862
2039 5.960093586685942
2040 12.377357373347389
2041 18.061815218657202
2042 22.202877194935365
2043 17.097659076700733
2044 17.124755575910616
2045 20.55640265398971
2046 17.396799148954898
2047 6.484447731326382
2048 4.19058913731876
2049 4.234341694002717
2050 6.904261322679413
2051 7.875931393970749
2052 8.752023241387235
2053 11.897120776186773
2054 16.723887018927634
2055 18.17665527904647
2056 19.04172669468419
2057 19.82114385528838
2058 19.91746603994817
2059 23.670262794322756
2060 25.166726909603987
2061 33.70185156002726
2062 40.7996312179114
2063 37.88597748535423
2064 48.689220438279364
2065 51.6968456201703
2066 44.67919456419958
2067 34.75570437685996
2068 31.287075669181966
2069 27.874079280947655
2070 25.145379810318925
2071 22.718049119203947
2072 24.041416552826107
2073 30.991246050170957
2074 33.39019792243805
2075 31.194223483572994
2076 21.872918562688067
2077 16.355512733924613
2078 11.630883677251651
2079 6.903836531110544
2080 4.9591571979242755
2081 3.122913550404873
2082 1.290348642391764
2083 0.24241287793298855
2084 0.005681961244673555
2085 0.14101204040159207
2086 0.25838447894893285
2087 0.9878082446942987
2088 1.8443224897043846
2089 3.36299483592844
2090 5.76971724257288
2091 6.012288333666672
2092 7.9066911902202985
2093 13.006557504377884
2094 15.347587230828369
2095 14.413025060631746
2096 12.43734870285848
2097 10.173914712988864
2098 12.057871935401272
2099 11.905724268117718
2100 9.73364677286545
2101 12.526159758173415
2102 13.703518691424417
2103 10.68259931916789
2104 12.034919851206412
2105 15.190137488181499
2106 16.49824597272843
2107 14.142228398828866
2108 14.633161154369363
2109 17.55523015305975
2110 16.701907894284034
2111 5.680413944991878
2112 4.822974389843962
2113 4.062634361007804
2114 5.138059187802315
2115 6.6350183076535085
2116 9.682743388498002
2117 13.454175413518325
2118 16.681547310602156
2119 17.584843212521225
2120 17.57006803927084
2121 18.687810902287875
2122 16.031780506017707
2123 19.367895100219112
2124 24.67385640827332
2125 34.23087572153713
2126 40.86712033946414
2127 38.898230830871576
2128 47.088816178148264
2129 52.79811939091979
2130 47.99907804892093
2131 39.496490330048275
2132 29.358655347331062
2133 28.775976848949806
2134 30.73915875784801
2135 28.76012437850288
2136 25.766772321267158
2137 26.84459834522463
2138 28.94868866889395
2139 22.625373262838732
2140 16.69045172616068
2141 13.288758738316512
2142 10.247371165538805
2143 7.610951434087181
2144 4.454245647294096
2145 2.782977190966054
2146 1.1872870130287483
2147 0.4150103892793952
2148 0.3030586128691888
2149 0.05655778186625902
2150 0.025671444747965608
2151 0.09639798510429864
2152 0.31987734484447683
2153 0.947776302004818
2154 3.469025062030454
2155 4.809845129554077
2156 6.196618670476622
2157 8.90333800428778
2158 9.915558895733193
2159 12.440872585808963
2160 13.376484336713544
2161 10.418225859961153
2162 11.478069239811589
2163 10.741221870009571
2164 7.865844388480159
2165 7.8806783234583095
2166 13.74709492810768
2167 12.55727223035683
2168 12.122145926136538
2169 12.748522466359274
2170 16.602287201632485
2171 11.112691449222607
2172 12.191149767401512
2173 15.5500974075276
2174 11.112642044912013
2175 4.992704118269319
2176 4.201248927163019
2177 2.5666247530087767
2178 3.2773259838896567
2179 5.9311652572697975
2180 9.419481453416296
2181 13.441392371694008
2182 18.552797274408174
2183 20.046200169750506
2184 19.480508710112968
2185 19.94405622166965
2186 18.991370011936997
2187 21.56145329048652
2188 24.86230243315084
2189 34.532713004252436
2190 39.879874251799144
2191 38.42826359882062
2192 47.87718310149962
2193 52.18341349463892
2194 49.53691265879111
2195 39.215054042848145
2196 29.20366304441678
2197 28.189137086599224
2198 26.217125509633256
2199 29.76725063932665
2200 26.330059798346603
2201 21.74244397045946
2202 21.321569729761237
2203 20.77995808575357
2204 16.985603084795926
2205 12.546576705336067
2206 8.618567019101091
2207 6.2151486828558635
2208 3.9594945498174363
2209 3.128935722079522
2210 1.7070856404333823
2211 0.6197065557876821
2212 0.3315439442258005
2213 0.26618931760185166
2214 0.0935660130601841
2215 0.07952548535319322
2216 0.49769120196014904
2217 1.2120996408886422
2218 2.7263159082046577
2219 4.772873312583364
2220 7.346760552770102
2221 10.86031393364425
2222 10.228440599345992
2223 10.355777416548852
2224 12.598325950712818
2225 12.856232447679988
2226 12.746307281127713
2227 12.336136000396126
2228 11.375427213989587
2229 13.847971876491759
2230 13.503500855054677
2231 14.338038181155474
2232 12.886582797239388
2233 10.930297412120812
2234 14.64540806219652
2235 11.673773718060822
2236 13.942721068394928
2237 13.858209701778895
2238 6.92256995753922
2239 3.2305662286853
2240 1.9911785985449149
2241 2.727123433277074
2242 3.8513499723214526
2243 5.275483127470548
2244 9.553268764526038
2245 12.843899149153755
2246 17.615131093820928
2247 19.859848115226697
2248 21.098611137716453
2249 19.470196974594344
2250 18.519866022463532
2251 21.028867551486233
2252 25.60603731558006
2253 33.71639665672399
2254 38.47626473158849
2255 37.13100085370018
2256 40.944412592608984
2257 43.59504714506617
2258 46.496137545061146
2259 36.57838363956118
2260 30.368581601940896
2261 24.80074350382817
2262 24.039538219411487
2263 22.93973959689436
2264 20.38993776368976
2265 18.84171082902728
2266 18.984936636998043
2267 19.268620389966838
2268 15.156174254260163
2269 10.918924399984604
2270 5.534901736661287
2271 3.652521593775566
2272 3.2457140200137236
2273 2.8095075835449568
2274 2.1773265387841945
2275 0.8116266575585909
2276 0.3389251184788324
2277 0.17636928376184105
2278 0.1006517215114862
2279 0.008852363487489419
2280 0.1800004828948762
2281 1.1049863180142891
2282 2.005172199092748
2283 3.3188629106871086
2284 5.2459434097955375
2285 8.226678337945687
2286 9.135671414006321
2287 8.661523129241386
2288 11.811393060326775
2289 11.754690977582904
2290 12.994753655040613
2291 14.693489252226458
2292 16.34223003516385
2293 20.39335043705541
2294 17.996571536842506
2295 15.47676289737357
2296 12.861833112114992
2297 8.453724802611827
2298 10.76019847805471
2299 10.319649151099215
2300 12.059552255877293
2301 11.464553451682415
2302 6.101814317330199
2303 3.303320903466353
2304 1.5476031659262417
2305 3.209571015262999
2306 5.107269521977776
2307 5.505067745976632
2308 8.12475764826454
2309 11.507383731003902
2310 17.29422849340239
2311 20.17442514457794
2312 20.754806756267925
2313 18.86860978911188
2314 17.752008080861025
2315 21.918248532147736
2316 25.781616373097197
2317 33.17967280387919
2318 38.254170338534756
2319 39.74739178302235
2320 49.068774757944446
2321 46.44290067270627
2322 44.86070676601319
2323 41.113945225468775
2324 36.685920276077624
2325 30.05938933572024
2326 21.318074323904668
2327 19.218961788718595
2328 17.582117620443057
2329 18.226700497356035
2330 14.43255192771886
2331 12.716393634938804
2332 10.196095793144451
2333 9.892315696158903
2334 6.814928984739495
2335 3.5448657331954054
2336 3.6362847035421644
2337 4.83695943096498
2338 2.4722853871209454
2339 1.2577568167715634
2340 1.0976173864897818
2341 1.0105811298974328
2342 0.7348705455119564
2343 0.11365338895203952
2344 0.16755752714647326
2345 1.009247957398619
2346 2.053957964157351
2347 4.108218407470302
2348 7.289358561764966
2349 7.16148336937279
2350 10.189931379304992
2351 11.67185441474282
2352 12.922019656621181
2353 12.497755022251889
2354 14.15409777345772
2355 18.960360934027914
2356 21.81548456647793
2357 22.88519020885924
2358 19.925132640090084
2359 15.45951763401849
2360 11.613034326758337
2361 10.273302677161986
2362 12.688398252287783
2363 10.496263451574253
2364 11.762757160974724
2365 8.06025729843368
2366 5.131890611446954
2367 3.033554905163592
2368 1.2443121873788163
2369 2.877392578380051
2370 5.705991298046773
2371 5.397208840822879
2372 7.723674925706397
2373 11.236617379497469
2374 16.463418461430898
2375 18.672772188362686
2376 20.74851462880248
2377 20.245897414481238
2378 20.035238122785785
2379 20.13270074520116
2380 26.694581024624778
2381 35.63957253381343
2382 41.901285408772594
2383 41.112131697343
2384 49.55185040376117
2385 50.07255034195771
2386 48.58603510925169
2387 41.011757777387444
2388 41.72699365429556
2389 31.13124699909155
2390 17.90566358089863
2391 14.824266199867948
2392 12.43362607152094
2393 9.818433160003988
2394 8.37983412261345
2395 7.947139305605234
2396 8.538656166214645
2397 8.078422830160955
2398 5.994394315768562
2399 3.504290589917469
2400 2.401839896480581
2401 3.0297040859504176
2402 2.395388841829075
2403 1.2547616806243642
2404 1.1291628956891175
2405 1.496831512345302
2406 0.6854818622221308
2407 0.25460796870038416
2408 0.0004927137851675093
2409 0.14295866766570667
2410 1.7056437279675871
2411 2.923310271646368
2412 6.878820043269868
2413 8.261661680883769
2414 11.00288735081087
2415 13.977674178632999
2416 15.584845405072388
2417 14.372483786218032
2418 15.921415582147182
2419 21.443238459974935
2420 25.445840539587252
2421 25.89412778855737
2422 20.700672035263516
2423 15.228658533892121
2424 12.841604697546657
2425 13.86323073893171
2426 11.193068433989849
2427 11.59279720255971
2428 11.237520396738626
2429 5.808987551365301
2430 4.280648138627197
2431 2.115597349429566
2432 0.5093527747713598
2433 1.6076855187335553
2434 4.54734205174825
2435 6.0383093605587606
2436 9.254558060296477
2437 12.203855105771966
2438 15.8477820995937
2439 18.519863237874223
2440 22.515176337793747
2441 21.945843595099355
2442 21.35296541685398
2443 20.812578163113976
2444 30.286588724512683
2445 34.474913606130535
2446 37.0535450445251
2447 38.984958204574575
2448 47.0442080652059
2449 43.03588852528435
2450 44.20993545151336
2451 36.864164546454354
2452 34.39434410263663
2453 21.864088525862044
2454 11.160086556558879
2455 9.436930170370575
2456 7.705790946334739
2457 7.927681838653351
2458 7.066427414815158
2459 6.144896384507625
2460 4.991383337571438
2461 4.724479628205845
2462 3.95734449146574
2463 3.9625667420406714
2464 3.0113956323807702
2465 2.7287573226989053
2466 2.5990120430334716
2467 2.624710850678431
2468 1.9916664938197335
2469 1.7293487695050833
2470 0.8901202481697453
2471 0.07418442309025713
2472 0.00014921095268410504
2473 0.28977116111142426
2474 0.7649515192461098
2475 2.8073046738066294
2476 6.21664230332208
2477 8.345462437958528
2478 10.33813936458293
2479 13.640741300522821
2480 15.609746327651791
2481 19.27355543350392
2482 23.096364927999932
2483 22.083987734818848
2484 18.470509834888002
2485 22.416752549022995
2486 17.084989123199968
2487 15.890619927708883
2488 11.275584398330592
2489 13.01993785441425
2490 9.594896887415027
2491 8.00937324055292
2492 8.565260946029642
2493 4.920622282482549
2494 2.487867200400865
2495 0.8506214717080478
2496 0.44416842150974567
2497 1.4161803592113398
2498 4.843488987360447
2499 7.086717308945112
2500 11.783043726352963
2501 13.856047870459149
2502 17.592205892761452
2503 18.014165958152457
2504 21.08480712156639
2505 22.05985676127861
2506 23.019220016047015
2507 21.684048292267924
2508 31.076868419464148
2509 30.45083066043248
2510 39.18187009815433
2511 41.47807888126013
2512 45.761331859415186
2513 49.410692683222834
2514 40.80693361537172
2515 31.970525882017835
2516 32.80722892357586
2517 21.344979351885
2518 9.75412335911557
2519 7.05368738367267
2520 6.570634572660755
2521 7.585140690324385
2522 6.2440546754210215
2523 4.28801392486646
2524 4.392100467628083
2525 5.371538411163349
2526 8.149687179772467
2527 7.029921602057683
2528 5.030332773143155
2529 4.42107802591672
2530 4.628647871005495
2531 5.526332557382907
2532 5.135369066131173
2533 3.241966742196125
2534 3.290686615061695
2535 1.9239972175165743
2536 0.607771458447936
2537 0.015240298557864624
2538 0.3059070930847738
2539 3.10529357343553
2540 7.078780052987402
2541 6.454727753396108
2542 9.252098255380549
2543 11.564165371027977
2544 15.774041884243312
2545 22.2146223827953
2546 23.09625484656796
2547 21.054756615277707
2548 16.349538175911785
2549 17.214693923438727
2550 17.17460117416534
2551 15.08038848650435
2552 15.996930173113268
2553 11.007148735957902
2554 8.134454872054086
2555 6.33112799056698
2556 6.874396303070785
2557 5.899827899039439
2558 3.758168937474296
2559 1.1415635640490474
2560 0.03289417814383951
2561 0.720610305262924
2562 4.70905845932921
2563 7.843166726822335
2564 11.158499938540292
2565 14.395345407352929
2566 17.761169104252954
2567 17.91845710633849
2568 20.32342713210537
2569 22.995143874325173
2570 24.770037341246606
2571 23.426651377684273
2572 29.6537327620457
2573 34.0293356099463
2574 45.80887473875062
2575 44.710283704868814
2576 45.10877088671927
2577 46.70792703835706
2578 42.14405873070339
2579 35.26406114119279
2580 29.260730066991975
2581 18.24610464767014
2582 9.877967991085603
2583 8.267437830962573
2584 5.0584740218068065
2585 4.246044395802045
2586 4.234657611219836
2587 4.409102977182003
2588 4.98740513237815
2589 6.195106472482507
2590 10.862042600252249
2591 10.245338126263794
2592 7.615234382745697
2593 9.688623077752075
2594 7.814117757672346
2595 7.153839769295358
2596 7.224359715962859
2597 6.758498510729815
2598 8.094598205607754
2599 5.945157325034114
2600 2.5121344575153337
2601 0.5299455814776594
2602 0.004483222591180505
2603 1.0616126094690983
2604 4.339906006427501
2605 3.8630439380422894
2606 4.959962822266311
2607 8.636414211496549
2608 12.796911396499766
2609 18.543830648326328
2610 16.287307531738268
2611 17.58706238638503
2612 12.973387389681918
2613 13.241177416041886
2614 13.177042250304705
2615 9.222278134622135
2616 11.366089262168353
2617 9.018117913694887
2618 7.555667206814806
2619 7.353069578122693
2620 8.049726789905415
2621 5.262420178293763
2622 3.2411175741943237
2623 0.8848188853648634
2624 0.06412476453587627
2625 0.2778703949175782
2626 2.584376746938507
2627 6.93190454342386
2628 10.636776556235551
2629 12.62024848019678
2630 15.30223627902853
2631 17.991233725121507
2632 19.901794066055935
2633 19.708584945807345
2634 21.294131397184003
2635 24.8168194717432
2636 26.092406980725215
2637 35.655736381201145
2638 44.155848559438915
2639 41.218934956034005
2640 40.701279146125586
2641 40.94926326907896
2642 40.485005738195994
2643 35.45994760592228
2644 28.417656202563766
2645 18.697447988476316
2646 11.429058168132734
2647 7.51171991640182
2648 4.837582706033041
2649 4.136480789761621
2650 2.7973986528158146
2651 3.103713039126337
2652 2.990585463294443
2653 4.445832380465867
2654 9.75234155647472
2655 9.171445518967023
2656 10.85946138865377
2657 11.074039990485442
2658 10.55368561147797
2659 7.509023813065552
2660 5.802567955409685
2661 5.654692099799933
2662 8.000583168420462
2663 6.069239079812529
2664 3.4491609712795057
2665 1.1320304116191395
2666 0.42569413046488547
2667 0.004694844450671016
2668 1.1965900644507241
2669 2.3400090335670556
2670 3.3126342925221346
2671 6.429989143966844
2672 9.02710757006022
2673 10.370619492339886
2674 10.621294102234218
2675 12.305946677195152
2676 8.699872912191145
2677 9.191038705772987
2678 10.312279216990214
2679 8.34212436384204
2680 7.173464923558431
2681 8.91728339336007
2682 7.773793164270271
2683 8.134504456753218
2684 5.645588176233152
2685 4.193809534205452
2686 3.898665503762227
2687 1.6847951886928816
2688 0.19868073085923066
2689 0.00020882215600644472
2690 1.1763934632811461
2691 4.704326854863868
2692 10.855153609922146
2693 11.313992008698355
2694 13.63392094660007
2695 13.772625995073211
2696 13.809191265849277
2697 15.789706096497396
2698 16.794394415046188
2699 20.09645446201612
2700 23.190205903531066
2701 27.654430036947065
2702 32.50802850328113
2703 34.274032421069286
2704 37.11009064306884
2705 35.912463303493624
2706 30.175372287278666
2707 28.127307793413777
2708 29.94464865155398
2709 21.139804718194362
2710 11.26696253147611
2711 5.728953785139143
2712 3.4920280238390964
2713 2.3389415273693537
2714 1.7458904797531627
2715 2.151178983854956
2716 2.736655830637054
2717 4.35350437809813
2718 9.0813174615169
2719 7.590427752200666
2720 8.959873108460487
2721 8.666039503724361
2722 11.372557298331412
2723 9.888170866623172
2724 6.2608620593885425
2725 7.1450490877460755
2726 5.798423561050816
2727 4.308615607144159
2728 3.7029355754856232
2729 1.1936567829950209
2730 0.6063671116937027
2731 0.037881442738908144
2732 0.704894638260204
2733 1.5906088958598783
2734 2.341709307676736
2735 4.36992447867182
2736 5.255759407084612
2737 5.567614476540477
2738 5.231819951364027
2739 6.134460693966548
2740 6.606786013510607
2741 9.008570774725694
2742 7.830700573696764
2743 9.08711250807027
2744 6.7143958135917
2745 7.3061209611473625
2746 6.634697228177217
2747 6.46479189322924
2748 4.6264775684691095
2749 4.340469624411038
2750 3.19609216536381
2751 1.2302841259106523
2752 0.46094313657209873
2753 0.10679653645559405
2754 0.2560918932485634
2755 2.386385216212578
2756 8.44328882393547
2757 9.890334226429472
2758 10.553846222845628
2759 11.455150501973453
2760 13.297491113122241
2761 11.565202938072746
2762 11.986788723000917
2763 15.723205857658176
2764 19.72231633994559
2765 23.43826731513226
2766 28.349825481442075
2767 30.77411832516154
2768 32.65454458996219
2769 30.465004197925012
2770 24.840328879586394
2771 21.45748949584311
2772 23.84253153687269
2773 21.078725144069367
2774 13.121335096597921
2775 7.348831736254265
2776 4.065075899832203
2777 1.555982094279401
2778 2.1714809143318736
2779 2.6308874331422585
2780 2.90148319989155
2781 4.983803563956965
2782 6.4757114390359
2783 9.996688259556427
2784 12.489427171618768
2785 11.409005964807164
2786 16.65818110614197
2787 17.423371301018733
2788 14.790852561393452
2789 9.200995617708426
2790 6.0214675227387575
2791 6.702727411089231
2792 4.401456683644834
2793 1.132702305274601
2794 0.29776547801104775
2795 0.1269385211594627
2796 0.31107175911529916
2797 1.3068420334040067
2798 2.2794413466308234
2799 3.819186984722437
2800 2.6512149910983562
2801 2.6958034111310774
2802 1.7354355794407363
2803 2.796358587432583
2804 2.5539174699690896
2805 5.045319592262159
2806 5.777726183258812
2807 7.898350163268455
2808 6.568824760621466
2809 6.8173264713586805
2810 7.8313477859979255
2811 7.153692568400985
2812 5.726370446776605
2813 4.214147464381224
2814 2.625429952753369
2815 0.7185115904563657
2816 0.2008694494492549
2817 0.08308227749158067
2818 0.1994296497246716
2819 1.3718099668772514
2820 5.450230823800276
2821 9.292801959857657
2822 8.90540769551906
2823 8.83072086411728
2824 9.266228265998372
2825 8.559377073406045
2826 8.542320122978754
2827 10.87141626445168
2828 14.356427237974799
2829 21.23861014384876
2830 29.724276641085485
2831 29.93022611953627
2832 27.71535234067855
2833 27.45605612214613
2834 23.705270029549887
2835 20.570825838470086
2836 19.823018357555256
2837 17.265077313596603
2838 11.90339685001964
2839 5.9677889224207945
2840 4.340041906745286
2841 2.08068874224386
2842 3.7523102209849326
2843 5.478273945432174
2844 4.1113592665292815
2845 7.166354845013753
2846 9.596772422542587
2847 15.705625871993105
2848 20.653748895620538
2849 21.185966758288973
2850 20.454318609623417
2851 20.69025022304897
2852 21.98921682078505
2853 10.155339151065874
2854 5.824817788624288
2855 4.480377433548221
2856 3.199792120628519
2857 0.4178618837420327
2858 0.05262484115887701
2859 0.12551405929962708
2860 0.02629707971260469
2861 0.13962593787435906
2862 0.41092095747931917
2863 0.9854188610120747
2864 0.8803924646593626
2865 2.039844942080648
2866 0.988858159187682
2867 1.2212678416131368
2868 1.7043703672809751
2869 2.3236226855633073
2870 3.3645419214563024
2871 5.15924003095544
2872 6.405487119042632
2873 7.387060601050896
2874 6.300089417452838
2875 6.855807979638487
2876 4.768143932058719
2877 4.435240388334825
2878 1.7485681284778607
2879 0.6392918075947533
2880 0.08019862652865899
2881 0.001900359217113258
2882 0.93961492823558
2883 1.1606396276022415
2884 3.6317913871683887
2885 6.445257439704683
2886 6.057212117301362
2887 6.49026981572406
2888 7.531312358570187
2889 5.6319923005750345
2890 5.286837588677606
2891 5.699238951353125
2892 12.469311939675192
2893 17.4507308372723
2894 23.422473834874772
2895 25.183311549184978
2896 25.06386830548088
2897 23.924479320709104
2898 20.7100320321427
2899 17.115052713317212
2900 17.318612264926802
2901 13.513792877310722
2902 9.03688043130959
2903 7.446663349358657
2904 3.4559499477539752
2905 2.4988908077605125
2906 5.612355760044946
2907 6.450842425410657
2908 9.495885654636647
2909 11.473520428969763
2910 13.121562095091909
2911 16.79566945183401
2912 19.287332677558933
2913 22.27203164233255
2914 20.80440483625091
2915 14.476174565941275
2916 18.170071410606734
2917 7.084650343578748
2918 2.810824469884106
2919 1.602740802164677
2920 1.1888401971035432
2921 0.038829834936424584
2922 0.010702783853806878
2923 0.14504356448273956
2924 0.054266084138308295
2925 0.14436597609940735
2926 0.001066586428275814
2927 0.057602973027050565
2928 0.1662819150142899
2929 1.2539967193569195
2930 1.682506693097678
2931 2.7545399532808346
2932 3.576511750768774
2933 3.452236824427806
2934 5.355441091270006
2935 8.433850187649174
2936 7.496035593222611
2937 7.025083613451954
2938 4.57826651016117
2939 4.289030614849501
2940 3.886016146311412
2941 2.45124045997823
2942 0.8357915086718695
2943 0.29144116171754
2944 0.01681139249971012
2945 0.28586487878950523
2946 0.9631030891652271
2947 1.0688357739376706
2948 3.019361308254053
2949 4.4520817604113585
2950 4.013481714298771
2951 4.9935476436282356
2952 5.5909277197619
2953 4.197109584254074
2954 5.006026736738076
2955 5.927353126675948
2956 9.600276951274852
2957 15.789189480972942
2958 19.613739367536933
2959 19.797873891942192
2960 14.42747058433512
2961 17.06747048660118
2962 15.114262159534858
2963 16.797210959105346
2964 12.704836443336482
2965 9.365475127010269
2966 8.95096629539612
2967 5.725679474184026
2968 3.734555300345522
2969 3.628476642081014
2970 4.057135894369728
2971 6.562835239002999
2972 12.367657267167012
2973 11.64286425472555
2974 10.205717000208917
2975 14.190377191306405
2976 16.202852811573326
2977 20.185117382784572
2978 16.599811261181685
2979 12.13613465608426
2980 9.566133108547756
2981 7.292712554677269
2982 3.1967419762809417
2983 1.1293178459880195
2984 0.15796254739697554
2985 4.4208738504079505e-05
2986 0.05052249598198529
2987 0.12466825545328719
2988 0.006786331572676002
2989 0.05185955464672107
2990 0.04224803072246658
2991 0.0006193413637277599
2992 0.12388564433051362
2993 2.142172224261696
2994 2.5299157682545905
2995 4.749195683928674
2996 7.905836414179635
2997 7.6811899087127715
2998 5.879751041090348
2999 7.9501154148333955
3000 7.959209700893181
3001 4.622165032357905
3002 3.3387794339133996
3003 1.0957324526169707
3004 1.8223730033477787
3005 0.7476646586679697
3006 0.25690926760845334
3007 0.1709583225774842
3008 0.32344762307605307
3009 0.3945882622880008
3010 0.9182353960893799
3011 1.701982774655425
3012 2.1609242434858156
3013 2.9786166826915577
3014 2.366482716054876
3015 3.8132431546650487
3016 3.879553969889948
3017 4.632531381852221
3018 5.872366940056619
3019 7.194029239050155
3020 12.017847752087546
3021 14.146480260868163
3022 13.191911976405118
3023 11.322513981360665
3024 10.887077235788134
3025 8.903490401759184
3026 7.992039251860087
3027 8.288857299211704
3028 5.110989358991852
3029 4.190315371626138
3030 4.833617789563505
3031 2.6735701309070126
3032 2.8801137274679793
3033 2.2618260830312633
3034 2.0383779378215
3035 4.743514083829881
3036 8.3202554605743
3037 7.088633566581129
3038 5.733939626755282
3039 9.962638924848273
3040 12.77101535376223
3041 16.26924908792872
3042 12.27174943587578
3043 7.84330264746009
3044 4.530789302940255
3045 4.033635267478757
3046 1.0437164305971551
3047 0.3836114962016106
3048 0.008930939055193342
3049 0.667054693198189
3050 1.2044313344093782
3051 0.7961993147844962
3052 0.3143249936795893
3053 0.45747235089012883
3054 0.003898870160086704
3055 0.06016599971998703
3056 0.7380364431575569
3057 2.5486231308116714
3058 2.712591107341209
3059 5.644304986915862
3060 5.41782651230996
3061 7.426522455717665
3062 5.198213849064635
3063 6.421032730261706
3064 5.9506596586611975
3065 4.691687173636016
3066 1.7262578157767465
3067 1.6463790927641226
3068 0.8328741969247198
3069 0.4280557762822618
3070 0.4685468567163555
3071 0.177733109137705
3072 0.3912677592198124
3073 0.4576833409746499
3074 0.9364364050140445
3075 1.7074808210206298
3076 2.8028041632582372
3077 3.3609543185191684
3078 2.6383028188557973
3079 3.1856473400880905
3080 3.6778088169337178
3081 5.457733970603766
3082 6.610695977467638
3083 11.689246053414088
3084 13.396751212094648
3085 10.000502674555229
3086 7.698198586083838
3087 6.633498071853081
3088 6.644391739854095
3089 4.495917332648862
3090 4.155048128404429
3091 2.5532043197351553
3092 0.9881373725924132
3093 0.797173304367369
3094 1.573394872409901
3095 1.8244218785229704
3096 2.626292725137597
3097 1.2143026840797086
3098 1.3898540600751255
3099 1.6644693489633098
3100 2.5709043761467174
3101 2.620700574197797
3102 1.6972227926198853
3103 2.6144065302912027
3104 5.237896641920332
3105 5.21311014864892
3106 3.170753232014758
3107 2.2201005283432322
3108 2.659482564341445
3109 0.5110406831661353
3110 0.06641909171168851
3111 0.058959548061859664
3112 0.25855494023823955
3113 1.3855237857724323
3114 0.8869337684939
3115 0.2367220155886327
3116 0.5209433557575723
3117 0.21332888162975835
3118 0.0442736584770828
3119 0.14326749003140316
3120 1.018647053511321
3121 1.7204803080486262
3122 3.4159694922678105
3123 5.609989004041985
3124 5.822605619550765
3125 7.620093952593101
3126 5.378861928806088
3127 5.918041535573178
3128 3.560678527970976
3129 3.3003826138494654
3130 2.7258441145720833
3131 2.0641140629479726
3132 1.0518412350501731
3133 0.13839208822791388
3134 0.5002447857346237
3135 0.30821689773282945
3136 0.04770843643842113
3137 0.22123555766552666
3138 0.804038756561843
3139 1.9209960523239273
3140 2.077057390919372
3141 3.2234697813295963
3142 3.0479723250026063
3143 2.6292784218454153
3144 4.2051995857352455
3145 6.783558206627513
3146 10.200712865499865
3147 11.966296882598204
3148 9.781812155303678
3149 6.6805074218108205
3150 4.719656344273482
3151 3.7268834717529598
3152 3.350127950537369
3153 4.263931204222542
3154 3.6205714867127843
3155 2.488938350536986
3156 0.9047209864672281
3157 0.46089205272441996
3158 1.116415372669848
3159 2.978168764706453
3160 2.5075109522275403
3161 2.4259428105074248
3162 2.196362671996124
3163 2.4903425018820573
3164 1.900734185216626
3165 2.1134554925356532
3166 1.3888837822373954
3167 2.4601565441452444
3168 4.3330799089930405
3169 4.84936328766496
3170 3.1019268097108754
3171 2.088970813622389
3172 0.7832645952840585
3173 0.1920797926413603
3174 0.3773171093004821
3175 0.03416514526115014
3176 0.025909046503049513
3177 0.41816505248542996
3178 0.23870308689801067
3179 0.20493314113070632
3180 0.44895807742083427
3181 0.14683931933346614
3182 0.056486856889837046
3183 0.0804929827930937
3184 0.18341849607996377
3185 0.23583710103400263
3186 1.0159625538094792
3187 3.590796776647831
3188 3.9322611021979177
3189 5.922261777110377
3190 3.6384331486226382
3191 3.4933481449724075
3192 2.715047572319078
3193 2.67923643719367
3194 3.9262270064146243
3195 1.656025064874638
3196 0.4912092922742004
3197 0.14219130061495697
3198 0.24481499673147805
3199 0.09078052765705866
3200 0.15776115225585424
3201 0.12985825641414164
3202 0.44054502810933516
3203 1.1480623610243539
3204 0.9023797678017041
3205 1.9422411629612313
3206 3.861412344407964
3207 3.5348634807539665
3208 4.557724118267354
3209 10.831043725413743
3210 9.511156684835194
3211 7.997827143079068
3212 7.242570286598077
3213 5.309873872709719
3214 3.0776440857044682
3215 0.9992958626390321
3216 0.683934934444285
3217 1.3777221213465394
3218 1.3313865904856585
3219 1.253105250946783
3220 0.33667787801419524
3221 0.6569795478767274
3222 1.4325747282911256
3223 1.1037256392453811
3224 2.2455725795724315
3225 2.908039444928911
3226 1.9958160067256672
3227 1.8221326289447302
3228 2.611510183525015
3229 2.4827690237023434
3230 2.411847669211966
3231 2.109361190503869
3232 2.4051127386324436
3233 3.6806438840700357
3234 3.3490903113763113
3235 1.992089243989615
3236 0.9737053151675221
3237 0.2248341472590323
3238 0.02839708239636508
3239 2.9899202878502734e-05
3240 0.12488487650885498
3241 0.297319984067379
3242 0.3021736589926321
3243 0.5792819537315427
3244 0.4796996883220121
3245 0.33946216743802377
3246 0.10058786268143888
3247 0.026299387847266164
3248 0.05337025660007741
3249 0.01669438273328439
3250 0.23027478767075205
3251 1.1435659477611062
3252 1.124403967429784
3253 2.064139305991987
3254 2.638936998062378
3255 2.536894078669332
3256 2.6408771804841145
3257 2.5881891514620285
3258 1.6462779963656091
3259 1.993534645845926
3260 0.7119665522856682
3261 0.3463813357284609
3262 0.03143037586910548
3263 0.005857734249993202
3264 0.00951387340791025
3265 0.09405248430700172
3266 0.0906553460759531
3267 0.12383005737616519
3268 0.7274431753010738
3269 1.4457112216123615
3270 2.5643162004547144
3271 5.001627651285606
3272 6.729964261097439
3273 11.512595107992286
3274 7.623186716041742
3275 7.3520653069817214
3276 4.092976112740839
3277 2.227826943162649
3278 1.7078955584171998
3279 0.4794163586595388
3280 0.2110838673989011
3281 0.03031466698631283
3282 0.1707626868353145
3283 0.12133791873710251
3284 0.0196777189160476
3285 0.014593759491501702
3286 0.2002444884624723
3287 0.4790584483075701
3288 1.700554241544068
3289 1.8259885284141864
3290 1.203264789776038
3291 2.201601672144074
3292 2.201399416262147
3293 2.7454577569731233
3294 3.0014732451426367
3295 2.690718104927972
3296 3.5771172925152395
3297 4.570441128405617
3298 4.456657220739042
3299 2.1022995741841135
3300 1.2772510026278596
3301 0.6293228791206883
3302 0.9103495185918064
3303 0.3920419629519536
3304 0.6135450366876196
3305 0.2892787137826696
3306 0.30890837347941613
3307 0.64705395716101
3308 0.6931734631613974
3309 0.8060762087454575
3310 1.0028414274107138
3311 0.3748115395809685
3312 0.39084744081710193
3313 0.2862783659319581
3314 0.0071888869936976955
3315 0.577186630173735
3316 1.0400706815143808
3317 1.3403310656956047
3318 2.503924080301884
3319 2.5367809738379545
3320 3.280582504200443
3321 2.584954335407711
3322 1.0605972921321172
3323 1.609276560795162
3324 1.2646277482826265
3325 0.4581483608466453
3326 0.12985361582372162
3327 0.0022346132140817284
3328 0.020883525435499897
3329 0.01697605184155483
3330 0.11877260904762932
3331 0.0005137311969195371
3332 0.23665475353574042
3333 1.0374510132445853
3334 2.820311766939271
3335 6.216462939698627
3336 7.669642612333718
3337 6.422483232848473
3338 5.240919941628824
3339 5.268312350970264
3340 2.620640246529262
3341 1.3577042472010372
3342 1.1936046239682827
3343 0.2748120966132308
3344 0.016638813572141385
3345 0.013963944536048488
3346 0.019101364061629433
3347 0.005131291642713646
3348 0.01611659839559754
3349 0.009273131941723071
3350 0.005681457167766553
3351 0.04014978021383892
3352 0.5360014043429365
3353 0.4285479166755103
3354 0.5551687351487804
3355 1.5869420936440175
3356 1.3294514441749365
3357 3.2210433643451015
3358 3.6862450470670414
3359 4.579853834261746
3360 4.424537128956478
3361 5.781440225670802
3362 5.751437105461197
3363 3.306018866246729
3364 1.6900161135549812
3365 1.450050047305006
3366 1.7862229726909942
3367 1.8007094925318212
3368 0.5543677728738029
3369 0.32264970670001053
3370 0.20088479235867415
3371 0.3207079703683945
3372 0.21938470730696427
3373 0.8896690052135068
3374 0.9119882447697217
3375 0.22590946900520315
3376 0.6164208131547959
3377 0.42124633071341966
3378 0.00015634154871759355
3379 0.3304897818230652
3380 0.8584763767297576
3381 0.8308890714275413
3382 2.225893550089275
3383 3.0212423409184215
3384 3.820623565641693
3385 2.748400944340479
3386 1.3030317117773595
3387 0.42221982794816637
3388 1.0086487366601251
3389 0.9720214453642817
3390 1.0763089966765471
3391 0.08397344659313404
3392 0.2599543252567575
3393 0.20213373560915665
3394 0.26259325402540407
3395 0.06771877058542648
3396 0.09479120642480926
3397 0.3207001442100222
3398 2.3070987891836685
3399 5.982496452830756
3400 3.5267755842341106
3401 2.5626346134534015
3402 2.577211890379037
3403 2.5689663767991466
3404 2.432671536176044
3405 1.2871850957193802
3406 0.8059491932149372
3407 0.29111099856227884
3408 0.03036173439611263
3409 0.003916148818911334
3410 0.0033035453539122365
3411 0.11489288169156812
3412 0.13353448588936911
3413 0.09547747900535183
3414 0.05291678074573156
3415 0.39470153558420534
3416 0.6509914344223325
3417 0.5185511640760568
3418 0.931794213033555
3419 1.5687493701657604
3420 3.6551711367709667
3421 4.794321698579174
3422 3.7371021116907928
3423 4.162737357096751
3424 4.421085049759557
3425 6.249879281788617
3426 6.028296759526658
3427 4.632065606927869
3428 2.3585961036007936
3429 2.8225967493617055
3430 4.237256096244106
3431 3.7608961473424123
3432 3.5247510426886373
3433 1.698063902193055
3434 1.0377769124234355
3435 0.5153033500269547
3436 0.5209039659790569
3437 0.9175251589033263
3438 1.0399225980786184
3439 0.48467078736376995
3440 0.5963447717758669
3441 0.26228313714952534
3442 0.17414758411090872
3443 0.29659623423296533
3444 0.9825513044864048
3445 1.0624672312413381
3446 2.7953057141157593
3447 2.712523588867253
3448 3.345157635387252
3449 2.5813190517632276
3450 2.063096102691117
3451 0.6987722258589697
3452 0.7470941451784683
3453 1.8242178271221492
3454 1.2607600602105116
3455 0.2371376630116232
3456 0.3757298968244387
3457 0.5616243100718585
3458 0.17846555293867186
3459 0.029443883237872892
3460 0.008709749866666157
3461 0.20351710116397667
3462 2.282734483665582
3463 4.577866133496208
3464 2.2254993091397677
3465 1.6875472242499854
3466 1.4303777855150572
3467 1.5991308926829828
3468 1.3206246726443511
3469 0.8986931099984224
3470 0.6358765211360969
3471 0.19747560850652848
3472 0.07185164500929002
3473 0.03874864618275901
3474 0.014983991887138942
3475 0.22502442116344645
3476 0.4242489812882756
3477 0.5805613599422882
3478 0.21814821763885403
3479 0.9323087771249808
3480 1.1689625967631225
3481 1.402523857005585
3482 3.178332861519614
3483 3.5663499645035044
3484 4.489587966825307
3485 4.411556828113239
3486 4.051520298415268
3487 3.791475292060546
3488 3.9119279042446373
3489 4.282253773348571
3490 6.840398018759315
3491 4.912851453361297
3492 5.770083921746195
3493 7.246529998114518
3494 7.797402200363224
3495 7.743687242043434
3496 6.426835579142121
3497 5.382058667800421
3498 4.691394602405798
3499 2.659522085685149
3500 0.8235724796986509
3501 1.401774926661642
3502 1.2568706510824303
3503 0.18824084071223138
3504 0.0028978225958455196
3505 0.06573275954368775
3506 0.130631753780767
3507 0.8715560872425984
3508 2.4647074190822282
3509 2.5950914714089492
3510 2.7595766910571005
3511 4.163778909046922
3512 2.5368731252547247
3513 2.8112799274320883
3514 1.303107890374084
3515 1.0366393389219641
3516 0.1417122274393487
3517 0.49644223809415217
3518 0.7136187975914906
3519 0.012103452902811972
3520 0.5372313214695102
3521 0.9247789353716858
3522 0.6727754726520363
3523 0.13837881161638255
3524 0.0004461001219263443
3525 0.6518157172825508
3526 1.7495846245669588
3527 1.416964793020615
3528 1.3274777421993487
3529 0.8957310074988292
3530 0.5252552608967755
3531 0.39223484841349565
3532 0.49325706992581053
3533 0.49141366335314285
3534 0.505273581271261
3535 0.2973673806282408
3536 7.899657639777164e-06
3537 0.009241157948364057
3538 0.009916477130165687
3539 0.008637965521872853
3540 0.03903069924561628
3541 0.09982111699206694
3542 0.18458683037155185
3543 0.9000263475274174
3544 0.6558108147338787
3545 0.8933290490022225
3546 1.7314720324636617
3547 2.402286351871519
3548 3.519033106044216
3549 4.293407407750711
3550 3.7490010581161353
3551 2.757306030356702
3552 2.86634127535284
3553 3.636325110052854
3554 4.520705831951223
3555 4.894189443270806
3556 8.191519471107899
3557 9.568006385645319
3558 10.555162843993388
3559 7.121043837627856
3560 6.31353237745108
3561 5.658497177283066
3562 4.52098535398308
3563 3.809050712668177
3564 1.7195158882082555
3565 1.105219261776682
3566 0.40227992592207323
3567 0.01929695263757361
3568 0.023193938159612862
3569 0.010687189858813253
3570 0.5901806216767158
3571 1.0407360162724588
3572 1.6433997670588825
3573 2.7942524676818485
3574 2.1643069576535
3575 1.840430780565479
3576 0.9020450551444053
3577 2.3071908620671984
3578 1.1982019358139446
3579 0.5757508381240527
3580 0.03504173537053982
3581 0.04257994262378108
3582 0.2968895923111387
3583 0.05664140919935773
3584 0.4254503104342589
3585 1.415811995306487
3586 1.4176811397293638
3587 0.7545386917535916
3588 0.005939464080122176
3589 0.8280479495963101
3590 1.0242915478021233
3591 0.5541418301916384
3592 0.6337415176146902
3593 0.6039111764859644
3594 0.31435216231254315
3595 0.06753581891197764
3596 0.17842188635326833
3597 0.07546274407825856
3598 0.12849268906485475
3599 0.05326404965090554
3600 0.007734503839010545
3601 0.034964493465342784
3602 0.0095520073501491
3603 0.021158565886700686
3604 0.0002843541615122619
3605 0.05095624303068263
3606 0.19585434720012818
3607 0.5876442329901513
3608 1.20392948045245
3609 2.528289893377222
3610 2.4456491646872585
3611 3.7628780660481103
3612 4.914900869424413
3613 5.663784086799126
3614 4.256338162436698
3615 3.466856719316273
3616 3.289895959172607
3617 3.523331739472793
3618 4.878447913762078
3619 5.921919583808825
3620 5.818091467668268
3621 7.957611819680785
3622 7.932581725758743
3623 9.414029976796497
3624 8.363175010029352
3625 6.3753559048369945
3626 4.120567743585419
3627 2.1195926721501683
3628 1.5798962440825206
3629 0.35674204674265586
3630 0.00044061419202041214
3631 0.11461056790673095
3632 0.2891995909521727
3633 0.5660516807685407
3634 1.7242973525671532
3635 0.9429640498202252
3636 2.286339029976898
3637 2.6341276106737586
3638 0.46431573365382395
3639 0.15556407840830494
3640 0.23273762931050984
3641 0.11500985545162933
3642 1.049248579043049
3643 0.2561311079632768
3644 0.011044637920098431
3645 0.003054588707943601
3646 0.08017165451870994
3647 0.2614247577499813
3648 0.9666863181411843
3649 1.0562969385395793
3650 0.5491867247186333
3651 0.545208635535253
3652 0.34030388452777005
3653 1.3344690108768174
3654 1.1110167618624642
3655 0.39281139570326334
3656 0.31226138239497603
3657 0.08259686462213175
3658 0.011078611586643845
3659 0.16060065948690025
3660 0.007202189465594746
3661 0.02588823425471464
3662 0.013761838124157644
3663 0.09381447036896909
3664 0.04720174612870539
3665 0.02316298211938089
3666 0.03730451528524777
3667 0.018684093482693613
3668 0.06320802267050236
3669 0.16898690823241735
3670 0.5551921113941515
3671 1.4894685278336772
3672 1.67764241167738
3673 4.163427736899694
3674 4.125602647726777
3675 3.8202359252173705
3676 3.8915976841313444
3677 3.886559799860657
3678 4.900219920502253
3679 4.877122404600709
3680 3.457894623996202
3681 3.5257261468297347
3682 6.401590029081198
3683 7.617776268044912
3684 9.44535999604144
3685 9.003996365625433
3686 8.241887700041268
3687 10.816644093439448
3688 10.197811980141292
3689 8.19734047512586
3690 3.674559289993187
3691 0.9115716171477021
3692 0.23378051661430713
3693 0.00045943407334099104
3694 0.10644669289894514
3695 0.26227413181461867
3696 0.4367779340629153
3697 0.787789778196505
3698 1.4604290551938568
3699 0.6835126498040918
3700 0.7130721215754265
3701 0.36160754746806417
3702 0.05178629569334953
3703 0.19331064550417706
3704 0.0009293647231106622
3705 0.057480998010380806
3706 0.02472553365414495
3707 0.19486697336428277
3708 0.008344612040232976
3709 0.025108069527703485
3710 0.24539486108872682
3711 0.586746791979373
3712 0.7426130784465317
3713 0.7099726256821263
3714 0.6549238764047268
3715 0.08395476974755403
3716 1.265692800176605
3717 2.1571350729399157
3718 1.4703467458338357
3719 1.04916739148555
3720 0.3808843013164802
3721 0.3042727132162066
3722 0.10037935669727667
3723 0.01766454068859448
3724 0.04370302665700011
3725 0.004638478899185055
3726 0.0677206762136723
3727 0.04243140540248467
3728 0.18190790740991947
3729 0.28990816182039314
3730 0.18965625313583473
3731 0.4032267709688321
3732 0.623101514517758
3733 0.5636756215260099
3734 0.963026765879797
3735 1.7994985676806727
3736 2.0081911952337226
3737 2.463924000642741
3738 2.732067160762093
3739 2.287458594904768
3740 3.363194833583373
3741 2.0066975419505013
3742 3.2871591814326457
3743 2.767781768563488
3744 1.9543471325362913
3745 2.1362055056074953
3746 3.3624686878066807
3747 4.797024631644298
3748 4.761393743789747
3749 4.345606400483427
3750 4.389805782224068
3751 5.0890211590509935
3752 5.44982285120478
3753 3.146948207085278
3754 1.1659032156062277
3755 0.20874847650627731
3756 0.023700986786331407
3757 0.0004674633872577287
3758 0.01817499071119517
3759 0.02556710369448068
3760 0.01938857722477421
3761 0.06284884188270055
3762 0.47595958819393036
3763 0.49334366354087905
3764 0.30157450785450096
3765 0.41801673615545953
3766 2.0796601309793185e-06
3767 0.09702556479773793
3768 0.03151566781032511
3769 0.056605176852734376
3770 0.06820469072559107
3771 0.01503605243848555
3772 0.0016982662133440472
3773 0.03748052923311916
3774 0.012157751745585293
3775 0.5239757763731122
3776 0.3629802072543149
3777 0.5545563275813508
3778 0.4955181413657586
3779 0.09140565634218453
3780 1.6305383347179736
3781 3.0708137926533468
3782 2.665730544043533
3783 2.517502954898231
3784 1.3032759875451996
3785 0.6236027509600004
3786 0.4713836288050741
3787 0.005508870668487537
3788 0.0013209723475635716
3789 0.00040460894767920566
3790 0.007590388979093514
3791 0.09938961189849306
3792 0.10890389347105524
3793 0.43836522227015423
3794 0.19361118319348936
3795 0.15614573197158385
3796 0.0004226151889312082
3797 0.4222050040151614
3798 0.37783614578128416
3799 0.42744154687265773
3800 0.75292480680442
3801 1.367714119579204
3802 2.275590064542937
3803 1.0401938269860285
3804 1.1133201295796245
3805 0.6066838760496294
3806 1.498650139704828
3807 1.2017064797521384
3808 0.33537443765863295
3809 0.4691447060387626
3810 0.922784588794906
3811 1.6372576872117601
3812 3.027106178527628
3813 3.243712848090187
3814 2.9347103024143557
3815 2.337169612380966
3816 2.048335568110069
3817 1.1815423176104205
3818 0.9793083355399033
3819 0.10192379422158275
3820 0.006859964087111837
3821 0.002252111833796022
3822 0.009943699424266227
3823 0.0077988467860847736
3824 0.27890846604072683
3825 0.07668066134334273
3826 0.0006169346359758131
3827 0.09839819640058055
3828 0.229147917066134
3829 0.68363572061235
3830 0.14325737552912446
3831 8.865363828553946e-06
3832 0.0015298631622129922
3833 0.003119273016473748
3834 0.0012604633285454498
3835 0.031304314917884365
3836 0.008134177925494935
3837 0.0007413409200058992
3838 0.0021964790280322296
3839 0.1756962955575185
3840 0.2664497568190434
3841 0.2953652898959065
3842 0.12421148571654961
3843 0.04586061672165656
3844 0.6286894650533184
3845 1.6288647389135007
3846 2.144428144224726
3847 2.685141817908409
3848 2.5914173595339216
3849 2.72489877439584
3850 1.7638363355510907
3851 0.22538838072406928
3852 0.06868336048594761
3853 0.027089241770483812
3854 0.14324898098525227
3855 7.333557892732741e-05
3856 0.13103226625292516
3857 0.08268107367236248
3858 0.02016403442001333
3859 0.050746181774192316
3860 0.039196352873472146
3861 0.9293060161109634
3862 0.686810619369038
3863 0.5302423134937501
3864 0.674449534910734
3865 0.6033064291392282
3866 0.8373851628131213
3867 0.9217242593350927
3868 0.7672701062587356
3869 0.40090490083639774
3870 1.2684810551381256
3871 2.2159998886978816
3872 1.7001998400242853
3873 1.9919024380493988
3874 2.5045194402986777
3875 2.6011571864417746
3876 2.1745322254993895
3877 2.224958856428471
3878 1.7495949550488588
3879 1.8771391449818997
3880 0.814189898684132
3881 0.841410777936977
3882 1.1424629469305936
3883 0.8423225557628996
3884 0.24753801801731595
3885 0.029649949304318697
3886 0.018536500064343032
3887 0.2969831176170979
3888 0.7105268117573993
3889 0.8587954374350633
3890 0.15932524348235938
3891 0.13709028065121678
3892 0.3732369278673776
3893 0.3477946741013674
3894 0.020953046260178906
3895 0.1124535088690845
3896 0.1687443252087832
3897 0.04821215728560359
3898 0.05070131546723237
3899 0.06006992304409018
3900 0.0676159923301495
3901 0.25705901169779494
3902 0.05534688664530685
3903 0.27063426668155915
3904 0.11118686275833975
3905 0.11109795555603785
3906 0.0002571666173369388
3907 0.19406566397136588
3908 0.2879498797372175
3909 0.580354628973167
3910 1.7072347486944957
3911 2.9511781588346673
3912 4.420145418218251
3913 3.9932658086689066
3914 2.5276817060562666
3915 0.8093698390878056
3916 0.1795277876067046
3917 0.015966722997853035
3918 0.01330019937457682
3919 0.007938333478358685
3920 0.00852270084628113
3921 0.25850482120679646
3922 0.029110948159278484
3923 0.07764244571719232
3924 0.00037352446902456167
3925 0.6308091893741082
3926 0.9299961758948562
3927 0.8195390472076656
3928 0.8455328856662453
3929 1.0127609991453446
3930 1.8393153049971585
3931 2.0870561952136435
3932 1.1622052836013634
3933 1.3507284075495891
3934 2.259688056870605
3935 1.951932315801044
3936 2.1784364076565996
3937 3.5186223300141997
3938 4.551374344701688
3939 3.18857023710899
3940 2.653923454464896
3941 2.07317153432886
3942 1.4732884235025119
3943 1.1126617123207652
3944 1.1815376156545077
3945 0.9825831745623791
3946 1.6515437511984208
3947 0.8183431227137442
3948 0.5850789582020413
3949 0.6355786762533656
3950 0.4563086949946052
3951 0.6174874017027486
3952 0.7984471410223827
3953 0.5022658404266326
3954 0.14124557070501095
3955 0.01425985492784775
3956 0.03814194833112331
3957 0.10114445986318911
3958 0.09046219108898892
3959 0.05340563346372436
3960 0.20971526411556887
3961 0.2759190897516907
3962 0.5335497366244276
3963 0.4799873233291243
3964 0.316667814512842
3965 0.12452999908753408
3966 0.05558465990610571
3967 0.06815453700489929
3968 0.33261691138754773
3969 0.30570196446757664
3970 0.08239040878470713
3971 0.0033725193829977364
3972 0.4140786997369635
3973 0.5118214036539946
3974 0.6389450635469531
3975 0.6359529046498148
3976 1.2828262118213147
3977 1.4316232656904693
3978 1.1384330655608261
3979 0.5107302694019852
3980 0.056714570938610445
3981 0.00049680811156218
3982 0.0026687003159935937
3983 0.0003352728073472015
3984 0.07797979982695108
3985 0.08804899914253848
3986 0.013843843314778274
3987 0.029292686021424263
3988 0.08624366342460804
3989 0.7986547391612843
3990 1.3764047235196146
3991 1.3700256408749036
3992 1.0728203545868773
3993 1.6965306027068563
3994 2.698407480870437
3995 2.4300240935286856
3996 2.3570804755639316
3997 2.844631009118224
3998 2.3801271005858182
3999 2.157304964401734
4000 3.7359295375744916
4001 4.559323495474173
4002 5.175586378912457
4003 3.363699004731489
4004 2.2996930110837703
4005 2.2645681529073647
4006 1.657124608392349
4007 1.7762060485886937
4008 1.8890950780641154
4009 2.2717574057654355
4010 1.8628978895706396
4011 1.887451420728366
4012 1.208866518686379
4013 0.9933225328680177
4014 0.3100842150030974
4015 0.4703857202507642
4016 0.17053200300537044
4017 0.03011842599417005
4018 0.023819852518726824
4019 0.19516948755087554
4020 0.04316652712599763
4021 0.12655007775925486
4022 0.0007517694774004464
4023 0.00012080315221340565
4024 0.03128988569396377
4025 0.12191568233497097
4026 0.529620351370511
4027 0.41382068925893534
4028 0.08017493455009415
4029 0.002942670184728161
4030 0.0019330966768219759
4031 2.5883098997753936e-05
4032 0.611400844145978
4033 0.3836899261489498
4034 0.06056917798416764
4035 0.03389177721709944
4036 0.072799689179912
4037 0.10527960572290036
4038 0.0055651587298005244
4039 0.013822038083634329
4040 0.14298568249470836
4041 0.12265914928964006
4042 0.2771240358940917
4043 0.2102837684226086
4044 0.013428218198190579
4045 0.0579214854240389
4046 0.19791014634454887
4047 0.2665323777124443
4048 0.23819585239067678
4049 0.21597477420578132
4050 0.11051235222342298
4051 0.08175295384690069
4052 0.1363646799029002
4053 0.25082204814635684
4054 0.7924264746355623
4055 0.7393042885780149
4056 1.1843837302772153
4057 1.2999673371563143
4058 1.8625641346499089
4059 2.8009407291330946
4060 1.8496569701568915
4061 1.669999836766835
4062 2.0726621681488764
4063 2.3116410044258284
4064 3.816562942974246
4065 4.816259397125908
4066 4.086990044391592
4067 2.661025629417911
4068 1.8563426929915676
4069 2.9287736041174828
4070 3.077396992147066
4071 3.2229439777538262
4072 2.579252843849339
4073 3.1948102243621377
4074 3.1618185934085457
4075 2.2951451389042647
4076 1.5723523174309773
4077 0.8404923132848866
4078 0.6627968485624446
4079 0.9601829606471897
4080 0.24116823941091578
4081 0.00917354030989317
4082 0.001064225162161916
4083 0.15317332178392234
4084 0.0024777885504537463
4085 0.000718319701018229
4086 0.009896252866399629
4087 0.005771763274259453
4088 0.022838027684271362
4089 0.14730919373948223
4090 0.4032218755895688
4091 0.25822648342336363
4092 0.3047059538591666
4093 0.44937187516082083
4094 0.5262116811693763
4095 0.47623133920224314
