 0
0 2.714802134618162
1 2.162193651527196
2 2.47062744527903
3 2.7311197353271774
4 2.547935846168493
5 1.2696669672120904
6 0.5309815111217804
7 0.07389681425103971
8 0.216727177450538
9 0.15472094709872145
10 0.07177011975257012
11 0.16159408874328574
12 0.20880913060893652
13 0.12861060639394006
14 0.173248848191584
15 0.1621356994811915
16 0.05162357206418921
17 0.08177078736829266
18 0.10259178964191747
19 0.05818959517035786
20 0.08181019682136505
21 0.30482392045457196
22 0.011392364410498006
23 0.018860647901747876
24 0.09978435499917762
25 0.03999806466479833
26 0.023362295149554218
27 0.0057132567206035385
28 0.49489285667887967
29 0.6690514019970751
30 0.3874862472374497
31 0.8599799645172402
32 1.169284665477417
33 1.4327325728411762
34 1.023685946869404
35 0.4860340834251992
36 0.6710716280570338
37 1.2946565598034467
38 1.5283152121124493
39 1.5063904857444446
40 1.1970082802429742
41 0.9585099875999449
42 1.1233259753407827
43 0.9548333406220646
44 1.6383407774659795
45 1.4707734817867892
46 2.0736532894007342
47 2.139011226407969
48 1.2178149980010056
49 1.0282842533414673
50 1.1206295727099227
51 0.8474228047943188
52 0.7483729789083343
53 0.7972421324783718
54 0.6559929065822493
55 0.13034141670980962
56 0.2222663709605882
57 0.30899212303891654
58 0.3342490969840239
59 0.4937289393175337
60 0.37592508090755533
61 0.48306506548983164
62 0.25714940220150145
63 0.25600220326599327
64 2.4148792138187636
65 1.9118525949598153
66 2.266960127196511
67 2.0776521106790096
68 1.2621466606235516
69 0.7763821022601224
70 0.3549495646416657
71 0.11737557651179867
72 0.13055297138857747
73 0.053309293657231124
74 0.03346279037403506
75 0.009937094971682032
76 0.0486559062721786
77 0.15471870188955023
78 0.47421927377588485
79 0.6314804709016036
80 0.17126290580201456
81 0.003632906311743775
82 0.00043708541265927874
83 0.00029548271739549984
84 0.14986601713345832
85 0.3898673174541489
86 0.011669932429157311
87 0.018996724193360768
88 0.08055842037157344
89 0.06807744733166902
90 0.14728995466371458
91 0.28331413396561744
92 1.0267567657978938
93 0.980298088361252
94 0.7997152282332147
95 1.5944760418357242
96 2.322589182268118
97 2.2682856614932847
98 1.5456188077188797
99 1.0562842207446892
100 1.4505084915358235
101 2.2056380326223746
102 1.792482705158979
103 1.7827599140421078
104 0.6016774222896043
105 0.29093088452928717
106 0.5252002893106118
107 0.6256815359965937
108 0.8663030680461643
109 0.6346997767717972
110 0.6109518664099512
111 0.7368830165003392
112 0.39648242223806845
113 0.2605761422567585
114 0.33706320583780536
115 0.6010157232215452
116 0.5725184776971785
117 0.8674412489831692
118 0.7872609878900997
119 0.47691265642710284
120 0.4126080332176339
121 0.6228236448462049
122 0.47214925896309184
123 0.35083698930540763
124 0.2566591286936458
125 0.18879540608720816
126 0.018229149048297148
127 0.18739257884567637
128 2.558182668663209
129 1.909130112136842
130 1.723798938045308
131 1.0039792952036855
132 1.2628637684118131
133 0.3959045103600697
134 0.10110510139814657
135 0.00017299192325005196
136 0.019435212790224463
137 0.17391640220688245
138 7.8748793173748e-05
139 0.0059063026604422135
140 0.0002482357293848284
141 0.0300356268364329
142 0.00682067116114697
143 0.022312775693336125
144 0.005751058524909932
145 0.0035258432160258897
146 0.08245346733723005
147 0.1082931350515712
148 0.3052305036089309
149 0.2247610811125279
150 0.04178033918445466
151 0.08757718965126343
152 0.08977323592011276
153 0.041263733345328256
154 0.035753343074717635
155 0.17382428402848613
156 0.9868750215779962
157 1.1305404338467153
158 1.9246688539966763
159 3.449174133523609
160 4.7511738840188675
161 4.573940319215102
162 3.330949992745099
163 3.1924351641486286
164 2.631470808782373
165 2.2830707877374676
166 1.7805801447388467
167 1.771197744917972
168 0.5965402965460913
169 0.24612284829191608
170 0.2427749982305742
171 0.35029583916932794
172 0.25977152381614355
173 0.03195563478847622
174 0.051161976656773696
175 0.18892427329931374
176 0.04009733115560166
177 0.009488886673674934
178 0.18981024186758827
179 0.44374511835701924
180 0.34894934589730386
181 0.2962100844849075
182 0.28840601211418215
183 0.3238660300184876
184 0.26677891200684367
185 0.49622023045294084
186 0.3685279703600266
187 0.0191667040902462
188 0.02495532694685315
189 0.016117423749419258
190 0.1878436167133742
191 0.21807059496370165
192 1.8169276779430885
193 0.7932837492436694
194 0.8571845104209148
195 0.2527086533780486
196 0.08882757636707511
197 0.358439609327578
198 0.04390648428985255
199 0.001111885469786359
200 0.007074669511157078
201 0.062158784543920355
202 0.017005114258799456
203 0.23268248605871225
204 0.26720020207182776
205 0.35057717152162693
206 0.06738116575047458
207 0.050148150141597465
208 0.029078430338497274
209 0.11987653234530186
210 0.09112571148861763
211 0.23820895625589483
212 0.014349204645173185
213 0.2148655560962562
214 0.3894140501782608
215 0.38193927392493565
216 0.14446491835627484
217 0.11673278787150641
218 0.24357609645515915
219 0.32831641411738793
220 1.0269609198684295
221 1.7130204213239668
222 2.837210010926764
223 4.666055350314074
224 5.312193734570832
225 2.7160059180362484
226 1.7377648479980847
227 2.2167101253140546
228 1.730533733633258
229 2.176171346160013
230 2.517191036181152
231 2.4124736540523735
232 1.4624315678781636
233 0.9160321715706843
234 0.9386848890390307
235 0.8126288754229283
236 0.48877694696931584
237 0.15820181324707477
238 0.10272439868802173
239 0.11921958828456489
240 0.003062079108882058
241 0.07241420098216032
242 0.08438401724796449
243 0.004348889532446714
244 0.018452043329801573
245 0.007119037932946302
246 0.001100571665689171
247 0.021300854624672003
248 0.0746861993186063
249 0.17692201969358246
250 0.036739563377356614
251 0.008290763273515354
252 2.677420174482553e-06
253 0.07019712968386131
254 0.6159013951219432
255 1.2540100825126703
256 1.761242187471505
257 0.3246807655726123
258 0.11977152328215723
259 0.16750661769727362
260 0.11406734809728
261 0.3479698575827817
262 0.23409571326238415
263 0.24073072606392767
264 0.8072992263668458
265 0.9103329847329881
266 0.7878896284340223
267 1.6105616824270694
268 1.6014955324491376
269 1.7757126480630394
270 1.1448668808074283
271 0.383641918022995
272 0.04823426189446329
273 0.007006420944555621
274 0.004273381162939638
275 0.12612784005045674
276 0.7494145523817478
277 1.665400385875208
278 1.9597035240767726
279 1.0193931537799361
280 0.47762663202361094
281 0.6857614922083223
282 0.9754853963595141
283 1.1930390835605285
284 1.8589112091287756
285 2.5997099869152844
286 2.508294185618675
287 2.956724860048753
288 3.7199968132129393
289 2.100293294571002
290 1.7587813619401966
291 1.9657175429371863
292 2.270257677126983
293 3.577043338041574
294 3.535068291018692
295 3.3689920682815226
296 3.591658211540681
297 2.941065179195723
298 1.8841978651368534
299 1.6488502262051892
300 0.4566234955675415
301 0.2550130617609881
302 0.03403551139935696
303 0.03774898026176007
304 0.03181874345954283
305 0.16091415238580653
306 0.3129858948098535
307 0.13653282066899158
308 0.09178084330814727
309 0.2375184626179545
310 0.023086401982298832
311 0.0020045312265292922
312 0.03421733984779737
313 0.2261978294363039
314 0.1913435964369849
315 0.2066508957778003
316 0.44546552346469914
317 0.7049627516290617
318 0.9040836838133427
319 0.941149143527503
320 2.3105491771460676
321 1.132369798147406
322 0.0029390871239514645
323 0.04616130385359737
324 0.1333998985233658
325 0.31946807682565553
326 0.8820610597706192
327 1.4363916041254294
328 1.6240313662289558
329 2.5484443718481398
330 3.1436320839281056
331 2.9008130591884855
332 1.7423296461070226
333 2.5637856974283237
334 2.1012400767221533
335 1.512418700535686
336 0.7010469792015204
337 0.20443440841951271
338 0.10581017367572136
339 0.7791655646346956
340 0.28835410918795507
341 0.0815527561399501
342 0.4949151145891179
343 1.0932657872744445
344 1.5006163690149779
345 1.3272334890871522
346 0.9853839765037301
347 2.900323651802779
348 3.4313904104574453
349 2.4013904182608536
350 1.7425174792174103
351 1.5769676712870873
352 1.4397793770059109
353 2.283270512205299
354 1.4224991456766254
355 1.6702360555593085
356 2.2853309067627006
357 3.824114372243406
358 3.7875321528637897
359 5.026434308459673
360 7.49758921652963
361 5.32796306079062
362 3.3935465608835034
363 1.359711783072681
364 0.8497957854296045
365 0.444330017879227
366 0.14176870580161494
367 0.2611257847634258
368 0.12446798065479277
369 0.01473589824456021
370 0.06798316645484533
371 0.275942093161442
372 0.3706429583225229
373 0.4470746700153616
374 0.04617892063776531
375 0.0006742225361504085
376 0.0013059764818482836
377 0.46400360598747886
378 0.7146687394458299
379 0.32949901483184574
380 0.6071052462374424
381 0.9405501268290133
382 1.0473979650426808
383 0.9505317434952049
384 1.7869752993130887
385 1.7018704506800564
386 0.3567646227493498
387 0.0054035262522577135
388 0.03253053941714165
389 0.10660854626882757
390 2.1158231584688707
391 3.3257175832541415
392 3.5717183600692213
393 4.225575806229453
394 4.23797445869164
395 3.349227427702567
396 2.1435896322331436
397 3.1440398679024977
398 2.4189341256815973
399 1.0116790992199103
400 0.7669656882506773
401 0.3771692285515948
402 0.41894592924100554
403 0.40271568741536
404 0.02511895296725657
405 0.007861979019590876
406 0.18002797342884858
407 0.6405502605876924
408 0.717848128929072
409 1.0467230875365678
410 1.9501316427819657
411 3.3836552607191988
412 5.316122553585863
413 3.3640116120591856
414 1.655303218231366
415 0.6178904299623382
416 0.3369524257958954
417 1.3018496853468193
418 1.0778019201250355
419 1.3255957888457202
420 2.013470482709318
421 2.314954832900829
422 2.7135970638801683
423 3.7388810605308263
424 4.525283802539079
425 3.8810136773826005
426 2.93562785272251
427 1.2326926552574928
428 0.3304833332548333
429 0.33441357927345805
430 0.24335379702764232
431 0.7674494461830755
432 0.446994835977239
433 0.15496385533601084
434 0.046169912557784853
435 0.1535823346566069
436 0.2340016382528921
437 0.07157958797855044
438 0.1733322096523748
439 0.2403074411706495
440 0.001032663053673604
441 0.02835914817606494
442 0.1748970315810659
443 0.26202177317609904
444 0.4528970515886885
445 0.3977072257671335
446 0.4181473991772063
447 0.3974854982577651
448 2.757024521740999
449 1.5735486602893087
450 1.4634126789479263
451 0.5825356359870428
452 0.08334207567110317
453 0.28774826458676434
454 1.2326864293058053
455 3.8063566014794383
456 3.4942336288173004
457 3.8128229248185987
458 3.308418934974895
459 3.6710649318728383
460 3.036835684807397
461 3.5368621945837586
462 2.520993687736888
463 2.137275137185132
464 2.918204951636414
465 1.707335391482958
466 0.31588752086022265
467 0.22748153095475945
468 0.14400548877558333
469 0.27807433278581306
470 0.4735174589028126
471 0.579171722902297
472 0.4278303716134501
473 0.8003623878520837
474 1.1918517925252332
475 1.9597740494885487
476 2.1815758107132903
477 1.9894582431436696
478 0.6182273992098247
479 0.43975528840592065
480 0.20742952054374056
481 0.4123362661413141
482 0.5111447906242946
483 1.0680461943754016
484 1.5523367603594291
485 1.5564513321057438
486 1.8987367811646805
487 1.5254676841914636
488 1.2728862540832797
489 0.9201428316228786
490 0.9542608624116505
491 0.21303125272405957
492 7.83888332481781e-06
493 0.006877259969167629
494 0.04095252985916378
495 0.7661712941522051
496 0.8743914516702509
497 0.17768425943921773
498 0.008402008519789266
499 0.0018891129048462262
500 0.2331177915942557
501 0.04882887987904313
502 0.3104082843800061
503 0.385649907948796
504 0.5006354563102993
505 0.004829697252392139
506 0.0011789868484526804
507 0.05734039243807793
508 0.7337660792555754
509 0.29597481192912367
510 0.001926238148646318
511 0.04530488506872676
512 3.014002596384927
513 1.8493852050819013
514 1.5844762662182006
515 1.9020113055863448
516 0.11803154572958932
517 0.2972491612242121
518 0.32029341510195913
519 1.8917864915900078
520 2.7656248695295287
521 2.6567905068936004
522 2.2533488976528466
523 2.498343847446134
524 2.951431939655478
525 2.5298349764918244
526 2.7586869662470908
527 2.7708168764523924
528 3.117668198521402
529 2.1115826399081055
530 1.3816518704418317
531 0.3210918850285623
532 0.02159208460835377
533 0.003776000803776845
534 0.15721349094570108
535 0.10204520873711122
536 0.10415405693777934
537 0.34337463317189937
538 0.5339651706599534
539 0.30582430915270914
540 0.5267033108713316
541 0.6691618784766121
542 0.5085073351865288
543 0.35310783533765616
544 0.1713128806343052
545 0.12440516345353711
546 0.11157471909416766
547 0.430655147084558
548 1.0462155843482972
549 0.8397319238391229
550 0.5768799864883952
551 0.24633043999937865
552 0.5371479485969993
553 0.15475073909431086
554 0.1771347465391738
555 0.0009507967075055919
556 0.037025272542872134
557 0.0011290201403759792
558 0.00039457413299921697
559 0.5560359728266557
560 0.5443350282343886
561 0.036998549184412435
562 0.016895458861350993
563 0.000742769647940475
564 0.07444903740053832
565 0.1600907046666616
566 0.325401267027666
567 0.9013764241744089
568 1.093555065975031
569 0.19264715313919492
570 0.03716061584572835
571 0.005448392020609908
572 0.06244500312406549
573 0.007271113781331638
574 0.010598431593782725
575 0.06070349967527552
576 2.407893103293612
577 1.514459502102204
578 0.9143984303771078
579 1.1233132346755543
580 0.7728262690634454
581 0.09748438348918884
582 0.0011126788287974692
583 0.015315552980923514
584 1.024658792501854
585 0.6574144162835954
586 0.6243198970790627
587 1.1260080127527698
588 1.2313348365457404
589 1.1733270755318235
590 2.1848742845713383
591 2.766748182899101
592 2.711734372296834
593 1.4546188087648246
594 0.3160108713238183
595 0.08177200726878012
596 0.2317642896169643
597 0.15913494793097155
598 0.04094523689082351
599 0.15104375597700576
600 0.493150705405587
601 0.05389708354493275
602 0.03979547512416673
603 0.030239067092849018
604 0.17769233400764037
605 0.5284779986849648
606 0.5485929778074222
607 0.3737475982755121
608 0.1870452472589449
609 0.08548430986420422
610 0.015350882966840819
611 0.0008821679514483491
612 0.15211410251697252
613 0.10415131004549841
614 0.12540791410367294
615 0.25430084093857475
616 0.10072761330205578
617 0.0018700476960773302
618 0.07274734614417294
619 0.5529109623490182
620 0.17218568062254555
621 0.10198155667812914
622 0.0014115047805418393
623 0.17699423760547023
624 0.008818119108926315
625 0.0020619163152128073
626 0.0186790160589173
627 0.014239162851897701
628 0.12584626215523603
629 0.12806890919353864
630 0.29625311082689
631 1.2205964522414898
632 0.8985391323984295
633 0.5147343897713241
634 0.09181247735977431
635 0.08678107418851636
636 0.4681783889607335
637 0.25792556169414016
638 0.07360652526059741
639 0.11962192066020255
640 2.2586958327449365
641 1.5084887043289408
642 1.1762770467659625
643 0.5913452895483831
644 0.1889132126943324
645 0.03909010613378305
646 0.10399806935892417
647 0.29195582527715974
648 0.00020198694069804304
649 0.02925702007724097
650 0.05959570547677968
651 0.056192945298303265
652 0.07978087894713137
653 0.23791387502447092
654 0.7420222524766918
655 2.117444965663585
656 1.6620364154296863
657 1.3173165030312064
658 0.23198373059164495
659 0.11836783208242034
660 0.16282915596190659
661 0.06961379013613732
662 0.19550160381734655
663 0.08870412560811419
664 0.015538449234198318
665 0.07417223095026272
666 0.001032056743601415
667 0.015206252539823105
668 0.5505155913371313
669 0.9602613356874019
670 0.6198098067175893
671 0.11682912841936599
672 0.0002863208928534061
673 0.1435041020773128
674 0.2928729220086524
675 0.15509754348570395
676 0.007408557189755479
677 0.019946323011762447
678 0.02599948516825976
679 0.02037655523622976
680 0.008158023738291578
681 0.03800750766898705
682 0.004609883836763282
683 0.18415029411864792
684 0.0930065770257792
685 0.1740570883740505
686 0.010173654425033896
687 0.021220452449153635
688 0.029778315600468116
689 0.10643659474884416
690 0.48615376176986896
691 0.3271401169711063
692 1.0174622726397742
693 1.358441870126543
694 0.9110870280282205
695 4.734196364032189
696 2.5710337049262
697 3.0493802450614287
698 1.6081102265684166
699 1.2263815028268754
700 0.7767357572696819
701 0.5599832351304612
702 0.7733111016070161
703 0.18329608674640918
704 3.2269470513422744
705 1.8875131367791191
706 1.047967456104608
707 0.7312249749418082
708 0.22234304034692284
709 0.00759805580611135
710 0.0011516619731540658
711 0.08221689533450367
712 0.594298144865167
713 0.49434175252660967
714 0.10671807852966872
715 0.2148903020995192
716 0.20569229719556045
717 0.03546965615777529
718 0.0496403265549198
719 0.5779280862330866
720 0.8566382886895185
721 0.7614491958469277
722 0.1354104807339496
723 0.006287688787179065
724 0.0011982950833211382
725 0.023388244180514016
726 0.5860013221345678
727 0.17159861276557392
728 0.14205917518415728
729 0.00654358603748845
730 2.533189765241269e-05
731 0.018393657384698177
732 0.6977958768075305
733 1.0565393646486163
734 0.3011453162484391
735 0.0317776121520113
736 0.0023888372591643037
737 0.05960486815641003
738 0.016416849334130384
739 0.0012099530228873582
740 0.07975179927578238
741 0.5127221728906064
742 0.12213383425532587
743 0.0048029503807416945
744 0.1390241290875162
745 0.11997865992220348
746 0.08391813084485882
747 0.12232353156343
748 0.07779413795130267
749 0.7590533401265285
750 1.425097974576874
751 0.5719046237593873
752 0.8175121976866517
753 1.637016624936049
754 1.9096379317432688
755 1.566772953601434
756 2.31489114544646
757 1.8283960344343717
758 1.2709385169017688
759 4.033925450433552
760 3.7432004598039876
761 4.308944007466339
762 2.8608627402010143
763 2.681068374647919
764 1.5507406652785654
765 1.1277106713065446
766 0.7778604676610874
767 0.25766576217452486
768 3.2515774234562174
769 1.8706651582223646
770 1.0551593102448242
771 1.2006973409521833
772 0.08916348454458131
773 0.05083530391656856
774 0.01922360931600352
775 0.1260446381426075
776 0.8721299504249064
777 1.3598971476887016
778 0.8490031227479923
779 0.9343323037087763
780 1.0380522296655936
781 0.5303998841990492
782 0.00020956475627538525
783 0.10442721493181044
784 0.1782454372241989
785 0.15018775833983272
786 0.1432636572958895
787 0.1707577710868929
788 0.29732664311939105
789 0.94240426049451
790 1.6197823136688345
791 1.100449510134464
792 0.6339704517896596
793 0.1374168807232974
794 0.3737029377468732
795 0.4859751906919791
796 0.040111278942772347
797 0.0033266591674493825
798 0.13612949683689954
799 0.015285303623634675
800 0.003689289098637749
801 0.11605230849393176
802 0.031149567655359634
803 0.09094981984282251
804 0.035977650684858004
805 0.15599148105612365
806 0.018278293238433455
807 0.0008314111279245487
808 0.02119966382548051
809 0.12207907821516731
810 0.049911750990302366
811 0.01088027243337734
812 0.020812873745097795
813 0.28824904274944047
814 0.6700146724477689
815 0.5037672164003455
816 0.8641510121070118
817 1.3491040596864996
818 1.7719819197623208
819 1.3390060372097463
820 2.4605754412593663
821 2.1919750568126726
822 1.9080549251351773
823 4.024391453249681
824 3.6122121999573094
825 4.239448410098476
826 4.953330195729374
827 3.8772840802080957
828 3.216732792300622
829 1.9367775182729983
830 1.4415191020928013
831 0.8604352540405418
832 4.224033437819282
833 1.4530100816405593
834 0.45800456226391
835 0.17645230054854794
836 0.0025275911136300243
837 0.34278904021195183
838 0.2998658235207654
839 0.4635489247519153
840 2.47029488044728
841 2.136327505800238
842 4.2445894793782095
843 3.212239880234244
844 2.349932664676219
845 1.3406929717644058
846 0.14587293822889752
847 0.033353334423504064
848 0.0022803412978100353
849 0.19636580371602216
850 0.32830705383019465
851 0.15021351027995053
852 0.744818374909131
853 1.351482798321358
854 1.5508775372543466
855 1.0317077918849074
856 0.8016026948395002
857 0.14330718413304697
858 0.1442403039816594
859 0.44591315345415744
860 0.1446134214720942
861 0.05128773497290459
862 0.04116488225727954
863 0.12239394716600528
864 0.17133698021526655
865 0.6412489330766405
866 0.5388240071203179
867 0.6134427539129907
868 0.02888700111014738
869 0.03956919871687082
870 0.8421386724955543
871 0.6063174724214874
872 0.18211587585312916
873 0.1385049746846522
874 0.06500652708279746
875 0.17489543840042518
876 0.47926092504185386
877 0.8599962073769002
878 1.2447543524289912
879 1.6774530475622187
880 1.9961051149162212
881 2.981557402558225
882 2.357616208660098
883 1.6396164165953648
884 2.6771261246838747
885 3.188202950216977
886 4.8056227771232916
887 5.735207816853666
888 4.063212264640869
889 4.88930738231019
890 6.240503170811114
891 5.947967902210878
892 3.693998255360082
893 3.114494102220905
894 2.9562737748824106
895 2.251927788332489
896 3.2552174776946132
897 0.7828250644607915
898 0.03377044289888826
899 0.02331713062190818
900 0.03781976312896304
901 0.2962184662212995
902 0.8318981334896516
903 2.3494937374348597
904 2.5765409774142918
905 3.430460934430089
906 5.476951454035841
907 6.112688837173291
908 3.4373203182084633
909 2.2223528186317223
910 1.178459517083223
911 0.4257043451760534
912 0.016158210554957364
913 0.17373941769862816
914 0.2573047131127811
915 0.4169847645421832
916 0.613950775818815
917 0.841287874708348
918 1.005589427930232
919 0.8748891161971246
920 0.46647286366064067
921 0.1655796181496472
922 0.019098059081652484
923 0.04465645270016521
924 0.32727816296974577
925 0.13273341061110505
926 0.25052046886658025
927 0.4291673919071312
928 0.29007106243563757
929 0.2014041250045114
930 0.10939186767799636
931 0.35063208406380675
932 7.482014544197822e-05
933 0.14021238348766085
934 2.3871628626507944
935 3.1391515644393757
936 2.342282445250117
937 2.2138546143953595
938 0.9448903093419303
939 1.8892347770903937
940 2.299710087998341
941 3.3955872917265153
942 4.362492610216223
943 4.5521496203674925
944 5.485101713235995
945 6.87653888164493
946 6.308556316210071
947 3.4929516018923046
948 3.54560168149666
949 3.3244374529012495
950 4.4252687451087445
951 6.2973375137466485
952 6.698023203713629
953 6.629141188072616
954 7.356707667727142
955 5.690342205765107
956 3.9864810477252246
957 3.5215410793497695
958 3.0723635439860475
959 2.003959649023532
960 3.1711372917664775
961 1.3013615384656283
962 0.04464656062607491
963 0.04395687594426912
964 0.10867401728694154
965 0.5699329096514202
966 1.8207893636853167
967 2.789081862763297
968 2.2079085204030817
969 2.022074966007558
970 3.529371175336229
971 6.197911010483088
972 6.287701926209707
973 3.625328729089868
974 2.999771719439621
975 1.9616010532934012
976 0.9656186309743522
977 0.4054977662574541
978 0.030361262101296242
979 0.003160839717654647
980 0.03709919122015396
981 0.16229841102378523
982 0.25368824962633824
983 0.2620936237057964
984 0.2144526185994571
985 0.04788685440219177
986 0.04613178120692164
987 0.041192883977495064
988 0.0008276121120427991
989 0.09273849121645648
990 0.3784092265986432
991 0.2987838105760976
992 0.014627722681290733
993 0.03676274452144138
994 0.15489337705019593
995 0.09763678778107224
996 0.5377688176442882
997 0.339349973361698
998 3.9277702130512497
999 5.544974614193576
1000 4.562200917822426
1001 2.9864618831473506
1002 2.0294269247390773
1003 2.590445140949226
1004 1.9451516189050233
1005 3.468867035304093
1006 4.1285323782985515
1007 3.107092810094357
1008 3.9148035912685177
1009 6.050991965798368
1010 5.673816986101108
1011 3.6785291785331578
1012 3.8204561979271325
1013 3.263289634980554
1014 4.171429465685535
1015 8.043611458816503
1016 10.359485092588011
1017 8.565578042627195
1018 5.845238427537542
1019 3.755516007492676
1020 3.163681215917516
1021 4.692075176948727
1022 3.0359282853186005
1023 1.6964927318730751
1024 1.8085198414991845
1025 0.9243058364322597
1026 0.020581452270827652
1027 0.21223614765181809
1028 0.8335553503291282
1029 1.8850874772325679
1030 1.9725504951344885
1031 1.649263279403065
1032 2.606590844341413
1033 2.4208816080468507
1034 2.9148295611583674
1035 5.264183921038836
1036 7.957410980431386
1037 5.495089635175957
1038 3.956820934131542
1039 2.6854226472352454
1040 2.060089232995146
1041 1.7634889738999908
1042 1.3237439413066903
1043 0.24806543739806572
1044 0.022340005545707947
1045 8.524869220558733e-05
1046 0.12293712474251689
1047 0.2758994662938654
1048 0.3722534419566869
1049 0.34229192564736194
1050 0.09955656798785044
1051 0.07394683574642259
1052 0.24171643108966354
1053 0.2683884662355934
1054 0.15591496667057014
1055 0.00054110201284593
1056 0.01953083450195434
1057 0.06150364580365671
1058 0.028626018831823818
1059 0.0846892056749399
1060 0.3588041160860707
1061 0.05369796167913585
1062 2.4540489767660705
1063 4.435997255107492
1064 4.235035599413938
1065 2.9067145119236626
1066 2.9728152187174466
1067 2.3834258729382607
1068 1.9806574158226782
1069 3.9710134118052407
1070 4.832526261689856
1071 3.375041016147924
1072 4.524698199904547
1073 5.54248630804837
1074 4.103342909223209
1075 3.783948191488908
1076 3.8372290681885897
1077 5.25371091576018
1078 4.623011407045372
1079 6.688302178617802
1080 8.120127709030081
1081 7.415665991868421
1082 5.578553246839449
1083 3.5120154477746364
1084 4.495568428390795
1085 3.8531982970232037
1086 2.28664479430771
1087 1.3882570342223264
1088 1.2525074647743761
1089 0.8690042243673858
1090 7.310435895858893e-06
1091 0.2179637354418764
1092 1.1861323406981765
1093 2.3330456928940633
1094 1.9491036616025306
1095 1.8273838340783355
1096 3.2411954335104673
1097 6.806263831907483
1098 5.603634334022397
1099 4.4241679570011305
1100 8.75872419995657
1101 10.60751094610775
1102 6.153506125442526
1103 5.3110854789765645
1104 4.7417129111499445
1105 4.398820907483102
1106 2.6777186831820985
1107 1.0581474328079186
1108 0.6086674240876909
1109 0.0784717706060793
1110 0.028192771776262105
1111 0.00019227202283832778
1112 0.0343813991199416
1113 0.09610738433467038
1114 0.011381126409876968
1115 0.023784234905074766
1116 0.11331369658475646
1117 0.08283543152321836
1118 4.400550990978262e-05
1119 0.4512227790641028
1120 0.2991857611902401
1121 0.2752167829349936
1122 0.7721511864197702
1123 3.2844567339282573
1124 3.2084940662034773
1125 0.2595924325506679
1126 0.3917299186332899
1127 1.9647897620333208
1128 2.736338081004376
1129 3.335904982026523
1130 5.2768503405180445
1131 4.100217532924724
1132 3.379740696236685
1133 4.556588032175565
1134 6.039488734507039
1135 5.359695247507171
1136 5.440157400660984
1137 7.329284307499511
1138 7.241468169890647
1139 7.850497904554549
1140 7.752907228377807
1141 7.381464525079818
1142 6.34823147637141
1143 5.5158670008061685
1144 6.387462746717942
1145 7.255950614623638
1146 5.09097062791281
1147 4.766757167853207
1148 6.069994834580868
1149 4.065580442167208
1150 2.120492246401594
1151 1.3863992810439627
1152 1.0376691381478604
1153 0.5589182370920102
1154 0.006548845995059842
1155 0.18079049702665714
1156 0.8271882457562786
1157 1.909803693965831
1158 3.4535096102959075
1159 4.132285460151097
1160 5.348016220182004
1161 6.615415183497046
1162 7.321863881852198
1163 5.822326000144887
1164 8.038955686297085
1165 11.857507330064978
1166 10.513753977914847
1167 9.296379231944085
1168 9.601431654608168
1169 8.889494003142351
1170 6.307808292494743
1171 4.25249335166285
1172 2.9678403328269978
1173 1.069373050660982
1174 0.22389971604936548
1175 0.09264001981758445
1176 0.007092753633977532
1177 0.10933686133165062
1178 0.185204720758854
1179 0.0008795402667670021
1180 0.06431941857700163
1181 0.019078456476294522
1182 0.1554653399040088
1183 0.7111121549282131
1184 1.1051352737605444
1185 1.4461487937932376
1186 4.12676238268244
1187 8.024670890730006
1188 9.516281800279293
1189 3.386706433426531
1190 0.4597421781517988
1191 0.37846196603492477
1192 1.5501698659693393
1193 3.62563745708626
1194 4.33841399904958
1195 4.278196022995227
1196 3.4192576713274367
1197 4.172839374287411
1198 5.236287294656779
1199 5.288674789051558
1200 6.67923575678001
1201 9.030944287556236
1202 10.211261391041452
1203 13.010347200872648
1204 15.116892795201835
1205 13.737870535428637
1206 10.070491187536785
1207 9.778206952548745
1208 7.4438671764049005
1209 5.989374117600553
1210 5.042819429791775
1211 3.569056850621911
1212 4.5327955673674465
1213 3.600159108989658
1214 3.283004619432882
1215 1.8857795742394219
1216 0.7403446950902872
1217 0.4762150675630989
1218 0.10512521357599355
1219 0.11079327849920961
1220 1.544406342834725
1221 2.1675691014247027
1222 4.366171114400601
1223 7.164505960927676
1224 8.01253883424555
1225 8.027019849826873
1226 8.517538428498804
1227 8.38879786244386
1228 7.916570939530377
1229 9.631354649030914
1230 12.623752862923507
1231 13.37496720655167
1232 10.751080752601085
1233 11.024955842714716
1234 10.211315963842127
1235 7.554612901223314
1236 5.2551192389056745
1237 1.5210292821588134
1238 0.3943103015238217
1239 0.07515742872237417
1240 0.07971776753333625
1241 0.06651505721223215
1242 0.001179139362011207
1243 0.00021621587471106372
1244 0.0739512188377278
1245 0.28592341547965533
1246 0.46577585859285825
1247 0.6622737348078142
1248 2.68178232313397
1249 6.210402781844747
1250 11.463071418476524
1251 11.687244950139359
1252 9.426464059140677
1253 6.138253159556503
1254 3.165084910711571
1255 0.2532420292298346
1256 0.48297204007710676
1257 2.4975389828386483
1258 3.3608460631748946
1259 5.359968389305341
1260 4.127753369015709
1261 3.711860370238258
1262 5.387982031592822
1263 8.749055167757064
1264 10.692991946193432
1265 15.150993287524294
1266 18.237630559870343
1267 19.3203316266564
1268 19.10536030899703
1269 18.161723199316256
1270 15.009585495774413
1271 14.51896709603575
1272 11.589930154159754
1273 7.275178036098067
1274 5.3721169086001215
1275 6.249468280884044
1276 4.726950320724945
1277 2.99892574631222
1278 3.3785678783010726
1279 1.961159527323937
1280 0.3296920514248274
1281 0.16374579399959618
1282 3.5078137554891446e-05
1283 0.37509640263268246
1284 2.221330596015106
1285 3.3617599445478588
1286 6.211124111845004
1287 9.680818983772799
1288 10.248492284558056
1289 8.854478966127795
1290 7.579900105194175
1291 7.056671992628955
1292 7.59086722167113
1293 8.317197214719902
1294 11.19755260124868
1295 13.396302056616008
1296 14.76656157117426
1297 12.437818987103139
1298 10.721304360376685
1299 7.735786151077762
1300 5.131728152797147
1301 4.3879863125274365
1302 2.8632506051753714
1303 0.9667559085398006
1304 0.05215740185180742
1305 0.3021723722968963
1306 0.399892617449103
1307 0.3943245061352361
1308 0.0024428107085919986
1309 0.072914568737946
1310 0.26361367829547666
1311 0.9533321348630618
1312 4.501794096791809
1313 11.13016367982723
1314 19.303117609878292
1315 18.504285180776048
1316 13.498104810954196
1317 8.527850084284715
1318 6.143619198551501
1319 1.6914042979677313
1320 0.005305419955611911
1321 2.4569304126614724
1322 2.6753656001005863
1323 5.9076660198439965
1324 4.473112297574841
1325 4.2841902652065045
1326 5.699017364695123
1327 6.7676902751113
1328 10.488662150386066
1329 12.075571820025122
1330 16.791011093534248
1331 18.824462564518416
1332 21.234500093713628
1333 22.118458775188717
1334 20.512820805067484
1335 15.881204998260609
1336 13.201035285101744
1337 10.408400581257364
1338 8.169319106058719
1339 7.485159094052844
1340 6.099709559777357
1341 3.4161560583206607
1342 2.8172659850971513
1343 2.272472071935821
1344 0.37112224434517216
1345 0.01229867923007451
1346 0.015990196432694646
1347 0.6916326052317612
1348 3.7241729417937166
1349 5.207590322358562
1350 8.015344995348903
1351 11.843004616169743
1352 11.610806101257808
1353 9.602632746922142
1354 9.519332879845205
1355 7.18036180543138
1356 9.392282842179073
1357 13.476122284133249
1358 13.67724478984161
1359 14.431162052005378
1360 17.392661164010082
1361 16.65220098422102
1362 12.239835121300949
1363 8.942132663939443
1364 6.603821712801054
1365 7.813107624926485
1366 6.908674713030449
1367 2.943314063545917
1368 0.06934399412095121
1369 0.29602065954717904
1370 0.37832366881677093
1371 0.6657666484206624
1372 0.3234615109454223
1373 0.007964586723971363
1374 0.07192088494376819
1375 0.32803969665121235
1376 3.1233572258025792
1377 13.428589660625713
1378 25.000445012881055
1379 25.060651266988526
1380 17.67946172511179
1381 12.141169109092
1382 8.2041739682668
1383 4.442689727083142
1384 0.8051989400220054
1385 1.1498808091885568
1386 3.013605864898304
1387 3.325632534283737
1388 4.205828079391436
1389 3.945633986040358
1390 5.690061307256901
1391 7.242993438585018
1392 9.082428757863534
1393 11.654572504204063
1394 12.808923048401141
1395 15.28118074995966
1396 15.961346954557381
1397 17.22904382833299
1398 22.32885689534927
1399 23.064328251172263
1400 13.479307127685825
1401 8.893128141884473
1402 5.565027398028127
1403 9.06136237787018
1404 9.60857568469524
1405 5.815523809170255
1406 3.573682442730231
1407 2.859930705834323
1408 0.4734639123135787
1409 0.02057280628852896
1410 0.07500202247701172
1411 1.2250055669329187
1412 5.9955225829907475
1413 7.0379978164145784
1414 7.86875426681001
1415 11.561151511490499
1416 11.020689853433701
1417 10.725434862054751
1418 10.225837880599611
1419 8.650873239899553
1420 10.37676736548384
1421 18.24100915475819
1422 21.052069260620698
1423 15.818583418880943
1424 13.709951981265247
1425 18.88755557163595
1426 15.804504283808699
1427 13.456505412752767
1428 11.06575384164006
1429 8.13741566429948
1430 6.414277416385569
1431 1.9815020800915775
1432 0.20598688018492636
1433 0.028980015303685592
1434 0.14666998991258942
1435 0.14365320458145722
1436 0.17886649767549176
1437 0.03455827011078747
1438 0.32679902132935057
1439 0.9124502327165014
1440 3.2033494064428605
1441 12.293359754902195
1442 18.67609243960395
1443 20.793575100505766
1444 16.92521993133255
1445 15.76300133051509
1446 11.398771574367872
1447 4.83001641366059
1448 2.4478960883585446
1449 0.00223260671446308
1450 1.6703047389662202
1451 1.8406567327733494
1452 2.5908563924700565
1453 3.3476737792078604
1454 3.7669288326781114
1455 5.570819237262788
1456 6.487116147157672
1457 8.414862196712289
1458 10.065790152119282
1459 9.104203396117983
1460 11.182183684839941
1461 12.874279603595069
1462 16.964954864222573
1463 15.833177068706608
1464 13.216660038598253
1465 8.148352763808298
1466 5.31462000313847
1467 5.6508556777259615
1468 7.1362498525903035
1469 6.596720611854841
1470 4.323235543304017
1471 2.8449086988984758
1472 0.30863293348324783
1473 0.13534567496404867
1474 0.3609447839751495
1475 2.4309402507150932
1476 6.850067954159513
1477 7.563609730234376
1478 8.05052679004847
1479 11.662916855659557
1480 11.617442407067001
1481 12.456158654182582
1482 11.831170964684809
1483 11.026641847509786
1484 13.370319600834017
1485 19.21109572976647
1486 24.660988604599932
1487 21.74332410579481
1488 17.329364442528995
1489 21.947863067651124
1490 16.135031545134844
1491 16.567913184746168
1492 13.65562230213578
1493 5.842369346850841
1494 3.694208030331752
1495 1.3936542580852718
1496 0.2233124355921777
1497 0.21929835882199844
1498 0.017503843852416823
1499 0.2854511702737558
1500 0.8777144600566577
1501 0.0012456049233268178
1502 0.05417505281418596
1503 0.7140950029792649
1504 1.953739147161673
1505 6.000756373645157
1506 11.336468978815947
1507 16.390058657615292
1508 18.538103170732516
1509 19.458719257288113
1510 16.056865636033283
1511 9.16830415076021
1512 6.0605245150959925
1513 1.2076285625532817
1514 0.031088649632103327
1515 0.42444599909858804
1516 1.4012154506815633
1517 2.3448329912597017
1518 3.1544392728736987
1519 4.593124151506351
1520 5.70982977495054
1521 6.683284075699153
1522 8.435424703788522
1523 8.680345556040578
1524 10.20883473872498
1525 10.781728130169848
1526 12.350923669893847
1527 13.420606330249287
1528 12.291671332739206
1529 8.73575221641247
1530 6.881276630588913
1531 7.689858449581734
1532 7.4696493260082235
1533 6.765101947470735
1534 5.311149306782215
1535 4.220139489865406
1536 0.03196326476757465
1537 0.042955291061300103
1538 0.4346029049553132
1539 2.688505099048952
1540 6.203035192824176
1541 6.668611103457077
1542 8.040881182858554
1543 10.661549707333425
1544 12.133933602430137
1545 12.398385220745096
1546 10.94694372509601
1547 11.107850767354767
1548 14.897073762596728
1549 21.279214324330653
1550 26.69213471150619
1551 25.37855946056
1552 24.248267200624692
1553 28.32184973650372
1554 21.20847827008514
1555 17.21835787308051
1556 13.499440899093592
1557 7.000383475549958
1558 3.4110047848015506
1559 1.047065006303101
1560 0.2810774623440342
1561 0.10730573362975881
1562 0.05766506032613917
1563 0.20010244840027577
1564 0.9753625595042154
1565 0.5564048086715667
1566 0.002216213552118036
1567 0.1706590781844104
1568 0.9628950294972332
1569 3.454571977705907
1570 9.064795812602926
1571 13.84040928065289
1572 21.46248296113243
1573 19.859188401234142
1574 12.833451093785328
1575 9.32897349938481
1576 7.622238583236762
1577 3.985216511465967
1578 0.8384080209331756
1579 0.04048947740380614
1580 0.21129042268407144
1581 0.3895544691111218
1582 1.0358644318155155
1583 2.285093990432305
1584 3.3137381186491526
1585 5.345897926207344
1586 8.00455933217606
1587 7.614389928144644
1588 10.411895375272575
1589 12.44044358291655
1590 13.851101307474153
1591 13.083963619820572
1592 11.84797101668732
1593 9.788627769679078
1594 6.302026898838409
1595 6.096784068660106
1596 6.810027700130282
1597 7.320708316001304
1598 6.124791138819474
1599 5.273533737672724
1600 2.2139091814779974e-05
1601 0.05804065212494396
1602 0.9136738826665199
1603 3.255885874104337
1604 5.648242357397808
1605 6.933448023367798
1606 8.674730926434675
1607 10.679158302099994
1608 10.661819203654868
1609 13.051781351246087
1610 11.214784796125443
1611 12.868856262213935
1612 19.172707860471345
1613 25.94257233426695
1614 35.22743506376526
1615 31.599976497555595
1616 26.221541941444592
1617 28.082877706001053
1618 24.994684702647586
1619 22.893822901841688
1620 15.879613246717355
1621 8.843350726570566
1622 5.018071353306382
1623 2.0159343905040936
1624 0.9806439866839166
1625 0.4068969458527247
1626 0.17068800308600685
1627 0.004545017228036568
1628 0.04204449752321299
1629 0.12248195370090768
1630 0.04921882112536852
1631 0.5847757067080666
1632 1.2194079591835743
1633 1.906066823475154
1634 3.973662660847206
1635 7.309798109704573
1636 10.712988624147819
1637 14.141221566308259
1638 12.481284845713704
1639 9.085305550318376
1640 7.240424320784057
1641 4.465099212423171
1642 1.2455792583445058
1643 0.09000072274419665
1644 0.07456017165908621
1645 0.3537859134290036
1646 1.6175133757932005
1647 2.423937205696718
1648 3.951656331705838
1649 7.428194162699446
1650 9.864490611235096
1651 11.530868251003321
1652 14.940415364552697
1653 18.12749056852136
1654 17.412240677539877
1655 14.78003427925423
1656 13.82341195073911
1657 12.651796640905307
1658 7.750842968807253
1659 9.208120253315366
1660 9.795478354941421
1661 9.19782924491322
1662 10.098490994655373
1663 7.3287625863863815
1664 0.00013726076534166968
1665 0.07149118459082646
1666 1.5069433952946072
1667 3.304045296615049
1668 4.966775258308094
1669 7.358847190377841
1670 8.742211039270286
1671 9.72266539001081
1672 10.949852738723964
1673 12.33913531108997
1674 13.21757072284605
1675 14.622411099611066
1676 23.091294663661614
1677 32.017069758673074
1678 38.38321890057156
1679 34.09271987949573
1680 29.022239452361585
1681 30.894036500141137
1682 31.044297963385706
1683 23.822534251722274
1684 18.701302914831825
1685 12.614747308614609
1686 8.980805558974232
1687 5.804168097408617
1688 3.264249118651334
1689 1.782106011813642
1690 0.5470709907247796
1691 0.2809146016616278
1692 0.25358750119836293
1693 0.42069126757476244
1694 1.026609323375404
1695 2.192597159840716
1696 3.175785491845998
1697 2.689606359084851
1698 2.248104221803337
1699 3.76050368154332
1700 6.227295970755938
1701 8.08838067840677
1702 8.084920518507063
1703 5.602776662128639
1704 3.5905298333340325
1705 2.64854507255889
1706 0.9464831461368473
1707 0.049434747513209844
1708 0.26126453058511717
1709 1.0894779525065301
1710 1.516537769870825
1711 2.282750093797002
1712 4.561580314944722
1713 8.897648692056697
1714 12.706492700275827
1715 18.374775339410213
1716 20.527441282227088
1717 21.6452930947042
1718 20.39686674232087
1719 15.605694602257477
1720 11.704580795883222
1721 10.504113721325115
1722 9.709441750725038
1723 10.303099476722323
1724 11.268160918871358
1725 12.215872191761656
1726 11.822012341438922
1727 10.997793195301009
1728 0.08373130451978586
1729 0.09025059463328626
1730 0.9003277865356668
1731 3.07249931692858
1732 4.943081730890009
1733 5.870218315920524
1734 7.621700537649399
1735 9.5115564682305
1736 10.935026194089113
1737 12.343197436349136
1738 13.721444827561578
1739 13.550584636749102
1740 22.22043782415173
1741 28.091234674606792
1742 30.56972009332586
1743 29.79278303180974
1744 28.98707822109397
1745 30.61576668481843
1746 30.481279798434613
1747 24.455859673700616
1748 20.24665269987982
1749 15.436111468475167
1750 9.640549967199926
1751 7.55666107889555
1752 4.22293231736477
1753 2.6101392004598702
1754 1.9684959332251935
1755 2.4404993967658637
1756 2.014465410877285
1757 2.5614988490063344
1758 3.664010595022141
1759 3.695853220182622
1760 5.414251635668444
1761 4.321482945488873
1762 3.568916910065495
1763 3.4998241124399287
1764 3.746583166642572
1765 2.948681689687351
1766 3.1357994213413307
1767 2.2816231421168633
1768 1.7010196716391064
1769 0.4635157074401884
1770 0.0575022846651691
1771 0.04018437995386162
1772 0.7228330234964557
1773 1.5771180377637928
1774 2.048681523978626
1775 3.315862060498496
1776 5.246778598979022
1777 6.892588653817966
1778 10.296783088095088
1779 16.033555154695904
1780 18.36061633016495
1781 20.583508351880674
1782 16.745248550664236
1783 14.529436962347456
1784 9.842722187944648
1785 6.668208543804827
1786 8.487972684648254
1787 11.816069943341143
1788 15.181534838826778
1789 14.391796419174563
1790 13.525028131948345
1791 10.520213889774347
1792 0.6636092742336932
1793 0.734186635467272
1794 1.4751206040835103
1795 2.3788035946674686
1796 3.932641357414017
1797 5.16530628124131
1798 7.803246395975917
1799 9.864740272074814
1800 11.795285319099671
1801 13.693837497191641
1802 13.391306429031085
1803 13.570525603430912
1804 21.422711513968387
1805 24.24928864561814
1806 24.46626818832619
1807 28.094719952844006
1808 33.201952042273305
1809 35.073305047120805
1810 28.651815869239954
1811 25.839858658831684
1812 20.059957141763643
1813 15.49002907614215
1814 9.904952959515422
1815 6.643246076772464
1816 6.600437970820311
1817 5.773789215659342
1818 4.584264902246079
1819 4.840569737071762
1820 3.3380122842313975
1821 3.2232903613944845
1822 3.510550765601258
1823 4.739762482872302
1824 5.606019841776959
1825 2.863996503185721
1826 2.317969207667821
1827 1.1064009368053511
1828 1.085485445007818
1829 0.8948972924012777
1830 0.3400922594903243
1831 0.23018827916029538
1832 0.08053950504157636
1833 0.14448746093277243
1834 0.9440960096642775
1835 1.2860726746202886
1836 3.3424997976166497
1837 3.3963422230333844
1838 3.1310130487242693
1839 3.3944560136603457
1840 5.739933602097977
1841 4.986380367023271
1842 7.1470551805669125
1843 11.271033844889299
1844 12.044734768564997
1845 13.645793276435935
1846 13.44460308346563
1847 10.672729066064917
1848 8.92367187725923
1849 9.246027828409021
1850 10.688834253936491
1851 12.685817419181628
1852 17.44886884051513
1853 17.617478868940474
1854 11.485740151730935
1855 8.947817073165904
1856 1.3179026628300896
1857 1.6771579381614736
1858 2.2279922363393596
1859 3.253300629938385
1860 4.662753188845005
1861 6.631238601943541
1862 9.09812178215212
1863 11.503935777618276
1864 14.77384529427252
1865 16.237298640536487
1866 13.889636209069021
1867 13.515245971911584
1868 20.025837202176824
1869 26.558355622832654
1870 28.35085794002188
1871 34.393723432051836
1872 34.296214096758156
1873 29.78408077478887
1874 28.120815599576208
1875 25.53995285263702
1876 22.2981601542257
1877 16.72165781880222
1878 12.224479200707194
1879 10.859611072741092
1880 10.827462996367434
1881 7.731503983234377
1882 6.985610582340328
1883 6.547131615468008
1884 7.128133678332661
1885 7.040448541781792
1886 5.8919369779546615
1887 6.220798904373342
1888 5.7089638121618
1889 3.095060438597605
1890 1.5066212704213833
1891 0.25421790687164214
1892 0.00017841875364235147
1893 0.05474802648644167
1894 0.3999047549251172
1895 0.9229740772964872
1896 1.8729772376489295
1897 3.2750084525607295
1898 5.116357551283197
1899 6.1744443652103325
1900 10.139487549794508
1901 9.090993019874473
1902 7.240275512696366
1903 7.963665941961528
1904 9.399686016724656
1905 6.725070897206418
1906 5.88225240494986
1907 6.5844201595692375
1908 7.447266467349482
1909 9.114255311138999
1910 10.12905405967567
1911 7.803680095433236
1912 8.488279831123165
1913 9.347349154540236
1914 12.494232937284316
1915 13.992017294828257
1916 15.981607542107856
1917 19.416994424183358
1918 14.658921479758122
1919 9.987544644900892
1920 1.3880392117616147
1921 2.0264307839391322
1922 3.204859141030889
1923 4.916319593200378
1924 6.31414625388841
1925 8.399273775415514
1926 11.021424989609175
1927 15.114339489373545
1928 17.6298599315447
1929 16.227355739192372
1930 13.136294470609375
1931 14.615641456325694
1932 19.216633845889223
1933 26.781264174252467
1934 29.979944896928
1935 36.96982391851525
1936 36.66125099098075
1937 37.65693820669559
1938 33.504730510040936
1939 28.225673183773324
1940 22.85758579656937
1941 17.271293320617033
1942 16.06723694116309
1943 15.868485468127774
1944 13.53589749225586
1945 11.100250092370409
1946 10.447138509101517
1947 9.883353070770124
1948 8.952056115843437
1949 9.310603792627534
1950 8.676087591070447
1951 7.480121956998921
1952 5.968285332528721
1953 3.483163591796485
1954 1.2684808263583285
1955 0.14250458701394544
1956 0.04490379124561046
1957 0.6843922603631079
1958 1.9818722468163272
1959 3.446108830023936
1960 4.862139399653385
1961 7.018517910099809
1962 8.958084246945724
1963 12.170481213892566
1964 16.49694619355765
1965 15.536169218838488
1966 13.955864494850443
1967 12.68165145319053
1968 11.72815684685053
1969 7.115061051041869
1970 5.395342345949776
1971 5.794225045984259
1972 6.6816460369630715
1973 9.776744239598434
1974 8.156456405511861
1975 5.106128877980127
1976 7.878905411384921
1977 11.543796588971519
1978 15.344467810737772
1979 14.917759585732252
1980 14.098441213457892
1981 20.773996726038643
1982 17.349313075621424
1983 11.146575941498853
1984 1.9047962424742104
1985 2.3743389384233358
1986 3.7019798863818876
1987 5.6712185888877285
1988 6.440146306976914
1989 9.470467137811353
1990 12.431999134035577
1991 15.662787548946996
1992 16.867121219491406
1993 16.337964283665457
1994 13.547562489004344
1995 16.198379666766517
1996 19.47546698034215
1997 23.8980534115173
1998 28.852075839060554
1999 32.63302791096946
2000 35.241182527842525
2001 37.88427043251681
2002 36.76796031329668
2003 33.086104609483286
2004 24.938745959455762
2005 19.055214288290703
2006 16.259724185167926
2007 14.634738877142967
2008 14.041678735017369
2009 14.641012274887666
2010 12.850946171220892
2011 11.773794025604868
2012 10.124620780093661
2013 8.82574967546493
2014 8.098471442746712
2015 5.522635017633135
2016 3.268128666627247
2017 1.9972514798693584
2018 0.4710313465245546
2019 0.0018741602669683141
2020 0.30292922455451093
2021 0.8943655141572958
2022 2.034937085698681
2023 4.030023464120425
2024 6.224907915848252
2025 7.80860234336147
2026 9.737585878885962
2027 12.726468962121405
2028 15.835199944120598
2029 18.34243092676362
2030 20.363251560192
2031 17.723309557907623
2032 13.749335206536934
2033 8.562631130242725
2034 7.1033117313037435
2035 6.03591754147393
2036 7.197655738762723
2037 12.576288592292798
2038 8.945032704162752
2039 4.0214932151261324
2040 8.730269762238757
2041 13.19805899901356
2042 13.622902598530926
2043 11.138335507767206
2044 14.78685589957447
2045 22.244003951684334
2046 20.776124889027738
2047 11.938648055539892
2048 1.295578623136484
2049 1.8459635461062243
2050 3.862425085925676
2051 4.601874594415663
2052 5.420522460488643
2053 9.19234177136979
2054 12.834783222566347
2055 14.794937364403847
2056 13.705139272126575
2057 12.938461796701992
2058 10.805870762515541
2059 13.032908724689268
2060 16.626265648580134
2061 22.671560051802214
2062 24.866301413974607
2063 25.790974153913336
2064 31.78711308504018
2065 35.55363049080588
2066 33.66945249797992
2067 28.237317288465885
2068 25.8484780567499
2069 18.83286723230424
2070 16.40183574804568
2071 14.175716170354121
2072 13.826410212791993
2073 17.929297592247327
2074 15.727618207570227
2075 13.388694042589874
2076 10.31887614568107
2077 9.457644487340971
2078 7.7990576042570074
2079 5.44649079441601
2080 4.15465541571158
2081 2.6989137880091096
2082 0.7817631128140747
2083 0.02142333199024258
2084 0.0013319625663528894
2085 0.2542773746058997
2086 0.8598945394012435
2087 1.8859939373983536
2088 3.8020200815763205
2089 5.831110818879692
2090 8.130080889948118
2091 9.141568221131067
2092 13.184227594109315
2093 20.36392826612535
2094 20.653179451810644
2095 17.24672208339719
2096 15.20887571277375
2097 11.142672525832227
2098 10.659770533206725
2099 10.811330169726315
2100 7.77374444836338
2101 9.993150159218704
2102 11.66891264191154
2103 9.307561489355727
2104 10.529882523435392
2105 11.577619983001686
2106 11.135615618986781
2107 11.137595835648762
2108 14.423080498197569
2109 23.643855131717316
2110 21.879347334741304
2111 12.453386088575417
2112 1.4992039234708787
2113 1.5431942176001123
2114 2.5160777298744965
2115 3.9594705390113725
2116 6.5873433810901965
2117 9.895746438059081
2118 12.881107443853608
2119 15.269141192539307
2120 13.469593744457004
2121 12.127685922073468
2122 9.483695001741376
2123 11.28121353836773
2124 15.235055161682338
2125 23.285464291459974
2126 25.792863299582503
2127 26.133771107201838
2128 31.859758152071848
2129 36.00188023159809
2130 34.76186500800147
2131 30.165206584530456
2132 26.13956191789906
2133 21.453717010151184
2134 20.381980210357188
2135 17.285171964308187
2136 15.439756050398964
2137 17.628700943949003
2138 17.06606847506197
2139 15.567126810036727
2140 15.034796381045542
2141 12.989724299412376
2142 11.149524875737553
2143 8.870442488065688
2144 7.4068842325273545
2145 4.941567867454805
2146 1.7876559947811663
2147 0.30844041572308106
2148 0.2500409228145463
2149 0.028879370896890133
2150 0.13929187991771083
2151 0.580170803851031
2152 2.3527330630627885
2153 4.503612692247852
2154 6.1987464163517165
2155 7.730152979970637
2156 11.49672347438593
2157 16.19465007969936
2158 17.458033267794185
2159 18.327205445403592
2160 18.59535967203676
2161 13.752302542479434
2162 12.384864170106276
2163 12.179465113110322
2164 8.957874922645699
2165 7.227871743324324
2166 11.968545637604215
2167 12.108761628579922
2168 14.242853955900705
2169 11.127954465199512
2170 10.889049942052603
2171 9.26021048880131
2172 12.725027635733255
2173 22.603049104530797
2174 19.47013345229476
2175 12.390285828148631
2176 1.5161019280471668
2177 0.8495897020923543
2178 1.5135445588235827
2179 4.156161278119969
2180 6.998508707335522
2181 9.61797192842575
2182 13.401769725892354
2183 16.034529197783407
2184 12.482364006917798
2185 12.130291360041037
2186 10.584593290384287
2187 12.021148791121805
2188 16.296746572172005
2189 26.162824703480727
2190 27.078798648933347
2191 29.563699392600217
2192 32.87466259300741
2193 35.670486010236765
2194 34.12345237261115
2195 29.87197974148997
2196 23.494074822034584
2197 20.79475384603377
2198 19.97330407176037
2199 20.069886378200945
2200 16.597587788698103
2201 15.413306830370527
2202 15.017751994270078
2203 15.287717958710747
2204 15.090190125302382
2205 12.73865989395157
2206 8.74679697625639
2207 7.410838257169055
2208 5.931758115567354
2209 5.535404245825673
2210 3.004809557524658
2211 0.8900949445379259
2212 0.4024239379867155
2213 0.12553066618447095
2214 0.0005285877512586202
2215 0.5326491348469371
2216 2.5321996966815834
2217 4.646354985883076
2218 6.10126296198526
2219 8.92172972003738
2220 11.911121916331751
2221 17.119868815549886
2222 17.128521162172806
2223 18.87824103147903
2224 19.745284694774085
2225 18.615746146606806
2226 14.040042923013921
2227 13.594221187161189
2228 9.592906589454168
2229 9.891733071607176
2230 10.631515936061392
2231 11.202680127145578
2232 11.628821324105777
2233 8.77786401398281
2234 9.142471734981994
2235 8.665554560943887
2236 14.02170076000493
2237 22.992526809842932
2238 15.074427969575764
2239 10.306828814618019
2240 0.6976341180537704
2241 1.3140157562691848
2242 2.165480866369637
2243 4.0056747555379175
2244 7.225237668966106
2245 10.05799607353178
2246 14.433978519850864
2247 15.872069683644872
2248 13.09493078617724
2249 12.765494614910029
2250 10.126264168545283
2251 11.600273190771139
2252 17.558413026848484
2253 25.45275896485455
2254 28.413746779749758
2255 27.74199257819701
2256 29.313278559923383
2257 29.905974856629175
2258 32.17855553048057
2259 27.286304718855042
2260 23.302126329765535
2261 18.993038966838885
2262 18.811470326404244
2263 17.653774981648272
2264 13.194466749095454
2265 11.18073842819985
2266 9.978178636183817
2267 11.619329333496108
2268 11.780607614678182
2269 8.649045202553642
2270 5.324481661280279
2271 4.5322329934316565
2272 4.759804553523247
2273 4.3502513414980255
2274 2.815883350177053
2275 0.8288428106093452
2276 0.20440827153672356
2277 0.00010129280962734113
2278 0.027587881569577453
2279 0.26486162490711457
2280 1.5059586801925338
2281 3.7695271645494315
2282 4.845084265426548
2283 7.61552204200811
2284 10.965827264010178
2285 14.337291247470912
2286 14.160082835099892
2287 14.172134089864137
2288 17.255157550067793
2289 17.592918947030608
2290 13.791170735164446
2291 15.149991706691557
2292 14.611520782490478
2293 15.292859679803811
2294 9.734885594518907
2295 8.287092531672368
2296 7.975705084284943
2297 6.479682941223097
2298 7.686693255688308
2299 8.296285486879931
2300 12.064453308619829
2301 18.508405406829564
2302 12.655286264941509
2303 10.168369486806943
2304 0.44365386037647214
2305 1.851242949781129
2306 2.662612476079144
2307 3.4571673127924196
2308 5.679292765083731
2309 8.864655357849031
2310 13.392617695156126
2311 15.525464919295612
2312 14.116739272335412
2313 11.773575174065364
2314 10.01119203596989
2315 12.20150950820509
2316 18.039175606011288
2317 25.93613055640442
2318 29.41265678311663
2319 28.596758635519237
2320 33.0214897641801
2321 32.34562710306897
2322 35.02931522754817
2323 34.22996932495098
2324 29.68957149687695
2325 22.391392485419168
2326 14.87369517480645
2327 12.332015831513282
2328 9.703800600260019
2329 8.179587097989481
2330 6.784124816942717
2331 5.791574739718947
2332 5.910301141487479
2333 6.054754788048135
2334 4.570115426543738
2335 2.856265030337358
2336 2.3122656833629462
2337 2.705251370162558
2338 1.7679058785129376
2339 0.6649741654374498
2340 0.6616968428455118
2341 0.6225224481062037
2342 0.2483616811265909
2343 0.001387435318148746
2344 0.81200950983392
2345 2.3569935450364916
2346 4.07253196398205
2347 8.383585829638843
2348 13.412695780712811
2349 13.295848565295033
2350 15.011176140488397
2351 16.30910582400527
2352 16.068134903051117
2353 14.112138173442784
2354 13.945502155321524
2355 18.81513522777064
2356 21.62352968395036
2357 19.634251517749544
2358 11.9778161980474
2359 8.534794384222241
2360 7.045706619380695
2361 8.562689892621384
2362 10.797388509607364
2363 10.215396597123481
2364 12.399254284538905
2365 14.448531307702767
2366 11.261445743251457
2367 8.954428152129355
2368 0.7167379976070158
2369 2.0858602973118283
2370 3.7403128760952455
2371 3.9203000809532864
2372 6.368631414805697
2373 9.150269974635737
2374 14.252222540768633
2375 16.48543540215737
2376 15.023929554287019
2377 13.829883105966875
2378 11.294698765721883
2379 11.636136109062022
2380 17.16007326567783
2381 27.254021552263033
2382 30.305846631774916
2383 29.548860004875877
2384 33.32887456434465
2385 35.35672199641555
2386 40.20814515730765
2387 35.853546086134564
2388 32.19034592286936
2389 20.56988695144697
2390 10.709657323162793
2391 7.942012237652794
2392 6.424070148799209
2393 5.0127764386486415
2394 4.08288699713962
2395 3.3450435334122273
2396 3.2606531248646973
2397 3.276077750323068
2398 3.096078416242144
2399 1.9618636085110146
2400 0.9616055703318833
2401 1.0652594895598826
2402 1.6074303634194589
2403 1.0555178347276302
2404 1.950018379868041
2405 2.912196343797728
2406 1.4214872420180762
2407 0.5683325864268537
2408 0.04214962734358024
2409 0.7280318555648183
2410 2.8934473551619595
2411 5.6182594779623765
2412 10.541266894801277
2413 12.597712839228418
2414 14.538883901637917
2415 17.04508010123143
2416 17.02477568998359
2417 15.246321772054895
2418 18.000889019209932
2419 26.740868721548264
2420 27.947701283286946
2421 24.566081499125453
2422 15.91034104898534
2423 13.68754772022407
2424 10.957473709608553
2425 12.510545950776029
2426 12.048046626602778
2427 10.803122214328006
2428 12.11092737828511
2429 11.60661927013189
2430 9.100850791387275
2431 7.225627700554786
2432 0.22823260208365345
2433 1.1248771480925615
2434 4.003613292474839
2435 4.796695333981753
2436 7.634684235118388
2437 10.812122532404652
2438 14.598753333244732
2439 17.064161315583885
2440 16.936359036212142
2441 15.76602421675597
2442 14.41170810055179
2443 11.491472157631643
2444 18.119996217778187
2445 23.50865981393208
2446 25.127587791583608
2447 28.372565145457276
2448 33.66839026967997
2449 32.174211558062076
2450 39.79084423639408
2451 36.853411229869366
2452 28.907929205251286
2453 16.13565270738687
2454 8.157248227622476
2455 5.569085211510744
2456 3.571885359413902
2457 3.2344650226768814
2458 2.383340160962562
2459 1.7604504162404562
2460 0.7952974184605769
2461 1.08181481128498
2462 1.6447521152633198
2463 1.8269658266836009
2464 0.8669995440064829
2465 1.0735399817142186
2466 1.8436960095498263
2467 2.9015300234178922
2468 3.438890879992171
2469 3.185729174032988
2470 1.7366236989607124
2471 0.5740703233411961
2472 0.020852024895031025
2473 0.3270069444711606
2474 1.7682867365110069
2475 4.93704061680532
2476 9.212925369048818
2477 11.38733252943286
2478 12.374822422291972
2479 13.268365753883216
2480 14.967992551616842
2481 20.10920800474837
2482 23.470650794909112
2483 25.792020966144626
2484 23.973875207268375
2485 26.98874727752413
2486 20.4817774975613
2487 19.517250171104656
2488 14.896382574794103
2489 15.61045786058505
2490 13.413545126457615
2491 9.851585360755283
2492 11.115769255671838
2493 10.87542987511016
2494 6.985407087153146
2495 4.86115713107249
2496 0.17867922609201925
2497 1.2246846998238285
2498 4.40345607921288
2499 5.558598090231557
2500 7.834217359775341
2501 10.277266174412656
2502 13.830176796008208
2503 15.632855945224987
2504 14.748834442123098
2505 15.412099463297773
2506 14.723268455945727
2507 11.142330407399493
2508 15.863202806176815
2509 19.247245077046895
2510 25.940482784927077
2511 25.860516856272785
2512 28.876024268880524
2513 33.700726079306136
2514 35.359494933246104
2515 33.37151784446456
2516 27.844721999144376
2517 15.55677619947981
2518 7.630640142457145
2519 4.752744128685697
2520 2.983479567797683
2521 2.818502899372815
2522 1.7957516286655801
2523 0.8212716184630885
2524 0.40227029186459523
2525 1.0798171259698477
2526 2.7721532768696773
2527 1.9445886352970618
2528 1.875433214364451
2529 2.1792276816707736
2530 4.092771973173722
2531 5.836061259943184
2532 6.986325918861444
2533 6.03977099054765
2534 5.2173541980635605
2535 2.7502940932778444
2536 0.13081348667687595
2537 0.4387517882858743
2538 1.3053786321216914
2539 5.983153254668079
2540 11.22399104249875
2541 9.545565791098474
2542 11.154791882537129
2543 12.07053066158031
2544 16.14439108379577
2545 24.115437482049813
2546 26.4811496015343
2547 28.0636805942713
2548 23.648374063160933
2549 28.13356141747038
2550 26.2273343367524
2551 23.415784086223507
2552 23.861749806711856
2553 18.31148484785327
2554 15.86158793750629
2555 11.035983159003969
2556 10.494779380076702
2557 9.945857233891118
2558 7.877058196460698
2559 5.617535761986084
2560 0.014410392347633014
2561 0.52077379320239
2562 3.9411061543610546
2563 5.342621627447463
2564 6.866376852108439
2565 9.071799349425017
2566 12.376281741459271
2567 14.39861647081793
2568 14.072798363628737
2569 14.693817334576027
2570 15.011643449306192
2571 12.470304228268649
2572 13.580532293864827
2573 17.385949351589044
2574 25.134494110938
2575 24.462364853548696
2576 25.21492117416214
2577 28.41636250458835
2578 29.5826302769486
2579 28.21435536627304
2580 22.47771656115613
2581 13.450353750866329
2582 8.340129770889211
2583 4.95162603500771
2584 1.6919084735073602
2585 1.4766889348893044
2586 0.8889663455186637
2587 0.39409655317476827
2588 0.5281648369398252
2589 1.2140780313143507
2590 2.355556360980588
2591 2.5016010453050517
2592 1.8426167263249307
2593 3.666556667946874
2594 6.436548535345826
2595 7.978781799821718
2596 10.941971833691147
2597 9.573372577373535
2598 8.760040861894035
2599 8.216522731630612
2600 1.2994609403597353
2601 0.6102329367501124
2602 0.9810189604866856
2603 4.411793868162526
2604 8.813849429543215
2605 8.351575453504735
2606 9.878013531091407
2607 13.396068453226041
2608 17.22542049806241
2609 23.33900351737257
2610 21.398366937935634
2611 25.942230997589064
2612 22.22007794740509
2613 24.264881663375075
2614 21.767524963317644
2615 20.3086226554458
2616 26.337822641347195
2617 22.707762668253476
2618 17.208130141240744
2619 11.635998122744166
2620 12.913398219300568
2621 11.250228293468817
2622 8.200478928783463
2623 5.425183655627268
2624 0.005377095278850586
2625 0.12871655098572293
2626 1.8567403577097474
2627 4.609907209925827
2628 7.2679820496131455
2629 7.862871224018181
2630 10.36625817711622
2631 12.13333702804615
2632 12.823582184931317
2633 12.802978934317485
2634 12.818073928778226
2635 14.169109649202067
2636 10.48379197885505
2637 17.10908046228038
2638 22.74588916297965
2639 22.481176443899553
2640 23.1029919884288
2641 24.214717985787537
2642 25.30550840114355
2643 23.27334672016829
2644 19.531145205929377
2645 12.906644861575263
2646 8.81133240720951
2647 5.079906284987183
2648 1.5470581522909788
2649 0.9105135024122462
2650 0.09189783148379771
2651 0.01748602419212923
2652 0.12451888410978067
2653 0.9401483167328281
2654 2.591125820398995
2655 2.846531168747847
2656 4.5764945436867475
2657 8.006351330516235
2658 10.122458567881424
2659 10.036038911690449
2660 10.61337231757526
2661 10.663543199068823
2662 8.182409219617066
2663 8.837706570471221
2664 2.7252057571271715
2665 0.013482949206120382
2666 0.3354596816555818
2667 1.4933853655186586
2668 4.730748534504604
2669 6.588283985306437
2670 8.370504861034789
2671 12.98815772971822
2672 14.789653994461952
2673 16.700390026400086
2674 17.316327701393877
2675 18.32132341334456
2676 16.88996402809782
2677 19.123985874353057
2678 20.573708146497406
2679 23.130057582607293
2680 22.223310363465934
2681 22.576789350348474
2682 16.46951349061701
2683 15.216678259519533
2684 11.485125245133117
2685 8.572650955595444
2686 9.453379200284262
2687 6.8249526129528935
2688 0.5761192593373524
2689 0.1946033551079954
2690 0.6562307991416517
2691 3.869927743552303
2692 7.2649319474483365
2693 7.5322456689250625
2694 8.767964878897756
2695 9.377226533258533
2696 10.24845805101396
2697 10.479173565669191
2698 10.013087692921793
2699 11.580769228886467
2700 10.435502586427488
2701 14.946920117699815
2702 18.89734834851221
2703 18.41857750664044
2704 22.307230904982895
2705 22.61371292271108
2706 20.536012795571356
2707 16.85169106080703
2708 16.890170272679274
2709 11.523006410666849
2710 6.132344425107017
2711 1.7940445151538853
2712 0.6385851913462891
2713 0.3769320658153589
2714 0.05416524274324732
2715 0.008800111792405394
2716 0.16417867485681809
2717 1.2254862057044364
2718 3.4990900039392487
2719 2.6891236744550966
2720 3.7131239810267895
2721 8.359371677294638
2722 13.254698844160476
2723 15.165038498623336
2724 13.581159580162975
2725 12.914751935341418
2726 10.712869903105895
2727 5.943434981597021
2728 3.3504452620212666
2729 0.3407704477177467
2730 0.02930199707019501
2731 0.8059121876521951
2732 3.749062450858207
2733 6.010373914884895
2734 7.705765424598057
2735 10.45843871883893
2736 11.097785736368005
2737 11.58778986324312
2738 14.098606344230369
2739 13.826898481789568
2740 16.795084615303647
2741 18.82463620468713
2742 20.22401306534063
2743 24.28563711408655
2744 20.247927704663436
2745 18.164716307460054
2746 17.044721163401753
2747 13.342954947519676
2748 10.50124571061493
2749 9.993236964087464
2750 9.104389110226174
2751 5.060865818516355
2752 1.0919827989859507
2753 0.6721999343091271
2754 0.018858473362438177
2755 1.9151312357627988
2756 6.248971207405227
2757 6.224596219894416
2758 5.574608018094661
2759 7.255331831632725
2760 8.522229731944554
2761 7.154236024466819
2762 6.196601352699114
2763 8.04858839936651
2764 8.365742940825328
2765 12.78591575125436
2766 15.315510071838629
2767 19.546326404100025
2768 22.81119422231327
2769 23.908531823317126
2770 18.86390346759831
2771 13.579221447675062
2772 12.708828775602894
2773 10.595306266526652
2774 5.61395255349857
2775 1.3123564913177577
2776 0.23506432005002897
2777 0.11546363669009393
2778 0.281640639709023
2779 0.22354663329759109
2780 0.49822976743412234
2781 1.7725606813014194
2782 3.1252574528554597
2783 4.164656558274367
2784 6.846420595407453
2785 8.94650935539355
2786 18.482144790478948
2787 19.106505091472552
2788 17.121689550844188
2789 13.010044628689375
2790 12.02235243857713
2791 8.21793360730708
2792 4.484066418174213
2793 0.7734586929434092
2794 0.0007184489004799377
2795 0.544910949535891
2796 2.6705125985078855
2797 5.7717368006588465
2798 7.832079483593959
2799 9.977014926431579
2800 9.082569081923474
2801 9.37233691518521
2802 11.279793855847286
2803 10.625190292002918
2804 11.025037685118752
2805 12.882915910509574
2806 16.84743444486583
2807 21.72362787786759
2808 18.329505457086476
2809 16.556755036627354
2810 17.199050983832876
2811 14.000713790152739
2812 10.200535748516225
2813 9.9350229617812
2814 6.428835135457122
2815 3.5964017274607656
2816 0.9763764843952797
2817 1.099498144560809
2818 0.0053992317623481455
2819 0.9857253545578724
2820 4.203952223616681
2821 5.316615461541
2822 4.122534846159886
2823 4.17056113936009
2824 3.809093303285107
2825 3.5199391227788395
2826 3.6030462474237783
2827 4.6807967405938395
2828 6.443940370632381
2829 11.12196430550068
2830 17.010859093823345
2831 20.483877165829547
2832 22.14120959040982
2833 23.580110770128808
2834 16.5963367618017
2835 12.359739627655266
2836 9.681053995834667
2837 8.051648112092593
2838 5.527069792204659
2839 1.5586696235744626
2840 0.6221015511669183
2841 0.0465781525801731
2842 0.33722688426128583
2843 0.9340588368291095
2844 0.8200999474599392
2845 1.9434433979684724
2846 3.2456033364305075
2847 4.917560948750097
2848 8.190288056279881
2849 13.027299584820346
2850 18.897569439640687
2851 16.608473418460314
2852 20.114963604832937
2853 13.521348904213218
2854 9.596375003973375
2855 6.677782561207409
2856 2.8291170542598603
2857 0.22299090170154254
2858 0.18505532110445763
2859 0.5599842353051444
2860 1.9973717475724355
2861 3.1470427529056346
2862 5.136040149637955
2863 6.790626991346332
2864 6.963827788952194
2865 10.091044507490674
2866 8.706802656329028
2867 7.160590787240885
2868 8.616298261238592
2869 8.014395500703605
2870 14.05233441799653
2871 16.4422902612762
2872 14.32037839301096
2873 15.387124538226777
2874 12.288151327927835
2875 11.108980701901565
2876 8.838497135918809
2877 7.868564449896244
2878 4.49073173295125
2879 4.062036128088554
2880 1.532131260025764
2881 0.7537188237923397
2882 0.011133058997580964
2883 0.4179897541452459
2884 2.786847658596188
2885 3.790437107450724
2886 2.7134046501512707
2887 2.549777737694649
2888 2.002210371124899
2889 1.6035475821828618
2890 1.8495420974719339
2891 2.03302299137631
2892 7.682447589918961
2893 8.602111933409633
2894 14.131015876415868
2895 19.01443471691155
2896 23.042608962882294
2897 22.27082354653358
2898 17.809462416283438
2899 14.567550637879599
2900 11.512186232447606
2901 7.792732653466316
2902 4.931461999450179
2903 2.235954190954801
2904 0.266632714023784
2905 0.012677097543356828
2906 0.166658263154846
2907 0.24759154386061444
2908 1.0877950257760818
2909 2.052973864577675
2910 2.8132325856101725
2911 4.041850581920183
2912 6.393588894781264
2913 14.382008243716669
2914 19.530982822855467
2915 15.773328781282157
2916 19.009211501761964
2917 11.335176218229195
2918 5.095947727258587
2919 3.545081841287493
2920 1.1773816763310712
2921 0.04376627401999026
2922 0.9185715397746252
2923 1.3795284389319737
2924 1.709561451324187
2925 2.16990135966761
2926 3.315521566817891
2927 4.568451017777072
2928 4.584493354191957
2929 7.041278922923538
2930 9.565334032235244
2931 9.915507916881186
2932 10.227677098316924
2933 10.072710209025336
2934 13.1040307302121
2935 19.251485286699772
2936 16.033710955014328
2937 16.072368827660245
2938 10.705498626847644
2939 7.813318332953328
2940 7.151381461003791
2941 5.603585457028992
2942 3.681746880993017
2943 3.8895914867675097
2944 0.7451943090459457
2945 0.17246681911535605
2946 0.07940515084700721
2947 0.4879656895447813
2948 1.6959318347845653
2949 2.2305129886407076
2950 1.2322597030881697
2951 1.4972802970622172
2952 1.692247258822707
2953 1.6041774629581689
2954 2.0244515802547665
2955 3.280409958792873
2956 6.061011404486244
2957 7.996289149174401
2958 12.312920317207443
2959 14.072517350515929
2960 13.8156786669208
2961 15.997800590141805
2962 15.016845876275124
2963 14.506183236075064
2964 11.301835869665643
2965 6.714904186370618
2966 4.696915938976544
2967 1.428108491675377
2968 0.2675966656273186
2969 0.11184492866826251
2970 0.06345651244705106
2971 0.10475844667672772
2972 1.206543026746737
2973 2.2952091204982383
2974 1.319558149585857
2975 2.3121230306708425
2976 3.843596904677527
2977 8.898892609683966
2978 12.257721945024421
2979 12.279939859782822
2980 12.149798233828756
2981 11.072963783154552
2982 4.468479687368398
2983 2.332265569438766
2984 0.3581838371868621
2985 0.41801215687380566
2986 1.29175327660136
2987 1.6894550502363672
2988 2.83444511989245
2989 2.7942375489351647
2990 2.8920380913312815
2991 3.4182987107374383
2992 4.4894476996879185
2993 7.948142933082628
2994 8.620437372869784
2995 12.025132610435065
2996 15.573494050604237
2997 17.107920850436336
2998 14.638805339282026
2999 20.258691340856462
3000 18.38476333335573
3001 15.206744144340284
3002 10.571234883191584
3003 5.160085122177536
3004 5.719383314841732
3005 5.2843464688703845
3006 3.993316959353799
3007 4.452116025589375
3008 0.1270057029389025
3009 0.00042522340163470094
3010 0.31113433480211483
3011 1.0083897618719857
3012 1.0034267203953797
3013 1.6365206064440236
3014 1.1231840649751352
3015 1.2728148747360644
3016 0.7200591873780223
3017 1.6754252621209713
3018 3.5210543200670936
3019 2.9042181047797526
3020 3.9977743939431454
3021 6.700316679174056
3022 7.849080503399522
3023 9.711332874959355
3024 9.791128819173036
3025 8.935182334105003
3026 8.24610873977314
3027 9.672406787329791
3028 7.344652441022674
3029 4.293273879761401
3030 2.6379286430499285
3031 0.25986721490408704
3032 0.27957699720454365
3033 0.0054227311929890415
3034 0.006429340567791729
3035 0.02629456692380927
3036 0.7692787196355348
3037 1.1096529238926895
3038 0.4703980203983121
3039 0.9564964056010077
3040 2.721150921741429
3041 5.633027491014833
3042 7.4827938678584065
3043 7.122580420803215
3044 6.342876701889529
3045 5.358534405070315
3046 2.1079101866680916
3047 1.384314416986964
3048 0.08770522652813156
3049 0.006613778913950878
3050 0.129053602992448
3051 0.6323650588796046
3052 1.739040771039651
3053 2.3868786686729098
3054 4.406858129463552
3055 5.973327819709013
3056 9.061694832627726
3057 10.200590173627802
3058 8.98495738501638
3059 14.067905973588358
3060 14.934866223788257
3061 17.511613396763476
3062 15.973446976195682
3063 17.19265410021131
3064 17.300475871351495
3065 16.58008939990323
3066 9.153455251085642
3067 8.142950017827086
3068 6.290510014235955
3069 6.8251246792682965
3070 6.948213020464743
3071 5.883438800554181
3072 0.0019689553278668427
3073 0.04268885942914565
3074 0.23699103407124247
3075 1.0982482538226657
3076 1.1295316737258079
3077 1.2874190860847359
3078 1.3881669048244367
3079 1.4389578768685751
3080 1.2583778437227442
3081 3.020603090972931
3082 2.958024994589327
3083 3.359283666898771
3084 3.7270525546331603
3085 3.4212346573565235
3086 3.457911756689251
3087 4.170813181368778
3088 4.609086771521032
3089 5.7016325786341575
3090 6.740891129261748
3091 4.03274018295743
3092 2.396517239020925
3093 1.6404827706150615
3094 0.7879664737404893
3095 0.4678665518333779
3096 0.3429391004428481
3097 0.0006346219704276883
3098 8.015926976439553e-05
3099 0.0017359357332514193
3100 0.0329634900012635
3101 0.03822861092130154
3102 0.0154412643292212
3103 0.012769553328968751
3104 0.6139473201587174
3105 0.9721376421763492
3106 1.429343479176983
3107 1.024701858758136
3108 1.3388653536437247
3109 0.33106444832287035
3110 0.08560362496061764
3111 1.6365098488368624e-05
3112 0.0023095755761986165
3113 0.09882033466094407
3114 0.13572876766300856
3115 0.3620336033250619
3116 0.9628160056999174
3117 2.1658333275843895
3118 3.3190451214665644
3119 5.8847991361301935
3120 10.122550282658185
3121 9.619787164312193
3122 10.83229908333479
3123 12.404474934029638
3124 16.984549911880176
3125 20.050124237756418
3126 13.21881626039396
3127 13.698208785764706
3128 10.596564611662384
3129 10.812101656171762
3130 9.303193634393674
3131 9.20955378667695
3132 7.731890390174417
3133 5.840654308869442
3134 6.3313206392147885
3135 6.50680688071028
3136 0.0824685983644089
3137 0.000622889909524704
3138 0.358821221925719
3139 1.1748842344380706
3140 0.7997366590985865
3141 1.2794840068661837
3142 1.3695933319837734
3143 1.3610664355089717
3144 2.8198588824157267
3145 3.421493493817683
3146 4.037126323953599
3147 5.0878093082645135
3148 3.105464847477262
3149 2.3000339179564486
3150 1.732286238037524
3151 1.7144237682821162
3152 1.8680201398452574
3153 4.529569258508692
3154 4.841626724036688
3155 3.7184359930310245
3156 2.050682304354433
3157 1.0323919247042372
3158 1.0511549346463611
3159 1.1877829177283912
3160 0.5466352283274013
3161 0.11273052467996586
3162 0.002536555858098467
3163 0.0009645294933269269
3164 0.011789481715620128
3165 1.1544292948342418e-05
3166 0.012575790379464297
3167 0.10148750107977234
3168 0.7149376359802014
3169 1.1756258751810909
3170 0.7687133413730356
3171 0.28527404994574573
3172 0.019464173408216698
3173 0.016701581109907954
3174 0.011297672636404682
3175 0.23849127393227387
3176 0.3515459588473393
3177 0.715146825369915
3178 0.2881155475769329
3179 0.35355494400122556
3180 0.957519115940232
3181 1.620292981057682
3182 3.456885540051251
3183 4.528603055152593
3184 5.607183731277512
3185 4.896883001524937
3186 5.687910358802264
3187 9.027818956815514
3188 13.558697668057325
3189 18.11323823424552
3190 9.465859862212858
3191 9.535057940926897
3192 6.980809810213556
3193 8.311504818257413
3194 10.109958475304843
3195 9.291632578023227
3196 5.5861899854035695
3197 4.381529304261405
3198 4.891828050826467
3199 5.134530592385643
3200 0.028791851081229943
3201 0.0011540507631065964
3202 0.3414160951801514
3203 0.7338163082685418
3204 0.466817502968114
3205 1.0538443677080325
3206 2.5069032813237873
3207 2.7657839075108495
3208 2.9652492614945296
3209 4.1728951333216955
3210 4.093451253366319
3211 3.156216145955282
3212 2.6160160690568657
3213 2.2105202913961204
3214 0.5526032413640696
3215 0.420593508641718
3216 0.11603492853731634
3217 0.7027199335298219
3218 1.4567708260097447
3219 1.3297009523820116
3220 0.6665775744356882
3221 0.2755125782485398
3222 0.7238733606514702
3223 0.2739971391070363
3224 0.19410742221349989
3225 0.2882123177036004
3226 0.0019450978026187584
3227 0.006818213732177462
3228 0.0027288452208919017
3229 0.006763962693501781
3230 0.02261211973252594
3231 0.006702159648159729
3232 0.20777424127521862
3233 0.633259445386367
3234 0.3579455285575915
3235 0.1688296172936037
3236 0.0046407278919083994
3237 0.37643519707523976
3238 0.6508456405296997
3239 0.7836559479864875
3240 0.6228396537509449
3241 0.6416435622486465
3242 0.38233995437030055
3243 1.015494479710827
3244 2.2673435836044002
3245 2.9022576729636858
3246 4.082207651069389
3247 3.725738753013953
3248 3.7241454355289196
3249 2.682605085949033
3250 3.2807251082635758
3251 6.116865019294842
3252 8.893570086301006
3253 11.520437357974973
3254 9.005385200891695
3255 6.462093659235013
3256 7.4666385779492765
3257 8.631185366406804
3258 7.478206778203575
3259 8.03175339212241
3260 7.358000031953276
3261 4.991824845991238
3262 4.852389322202832
3263 5.650583249328819
3264 0.026139050750878554
3265 4.9150029700718077e-05
3266 0.010545073852145561
3267 0.03929063243648828
3268 0.4890942597071455
3269 1.0040848255777628
3270 3.2275256095863645
3271 5.683940424389336
3272 3.782539069352214
3273 4.88042176730715
3274 2.9359651154389717
3275 2.47960855211885
3276 1.8400758063969695
3277 0.6203209873268085
3278 0.16456584254470585
3279 0.03348343409079597
3280 0.017041490943090955
3281 0.14273008463403625
3282 2.798087187662172e-05
3283 0.007489134034334439
3284 0.02652111434333713
3285 0.21672377098943313
3286 0.0040413228423973584
3287 0.01662031362105054
3288 0.021709975817376746
3289 3.4284428892359554e-05
3290 0.02293760662825686
3291 0.008026768898307796
3292 0.017803756583569027
3293 0.0011257913467248761
3294 0.019338875183072472
3295 0.011697019556980773
3296 0.2237530173652087
3297 0.2560476373676618
3298 0.4403001004455494
3299 0.28460091044001357
3300 0.03195440779332951
3301 0.110966761205987
3302 0.24859437009712468
3303 1.0959074693809312
3304 0.927093610449431
3305 0.7371229146782085
3306 0.8899855804104649
3307 1.263692868156404
3308 1.6303516065949215
3309 1.2844646393646957
3310 1.2411392560714327
3311 1.6248386447595342
3312 1.4600201285240166
3313 1.5471509809059227
3314 2.5086765527823207
3315 3.4624117490067428
3316 5.7611908909811
3317 8.720275415281298
3318 8.015064296117554
3319 7.276411919683811
3320 9.90339883619711
3321 10.465793403760827
3322 6.958890198854654
3323 6.562492898499006
3324 9.887173900564042
3325 7.5928499751558585
3326 5.769355025565362
3327 5.55468571235099
3328 0.015476999536112094
3329 0.004757798859784524
3330 0.005667245995686218
3331 0.006559440009635352
3332 0.18652791343264527
3333 1.4983143923586681
3334 4.350236269322707
3335 5.641698037925175
3336 4.9324682657443235
3337 2.7819787350464353
3338 2.1376177008386232
3339 2.774989494528547
3340 1.264670444751943
3341 0.08952558533410597
3342 0.04651625730441859
3343 0.12571837132128424
3344 0.4596479306638189
3345 0.537474999605818
3346 0.26007152242077786
3347 0.2999490137137944
3348 0.24486827677681497
3349 0.08202201253719428
3350 0.2526656326574226
3351 0.3775478226750173
3352 0.001923372789471771
3353 0.0628758617540577
3354 0.0015592315620818497
3355 0.0001533736323662212
3356 0.060540149403727754
3357 0.04351635856653434
3358 0.11634961472123358
3359 0.269991361129152
3360 0.09464384830149193
3361 0.14466999205112083
3362 0.25030593141095764
3363 0.48401120402018355
3364 0.09970818998737847
3365 0.026742239509593233
3366 0.24734106408674758
3367 0.7674578357278405
3368 1.1428539318658821
3369 1.8283908205260435
3370 2.91348940817123
3371 2.871684466344589
3372 2.7878730107718703
3373 1.075972560816706
3374 0.806955890652181
3375 1.1465065210525214
3376 0.33792787154087495
3377 0.741301735603803
3378 1.018316236103576
3379 1.5765730245850436
3380 2.684015345557858
3381 5.911572890085912
3382 7.578671055013735
3383 8.212022495212477
3384 10.860742928294657
3385 10.459889149306369
3386 7.230746378256944
3387 4.426566838547406
3388 5.826664726965345
3389 6.686724783605711
3390 8.390957890245529
3391 5.437025291056351
3392 0.08505517608505266
3393 0.2271815184333273
3394 0.10215989635206096
3395 0.014284255684146591
3396 0.23335841402475546
3397 0.7481849180444822
3398 2.2554671426584165
3399 4.671208937855608
3400 1.8892199743843758
3401 0.8637959528269024
3402 0.7640558619238164
3403 0.907567559340226
3404 0.7233558322361745
3405 0.0360068793095548
3406 0.012803227213088115
3407 0.5021046852061432
3408 0.755378758845686
3409 0.8718951915090644
3410 0.8079510900696131
3411 0.29555757080037653
3412 0.016793823063267984
3413 0.017443181669851645
3414 0.06198414733726801
3415 0.027700087731185298
3416 0.010033684324979681
3417 0.0993152007228239
3418 0.12708833006340448
3419 0.01078297170943118
3420 0.03608026904150395
3421 0.2551121008197967
3422 0.21504543625084171
3423 0.1636526347237395
3424 0.06355544403197874
3425 0.1594060876457289
3426 0.0981253231589368
3427 0.24253507680564523
3428 0.026257188815811124
3429 0.0010417690418787597
3430 0.013780956150393034
3431 0.024617572524551237
3432 0.01894566403161439
3433 0.31191268679816686
3434 1.4089592396299049
3435 2.0602899692744465
3436 1.9657709986874017
3437 0.7330790114428295
3438 0.6549667615496904
3439 0.9519491517578312
3440 0.6294249129648654
3441 0.9286833154158978
3442 1.5468502204021832
3443 1.5053717673329396
3444 3.1976796147977167
3445 7.13584512354197
3446 7.5433522948711795
3447 8.902224261175013
3448 10.377160683771375
3449 9.290222746517777
3450 8.769719487623268
3451 6.64830398535325
3452 5.683809884279218
3453 9.615667263490993
3454 10.311618817076306
3455 7.688348704627719
3456 0.19525698104666478
3457 0.4161180431355488
3458 0.04346819632559472
3459 0.003362229809323987
3460 0.1086865270855013
3461 0.29732234936082846
3462 1.9491445613277245
3463 2.9057038856594697
3464 1.0386083270686477
3465 0.5681703465782638
3466 0.4643504600423898
3467 0.35925443912128435
3468 0.24643388677200487
3469 0.04452415740264465
3470 0.15083654167606989
3471 1.2250755779149605
3472 0.6826504364532486
3473 0.680913919908161
3474 0.743072104404831
3475 0.3831744894436234
3476 0.0173740010544327
3477 6.89371968207615e-06
3478 0.10428997416324168
3479 0.04244549823169205
3480 0.012187990467391309
3481 6.95107371392959e-14
3482 0.000426389760934242
3483 0.036150401507360826
3484 0.23937356898441586
3485 0.2610736052589358
3486 0.16163444324909548
3487 0.1619951682755467
3488 0.030523367006613757
3489 2.852702847110369e-05
3490 0.0007645485733230186
3491 0.07266265773732938
3492 0.08119998864046696
3493 0.11703380733173664
3494 0.03861026132731501
3495 0.12448022714145417
3496 0.07796439278468383
3497 0.03234555893380636
3498 0.0025288647701993084
3499 0.23743015378927385
3500 0.608328223231052
3501 0.2547111880768484
3502 0.41379335906337283
3503 0.6343167696198654
3504 1.1562427169486653
3505 0.8921762916689966
3506 1.4939310749262116
3507 1.7285282867673837
3508 3.762885396784598
3509 7.112335673093974
3510 8.18286175061591
3511 11.19612101496974
3512 8.750583111040315
3513 9.689047755434267
3514 8.271497114358727
3515 6.995505207586508
3516 4.239840447762871
3517 6.577138651753476
3518 8.260536913317207
3519 5.801691920719776
3520 0.44961894766282134
3521 0.7245941135142051
3522 0.24727715307798623
3523 0.00019883229677470263
3524 0.005716695346658147
3525 0.6186020867025079
3526 0.836594626483456
3527 0.41130394926686104
3528 0.6021298387603883
3529 0.5755236288655305
3530 0.3381663195795642
3531 0.1413789457999078
3532 0.1741313467047055
3533 0.011786317532108584
3534 0.1938389084806259
3535 0.9433260603901731
3536 1.246280869025277
3537 1.0065512224190505
3538 1.008197967495454
3539 1.0266279960057383
3540 0.22283359665771862
3541 0.2508132684380183
3542 0.12843834125838924
3543 0.1256865702732404
3544 0.011363804065511804
3545 0.02573643504281473
3546 3.770365505937323e-05
3547 0.0254590721304972
3548 0.1423378956490231
3549 0.1422868834193686
3550 0.24390897194395725
3551 0.13468670793951204
3552 0.016161030619218485
3553 0.07807299903539695
3554 0.06430784375426737
3555 0.0020572661910766496
3556 0.2311959535487423
3557 0.30557568680104946
3558 0.3142675651341781
3559 0.0901240471525191
3560 0.0946154441618599
3561 0.09457990434507195
3562 0.00412929555830715
3563 0.009581642583542627
3564 0.013760973812338
3565 0.08876968182080161
3566 0.34186747566177994
3567 0.9438553321299809
3568 1.1481228424873617
3569 1.239111912400951
3570 1.562284263085083
3571 1.9477956955699773
3572 4.243381127547544
3573 7.236413631204598
3574 8.722705323992338
3575 6.905390891560733
3576 4.718967465336927
3577 8.652247842412912
3578 7.447565568053935
3579 7.037655243183439
3580 5.737841732501743
3581 5.400754774829938
3582 7.24225164617769
3583 4.241959229883287
3584 0.22716958407413881
3585 0.6618982129916042
3586 0.42267811920632864
3587 0.16284500951262854
3588 0.02403595308076082
3589 0.33676220020612263
3590 0.3843984466146093
3591 0.10957564467930618
3592 0.31433925478241936
3593 0.2709968277083686
3594 0.10538879683303759
3595 0.0015075421762560939
3596 0.0345257924325569
3597 0.03971741086064528
3598 0.1231700061593151
3599 0.4286300530279565
3600 0.9469401600723301
3601 1.4553044391958376
3602 1.4911218592818667
3603 1.5427696951321415
3604 0.6083380840285328
3605 0.2121964941474793
3606 0.46986294912199134
3607 0.09270075474360485
3608 0.06340354886875621
3609 0.04023435695362167
3610 0.0636650559595456
3611 0.5987828087083157
3612 0.8739188791434297
3613 0.41349085570011923
3614 0.13293918951378203
3615 0.11953479716775504
3616 0.0009996940611944412
3617 0.03792225232399197
3618 1.69456139332279e-06
3619 0.04128070522979321
3620 0.10036040376176844
3621 0.6044946333852245
3622 0.6976081432129062
3623 0.8071516346362645
3624 0.7368560778868689
3625 0.28271383103792314
3626 0.1898304678687307
3627 0.07000839061235738
3628 0.042354622158175655
3629 0.04549205901147666
3630 0.5891757994056775
3631 1.6589602506365224
3632 2.3421335290361087
3633 2.970208490786226
3634 4.083326951822238
3635 2.9560228852076347
3636 5.3198672487614145
3637 6.38296257109477
3638 3.8281724878859253
3639 1.8719894181756018
3640 2.2633751159880036
3641 4.119462598927573
3642 6.969745968922956
3643 4.90627591647011
3644 4.661678769034299
3645 3.9867898983648686
3646 2.899348924309788
3647 4.077334276371693
3648 0.386006519804164
3649 0.6122953161247265
3650 0.5359628149909093
3651 0.10755986279963982
3652 0.05326066086784526
3653 0.21029216318555974
3654 0.08528880402528373
3655 0.05263227142127819
3656 0.0036851354873226445
3657 0.05902383262078971
3658 0.09522358835073606
3659 0.13754260333021928
3660 5.288605139722143e-05
3661 0.20579201138851413
3662 0.3539316386496987
3663 0.06503171872297196
3664 0.10883860874378416
3665 0.5603425853550859
3666 1.3538409251126318
3667 1.5334334544101431
3668 0.5914606761748301
3669 0.45032713720212514
3670 0.466133182143888
3671 0.028491899032981553
3672 0.013591167017813408
3673 0.6815995975923058
3674 1.0001015329774556
3675 1.2955594775416104
3676 1.185426767882812
3677 0.43104921537505014
3678 0.37542323028798114
3679 0.26227495105224663
3680 0.001442840037303916
3681 3.358896278310512e-07
3682 0.23931858413873347
3683 0.34166429278529026
3684 1.0785395151613695
3685 0.8505698534980772
3686 0.8098511484645777
3687 1.3474288355933095
3688 1.563801044081682
3689 1.9743770741590405
3690 1.290587202493419
3691 0.10726063532396506
3692 0.012943203902587188
3693 0.283482889052063
3694 0.606798319261565
3695 1.3460954310980957
3696 1.98364808288958
3697 2.4226993437018565
3698 4.305848649372419
3699 3.4257018885483794
3700 3.41142775952634
3701 2.2551319149387914
3702 2.445996841581186
3703 1.8545211480106663
3704 1.6207866094249117
3705 2.86930818472584
3706 4.45581298716444
3707 4.81026816008491
3708 4.963250263095892
3709 2.973618423084139
3710 2.3223889750992535
3711 2.8204226924233256
3712 0.3055268374078972
3713 0.5784333499948637
3714 0.20685180393902
3715 0.01715056408669232
3716 0.4845314900322324
3717 0.15109766236877065
3718 0.023327248488472375
3719 0.01687267666672341
3720 0.0009081543286803271
3721 0.00045404166723064115
3722 0.11366501358740805
3723 0.6186781286839351
3724 0.2976152525123497
3725 0.4209888632196594
3726 0.27445118317801204
3727 0.4060737007553176
3728 0.4035904881103413
3729 0.11026688724898683
3730 0.21006919259868817
3731 0.38585423187569484
3732 0.07701328452406941
3733 0.08219975704639189
3734 0.0025144844447686143
3735 0.3158238884356209
3736 0.3860748013970634
3737 0.9574668958963396
3738 0.8501956213322719
3739 1.0680813071409254
3740 1.3866757343980585
3741 0.6424983938584867
3742 1.1184376825955593
3743 0.5683456097854604
3744 0.14589034200265183
3745 0.03709018685149438
3746 0.2253455827239099
3747 0.5933227314590054
3748 0.6056784841162857
3749 0.34509466291908186
3750 0.5594342330888158
3751 0.9271073849271516
3752 1.3174523970878609
3753 0.713435333779859
3754 0.28141194090379745
3755 0.0004900882806390988
3756 0.05516955500830491
3757 0.006142051408779911
3758 0.02693000899739652
3759 0.3009753665516404
3760 0.7327491027665546
3761 1.0250012871662308
3762 3.13560564095548
3763 3.5679817131409495
3764 2.6812096347087766
3765 1.9977662531920977
3766 2.2284667837137206
3767 2.645930050791786
3768 2.760836949217482
3769 2.8253577311593805
3770 3.283952274454523
3771 4.178591147796111
3772 4.947130468906468
3773 3.3666343461920376
3774 3.0215618405739777
3775 2.171849045494885
3776 0.1272956936960994
3777 0.37569397652475445
3778 0.07387533366644546
3779 0.10598277799344658
3780 0.5185379933480051
3781 1.2619038949192
3782 0.5829353747157541
3783 0.1495476027514118
3784 0.011731371983961838
3785 0.17596687109658962
3786 0.10034733903286952
3787 0.5430732674892796
3788 0.49523286924060556
3789 0.6170843626057889
3790 0.2424653704577903
3791 0.1861208829726289
3792 0.7026384796514792
3793 0.08850010258397466
3794 0.12875185301859068
3795 0.03809723071004474
3796 0.023677017410963622
3797 0.1621495281023381
3798 0.37170374442443954
3799 0.16376759886094094
3800 0.3450059298095133
3801 0.9511682373367703
3802 1.2239690583172442
3803 1.0882656289185897
3804 1.3951548382976988
3805 0.8038649881712215
3806 1.3765465639447516
3807 0.6556018810541225
3808 0.1754802386627905
3809 0.14936709352137661
3810 0.17505902390593484
3811 0.37641207882906635
3812 0.5126557298045594
3813 0.4933541074610198
3814 0.7459702854261814
3815 0.35516817756243974
3816 0.16478021769616966
3817 0.054530169213809467
3818 0.036028702446692144
3819 0.06467191785191936
3820 0.3801462353898542
3821 0.07372795370764273
3822 0.2083863436011438
3823 0.4294591352073741
3824 0.05665510860082858
3825 0.641297954183343
3826 2.1317734052102066
3827 2.83136984189425
3828 2.77584856193351
3829 2.942467469864439
3830 2.882117020323755
3831 2.6644933212530324
3832 1.8935915349811243
3833 2.421829070837086
3834 3.8307641463683737
3835 4.459547440282649
3836 5.342612438324016
3837 4.71025576374524
3838 3.932693350319952
3839 2.745308340038374
3840 0.12750655635455774
3841 0.3418671467960616
3842 0.10019506591784752
3843 0.008395439205367476
3844 0.11235242601463405
3845 0.8009369506121464
3846 0.9452392980667567
3847 1.1080152785266832
3848 0.5808893741149842
3849 0.2619930394070569
3850 0.013817717246426343
3851 0.23707458959851802
3852 0.3710463429310361
3853 1.0156173161364381
3854 1.145471460952591
3855 0.4177492637281636
3856 0.31487206324123407
3857 0.04223577292777359
3858 0.010862860384569692
3859 0.022995451534502324
3860 0.09997233961424051
3861 1.1044499576901845
3862 1.8504307506474742
3863 1.3138024963909656
3864 1.2237446480118093
3865 1.5194326722240015
3866 1.6899227196023738
3867 2.7741639663672704
3868 2.568833063032952
3869 1.043992057644479
3870 1.2021010042581874
3871 1.325151281310177
3872 0.6796353935922124
3873 0.788674543484811
3874 0.47200996385542177
3875 0.49466588058569433
3876 0.5482833192921271
3877 0.7299146434870581
3878 0.44104047555766
3879 0.374866426807339
3880 0.01748449389956734
3881 0.06503207677110835
3882 0.13400982775187453
3883 0.13864918644541802
3884 0.09579584340548776
3885 0.1330301107255723
3886 0.13452547782890964
3887 0.1240028774804153
3888 0.026093126810212426
3889 0.14986509987264335
3890 1.9051944394867948
3891 4.442925798403882
3892 4.418902821199336
3893 2.965225046560184
3894 3.074650162529993
3895 1.8793388478423052
3896 1.3398627449322407
3897 2.983989867036953
3898 3.2195001371549106
3899 3.101540190813814
3900 4.071891119425463
3901 2.7169187514524613
3902 3.6070547229224936
3903 2.405379504475326
3904 0.11586942706564736
3905 0.18089956599949916
3906 0.16664416240722565
3907 6.0174030484584485e-05
3908 0.010375114237931152
3909 0.12801184825358936
3910 1.0307661134675445
3911 1.2909523637794227
3912 2.519698264492987
3913 3.001672803797819
3914 1.9698690917278259
3915 0.5244207449926781
3916 0.0028181474383844646
3917 0.21539907159335844
3918 0.2729354725782888
3919 0.24711184345894704
3920 0.24949894127374983
3921 0.2671586578909329
3922 0.032561961787901446
3923 0.0009551529146184165
3924 0.0014463169329003466
3925 0.4680474570477358
3926 1.577299360725791
3927 1.7254956815868996
3928 1.832234818216957
3929 1.876997158562663
3930 2.729376796241332
3931 4.433254594459267
3932 3.7324012898850585
3933 3.527972569952452
3934 3.3881725687134114
3935 2.571716365555828
3936 1.3292332902747017
3937 1.1809522043034741
3938 1.201084663151475
3939 0.9894544537785944
3940 0.8593605477024292
3941 0.5330666313503694
3942 0.20509276580247301
3943 0.10800306475470901
3944 0.051756714606373655
3945 0.026616486606404213
3946 0.09882852465398953
3947 0.057881577177645104
3948 0.09483220862903474
3949 0.030452432182921183
3950 0.051360536694987496
3951 0.13927985383787278
3952 0.1780747600367677
3953 0.5012786032315727
3954 1.8474333665970246
3955 3.842298364964749
3956 3.913006434411894
3957 3.0545632696491443
3958 3.236842829101629
3959 2.370696684286561
3960 1.6630398377750766
3961 1.8481749129033584
3962 1.9572292182507514
3963 2.1611973716649806
3964 3.033957202975054
3965 3.7406176974102388
3966 3.911020339615576
3967 4.115121415532306
3968 0.4896194481460958
3969 0.44167581410095746
3970 0.236855742790809
3971 0.22491021463356647
3972 0.05503807512131898
3973 0.0012746557614708542
3974 0.10002729810419093
3975 0.3378131788758142
3976 0.9186881956263327
3977 0.9868648644033791
3978 0.7426539861126392
3979 0.26365285812855316
3980 0.0032425227533414663
3981 0.09325362195245668
3982 0.014033285713968516
3983 0.08123334245079868
3984 0.23697078112707845
3985 0.07984110343508986
3986 0.04460524795820162
3987 0.03943184243001428
3988 0.00792678684632685
3989 0.26632436783482716
3990 0.9282959168811323
3991 1.423462843730245
3992 1.3322105115939362
3993 1.8904038651594999
3994 3.5927783538365174
3995 3.727746665309046
3996 4.385339820957202
3997 5.575251306843207
3998 4.53719304077764
3999 4.276384130005454
4000 4.045196232230052
4001 2.6978897783385465
4002 2.146041490846844
4003 1.5708082433873407
4004 0.9772522751736554
4005 0.8533249134877509
4006 0.2702268582034534
4007 0.3488256652994188
4008 0.30387864900770956
4009 0.1975125693781036
4010 0.053567756485567976
4011 0.1398628858799495
4012 0.037074987754261324
4013 0.06312967543188325
4014 0.2855371098396217
4015 0.4402280996215866
4016 0.9104972249637175
4017 1.6701017768847237
4018 3.5418457499087523
4019 4.655668935605226
4020 4.032336720775427
4021 4.530798466305767
4022 3.583915847133688
4023 4.306157831276813
4024 3.354032661404903
4025 3.027439717942016
4026 2.321186286445588
4027 2.4172211635561522
4028 4.0306447835629315
4029 5.604194566817667
4030 4.847091727315166
4031 5.040413083403046
4032 2.1360875414221034
4033 1.6904496008259517
4034 1.06735164095444
4035 0.3234976739443238
4036 0.15250071271795032
4037 0.00952948377123704
4038 0.12380850621997082
4039 0.026266115317872027
4040 0.08029265168904916
4041 0.2139400004070799
4042 0.3590878382598758
4043 0.0677062786218398
4044 0.020901788389239614
4045 6.494808891839533e-05
4046 0.09772155650599493
4047 0.009273458043666
4048 0.030406939024065893
4049 0.00033494796092317457
4050 0.008885139351517453
4051 0.03777680100100755
4052 0.019724042770160342
4053 0.001282418254493628
4054 0.08518630089445013
4055 0.31942883305511
4056 0.6754381163657416
4057 0.841988514958195
4058 1.3714997871601966
4059 2.2260570450535697
4060 3.037054413324907
4061 2.8241925527483622
4062 3.5232030233655895
4063 3.921491255145382
4064 3.9690201741043363
4065 3.14593202803876
4066 1.9796504806566533
4067 1.2265063698938217
4068 0.5979529667850969
4069 0.7621734777025994
4070 0.6478881085197005
4071 0.8220017417919192
4072 0.5797748698855508
4073 0.31039893971238935
4074 0.10622771114528937
4075 0.020593228954829273
4076 0.07466095786707683
4077 0.6574352613370203
4078 0.7951337108885294
4079 1.030308205869102
4080 2.4475121491259175
4081 4.244667020966681
4082 5.5899282912946315
4083 7.102034484900631
4084 5.905672562901661
4085 5.322663975980129
4086 3.936350613996009
4087 5.227440224888545
4088 4.479542748941267
4089 3.5734549687883144
4090 2.611163673345322
4091 2.427499188136805
4092 2.900471768736308
4093 2.784283558272961
4094 2.715482177393946
4095 3.0081939628266503
