 0
0 1.4240636661875536
1 1.5013990621824718
2 1.6651576711402745
3 1.5354427659350158
4 1.576809921799454
5 1.0127196443742312
6 1.4690389892775992
7 1.1970556460682935
8 1.9420975308593653
9 2.243583948717345
10 1.5322685086020356
11 1.793926752550576
12 1.9804614524914834
13 1.4763320944127576
14 1.647252821418604
15 1.4008124534100836
16 1.3877975236061413
17 0.6302414389602239
18 0.2897005989649636
19 0.3044020712975017
20 0.4549689605632166
21 0.3025447006873835
22 0.010365584301166613
23 0.11581014983048817
24 0.010531624198025728
25 1.0806915697836668e-05
26 0.00013968368803287347
27 0.1023885979365049
28 0.19766471129035085
29 0.463610508401857
30 0.7101863671988917
31 1.4076160675685945
32 1.8348753363520174
33 3.3657293508978907
34 3.239139372148348
35 2.3159847174567285
36 1.7949816888027255
37 2.1680369093114047
38 3.5138096830634744
39 3.101662804571611
40 2.725593123358687
41 2.3148646783347386
42 1.9004725648642273
43 0.9505775111129041
44 0.9789260742344017
45 0.7235706065351782
46 1.0744838633967786
47 1.2250231438827126
48 0.7354701115127736
49 0.18955871983634032
50 0.4000541734750654
51 0.20151800514307444
52 0.10582563750718413
53 0.1750620201143343
54 0.3117793867903753
55 0.009347012289045524
56 1.3436242396098028e-06
57 0.13417751489660176
58 0.30273144405456803
59 0.4293389335199211
60 0.14407782505720454
61 0.3702222704981112
62 0.3157323380243382
63 0.5386939225607736
64 1.1593976354304953
65 1.2036213234099007
66 1.590284458807051
67 1.216849131165624
68 0.9637836793503816
69 0.7713807093099713
70 1.0165250388956535
71 1.3139727701483437
72 1.5031546529639122
73 1.290559883974521
74 0.4578246475087603
75 0.7504777045130028
76 1.591527103902319
77 2.0970838417714646
78 2.8281594142235837
79 2.9583878781868043
80 1.734849822145633
81 0.9658738396905358
82 0.6338430288747637
83 0.5564804045246078
84 0.5664955170196554
85 0.2752999384076655
86 0.00766509356227033
87 0.2733191577370485
88 0.01563065638679841
89 0.04154185165506643
90 0.16161546118518016
91 0.20349094544076096
92 0.8471672799513373
93 1.2249054793911371
94 1.434333912918578
95 1.9830203098639352
96 3.2491348556303845
97 3.856060829370123
98 3.4977050543934305
99 3.1251587806631265
100 2.71456926258612
101 3.08988953696102
102 2.8431198557666386
103 2.6246963541817996
104 1.5026765438322471
105 1.1176185881473701
106 0.6371391944015112
107 0.33272963447300025
108 0.30829565166531325
109 0.16183315532723883
110 0.23529116846600795
111 0.261334445272551
112 0.21641418440766727
113 0.07029443678320423
114 0.18596743059472132
115 0.19249797643344668
116 0.10954994700019674
117 0.19607204985320473
118 0.2495145061634604
119 0.1264904154209299
120 0.1527416335567851
121 0.4184451074701106
122 0.23917029268415776
123 0.3083391644983335
124 0.060772521745172586
125 0.029820197750305925
126 0.003571031312426312
127 0.18600671848906575
128 0.7704907656776763
129 0.837422745816841
130 1.4294448838568152
131 1.4237416509556553
132 1.5322155372255228
133 0.6357167336592149
134 1.0308684613626444
135 0.8296953615780487
136 1.0264590979794357
137 1.8492144361333365
138 0.9702765499225257
139 1.238449818962197
140 1.5532384482459267
141 2.0835706550792747
142 1.785782873258967
143 2.2028858823165764
144 1.220359439736484
145 1.0519845082803687
146 0.8950774404363033
147 0.5473186455303427
148 0.22028213728367899
149 0.09213592646537225
150 0.022918645573252294
151 0.32398317050733993
152 0.1742056151372529
153 0.1928417337506152
154 0.22853749266268372
155 0.6558826038024239
156 1.3160489153884265
157 1.7537538601667184
158 2.404313179541758
159 3.427708034760782
160 5.268252982605243
161 5.282388873230303
162 3.4676342035927252
163 3.323531500535842
164 2.7886831531479057
165 1.6197477449161408
166 1.6037276051195812
167 1.5139124989889956
168 0.5069112132430196
169 0.23989007993646128
170 0.11007772512376075
171 0.14230136871110768
172 0.1064428257531673
173 0.014453881109922228
174 0.012592141410071254
175 0.06530433331445792
176 0.06673667642694366
177 0.004318844965327023
178 0.2800855624902248
179 0.3267097111605572
180 0.21572702583829662
181 0.11547171810605462
182 0.09928368187713395
183 0.3554382407814552
184 0.43779980220792925
185 0.6016758819356092
186 0.21883231620217083
187 0.012196424530945927
188 0.009159226562193484
189 0.01511923191266982
190 0.06131810161166342
191 0.20978026525724394
192 0.5368846747684554
193 0.31817333713838586
194 1.058078798053889
195 0.8462247002020498
196 0.9876856477276904
197 2.3292558274291335
198 2.6859370759503576
199 1.4265496443502763
200 0.9515956803001993
201 1.3515255312538115
202 1.1756508653042002
203 2.139126011970301
204 3.698382014551814
205 3.627860213689742
206 3.1033370949528933
207 2.1514082102719927
208 1.1634645360121871
209 1.348174535566339
210 0.4726083286285691
211 0.14649319917856476
212 0.28006848620363045
213 0.1341777185294914
214 0.05070902391709652
215 0.2807745638233332
216 0.14931155289924714
217 0.34197283405649853
218 0.6265585403970011
219 0.6480300384682807
220 1.4292098582533244
221 2.1067421438181055
222 2.745362345042255
223 4.154171686917065
224 5.464795342344614
225 3.071156731661853
226 1.884649417242495
227 2.0720670647054242
228 1.0098181992466593
229 1.2822154107403638
230 1.5365620928986665
231 1.520218510988145
232 0.8455085041498821
233 0.35016248890110707
234 0.3674813427090342
235 0.59311924683943
236 0.5933956832626858
237 0.24441454023322304
238 0.3215702158149055
239 0.39547981227987244
240 0.22327800677260476
241 0.0020515446473193255
242 5.005941905371654e-05
243 0.04802535449366749
244 0.048356795441784374
245 0.02005774007512921
246 0.06312648311841379
247 0.3239497034345763
248 0.6845800700851945
249 0.5782279823711439
250 0.17050270190065825
251 0.09719656807842507
252 0.23136402317231403
253 0.20213986716776897
254 0.6610197494442486
255 1.533124337632515
256 0.5362275773168399
257 0.02208493148596609
258 0.2632371663046165
259 0.9248298754485703
260 0.4749889055945074
261 2.4584010620743846
262 2.7030299850336847
263 1.9155553475824632
264 2.739200079483081
265 2.7811099080044683
266 2.559084317798484
267 4.356337974218928
268 5.579593085843748
269 6.506811851358824
270 5.18889675542256
271 2.476661965604933
272 1.2519254114776373
273 0.9723842849354243
274 0.7548764779311098
275 0.5959894171104348
276 0.08509682071648633
277 0.05240745099315545
278 0.37770430519144954
279 0.2820342042340445
280 0.05981967149804062
281 0.8560517863383008
282 1.4228590515186657
283 1.96503874644081
284 2.7662124549236786
285 2.81808873244586
286 2.4921374141376136
287 3.06777257172414
288 3.9048034831269227
289 2.508667294979301
290 1.560434538179411
291 1.7339677817058674
292 1.4209041548438754
293 2.285512299410137
294 2.3417143929057045
295 2.038652453836787
296 1.9051582420785618
297 1.2370733584656621
298 1.1839117671267387
299 1.453368351004889
300 0.8899653126009536
301 0.6591869029878067
302 0.4763135982667045
303 0.43610396851291117
304 0.212157219888082
305 0.04288289106733392
306 0.03445854133689577
307 0.03908963292727716
308 0.00108620502177575
309 0.04648217456471831
310 0.035781175204843876
311 0.1957748109330991
312 0.6362817313888013
313 1.068915010716493
314 0.46370468591005154
315 1.4289886416447601
316 1.85956771251306
317 1.43035866580425
318 1.5909810260141735
319 1.8585874448157522
320 0.7452481389735465
321 0.23427904614798536
322 0.09877217311962545
323 0.6124358716791428
324 0.3561113411749705
325 2.1197883565590425
326 3.4934660807207307
327 3.6227443298167303
328 3.5041348553860905
329 5.428785391780458
330 5.407930770895934
331 6.902493969683532
332 6.3691105878135295
333 8.737800474171785
334 7.727199605945923
335 5.8015402326627505
336 3.912959938195325
337 2.205172021232529
338 1.5347942611611438
339 1.9519679635859015
340 1.5426672825954808
341 0.24453901935664607
342 0.021766832311846236
343 4.599994916125031e-05
344 0.07721334794022656
345 0.4806462693169964
346 1.0528452378155668
347 2.8550610742120477
348 3.994558542485026
349 2.760680144479247
350 1.2600093754547248
351 0.6397406765779472
352 0.6851255885635106
353 1.342003318513104
354 0.8529667071981302
355 1.2343534092189064
356 1.569290786230061
357 2.153825117727402
358 3.0339760782355643
359 2.8361625780302973
360 4.238572200163944
361 2.912632669007325
362 2.097849837389204
363 1.4160358636506898
364 1.2490074006660443
365 1.0909574235673107
366 0.7890538770305027
367 0.6596587166039205
368 0.654075591730241
369 0.32182008664573214
370 0.15148744699860658
371 0.0019101968667297655
372 0.01794992522788757
373 0.0878959502510119
374 0.05041698613822459
375 0.29761310428237736
376 0.6679002758453102
377 1.1666369399772831
378 1.6644416430035103
379 2.270308191575935
380 2.3731471971472042
381 2.391309266192716
382 2.378850341254231
383 2.1669754102441323
384 0.3927709767244343
385 0.5726246009395374
386 0.1369302767984556
387 0.008240616329842802
388 0.15105806474914657
389 0.9173368619208557
390 3.538461042764163
391 4.3332404125815644
392 5.345364270957438
393 6.967263297102199
394 8.206308229288089
395 8.456508085680337
396 6.985821287064426
397 9.470974978965033
398 7.856163497874687
399 6.150451971753711
400 4.800630040619484
401 2.7332097017201704
402 2.134029849690735
403 1.9290946960889845
404 0.8003810623957378
405 0.20163072801039103
406 0.08108966876580592
407 0.0018312216973172695
408 0.012919454975002374
409 0.21463452567246544
410 1.073238085688268
411 2.3232093151909816
412 2.7830569866409816
413 2.1936595380050443
414 1.1714893378318703
415 0.24179727859597622
416 0.13763002993079898
417 0.5108552035319499
418 0.2804861427985228
419 0.4743612281341586
420 0.8034957308223598
421 0.9748157625404086
422 1.3854013702302885
423 1.820153365698491
424 2.332672016554893
425 2.1010745639096537
426 1.77370484597826
427 0.7953712319002537
428 0.5802908586731813
429 0.7903423732043253
430 0.7380979024903972
431 1.2034344876082268
432 0.9872000609815433
433 0.3890413200345798
434 0.09578524600862412
435 0.0071716292227680676
436 0.037271668728616196
437 0.008123866364635355
438 0.008771675748472573
439 0.027464369202795453
440 0.44762837987637877
441 0.23451473293358935
442 0.9804885354050791
443 1.377436404878942
444 1.4426489904820492
445 1.4349397046403007
446 1.2614147289137567
447 1.1534420150294646
448 0.5022390403253084
449 0.44188304714250987
450 0.5214109856519162
451 0.002863038048396066
452 0.002871787520617347
453 0.4277483428167989
454 1.834707582873437
455 4.0265061113703045
456 5.940028326340619
457 7.382433730958845
458 8.053865441260102
459 8.761510910512664
460 8.323661850803296
461 10.3317762126273
462 8.954767283814048
463 8.54372780400414
464 7.517553549622089
465 4.637055295997799
466 1.6025579169017523
467 1.1104212312854949
468 0.2148458905033744
469 0.052642995208063016
470 0.009911422240159477
471 0.012509009180387791
472 0.05197249131365322
473 0.2008135207575849
474 0.6254575546720441
475 0.9654495809797883
476 0.6624254195004815
477 0.6687567614175803
478 0.20153478701537242
479 0.1629943151666196
480 0.02426860504149835
481 0.0048743151131550345
482 0.04973167990788559
483 3.245547885247592e-05
484 0.026329813394887738
485 0.262149133258359
486 0.5836047196634659
487 0.7019983963820277
488 0.3781336442262223
489 0.19143299123626348
490 0.15459286651331042
491 0.0039007720623337556
492 0.00348580055820927
493 0.008271582690501456
494 0.3477609317133551
495 0.7701330342609551
496 0.9664574184553544
497 0.21407985962211346
498 0.023501930970617153
499 0.031098144497149795
500 0.13731539152526573
501 0.0619416213125273
502 0.05100489139170942
503 0.06417012619889167
504 0.0035848396156291477
505 0.1804988129180176
506 0.35717203179882956
507 0.5656552833108027
508 1.1010070266027565
509 0.783286079611165
510 0.13137723489726855
511 0.49477453643551206
512 0.38859565236416144
513 0.3798350913298625
514 0.7330370051373708
515 0.3998802488436037
516 0.03792190962524261
517 0.24682470605087053
518 1.028357379705386
519 3.1087187554985207
520 5.438812449552835
521 6.825469210120343
522 5.604653669165091
523 6.60102812108502
524 8.710817900525521
525 9.562448679290588
526 9.480815421842733
527 9.773011912192967
528 7.576327284973656
529 4.667868126879806
530 3.896724327908213
531 1.6817245663718763
532 0.3002583054133526
533 0.03720359632465243
534 0.008227401182432705
535 0.021186982347335064
536 4.358604546392732e-06
537 0.21907565003277008
538 0.807813109409348
539 0.3815361265731141
540 0.4246019021183893
541 0.4578520137028228
542 0.07942556210249886
543 0.010451629410872671
544 0.08903886196007538
545 0.19983501616877913
546 0.2722144932731721
547 0.039358772938435045
548 0.03246390138750215
549 0.04994327417682529
550 0.07653220951291072
551 0.09948273006348016
552 0.34559259828455446
553 0.09238132408376311
554 0.015571350710654835
555 0.06227005658061892
556 0.14803815851930233
557 0.038048604216433926
558 0.018712720734248994
559 0.5367105294942234
560 0.5492429657432706
561 0.050744391297676716
562 0.0002185319867332553
563 0.011570190624657202
564 0.14301378511161195
565 0.004857229151744982
566 0.08529916755425836
567 0.011599914538693523
568 0.004051320077696814
569 0.09205227773726293
570 0.08131572846189956
571 0.21538996355909681
572 0.24644267629038186
573 0.08818817110124427
574 0.12818096052757066
575 0.11036349961885504
576 0.2073360920774469
577 0.22401374209116112
578 0.3884840753494058
579 0.4691573708116079
580 0.31902769773773565
581 0.04375840834115622
582 0.12763033031446971
583 0.2766918396705989
584 1.7130479068153923
585 2.458978413910331
586 3.0590386110017356
587 4.2640599260650385
588 5.066759161976035
589 5.3887719388689606
590 6.435570159812677
591 7.451063826140232
592 6.123129251533329
593 4.134290380888676
594 1.71029161570576
595 0.8917649994187475
596 0.23848060409558752
597 0.1625247763287877
598 0.16122414251933365
599 0.3955467691313496
600 0.943663640816271
601 0.2534531617157311
602 0.04776713631304671
603 0.16802416864793357
604 0.16321289928240226
605 0.20588547123683837
606 0.3047051902973134
607 0.02826985539157868
608 0.06387434989862863
609 0.13995681940616517
610 0.4895498781850634
611 0.24490134343622447
612 0.04314359118577411
613 0.07689934083073023
614 0.013186473635534239
615 0.08108702945480466
616 0.05110350473662455
617 0.0019928982417504507
618 0.16283218929928175
619 0.48695049307395755
620 0.23299276597640606
621 0.2960149982567765
622 0.015291970197831906
623 0.23376865001919434
624 0.20319587713999657
625 0.02289936037098612
626 0.023325251275075853
627 0.053559178018304565
628 0.12438083883720095
629 0.004883137601445601
630 0.07484183928746618
631 0.05966833137772931
632 0.03723341272509728
633 0.006881230659428584
634 0.0008185495074232867
635 0.008176419736520169
636 0.00043566014756713737
637 0.01033020432571623
638 0.07551963436452429
639 0.06756342848284409
640 0.14765931852170827
641 0.10916162802268795
642 0.34332860831936907
643 0.3095411207786693
644 0.16346023669527768
645 0.001030381871958027
646 0.09771633483296757
647 0.118539348796905
648 0.0004643510950181523
649 0.3650101400600306
650 0.9753540931353444
651 1.9113635132108413
652 2.1177921590243645
653 2.3138862493356824
654 2.9495188642482946
655 4.21588913692852
656 3.636337877561367
657 2.6708256570847526
658 1.1550033601944285
659 0.6250611307945402
660 0.24199918727494213
661 0.06049049768154546
662 0.1804808431442217
663 0.43317462600296636
664 0.36964720703205384
665 0.17910384033591947
666 0.07905627846959906
667 0.0013109997358277613
668 0.38655120229119594
669 0.5358670293848647
670 0.13378902348483543
671 0.027550014937941892
672 0.1969347978073879
673 0.9030857608717663
674 0.9040031040296035
675 0.5641810526055772
676 0.2810029434345202
677 0.0658896381075315
678 0.0018527365219633716
679 0.006486650832202011
680 0.0007473373770723243
681 0.004037684302106121
682 0.05840382578906729
683 0.16140056850581386
684 0.12500528654302723
685 0.4971821179266528
686 0.10236162896452614
687 0.02147639878360606
688 0.008556328808200503
689 0.009580205596928461
690 0.2870340234313643
691 0.3022102423992397
692 0.5885508592821788
693 0.21756711733951456
694 0.007727220064553109
695 0.6183290001260646
696 0.03463154177602955
697 0.026612756488715614
698 0.05015324373056937
699 5.657228059586528e-05
700 0.0606099831465814
701 0.03636808697419817
702 0.006207921434352173
703 0.05756050192062014
704 0.6570523016624226
705 0.38561606511308655
706 0.4407038406877834
707 0.41969024504948277
708 0.0024042943080014186
709 0.032187239859129815
710 0.021623533352455707
711 0.3066358839827512
712 0.7605516328834069
713 0.3038499089801328
714 0.03511979579485021
715 0.27763642343208017
716 0.32044260555665144
717 0.37785342381115133
718 0.8564935075785
719 2.2606306713182214
720 2.871832340627358
721 2.0138690626479714
722 0.9636402829807938
723 0.7254914199807956
724 0.2548155494729703
725 0.08750931384331825
726 0.7303384250661932
727 1.1270612964726812
728 1.3137730065924969
729 0.34340388541092154
730 0.0005875632788136533
731 0.02492751947993947
732 0.10640063407597211
733 0.20665227927990887
734 0.01638361539558967
735 0.4706063359975462
736 0.8198137188590052
737 1.0236319476787377
738 0.27685735170733444
739 0.6086291866362098
740 0.6865088792466343
741 0.00195766654098176
742 0.005459747983453181
743 0.022248040111298287
744 0.16713590337716625
745 0.15957828473447125
746 0.09500396163951384
747 0.08323315006825477
748 0.2140457613899344
749 1.1782549726605382
750 1.3397929894109921
751 0.2900882273401558
752 0.20728378949995085
753 0.8432478034256805
754 1.0830621322164877
755 1.042020007331918
756 0.9772977698196718
757 0.3607345886521745
758 0.07764439124785154
759 0.3029287024004043
760 0.14538539369523523
761 0.28648230836598376
762 0.26005864444725674
763 0.1270220428384552
764 0.0002654223274173616
765 0.002013034634385363
766 0.014098708227847699
767 0.007172586198775293
768 0.6956914408256637
769 0.42195974115987395
770 0.3046105433052817
771 0.161331012600888
772 0.0976162728470909
773 0.47280374859041113
774 0.1314375346934022
775 0.17652652686445394
776 1.368528418431508
777 1.0178379098825923
778 0.4222917953222752
779 0.15221438697374529
780 0.05271277625167621
781 0.005930083504615063
782 0.29916746229211033
783 0.7169722999964937
784 0.8972424777758059
785 0.8995672145855522
786 0.6094650984174316
787 0.41488030351353306
788 0.5325138261267616
789 1.153280204461785
790 1.8638459944443873
791 1.8838659478150552
792 1.2192754970963675
793 0.49431002148097564
794 0.41980971495858127
795 0.5943762566564065
796 0.17730358106104274
797 0.0070732723501975145
798 0.3623007513371653
799 0.3043440683910459
800 0.3176444278809316
801 0.6294314543086947
802 0.24301076327709212
803 0.5405500624620834
804 0.3040234148092842
805 0.09191765049911828
806 0.33729426678908186
807 0.2238582875996824
808 0.18925542310162113
809 0.1736380287837131
810 0.062089870470474366
811 0.0017645220277292977
812 0.008037778140664158
813 0.6315991603713412
814 0.5248634169609679
815 0.2813212280153498
816 0.20141245511180467
817 0.4413131638807444
818 1.1551278073261142
819 0.9870629764159444
820 0.6238965993987884
821 0.3677507789001733
822 0.4836125578669998
823 0.7034423955207734
824 0.4483449412647016
825 0.5449064580485495
826 0.8730783248569157
827 0.4701663889811125
828 0.19501455053059627
829 0.07558606867745017
830 0.01853997798764134
831 0.010938215291092736
832 1.2551626656159662
833 0.19808360246899054
834 0.02475151072615921
835 0.03976999027163515
836 0.6809141296767832
837 1.8984241860395523
838 1.4029688525013284
839 1.3180312603492919
840 2.6805651809417324
841 3.032711821647941
842 4.204878520164179
843 2.280850357133645
844 1.180199789741916
845 0.28688815919433575
846 0.006191359135319958
847 0.0816965373510186
848 0.5760955811862171
849 0.7008753858455258
850 0.2556438649353384
851 0.1594477269978823
852 0.7078653841583824
853 1.6522649835322878
854 2.0371212630944573
855 0.7446442027164695
856 0.3876230474645799
857 0.052256414708409554
858 0.037660385152313715
859 0.39019802129380915
860 0.20042891479836553
861 0.09549326327059424
862 0.29733898882575877
863 0.7486609981699104
864 1.0061305686948183
865 1.2875970026029733
866 0.4645384317831026
867 0.4578576854739716
868 0.22833525175116887
869 0.42277512425204156
870 1.712205730382837
871 1.1597145871071581
872 0.5482998297877223
873 0.20531043965361864
874 0.15776044232174558
875 0.25949961060908194
876 0.35224997319456897
877 0.8390066505356016
878 0.9783722933285948
879 1.1196718261715637
880 1.0636675318138842
881 1.6149976314778258
882 1.3774954322736397
883 1.1380347304026084
884 1.2779929336469606
885 0.8289887789429179
886 2.1823625885685733
887 1.6480814040515277
888 1.0533764927279483
889 1.4445825135511248
890 1.509861246357476
891 1.4258515611670068
892 0.43524181072965384
893 0.6522268380384589
894 1.191199963190091
895 0.6083329414394674
896 0.6860193789485048
897 0.002682285044822187
898 0.057384147225018486
899 0.30774604859158106
900 0.7872028329417553
901 1.8016408434259403
902 2.6447494639322433
903 4.745053200567358
904 3.415958336584888
905 4.227725928965747
906 7.843044240517267
907 5.162696244799946
908 3.0929789488143293
909 1.746543349733796
910 0.731780731305908
911 0.08695958859623741
912 0.03305818584313719
913 0.1277602322496061
914 0.01098043659816219
915 0.2670431338747786
916 0.5723370967057971
917 0.7973280807742684
918 0.9503415848791726
919 0.2062730208477604
920 0.008126545310276675
921 0.00496012348272791
922 0.028507264831188994
923 0.47794492629839924
924 0.7885797667967597
925 0.41814268157722073
926 0.7679970455566848
927 1.0156213594035786
928 1.851296359511444
929 1.5397823519519132
930 0.6860469905652887
931 0.8665872618578545
932 0.32008799270087107
933 0.5312911611473798
934 3.2563780168645726
935 3.1455724892031958
936 2.041528773912278
937 1.4974652026996687
938 0.7878583340408799
939 1.5851828782202142
940 1.738977640488943
941 3.577773584505846
942 3.4996593160744207
943 3.483414113800266
944 4.593471570473358
945 4.553505642650135
946 4.4007950141144745
947 2.7442874881802526
948 2.4789543686203297
949 1.9747346271529382
950 1.88308039895859
951 1.71597054321252
952 3.926194863330594
953 3.939700227258363
954 2.837485941066944
955 1.6676624889686569
956 1.0656351125833352
957 1.6977855288687942
958 1.544664242008126
959 0.7214788674122723
960 0.5498983689614332
961 0.03430996141308461
962 0.1302673972735405
963 0.32797995127343554
964 0.5393888771394518
965 1.4413057375893175
966 2.9714773486669412
967 4.533675435183685
968 3.871469483907267
969 3.334157639343075
970 6.051444000387308
971 8.96373627554995
972 8.21381912025929
973 5.124276558203762
974 3.6554104325739973
975 1.9786404764947916
976 0.7644630428068439
977 0.40966767756604433
978 0.017430707586383397
979 0.007625093834121866
980 0.18121857792073817
981 0.23465946692436937
982 0.26566766396721236
983 0.06411799722186103
984 0.02834074222415129
985 0.07093718328619072
986 0.19596556336626647
987 0.005246952727736322
988 0.2077803748156729
989 0.3359562560491081
990 0.7499672333724275
991 0.9893881313083014
992 1.1042728920355984
993 0.7560159952458073
994 0.09869354931582588
995 0.1379285664060294
996 0.08194207291848174
997 1.4454418197125816
998 5.860017169282971
999 6.038864709774967
1000 3.6183711518287796
1001 2.3552962384657437
1002 1.5678260337776582
1003 2.354143159815277
1004 2.0988317672959007
1005 4.1430295664498225
1006 4.3839050587482085
1007 2.7963597686158717
1008 3.837014666117856
1009 4.41476821016156
1010 3.425045207936332
1011 2.4939954625322684
1012 2.1899594732929253
1013 2.2090628660430864
1014 1.4986545259174793
1015 3.761607900335537
1016 6.070928934023649
1017 4.207276921488823
1018 1.9769301299644035
1019 1.2828443408680865
1020 1.1775243148153915
1021 2.2128529404334163
1022 1.6969458518365628
1023 0.7693896348813708
1024 0.08274004902107295
1025 0.0014097911203577091
1026 0.4823673592762387
1027 0.5085310856110277
1028 0.9627330045600021
1029 1.7469911367583142
1030 1.9115239476384944
1031 2.123839824676341
1032 5.0286418914225655
1033 6.523917242229808
1034 5.78620749011868
1035 8.055603354055249
1036 10.204727125875484
1037 7.7033311805157485
1038 6.365218261778619
1039 4.385607600814124
1040 2.7022282678744296
1041 1.7660486267017061
1042 1.2086409218907805
1043 0.30975425904011733
1044 0.005820234492027376
1045 0.002816650631590977
1046 0.040332779887660014
1047 0.015944933213734643
1048 0.0027583518026429873
1049 0.0033203934835360203
1050 0.06907774633843551
1051 0.278528420198712
1052 0.6883208059535373
1053 1.012843646315283
1054 0.9012070997601166
1055 0.4307950468920762
1056 0.6992338502379134
1057 0.23405497892661742
1058 0.015381186835269246
1059 0.022918855171322
1060 0.01144046940137698
1061 0.6426495999942013
1062 4.425500619048884
1063 4.681838504424702
1064 3.9621536358463008
1065 3.048818609162957
1066 3.2443765721119027
1067 2.534493460747283
1068 2.105441865138879
1069 3.876542808663812
1070 3.649310245466605
1071 2.501222717640871
1072 3.8339951452353236
1073 4.650217443223405
1074 2.6325869401945003
1075 2.70678428241057
1076 2.759078954642472
1077 4.138146317519824
1078 2.6208958017624147
1079 3.0299270843795045
1080 3.804160595521361
1081 2.8321106862284764
1082 1.5436764988314267
1083 1.2632199213860253
1084 1.0912292514660293
1085 0.8901267177678098
1086 1.0862323827029505
1087 0.6936607016541206
1088 1.3702028690706027e-05
1089 0.06079402572975364
1090 0.6730747715235453
1091 0.732737632026221
1092 1.975585534704324
1093 2.6048103189492546
1094 1.7591013833051696
1095 1.6303410188930503
1096 3.6353965867171327
1097 11.540050398363356
1098 10.337390986636581
1099 7.081978987285768
1100 10.24582034487198
1101 11.792623421488962
1102 8.429403195876564
1103 7.250578314304352
1104 6.410484710124441
1105 5.447346278805393
1106 3.2421800443247215
1107 1.5139960877457872
1108 0.6747713485858716
1109 0.2729903514356955
1110 0.21621325607205552
1111 0.25911814442630604
1112 0.1801779886486873
1113 0.05620235525438286
1114 3.178115380977642e-06
1115 0.09633277895567288
1116 0.4762487686411152
1117 0.48229529860363957
1118 0.5155925060259955
1119 0.0006412085747676269
1120 0.22446059517483127
1121 0.13968940176338437
1122 0.34062693962201096
1123 1.8941939053423251
1124 1.684556609887781
1125 0.11820247378175774
1126 1.0875902961406896
1127 3.949071346178314
1128 3.6359748046350053
1129 3.6267277390021664
1130 4.63231463952819
1131 3.8578103767156633
1132 2.851285310527538
1133 3.4100949825973346
1134 3.471401743745302
1135 3.462672130890866
1136 4.650984119676652
1137 6.39930247821098
1138 5.042428662704264
1139 5.103656449810927
1140 5.789248499744439
1141 5.268605409050395
1142 3.5063194333214738
1143 2.76887462841933
1144 2.0362920131887745
1145 1.9892111692768102
1146 1.2108034923845337
1147 0.8333841401889432
1148 1.1301068327318688
1149 0.5955862054381205
1150 0.2946322790463518
1151 0.18929838375368865
1152 0.002005748401633117
1153 0.09366509612800265
1154 0.6912346626135585
1155 1.3161822229722664
1156 2.0958824843161543
1157 2.4779847914268753
1158 2.9533841019924707
1159 3.576884782733196
1160 5.302810936605525
1161 8.303214401407214
1162 11.107540589166403
1163 10.369867247964226
1164 9.971605720949464
1165 12.295868621529506
1166 13.089112787247107
1167 12.040674088764668
1168 12.449865847294976
1169 9.27383007039718
1170 6.647816222870511
1171 3.8483337297148235
1172 3.321519834751583
1173 1.8526505639599127
1174 0.930771072184621
1175 0.7538086441362294
1176 0.3979163856647348
1177 0.4059812723084824
1178 0.3893525654133269
1179 0.06540170487846525
1180 0.13843034408936766
1181 0.00963574604726938
1182 0.08005558809623757
1183 0.2672622596338079
1184 0.08762848063318471
1185 0.34783075096981075
1186 2.6940051713633104
1187 4.56260751182782
1188 2.9328230074983708
1189 2.704506776587835
1190 0.0021019721502469487
1191 1.7498416359894875
1192 2.069187762152785
1193 2.0072584391217845
1194 1.8720599002341813
1195 3.047294006689868
1196 2.0325184553809876
1197 2.195764984429413
1198 2.2039121422493197
1199 2.0480719226736013
1200 2.906780036196366
1201 4.874671412423245
1202 5.13390554554574
1203 6.806517174397961
1204 8.734397721860832
1205 7.327636081551607
1206 5.471741837263102
1207 4.86158873999239
1208 2.718222458507851
1209 1.354597337329035
1210 0.43962132313577457
1211 0.23469504637418026
1212 0.3854223552839914
1213 0.0382396680564682
1214 0.06067467414805815
1215 0.007773064525854094
1216 0.042237895968407504
1217 0.2515132795521398
1218 0.51782675156403
1219 1.2088299505092455
1220 2.7143549827348634
1221 3.7463685883262836
1222 5.724039340459927
1223 8.001316551537158
1224 9.48447603945993
1225 9.1861156042618
1226 11.878934440676613
1227 13.049877042847536
1228 13.9014656312827
1229 13.302779315894364
1230 16.384751126762932
1231 15.526887036355216
1232 13.773737938455088
1233 12.628086070198012
1234 10.247723297403562
1235 7.841877787967681
1236 5.99186007582891
1237 2.7572170947619195
1238 1.0288927065075446
1239 0.7285790141618672
1240 0.5819680776181672
1241 0.12993190886032605
1242 0.043751783155356404
1243 0.00705043311104605
1244 0.20855404290126114
1245 0.5481461785479268
1246 0.34243927231643784
1247 0.3296506676894626
1248 2.6508094685341033
1249 5.607333897775164
1250 10.46484636387602
1251 8.05528241572546
1252 3.3937438796845805
1253 1.719346672414111
1254 1.113518747364313
1255 0.03697851053338995
1256 0.6305246363982167
1257 1.9455494623792575
1258 1.2969220432322972
1259 3.0048163772145733
1260 2.5724229183305223
1261 1.7393536912300764
1262 2.464094073737353
1263 3.4781036048970235
1264 4.825817038378561
1265 7.157810916201525
1266 7.95106420584177
1267 8.523798183413195
1268 8.329461778317587
1269 8.269280039052719
1270 6.8651871884509985
1271 6.531964938587672
1272 3.8753007204699097
1273 1.9669991205369146
1274 1.0924086306880796
1275 0.5824477736839605
1276 0.27991651069702134
1277 0.0027338908068287857
1278 0.0059678457425222636
1279 0.14052019946919975
1280 0.2712598873969494
1281 0.6344524112641438
1282 0.8320906210410536
1283 1.5593294193141225
1284 3.7020482103144534
1285 5.1788472888704025
1286 8.594891291470525
1287 11.991885741932961
1288 11.863385534631044
1289 8.648407183587352
1290 9.06362758661541
1291 10.701612311200837
1292 12.66080760086599
1293 15.41712639627601
1294 15.510774080983673
1295 14.579567629907393
1296 17.881919534035617
1297 19.872167744455236
1298 17.748156016332107
1299 10.493013439564145
1300 6.438061487679642
1301 3.6803902833962585
1302 1.9800940597953538
1303 0.8883757975518343
1304 0.05072212370110814
1305 0.03091158041351698
1306 0.16214811005789434
1307 0.28071993019629543
1308 0.0345062370116911
1309 0.03654755795444053
1310 0.0285507798132468
1311 0.41715789007380233
1312 2.817440787504291
1313 10.453342788633282
1314 18.57672407962874
1315 13.932942404753948
1316 8.79678673781008
1317 3.7510810914054478
1318 3.3772299888324318
1319 0.47486229289756954
1320 0.0005231713300289655
1321 1.9223113943042305
1322 1.1047507623893031
1323 2.0485930746273167
1324 2.142617536233909
1325 1.9838961792815855
1326 3.353790056650486
1327 4.695666121975877
1328 6.716173203368851
1329 8.162322805903152
1330 8.446305870420773
1331 9.093628954606114
1332 7.582550723968437
1333 8.805794387764218
1334 7.818375779745683
1335 5.799936711514191
1336 3.608613671041769
1337 3.340510009240842
1338 2.2319987972166704
1339 1.5471068730903559
1340 0.6833305860087583
1341 0.01139237806295477
1342 0.0531782000940933
1343 0.21836898611207217
1344 0.18051354153886948
1345 1.0348585935120453
1346 1.028243120627619
1347 2.3761897110188275
1348 6.036990964843979
1349 7.404597069021254
1350 11.200503380758137
1351 14.059290704863303
1352 14.452546355276676
1353 11.658554133687796
1354 12.580012146931546
1355 11.363046043059027
1356 16.691097058939356
1357 19.047241445351084
1358 15.578963397321061
1359 14.7322374021573
1360 21.252508344126753
1361 25.499954077426143
1362 21.13561332387043
1363 14.206114859444659
1364 7.1861496796716295
1365 5.540071742406684
1366 3.8490128405658606
1367 2.0922876978561433
1368 8.673758017017944e-05
1369 0.24123508043458447
1370 0.0928015746840218
1371 0.28588454084286546
1372 0.11761944483819482
1373 0.01969086918500232
1374 0.13219992205182407
1375 0.31596424742258583
1376 2.1218665304045827
1377 8.23634054076133
1378 15.608661168035594
1379 14.247501983498468
1380 10.208853986968235
1381 8.080627189563351
1382 5.400497947318386
1383 1.9593507735533546
1384 0.9827918379833223
1385 0.14732096105960063
1386 1.3873030670720121
1387 1.1226687113948977
1388 1.983928940778454
1389 2.2946406295816315
1390 3.0372069086648197
1391 4.643807935553075
1392 5.513379383384177
1393 8.133676241277861
1394 7.894158616396616
1395 8.234974601427348
1396 6.223444636660406
1397 6.954565048874963
1398 8.131608580628189
1399 7.121820168893295
1400 2.6983074044105786
1401 2.823939042772248
1402 1.7605714394849452
1403 2.6292215121350044
1404 1.3806354923217254
1405 0.20243057723240404
1406 0.04818407768353338
1407 0.1762836816417329
1408 0.14556318892507267
1409 0.9168502477021886
1410 1.4811220419332083
1411 3.302545319267425
1412 8.763713365783964
1413 10.737442072868264
1414 10.55303068789719
1415 16.549088513603966
1416 17.01711322262521
1417 17.668868388913925
1418 15.567485361522293
1419 14.894223998641772
1420 17.058480448438875
1421 22.836284998278682
1422 19.517975284750033
1423 17.27941538321028
1424 21.394081762118574
1425 27.99930335410962
1426 20.140124134717905
1427 14.031467714181673
1428 8.738375420989792
1429 6.228704570941688
1430 3.7816692593190395
1431 1.6194919601641478
1432 0.1376924484622222
1433 0.005531247942599064
1434 0.0004636614182916847
1435 0.0017307254937959742
1436 0.0005109976655998802
1437 0.09199165444098809
1438 0.5631828612352944
1439 0.8420594586336352
1440 2.2696093251136333
1441 6.116601943910988
1442 10.854042672903747
1443 12.793990195405073
1444 8.184378471570085
1445 6.5868435598758275
1446 4.811646186596471
1447 1.7389943087390536
1448 2.3583498246981045
1449 0.0425125722827481
1450 1.0803076191437961
1451 1.5199812619741697
1452 1.5529454553413604
1453 2.3497225645336224
1454 2.21459614663264
1455 2.0776805786349297
1456 3.0724229368512836
1457 5.008845109378434
1458 5.49658597864554
1459 5.972413244278332
1460 6.655128589926839
1461 5.385699857172362
1462 7.061388282135645
1463 6.590582237648629
1464 4.2721066857835215
1465 3.2096654579478328
1466 2.270008434017881
1467 1.4450286042377536
1468 0.9823930391701474
1469 0.5428755536013952
1470 0.004954788323967115
1471 0.18558403356840397
1472 0.3348434663298032
1473 0.8955237058384523
1474 2.5824194303437205
1475 5.464344756893327
1476 12.226877819856735
1477 14.018146139472519
1478 13.555123670057537
1479 19.18893156802723
1480 18.639745142760145
1481 19.46439673171516
1482 17.435913980897332
1483 19.058804400418335
1484 19.371381192202406
1485 23.16370198486118
1486 26.11908193678958
1487 25.734407878313597
1488 25.16808644480376
1489 27.752641523847558
1490 17.087029767244218
1491 15.09251007201805
1492 7.798973038236068
1493 3.6335722124913037
1494 2.017815456871842
1495 0.8398675393535174
1496 0.3276998698846047
1497 1.2917632017442047
1498 0.9230274045051696
1499 0.18153247182801555
1500 0.013970194804117753
1501 0.04449750168261083
1502 0.3535488485292842
1503 0.8489997295804935
1504 1.5115831770621517
1505 4.1904254040064775
1506 8.231722458064798
1507 8.06854429809792
1508 7.400942124945127
1509 6.47874417210096
1510 7.036827160829666
1511 3.760653380847375
1512 2.823593701237712
1513 0.2835272918864459
1514 0.5812070601625233
1515 1.2477514855700877
1516 2.2106836468062125
1517 1.9957647613174565
1518 2.1070270591546194
1519 2.583542414471256
1520 3.2651567994903985
1521 3.4056611879990406
1522 3.8645365172469868
1523 5.737745412799712
1524 6.118259916955195
1525 4.874108885857965
1526 5.929643502615465
1527 5.607856384050628
1528 5.33522668095069
1529 3.7105067152240734
1530 3.193469959698119
1531 2.854026447482457
1532 1.2345925115963583
1533 0.5020901282316921
1534 0.0017966454586749866
1535 0.000467533450198212
1536 0.9598292361948522
1537 1.2749962646967905
1538 3.1375574250101574
1539 6.307242529788881
1540 13.13550775842023
1541 12.879225088949918
1542 14.969066762943037
1543 18.67237473513196
1544 18.08479173711663
1545 18.553098557655275
1546 15.794866633751758
1547 20.731606067337097
1548 21.377621193963122
1549 26.59896900051475
1550 27.839466085879288
1551 28.851860601694302
1552 29.965784395841023
1553 32.19684862729068
1554 24.807650942647776
1555 16.524028037299278
1556 7.554818091652626
1557 4.74256117570191
1558 2.8821121846854876
1559 1.1404546267812115
1560 0.6323068928790606
1561 1.0507877427039796
1562 1.3030137642254684
1563 0.23422820466164496
1564 0.2733261260009827
1565 0.18329717934549813
1566 0.03096897432951871
1567 0.14206907666742663
1568 0.35133770920093693
1569 2.801973662417094
1570 6.114224780902962
1571 6.2765210182071405
1572 9.127184089037636
1573 8.508722970312691
1574 6.989636997360907
1575 6.111482305455572
1576 4.553181895660308
1577 1.8283861359188602
1578 0.11154171559225487
1579 0.2951152957090956
1580 1.3345479364701505
1581 1.14255115661419
1582 1.667761303520759
1583 2.655575564983693
1584 3.0056089085636475
1585 4.237012913068984
1586 4.454217283421981
1587 6.2886957577751295
1588 7.210825501094706
1589 6.6795352635869305
1590 6.91972167631806
1591 4.330251489991281
1592 4.223740902068164
1593 5.376360688505979
1594 3.5591092854193285
1595 2.870859316582761
1596 1.3845282846849227
1597 0.8590655985770494
1598 0.05821698154592512
1599 0.013452879689710108
1600 1.0325847514908724
1601 1.9220141003060067
1602 3.299398217323615
1603 7.042816728527007
1604 12.401722250709861
1605 13.35054539787301
1606 15.639375364684053
1607 17.977895725556607
1608 19.237136998751904
1609 21.242590978108097
1610 16.507425223296103
1611 19.738546694406896
1612 24.36154857468599
1613 30.29176097329632
1614 38.963169275772756
1615 34.44826047876749
1616 28.683094049589425
1617 28.582490156776355
1618 24.2820374457888
1619 17.151504738044206
1620 11.265467430483032
1621 6.3928944730201485
1622 4.300588193797985
1623 2.4058894598730114
1624 1.4550517796203162
1625 1.2988709052852414
1626 0.7713965802825317
1627 0.09655074644127541
1628 0.023294417913750445
1629 0.1332076382312604
1630 0.000302324445135193
1631 0.10053486917903774
1632 0.6343482976228908
1633 1.0670169847324187
1634 1.4745280374833918
1635 2.4443071135319068
1636 4.758442860518335
1637 8.54144783924366
1638 8.895773021798586
1639 7.743081124055314
1640 5.538777571206002
1641 2.397401611605336
1642 0.32889951959148067
1643 0.17483064553475278
1644 1.393590571201988
1645 1.4238725487033723
1646 2.9705927100399716
1647 3.615323291818777
1648 4.480519557263352
1649 7.93580737312005
1650 7.756264785929881
1651 8.666929272180912
1652 9.365294062184493
1653 9.65158104666718
1654 9.564743908958716
1655 6.220646220690262
1656 5.145625575969371
1657 5.128049489506044
1658 3.31017447463927
1659 4.178077240438718
1660 2.979884432667543
1661 1.5970167288527528
1662 0.849866375864331
1663 0.14807927534903795
1664 0.4280737092389983
1665 0.9456002615200352
1666 2.885523417045802
1667 6.825901339556393
1668 9.82593614523148
1669 13.26735973462039
1670 15.940672160109354
1671 17.551887750192332
1672 17.818810207807797
1673 18.122507609811038
1674 19.07219342799798
1675 22.634351693198393
1676 30.6704622858831
1677 39.302344461815764
1678 46.068380641394135
1679 39.41182629826069
1680 31.672650119016968
1681 30.346115277581976
1682 30.058468459959148
1683 22.225285247651748
1684 18.11545242104441
1685 10.606154973636755
1686 7.917774495247634
1687 6.137641225512934
1688 4.149166015743499
1689 2.3674493308997557
1690 1.6539509203863818
1691 0.7072244336510275
1692 0.22872761747124418
1693 0.2622780956689939
1694 0.49459525441838265
1695 0.757605266114973
1696 1.303643542440319
1697 0.852085272550401
1698 0.29127373148696023
1699 0.08087560891202517
1700 0.8129357382992942
1701 2.477723933978955
1702 4.11586251713324
1703 3.189194336617553
1704 1.6602209314053529
1705 0.7094375810435812
1706 0.07073752108643575
1707 0.4143137118689353
1708 1.4404691182510123
1709 2.8203916918260394
1710 3.057079365863622
1711 3.619128595052878
1712 5.746668056080523
1713 9.715866952462695
1714 13.10946032257205
1715 14.581109796464183
1716 15.327647375366938
1717 13.929474058715332
1718 12.813570506744803
1719 8.973423626312137
1720 5.2922864657705375
1721 4.170316356203067
1722 4.933463573985315
1723 6.199172718196776
1724 4.966802143013525
1725 2.909210975431782
1726 1.3153899181100674
1727 0.522461892527307
1728 0.7219392253439232
1729 0.5856797356064765
1730 1.7550644473945924
1731 6.015476788996222
1732 9.11905529600557
1733 11.317291659215378
1734 14.625513521964734
1735 18.215843735268194
1736 18.430117425664093
1737 18.02263149519769
1738 19.57686124584832
1739 21.542613871251937
1740 28.592905783130387
1741 35.77247816116113
1742 34.57081218533368
1743 32.193773862671634
1744 30.928167232235804
1745 33.13622706140279
1746 31.666075405288677
1747 25.92605294095679
1748 20.39408887451277
1749 16.265895209589477
1750 11.377756424151436
1751 9.786903018078057
1752 5.569606390755313
1753 3.873773563511941
1754 3.359608490537208
1755 3.169473426699917
1756 2.4231667412317646
1757 1.5474737163253423
1758 1.2034851958254043
1759 1.892615997773972
1760 2.3684241451568795
1761 1.0876989527347904
1762 0.4891042380319689
1763 0.136001069347186
1764 0.38004577232302494
1765 0.7006320342117877
1766 1.0012664908082183
1767 0.4011428809080106
1768 0.0706343646503313
1769 0.04247278748199185
1770 0.43907124008241016
1771 1.2714131168293445
1772 2.084782160265436
1773 2.8504097890151123
1774 3.1750987207842862
1775 3.8632322295405124
1776 5.453297037654722
1777 8.581529049669744
1778 13.31808047205396
1779 18.47881753024389
1780 19.361556956273507
1781 16.847813142891134
1782 12.049649886962566
1783 10.294052115667904
1784 5.6713234120693645
1785 4.0792869920245325
1786 5.326713268599524
1787 7.787837777421794
1788 9.095730813615129
1789 4.749219556709822
1790 1.7696295273101588
1791 0.4884198271171545
1792 1.8295800179246207
1793 1.6650278949089852
1794 2.19334131318646
1795 4.481294074492396
1796 6.842185128188347
1797 8.837588667420691
1798 13.385300234643465
1799 17.144760667073953
1800 19.619042780131984
1801 19.08577504811125
1802 17.940125607918734
1803 19.29163727732322
1804 25.919472397797517
1805 31.320724349408724
1806 26.284691683219982
1807 24.78326670571414
1808 30.718414578580997
1809 33.7423161496026
1810 27.939557766232628
1811 25.61946345652135
1812 20.906970488221987
1813 16.741306008284855
1814 9.740057822315718
1815 7.557007860961882
1816 6.3902661745513605
1817 5.986835668185881
1818 4.517351220941372
1819 5.116258146422101
1820 3.343531697150677
1821 3.0445689079470495
1822 1.8326412209162193
1823 2.1233010845705147
1824 2.7098740353689736
1825 1.2393090185429985
1826 0.646834774389196
1827 0.2457057963349802
1828 0.163502822253997
1829 0.13321870885079204
1830 0.0030782356674955626
1831 0.22899416434057235
1832 0.45342396040304284
1833 1.6149091704161742
1834 2.782507797591989
1835 2.4240033989186327
1836 2.8705473907547656
1837 3.091985496931785
1838 2.8612361453947757
1839 3.0759035039793843
1840 5.400636014014595
1841 6.086595926229379
1842 8.529361091627493
1843 12.77263865716053
1844 13.13112661023735
1845 14.350855196099895
1846 14.051088432318515
1847 10.038973870960719
1848 6.91050826233201
1849 5.820781808341556
1850 7.249055209505285
1851 9.328741282417049
1852 11.482998897873328
1853 8.37649098521888
1854 2.094429004064406
1855 0.18234460547969952
1856 2.265247415684457
1857 2.213450201736754
1858 2.54376055690447
1859 3.8630288979454823
1860 6.147586644386352
1861 8.82813455671592
1862 13.167672526691414
1863 16.31909944218654
1864 20.869005547870263
1865 20.967366874536832
1866 20.071700583824853
1867 22.41183010891588
1868 27.193032641240663
1869 34.54748977899006
1870 30.48763493010051
1871 28.502381270041663
1872 28.717103858162748
1873 24.975121594254112
1874 24.79710881027491
1875 23.247848910220036
1876 23.245269319754435
1877 18.066613769846004
1878 12.291372001849714
1879 10.446208211889587
1880 9.786820005948371
1881 8.375023797336965
1882 8.065888070033205
1883 6.087497866393444
1884 4.989966518512851
1885 4.226068203404132
1886 3.2981003510095883
1887 3.398795834373312
1888 3.497360404293808
1889 1.919447489682723
1890 0.5985501981107677
1891 0.022454440573260702
1892 0.1430643491732099
1893 0.5796562482472206
1894 1.0819539023997535
1895 1.922795076370736
1896 3.4128778262994715
1897 5.501400392355714
1898 6.471541516189085
1899 6.595499246741207
1900 7.657819907603464
1901 6.428593098773102
1902 4.952147168143236
1903 6.4529675005157605
1904 8.725257011559236
1905 7.3452448333879
1906 7.284936398204105
1907 7.579521297446509
1908 8.24361450963513
1909 11.981350228554392
1910 13.819104929701538
1911 10.363263191379769
1912 9.200870734619034
1913 8.446226653544981
1914 8.511406891625015
1915 12.188762173593673
1916 12.843781425327858
1917 11.444269395280944
1918 4.819663661115767
1919 0.7804543420711886
1920 2.0992055903542703
1921 2.3369835679397055
1922 3.1485476240557726
1923 5.353346646202266
1924 8.002521369605951
1925 10.053503222672067
1926 14.36034591196844
1927 20.16171978294583
1928 23.458843440164262
1929 20.64294150944546
1930 18.038620877944382
1931 22.618722962834404
1932 26.290890567705315
1933 33.06749911470472
1934 31.732043767539555
1935 30.828822508238577
1936 30.362267655632166
1937 32.03670097002313
1938 29.62243728402169
1939 26.415365080496514
1940 26.14157405219406
1941 20.325822957644043
1942 17.32678340686498
1943 15.771579171347119
1944 14.326387402902522
1945 12.53292503158508
1946 11.127283147152736
1947 7.9506063564848874
1948 5.486416359978476
1949 4.662784448233134
1950 4.8809642924107175
1951 4.894898135862778
1952 2.906936660729666
1953 1.690687603864455
1954 0.43442966023773383
1955 0.018567826351996056
1956 0.06945914016234754
1957 0.7708092801269183
1958 1.829969534448965
1959 4.439852383595634
1960 6.504993251393099
1961 8.767089959398907
1962 10.078382647933585
1963 11.415016417350662
1964 11.737734793863451
1965 10.15171469632568
1966 8.891262890453687
1967 9.719100659236238
1968 10.22292510979376
1969 7.447922479415155
1970 5.498973980927532
1971 5.5779285853165135
1972 6.934793669292612
1973 11.861830416689322
1974 11.134232974074434
1975 6.926956444162566
1976 8.448296709627177
1977 10.404778702208265
1978 11.686614746600977
1979 13.793746961950959
1980 11.10959715445965
1981 12.091910861933036
1982 6.623077192610387
1983 1.5834164018390597
1984 2.747149093145052
1985 2.398357920501572
1986 3.330481128424175
1987 5.4478870037356275
1988 7.271680227944631
1989 9.739349059604136
1990 14.829846899430047
1991 19.54106818375053
1992 23.397866462607546
1993 21.42862908714729
1994 17.931184441868503
1995 20.71835670493676
1996 23.960033813317736
1997 27.91616633711442
1998 30.7081006209617
1999 26.280513048189302
2000 29.940817577438008
2001 32.42053823944023
2002 34.02189276874439
2003 29.54759616606475
2004 25.93472378846438
2005 22.120862235470923
2006 19.018017108380658
2007 17.050146180823027
2008 14.873634034480856
2009 14.526367201377026
2010 13.238496849069925
2011 9.893189142628234
2012 7.663961735669003
2013 4.989763928908939
2014 3.8627956329294433
2015 3.0215555019307194
2016 1.9417948351873184
2017 0.6053609587787643
2018 0.13292673214796222
2019 0.055606743447119605
2020 0.2782174050565603
2021 0.42978028115684525
2022 1.8797532256143268
2023 4.5118780757792685
2024 8.022192709681505
2025 10.63066140077495
2026 12.494771368874185
2027 12.656910923059865
2028 13.924389184716972
2029 14.551218496971181
2030 15.180183677960086
2031 12.866532334435977
2032 10.399289823799979
2033 7.113083777011133
2034 4.899147549381312
2035 5.2595779971521885
2036 7.204254962189267
2037 12.535692944295777
2038 9.740453787851758
2039 4.494575644911895
2040 7.45936686545206
2041 10.031285932728007
2042 9.856306936608197
2043 7.764873888226372
2044 8.846401225542936
2045 12.254400150502441
2046 8.397677811754033
2047 1.9102277567855857
2048 1.6247540248065488
2049 2.0166066005026573
2050 4.005154032080088
2051 4.849509483191515
2052 6.176688240717872
2053 9.712550357142696
2054 15.374673970283323
2055 18.936892501958948
2056 20.51479135941054
2057 18.049911397847627
2058 14.994622101346136
2059 16.969581422804087
2060 19.33490452376485
2061 25.870889676393602
2062 25.778186304868466
2063 21.827218716733285
2064 28.895519956375676
2065 31.425063621149327
2066 27.65601151658356
2067 23.298065456159552
2068 22.868624030899266
2069 19.384255556914546
2070 15.914702516428507
2071 14.26387256106047
2072 14.470388038228966
2073 19.45366532607241
2074 17.800548553331126
2075 11.791028667570531
2076 6.204109485173375
2077 4.80386506321355
2078 3.8996444570721818
2079 2.628211605230196
2080 1.7170692193855208
2081 0.7750109883523602
2082 0.09843968978111223
2083 0.08461631108530289
2084 0.5164302198619402
2085 0.8805207014597666
2086 1.4685657712976063
2087 2.903239498106126
2088 4.544582889352972
2089 6.88677257131509
2090 8.907748736211857
2091 9.16470904512907
2092 11.542612546747922
2093 15.90143989108111
2094 18.423186155589775
2095 16.92520455283603
2096 12.379341997508668
2097 7.631861580553777
2098 7.527226106696945
2099 9.290086768207951
2100 7.862830177456481
2101 9.093777219935276
2102 9.31392562898423
2103 7.662002219235471
2104 6.841989104275681
2105 7.3842845784922755
2106 6.7712909670570856
2107 5.310123384804558
2108 7.065710269173142
2109 12.95691144342013
2110 9.421907195027302
2111 2.189975692965125
2112 1.9771577923037844
2113 1.7632046317000727
2114 2.839956941484343
2115 4.179659620427918
2116 7.574011818338784
2117 11.539366201055982
2118 16.142092896241476
2119 20.57865758093421
2120 19.20791918290261
2121 17.368457209467586
2122 14.55568289191861
2123 16.695593505709255
2124 21.769626734433725
2125 27.419291842862012
2126 27.068592431067408
2127 22.67521147324762
2128 29.64809585846227
2129 34.15020138546333
2130 31.19780981278839
2131 25.621455103130657
2132 21.226766146402284
2133 20.420861865803847
2134 20.84123618756642
2135 19.79555120055493
2136 17.338888018835572
2137 18.492885480419325
2138 15.817889079519617
2139 10.87493511841313
2140 8.320222696601418
2141 6.029691301112966
2142 5.174837481652051
2143 4.048237894767745
2144 2.398337108022469
2145 1.3549488075503202
2146 0.3643324381679662
2147 0.02054450654237433
2148 0.1106469547508907
2149 0.4186379597543219
2150 0.9910861425323175
2151 1.2529808472882389
2152 1.9092326823440062
2153 2.8526876997922512
2154 4.58452850404396
2155 6.892061148931499
2156 9.36831738853381
2157 13.45700635757148
2158 14.315284531557646
2159 14.865736946097002
2160 12.18131872665415
2161 7.859278962914044
2162 8.159378732518375
2163 11.210981088276196
2164 9.731960677293975
2165 5.655809797037136
2166 8.275283975593672
2167 9.26632066151961
2168 10.256885587811919
2169 5.963745178628071
2170 5.591217346786689
2171 3.8973801934325953
2172 6.5362931119535554
2173 12.512416300531484
2174 8.522590245186025
2175 3.130782892894528
2176 2.69507299962693
2177 1.4086234417187444
2178 1.9849245603418568
2179 4.246485681617117
2180 7.58270785505413
2181 11.97119262770275
2182 17.24833619966793
2183 21.088628280370948
2184 17.507435074442864
2185 17.061457432968677
2186 15.755732454955023
2187 18.95719436638257
2188 22.4624100035094
2189 29.666052806423895
2190 28.29397918412023
2191 24.605287333207933
2192 30.486594482201944
2193 35.456712935654004
2194 35.04177431911697
2195 28.086777312352837
2196 20.420187386915984
2197 18.107024357554998
2198 17.38639942620907
2199 20.330965351972356
2200 17.799406469653857
2201 13.938705925860837
2202 11.819366426147496
2203 10.41020573742075
2204 9.487281343550833
2205 7.181160235376897
2206 5.30023042238962
2207 3.9743560438172496
2208 2.552675783903972
2209 2.2218352428201547
2210 1.3456204487269756
2211 0.14027093117501155
2212 0.012525157293883763
2213 0.1438278323694317
2214 0.37368781769046955
2215 1.4204093414695094
2216 2.076604746183595
2217 2.989094657927601
2218 4.207876562892296
2219 6.659710170181822
2220 8.49391089100808
2221 12.970259199219136
2222 13.397430755257307
2223 12.521803421430057
2224 10.745060456431244
2225 8.845870541152165
2226 8.679256755938788
2227 10.77871575213534
2228 11.21731984003229
2229 11.547167500781162
2230 8.461245253859339
2231 7.559601594893303
2232 7.81779326612582
2233 5.229962812033688
2234 5.5457329245250575
2235 5.528712490074316
2236 9.017597995523401
2237 11.791779473731793
2238 6.71852290179765
2239 2.155219722789818
2240 1.2317728438504811
2241 1.878048451788196
2242 2.2311878002008503
2243 3.5330861036423484
2244 7.109399707558205
2245 11.13104717709097
2246 16.906028288276836
2247 19.777971339036323
2248 18.666665588895153
2249 17.784307776849772
2250 15.927236857496105
2251 20.694203094932092
2252 26.227636880934103
2253 31.168331842818763
2254 29.95441671360075
2255 26.705962245478634
2256 30.04011271858714
2257 31.964450244983862
2258 35.11933548184014
2259 30.705887703590506
2260 25.072231581167234
2261 19.433370246654132
2262 16.703640670502814
2263 14.840095461471078
2264 12.109928801279969
2265 10.358040985602816
2266 8.733959815157023
2267 8.257204344400071
2268 6.53761318789049
2269 4.552661548524948
2270 2.410280773596327
2271 2.4124476624785
2272 2.2020890925024776
2273 2.20735064353469
2274 1.9580914698558587
2275 0.5337317753298529
2276 0.03055612976651333
2277 0.07074126328114146
2278 0.17187655553758216
2279 0.6782736588281154
2280 1.5094204503335384
2281 3.5185939386396567
2282 4.147567207576599
2283 5.835490077663982
2284 7.730151997204978
2285 9.78905536535055
2286 8.885807372774503
2287 7.581368850550929
2288 7.493011816123167
2289 7.008941018364933
2290 7.141073112230832
2291 10.001003917862871
2292 11.745490679548519
2293 16.89261226167409
2294 9.26275711127143
2295 6.109456848957044
2296 5.514053480474806
2297 5.133081790704432
2298 5.817204404500121
2299 7.724477435297812
2300 8.397490038429124
2301 8.578701026180122
2302 5.236359328707298
2303 2.0796798394258933
2304 0.766462965301943
2305 1.8381570046833504
2306 2.313448286183012
2307 2.8169235786250875
2308 4.964712743043699
2309 8.92023504731928
2310 15.930437351192264
2311 19.475240334030445
2312 18.883908412855515
2313 16.31439385014936
2314 14.621135368549796
2315 19.616554958318435
2316 25.11714106163583
2317 29.562663002624284
2318 30.116103996352678
2319 29.063421505375224
2320 32.571424052320765
2321 35.477956418260916
2322 35.26530572219018
2323 31.560359886917883
2324 28.057480896717262
2325 20.92199605088311
2326 12.978251359105624
2327 10.368932951922877
2328 7.794063919016932
2329 7.226440183781219
2330 5.664685905397146
2331 4.031192550985384
2332 3.061728484585182
2333 2.565743236691623
2334 2.077992242159787
2335 1.1914096803598895
2336 1.0368839395140261
2337 1.734350772045516
2338 1.2874655803475157
2339 0.34148500792552877
2340 0.1464933963270468
2341 0.2194534486987558
2342 0.0206008164610591
2343 0.15074350398840858
2344 1.0340175590249128
2345 2.6755928971267124
2346 5.035595772972187
2347 7.88358155727251
2348 9.055937866956334
2349 6.919107185114533
2350 7.250733210523148
2351 7.922944268554454
2352 7.034937339817684
2353 7.293751021989237
2354 9.232602359813901
2355 15.303253984679275
2356 17.12943137213726
2357 16.855867094177505
2358 10.3651195577349
2359 7.299619377089586
2360 4.756258633283535
2361 6.6383704893718765
2362 8.861341036818825
2363 9.511764333425127
2364 7.69945771516169
2365 5.859440157436058
2366 3.8850603469671103
2367 1.4514938548956036
2368 0.6034944497724118
2369 1.686726711105176
2370 3.217547936558791
2371 3.1332905716104276
2372 4.658295572815433
2373 8.393367938225266
2374 13.962936419056204
2375 17.539890874962452
2376 18.463397841524035
2377 17.44714107453754
2378 14.871690914478618
2379 17.538625739321496
2380 24.834719834797312
2381 31.500169481014098
2382 30.678165576767324
2383 28.258269025248996
2384 30.60589702904591
2385 34.1713715302897
2386 36.87683533831637
2387 29.856109256663395
2388 25.731590978599673
2389 17.331018356223286
2390 8.00014965609334
2391 5.222517948802572
2392 3.9236503360784276
2393 3.73275661755068
2394 2.924603787931326
2395 2.606341638056517
2396 2.4256444976026827
2397 2.266497906472328
2398 1.7164812660281363
2399 1.135757300258064
2400 0.6562673201913268
2401 0.6087927027024679
2402 0.9877704586586352
2403 0.4283591528817828
2404 0.24951447895923162
2405 0.41630037897853056
2406 0.2702907049339481
2407 0.0018322105332654712
2408 0.20204068877084777
2409 0.5592269672388942
2410 2.667119734174327
2411 5.0835387043477445
2412 7.8993933068423505
2413 8.052360505846975
2414 8.878178772970392
2415 9.924529750095981
2416 10.014120821034684
2417 10.250925858555288
2418 13.43124118721351
2419 20.39066624031866
2420 21.651081393890017
2421 19.10384282500174
2422 12.452328009925084
2423 11.38890480804628
2424 8.844874417486123
2425 9.443676934203596
2426 8.762287873631124
2427 8.45983430071395
2428 6.474249410982756
2429 4.522036592450991
2430 2.8398780069944736
2431 0.7894769825109829
2432 0.2848744835750634
2433 1.1142192849342576
2434 2.4919279505546115
2435 3.4550672667766706
2436 5.783480807606434
2437 9.052781693643096
2438 14.33931871160294
2439 17.51013722684663
2440 18.24323756161918
2441 17.743455534400237
2442 15.088067853513977
2443 15.44716687739113
2444 23.76434724014865
2445 27.328233809177767
2446 27.138273574800976
2447 29.46803197674021
2448 31.948723592262144
2449 27.89177922985979
2450 30.828129897743086
2451 27.19053835166064
2452 22.478171335166568
2453 13.836222714694179
2454 5.993178087532471
2455 3.612371423412242
2456 2.7696585171663624
2457 3.2686027704600966
2458 2.5358069750262264
2459 1.569720407183411
2460 1.0181827758979831
2461 0.6841189747553684
2462 0.5924068952144441
2463 0.9110029400003556
2464 0.7342783111453084
2465 0.37324545549025256
2466 0.2811482260866718
2467 0.7894006312146565
2468 0.8010812517460368
2469 0.8145308058264593
2470 0.6634751226520039
2471 0.02915868005892012
2472 0.024099927989666297
2473 0.3226956802984951
2474 0.8621642959679701
2475 3.1074854025119723
2476 6.801194673272864
2477 9.038152400636335
2478 10.514390378503427
2479 10.979677919559366
2480 11.888620969518556
2481 18.56689087375696
2482 22.792370976439493
2483 24.432965394604665
2484 19.879545557638824
2485 20.340441799772073
2486 14.879456426443022
2487 15.19587885587517
2488 11.276205101441846
2489 9.22282144563114
2490 7.9731995789032934
2491 7.059120776181279
2492 6.934411523629095
2493 4.4199359716239535
2494 1.3344170520395464
2495 0.27164461186841315
2496 0.23678413268066562
2497 0.8580130763536222
2498 2.62520231949122
2499 3.14040493371982
2500 6.836942435213917
2501 10.193577739560336
2502 15.232354970855669
2503 15.952791925661582
2504 16.48676324927807
2505 16.366934570343762
2506 14.300701801895434
2507 13.155008231974964
2508 20.2443498894849
2509 20.643773871497377
2510 27.338977037993537
2511 27.304783302680647
2512 28.65265536354703
2513 30.411881775911752
2514 28.29582502909994
2515 23.323082432740176
2516 23.32833154945877
2517 15.295963045274219
2518 6.320868079426814
2519 3.278390730696068
2520 2.8535533328692155
2521 3.466485387925049
2522 2.0127564352131286
2523 1.2300655891838976
2524 0.5090960022612873
2525 0.4363666132832587
2526 1.24393826216539
2527 1.0192046962837542
2528 0.9678711368949454
2529 0.3382097558165348
2530 0.5424246955827852
2531 1.7433550681676058
2532 3.000920639591464
2533 2.5659066005370708
2534 2.7442577631704093
2535 2.046153662471358
2536 0.2698960639345739
2537 0.03126561489871111
2538 0.5231116701140416
2539 4.06857621430431
2540 7.940339513574245
2541 8.474560665987465
2542 11.449515921097731
2543 13.147702693041374
2544 14.536807172748786
2545 20.72352722521977
2546 23.45785348322107
2547 26.583321326793467
2548 22.51871493629071
2549 23.617874202857575
2550 22.31689628008262
2551 16.574452897070387
2552 14.605001641826954
2553 9.122015114747587
2554 7.910697065964176
2555 7.759378866116885
2556 6.267325519184933
2557 4.115622560536675
2558 1.661583813520908
2559 0.3319517660335098
2560 0.0003997179409037692
2561 0.5324068338594546
2562 3.0808575831265808
2563 3.524811746269709
2564 6.123277080139727
2565 9.765229989531047
2566 16.285457769528648
2567 15.68118182032036
2568 14.520023518202182
2569 15.527221081894293
2570 13.257248559625182
2571 12.20079641562047
2572 16.69023216266873
2573 18.614484984977622
2574 24.37698539834208
2575 23.141489638141216
2576 22.90864453143527
2577 27.568369729653178
2578 29.04119550954645
2579 26.017376909974733
2580 21.58829458819149
2581 14.531316036818934
2582 7.060486595028667
2583 3.8456886519122544
2584 1.3017137938489558
2585 1.0886217972238947
2586 0.7991013268092374
2587 0.855740636393781
2588 0.8410994522781144
2589 0.7067872693801251
2590 2.334160854685648
2591 2.6116783440495897
2592 1.1242647925096705
2593 1.2368536311324287
2594 1.9757315386597232
2595 2.9031980155010757
2596 4.0222719608123665
2597 3.9620135010629856
2598 4.454734448551219
2599 4.562476020132609
2600 0.8524226056290177
2601 0.13494217721243573
2602 0.6256586755143366
2603 4.017696724499143
2604 7.98901117370506
2605 6.4330772933719516
2606 9.434866938234666
2607 14.206289192468594
2608 15.164894191373714
2609 20.847365946787335
2610 21.086601486049812
2611 29.453428777405247
2612 24.83650062377631
2613 22.466530021028667
2614 16.497837830094443
2615 10.288703967829216
2616 12.713548637679546
2617 11.75993838761468
2618 11.655456813047463
2619 9.247488293569912
2620 6.153281353248477
2621 3.454402990999983
2622 1.7710943985201817
2623 0.2670278011516018
2624 0.013001160977385063
2625 0.3062908033333491
2626 2.087249962674256
2627 3.8935486017233183
2628 6.743097729467427
2629 10.06580316961822
2630 13.169712157426973
2631 14.299469768937053
2632 13.245271559822445
2633 12.272569860240752
2634 11.858587316267368
2635 11.62067425292613
2636 12.516050885932328
2637 19.122907127378113
2638 20.742817084446887
2639 19.300329235676973
2640 20.88911687495989
2641 24.138219477920977
2642 26.7873693229541
2643 24.926271181856748
2644 21.10797596468082
2645 13.080208372571096
2646 7.792663322887398
2647 4.429508770688618
2648 1.3442027250282418
2649 1.1095941332917045
2650 0.7388161127247868
2651 0.5682777247008517
2652 0.28325446089447603
2653 0.6877241017148649
2654 2.8843417854335986
2655 3.202789911744381
2656 3.2336999744081703
2657 4.301151660341973
2658 5.573610065962322
2659 4.62043188434241
2660 4.047056536689868
2661 2.5425095885712827
2662 2.9618694566315664
2663 2.7771562100343967
2664 0.7832123875452565
2665 0.16434459118411304
2666 0.5189093169865595
2667 2.4316652927793534
2668 5.699416746052143
2669 7.130878746179725
2670 10.350041664470229
2671 15.054864435506042
2672 16.293189744223838
2673 19.09456203488229
2674 19.15054807668157
2675 23.33612052387555
2676 19.453608114217133
2677 16.682940925469076
2678 14.89318619107767
2679 12.0194901833993
2680 10.961543931904526
2681 12.671681938054961
2682 11.648502737665806
2683 10.859093536828915
2684 5.213491768353493
2685 2.2086670728933937
2686 2.2025305917533053
2687 1.0642492837819382
2688 0.06027109710647858
2689 0.09585144083986348
2690 1.2056512034276379
2691 3.950697953466637
2692 6.758020797448099
2693 7.691266889826347
2694 9.553617036782665
2695 10.982847629906802
2696 10.430282817425654
2697 11.375614057602515
2698 9.475559839216544
2699 9.731536222527987
2700 9.965294223382394
2701 12.69451010086098
2702 15.177645982643341
2703 15.751264148886186
2704 17.837895888530824
2705 19.650404696552673
2706 22.075625251917607
2707 21.570816872555763
2708 23.044128891233193
2709 17.34658876277774
2710 8.679055960162673
2711 3.686548317217243
2712 1.299213750816366
2713 1.2951157497144075
2714 0.40220363219205235
2715 0.036552682013321215
2716 0.2511921775595243
2717 0.9393688588240424
2718 2.7380299629562925
2719 2.448378460742521
2720 2.4801525561871567
2721 3.859484023300245
2722 6.250889900954371
2723 8.917052684130391
2724 6.885596143719244
2725 4.829002830450125
2726 2.4823732247758414
2727 0.4355320818006265
2728 0.1259344619560195
2729 0.4060067200301075
2730 0.8528508519251716
2731 2.4703390035211488
2732 4.776433434927372
2733 8.199671915661087
2734 10.172308827834708
2735 13.730155359403
2736 14.568699737061342
2737 14.289538965601572
2738 13.363558931442372
2739 15.505931920959986
2740 15.49693889960502
2741 12.953779579372354
2742 12.503033520594387
2743 12.126366472006628
2744 8.387560317560586
2745 9.484102376956173
2746 9.129467814451633
2747 7.039626100838257
2748 3.0167185474334173
2749 1.925325583199662
2750 1.5921674240067087
2751 1.6171860596691978
2752 0.2575520911366399
2753 0.005363371706739594
2754 0.659665071204329
2755 3.3494972198717297
2756 6.292516081423888
2757 5.974367134192666
2758 6.097515885440997
2759 8.411047910961685
2760 10.373309264993365
2761 8.800657418858428
2762 6.271594108859724
2763 6.739944445517849
2764 6.780465975221985
2765 7.678594868214045
2766 9.564563973302878
2767 12.554755730780025
2768 15.823973112145003
2769 19.09878751025822
2770 19.307653789229654
2771 18.508957669677212
2772 18.000162376264267
2773 14.976634756696894
2774 10.875505631955077
2775 6.300732411743957
2776 2.2169217568519124
2777 1.0294334119838913
2778 0.7304589708961629
2779 0.3100288033282164
2780 0.3198643620497296
2781 0.591949231182254
2782 1.344362813385967
2783 3.060853107503971
2784 2.6199042825623144
2785 4.0947872623199295
2786 8.134776092167927
2787 10.801546315255385
2788 8.08512236955693
2789 4.552532788789901
2790 2.523570260313596
2791 0.39477771276170476
2792 0.02798007263004215
2793 0.7331790479557786
2794 1.161177367699229
2795 2.7743121641736033
2796 4.463024014907474
2797 7.925156737768132
2798 9.437254119974533
2799 12.059712710883128
2800 10.052597416270642
2801 9.867807571029259
2802 9.623883945463726
2803 9.710259213269156
2804 8.616161840148367
2805 7.228847152345186
2806 10.217994204699378
2807 11.216698199221032
2808 8.128886268652094
2809 8.033421089127012
2810 7.031369954667924
2811 4.080529634156622
2812 2.0932537906234208
2813 1.6433744466593032
2814 1.3277623823920846
2815 0.8532085678451928
2816 0.23830562606948952
2817 0.13500400413917465
2818 0.29563730105188957
2819 2.4607080916224264
2820 5.152598964980825
2821 5.666811994932801
2822 4.031656691138641
2823 4.441010595259192
2824 5.526025600229003
2825 4.57595691881047
2826 3.6701758133726385
2827 3.684574676149004
2828 6.016817656115264
2829 6.690446118864437
2830 8.843899878575444
2831 10.24605840564704
2832 14.053671701460715
2833 18.93352207559146
2834 18.889921619133055
2835 16.87776898807263
2836 14.13415298884909
2837 12.56102734503388
2838 9.414106662487022
2839 4.873403349299411
2840 1.2659657132367008
2841 0.20061805396202476
2842 0.3578153960710506
2843 1.0975460959443135
2844 0.16262019522573162
2845 0.43464500276236717
2846 1.0831868147831962
2847 3.4985038490588796
2848 5.093204543849875
2849 6.886372742751122
2850 8.765394371295123
2851 9.862186410262868
2852 8.437772335284446
2853 3.643794135452681
2854 0.7943204325562881
2855 0.17125689093128407
2856 0.057454499664899766
2857 0.5873624324595971
2858 1.4229536064533834
2859 2.120415743593793
2860 2.8740135084143086
2861 4.711350881586897
2862 6.844182012511481
2863 7.871989736313091
2864 6.5566268887223735
2865 10.295026711134886
2866 8.924084095679415
2867 8.910724040225444
2868 8.682951525515293
2869 7.463295549921767
2870 10.766621770209332
2871 11.041179578103417
2872 10.137527963911646
2873 9.39248865800381
2874 7.417203275893327
2875 4.60136858572656
2876 2.4582660880162828
2877 2.107100996774207
2878 1.4116512004270265
2879 1.4759866847568375
2880 0.37921376788423816
2881 0.10045081857042584
2882 0.24128524466854573
2883 1.3932649497575957
2884 4.698693816045783
2885 4.619618298296584
2886 2.621863581266821
2887 2.590180268074368
2888 2.706435519411624
2889 1.776585825196155
2890 1.4906813056860213
2891 2.101869371618201
2892 5.169227322084614
2893 4.2213737674859235
2894 7.456236677810739
2895 9.727631491980185
2896 13.78182634712373
2897 16.485027637195376
2898 16.70830489891112
2899 14.278610552456206
2900 11.904677567053048
2901 9.759109828701428
2902 7.5597206928641265
2903 4.353302152806561
2904 0.7942510969393451
2905 0.1015747358518269
2906 0.990565890047479
2907 0.9499578804024905
2908 0.966665691741237
2909 1.1421025700046794
2910 2.142262097024182
2911 3.224219570236259
2912 4.622366655938449
2913 8.22735586416699
2914 9.327312806467345
2915 5.489439318931183
2916 6.200802540438449
2917 1.9328193898006325
2918 0.3236521548604619
2919 0.31626348609918836
2920 0.17983529890233285
2921 0.8397447832702649
2922 2.2958369444461733
2923 1.5670243401323565
2924 1.8724504687714247
2925 2.4826655106013136
2926 3.6129090510455057
2927 5.712382647762717
2928 5.235945178231979
2929 9.652679485518414
2930 9.934599662474241
2931 9.660209760042894
2932 10.788060706983545
2933 9.323682937055578
2934 11.87724056950846
2935 13.704271719623232
2936 10.657134828264338
2937 12.138860224571467
2938 8.093345658674348
2939 4.4983620676487375
2940 2.8442609475183636
2941 1.6747440051635631
2942 1.2109711914762913
2943 1.4174927840888925
2944 0.007838396760134805
2945 0.02100560049891768
2946 0.19721380588075593
2947 0.8006735560607955
2948 3.015976447040759
2949 3.3622094155389863
2950 1.6315141760824226
2951 1.6891084771440508
2952 1.4652042776376442
2953 1.1216717000647423
2954 1.8159955019088798
2955 2.2775846422009316
2956 3.580707811566825
2957 4.597612332690396
2958 7.233285659254321
2959 7.947534713305116
2960 8.117339816464147
2961 11.215962025039733
2962 11.311294490247626
2963 11.703774517428846
2964 7.475162331064175
2965 6.557415105225101
2966 6.023956880554441
2967 3.1141748632996893
2968 1.1886903369560322
2969 0.6845666909299276
2970 0.5171184059579024
2971 0.7030166885441442
2972 1.7378410144107146
2973 1.6914065712392876
2974 0.9274255062379492
2975 1.5787618397845318
2976 2.5158349419601764
2977 5.775350018091728
2978 5.478547717225311
2979 3.7266124219323786
2980 2.476733259321822
2981 2.431771408509088
2982 0.9932550813122347
2983 0.15808503067722585
2984 0.04966106626022868
2985 1.5728768270741063
2986 2.3858064678881745
2987 1.7356948456615067
2988 2.701973384133491
2989 3.1456784931247697
2990 3.6162777393786274
2991 4.72953821455311
2992 5.642346241799245
2993 10.74529430617491
2994 12.737237121891392
2995 16.027361677639192
2996 19.927973080999156
2997 16.86065067736105
2998 14.398443700155719
2999 19.406895325607472
3000 16.994505207095415
3001 11.58333993266321
3002 9.553877814085714
3003 3.3568613121237343
3004 3.2071507911531043
3005 1.603900241780554
3006 1.614683019716835
3007 1.4876596641303799
3008 0.03064138479154376
3009 0.018698097484656166
3010 0.13183633120313842
3011 0.5565518389275248
3012 1.1528989776083962
3013 1.6684462741388768
3014 1.0244272601258897
3015 0.8369732321837561
3016 0.44864094346658506
3017 1.311017576042253
3018 2.3784535762018377
3019 1.7466751458276326
3020 2.9960296720595543
3021 5.189897796420453
3022 5.740291066148742
3023 4.752304783641562
3024 6.172984283330098
3025 5.887410628444234
3026 5.7159712831608065
3027 5.185803228274123
3028 3.1331955934757914
3029 2.3866191755808894
3030 2.2428321979653068
3031 0.9058296044838878
3032 0.9569482662866996
3033 0.04670742409174026
3034 0.009846674080254508
3035 0.060820348427081505
3036 0.3799331659903615
3037 0.31415478673651215
3038 0.04204903697591245
3039 0.406817849259943
3040 1.429201910874855
3041 4.418633807489674
3042 3.934059958749304
3043 2.602848275390091
3044 1.2292655647085469
3045 1.0333500830755395
3046 0.3400156161859073
3047 0.06663695867470786
3048 0.24997128309001396
3049 0.08860293999645251
3050 0.05540575081767946
3051 0.25000305817949586
3052 1.0879781198075773
3053 2.15246585129325
3054 2.7777894865031016
3055 5.171430384401621
3056 7.689499560240468
3057 12.855415301321461
3058 13.369144353616642
3059 17.19622893104573
3060 16.92383864948547
3061 18.648080645411817
3062 16.398177097202087
3063 18.19719235141403
3064 18.41750393119042
3065 12.29915762838264
3066 5.769028870118004
3067 5.436123490243246
3068 3.9996238060666474
3069 3.4575908034829377
3070 4.121749892577262
3071 2.016108760086395
3072 0.061998251690876235
3073 0.04356662347268828
3074 0.14789547410605772
3075 0.6207388414620494
3076 1.1003830968020938
3077 0.8990015256277724
3078 0.6669091259949547
3079 0.5916916873292597
3080 0.6348805353387356
3081 2.9901764308266285
3082 3.049681877600692
3083 3.3205742788574115
3084 3.8718116478580735
3085 2.8587710254526573
3086 2.2562180988935703
3087 2.1840658478259383
3088 2.494636184430724
3089 2.3654727085283507
3090 2.534767921981441
3091 1.6399974891999465
3092 0.9832501601053665
3093 0.5646190265558566
3094 0.6725217454478993
3095 0.48477146908675345
3096 0.44245604722355086
3097 1.1709722437072407e-05
3098 0.034693371629741475
3099 0.1762928324024029
3100 0.14528167671771627
3101 0.11003367901760505
3102 0.20934490762867392
3103 0.01685323702360809
3104 0.45965664734471035
3105 1.2693175830888173
3106 1.1572410881573074
3107 0.485369207216423
3108 0.49630148567023813
3109 0.07165493309989389
3110 0.06146157507380251
3111 0.031538901459944514
3112 0.03705099782371806
3113 0.011584436689300774
3114 0.000207379003452495
3115 0.13158360475584446
3116 0.2709383132953307
3117 1.0548050218873328
3118 1.7748234813825259
3119 5.093881357892657
3120 9.08829823101394
3121 10.913937705089328
3122 12.204758505224769
3123 14.673856657191743
3124 14.584139790150314
3125 19.428293249562586
3126 12.180048885707498
3127 13.874997515774412
3128 12.084990342076912
3129 10.717288078195054
3130 6.4645159030635995
3131 4.652863303509203
3132 4.0056958817093475
3133 3.6970628037242697
3134 4.4377875700363765
3135 2.483622286903563
3136 0.0047194101452213
3137 0.017678403531210342
3138 0.2373017240685798
3139 1.006573404520296
3140 0.7687226067502431
3141 0.9174201037825109
3142 1.028596009942102
3143 1.0436192237957138
3144 2.2564092513287552
3145 3.1420145535368147
3146 4.041760372717364
3147 4.157908630374935
3148 2.7630538445809925
3149 1.8289188119348516
3150 1.4930989347026171
3151 1.460642908143355
3152 0.8917335827769562
3153 1.573171815882017
3154 1.2411744461430188
3155 0.7275068606278596
3156 0.13085190859394422
3157 0.14690239475363417
3158 0.44289511841469476
3159 0.868356311565312
3160 0.5335968218733647
3161 0.21172235682398682
3162 0.00878438597830567
3163 0.013330115351674148
3164 0.2514963588120764
3165 0.0227951925347
3166 0.02546327079839293
3167 0.050592326612900466
3168 0.5931919628384927
3169 1.5605694499226306
3170 1.1398777801559057
3171 0.791679855444648
3172 0.2654362789582421
3173 5.313812117551083e-05
3174 0.004073559882001769
3175 0.020642480431850362
3176 0.01599243286128885
3177 0.17921500171175497
3178 0.003716168315350306
3179 0.11733442116559996
3180 0.2451193429402417
3181 0.8877087377964615
3182 1.6266888869632476
3183 3.5216643820269375
3184 5.192230344468839
3185 6.209573984845297
3186 8.638946752170032
3187 10.438574137173298
3188 12.257326220880504
3189 17.828884757417104
3190 12.233470899334582
3191 11.844021735739869
3192 6.956608594961452
3193 6.902371011852693
3194 7.153238720930014
3195 4.42701683729491
3196 3.5000048811105775
3197 2.8220552987753647
3198 3.341322861393307
3199 2.1130084904952398
3200 0.07893398271017733
3201 0.045410260141670974
3202 0.15805558036849873
3203 0.3510077820186842
3204 0.20280149783777712
3205 0.9732633141970249
3206 2.0847007310148524
3207 2.3002456557846442
3208 2.7604010162125108
3209 5.659696989120161
3210 3.276510661666166
3211 2.334662803400447
3212 2.388703525864774
3213 1.7824326023185864
3214 0.7271643008855262
3215 0.08623294083419267
3216 0.00562278678289239
3217 0.2483710932005783
3218 0.32690051920821117
3219 0.060415530502444977
3220 0.00012810987430485944
3221 0.016136272014190784
3222 0.3264053842838283
3223 0.5940461407916414
3224 0.8572834894196443
3225 0.818560404520774
3226 0.3774419396753695
3227 0.15317491567169858
3228 0.13993143564638805
3229 0.036523232789670644
3230 0.14537847895277767
3231 0.032421309559857295
3232 0.08377775703310247
3233 0.9271067029093398
3234 0.6250877465385719
3235 0.4442715238011127
3236 0.11507298229806312
3237 0.13509692324261002
3238 0.6448778137428658
3239 0.24754696913894922
3240 0.015494597595438761
3241 0.026300378542626488
3242 0.0031424549900543088
3243 0.06188679877638161
3244 0.14301706222062788
3245 0.5422640581417945
3246 1.6816184476952865
3247 2.3765498549373274
3248 2.536453788989615
3249 2.9148582450075375
3250 4.4710284490829
3251 6.018866597522328
3252 7.380610716659014
3253 10.2181036153365
3254 10.234898998938599
3255 7.538311543030121
3256 5.140441523514281
3257 6.57368318830103
3258 4.935479093445086
3259 5.623674725572534
3260 4.449700078487617
3261 3.731581161795208
3262 3.262086647363099
3263 3.143047440659547
3264 0.050585241852300025
3265 0.18385074842043989
3266 0.04441007085683029
3267 0.07321916634786388
3268 0.4922671360486902
3269 1.7508200393939992
3270 3.444279718455226
3271 3.6044020107087937
3272 4.784238772422575
3273 5.712214937128876
3274 3.1554463422967127
3275 2.691386239619277
3276 1.2630197747583234
3277 0.466229847886381
3278 0.14826565034626074
3279 0.0010491140721215464
3280 0.1914251837771619
3281 0.3697592092592553
3282 0.1915289705907703
3283 0.26945976718524645
3284 0.1586369998558798
3285 0.2649918909363847
3286 0.0008116365231913447
3287 0.14212640297692694
3288 0.6072113216247087
3289 0.8077739628258904
3290 0.6949184818654236
3291 0.7318727873260695
3292 0.24935825951107435
3293 0.3867084755963358
3294 0.4555102529006308
3295 0.3128142572123167
3296 0.7432348738868669
3297 1.25664697140824
3298 0.8948969729715509
3299 0.47824888561433865
3300 0.048385472674130584
3301 0.19796006574437575
3302 0.5891605938018867
3303 0.6104638728987282
3304 0.19205033713990094
3305 0.30791678847430354
3306 0.2047904549258027
3307 0.32227313059548135
3308 0.2758572322757472
3309 0.3670572497861553
3310 0.7199041701558555
3311 1.5888628313139015
3312 1.2519705534015073
3313 1.3373267262739494
3314 2.1889319962046256
3315 3.4631299912754026
3316 6.04995684744531
3317 7.570618209747117
3318 9.415546026329192
3319 8.351129207359957
3320 9.64749180649568
3321 8.255949570870508
3322 5.520205740750168
3323 5.676819113122711
3324 9.62799477436339
3325 6.19390031410244
3326 5.314616522288832
3327 3.688262044238899
3328 0.026145928766298367
3329 0.10967354590765235
3330 0.017224777554819083
3331 0.14163156415107853
3332 1.0105962352469664
3333 2.3171260810298384
3334 3.7414037661895314
3335 4.857811613243513
3336 4.454570781022062
3337 2.6760051294215748
3338 2.668036547728095
3339 2.8007633965400496
3340 0.9571966365875814
3341 0.030154599857574012
3342 0.00033209292076585606
3343 0.2092919591869848
3344 0.5198469699239979
3345 1.095565063527043
3346 1.1594087926158458
3347 0.6913889200804982
3348 0.3163155478647663
3349 0.15688124452257152
3350 0.13778667776574297
3351 0.0263522768058252
3352 0.21886219714449484
3353 0.21446762117519338
3354 0.3446842265410234
3355 0.41848716358559557
3356 0.016616712053633388
3357 0.2612622189274077
3358 0.28010257969047964
3359 0.6126294969711861
3360 0.5710040650125605
3361 0.72023605847493
3362 0.8116792041757708
3363 0.7751415656169688
3364 0.0914597196774726
3365 0.08724308868086722
3366 0.3514174517456769
3367 0.44446875297584104
3368 0.6248969808289383
3369 0.7152383560492606
3370 1.2325652314713178
3371 1.1958349731278153
3372 1.2804390211968257
3373 0.4359119321823768
3374 0.4022478408793282
3375 1.255519150804074
3376 0.7289502600479717
3377 1.1782375283005206
3378 1.3047826335859551
3379 2.0477402188762928
3380 3.747861787166894
3381 5.181132407696148
3382 5.6667548929101805
3383 7.64739584999668
3384 12.146361551599618
3385 8.57354858224796
3386 4.995846564772116
3387 3.356127252840791
3388 6.845601694230533
3389 9.098498689401891
3390 8.875892519304044
3391 4.274009746961548
3392 0.0004912406531261387
3393 0.0886645558507825
3394 0.09575127782466811
3395 0.09435766230717765
3396 0.8068259647704451
3397 1.5437154672650644
3398 2.7138432139976407
3399 3.2207433597535853
3400 1.3404991941885798
3401 0.9207343719120316
3402 1.1512703890493174
3403 1.5642145092646211
3404 0.9887228476411961
3405 0.022143171773450945
3406 0.13564160903905279
3407 0.6034902440143733
3408 0.826789819588234
3409 1.7944404992884422
3410 2.006825630719582
3411 0.864806538051306
3412 0.1447790051332283
3413 0.16072975468716638
3414 0.19185675530154428
3415 2.8899526502115034e-05
3416 0.06262536612384176
3417 4.4876767374778306e-05
3418 0.018520224365706967
3419 0.13204556932248093
3420 0.961962572105635
3421 0.7366740541587563
3422 0.5797043843281162
3423 0.2262483881108992
3424 0.2484078950791205
3425 0.510685328489858
3426 0.5886353087702908
3427 0.667304462178705
3428 0.007261773111999363
3429 0.0293082133216265
3430 0.023459093191816802
3431 0.14912176203541766
3432 0.018938540625544027
3433 0.20446275005920556
3434 0.9422562562512315
3435 1.2144623145164428
3436 1.0765769687349456
3437 0.6925050574163987
3438 0.7615882989130709
3439 1.547402088792471
3440 1.6049761964881402
3441 1.5356980375749847
3442 2.138320709099354
3443 1.6240446616406763
3444 2.6126366441567663
3445 4.403975803435822
3446 4.665110857316544
3447 7.01066237501587
3448 9.201654366198765
3449 7.198751725624409
3450 6.258561991050024
3451 5.19523462344836
3452 4.961820932396916
3453 8.303104106830869
3454 9.531523212936143
3455 6.601900674267166
3456 0.018486611535200113
3457 0.014287197676480965
3458 0.20074514500061377
3459 0.14789263672665176
3460 0.476773048174309
3461 0.6789713830416461
3462 2.5157869271737083
3463 2.836561519663453
3464 1.1027743517580295
3465 0.4276570883510694
3466 0.6247408737040216
3467 0.7786422876275171
3468 0.5895818615500454
3469 0.024102305886735568
3470 0.24058127034611929
3471 1.0785947026200349
3472 1.1218218054518163
3473 1.149461002304017
3474 1.340063702044576
3475 0.8701671409990073
3476 0.23967079116576467
3477 0.013701694673935162
3478 0.21720232413692128
3479 0.09979572373094937
3480 0.1895168408172357
3481 0.41319035559841855
3482 0.2076469311634538
3483 0.5004193330439483
3484 0.9498686204888037
3485 0.49298966370626185
3486 0.5016468808577348
3487 0.3111646708365684
3488 0.18701123296733885
3489 0.07125956645878657
3490 0.27468097111839507
3491 0.46583903935598886
3492 0.7055841400961769
3493 0.7991462272707784
3494 0.383370580478191
3495 0.24205422810098712
3496 0.29168364198786756
3497 0.045746558236081744
3498 0.0030688092477752973
3499 0.14783560520817093
3500 0.5284389547663632
3501 0.46479776407121676
3502 0.762658229258249
3503 1.5424895681496984
3504 2.084694685860036
3505 1.412760039886209
3506 1.5964415203849298
3507 1.1850085251548235
3508 2.767858182301836
3509 4.333475243164818
3510 4.488792748530613
3511 6.43521349207753
3512 5.1934578171294765
3513 6.749477788845107
3514 5.975013044992855
3515 4.999698445310203
3516 3.611653821885179
3517 5.542317564665188
3518 8.34758620246468
3519 5.099562658804843
3520 0.031040875384188364
3521 0.0706986354471733
3522 0.001144275909352571
3523 0.040890819944949815
3524 0.13515424160170328
3525 1.1785310439401133
3526 2.1076504544599115
3527 1.6664917827120582
3528 1.3653799850076958
3529 0.5930825694199368
3530 0.4427939936573775
3531 0.16569246631746862
3532 0.22115972943047227
3533 0.0029913612400510057
3534 0.15337795002297624
3535 0.9228824190177473
3536 1.769028510600884
3537 1.1515514337853927
3538 0.818466609493667
3539 0.6473069789635537
3540 0.18295077930682316
3541 0.17605496212704602
3542 0.09269347541305475
3543 0.0318041416239011
3544 0.12319524160745635
3545 0.43255576313517496
3546 0.48321807280081025
3547 0.4760881039902338
3548 1.18670377253982
3549 1.0590314096527655
3550 1.13251979096706
3551 0.6460014854368743
3552 0.08697200115336368
3553 0.08012667525688102
3554 0.1508638743607739
3555 0.38706454733596957
3556 1.503850776990868
3557 1.6791414751653646
3558 2.0554461489130036
3559 1.1296247865631792
3560 0.7767526617318916
3561 0.35951959536388794
3562 0.0707935749111062
3563 0.0010851559616351088
3564 0.1699959557802621
3565 0.22449960836766295
3566 0.4365939829792392
3567 1.0085129994849389
3568 1.2473090216538458
3569 0.8907105579374809
3570 1.2802554039113416
3571 1.0467432146187508
3572 1.9406532615475889
3573 3.8826976855821704
3574 3.9615877798426173
3575 2.7317732967308435
3576 1.5091034307866609
3577 4.653790193430344
3578 3.4628451773804043
3579 3.0780382891429707
3580 3.0909990489227264
3581 2.9079690296605922
3582 4.021821807289547
3583 2.9123138310248975
3584 6.987995237850981e-05
3585 0.09555619162806941
3586 0.09107831146046096
3587 0.03346106828445577
3588 0.12420686739623127
3589 0.9489970728417417
3590 1.8625331363268876
3591 0.7741886664891864
3592 0.8375674005131846
3593 0.5946538859384348
3594 0.49495856361300394
3595 0.14971720600491062
3596 0.09230975371852772
3597 0.04084478730724891
3598 0.2592556457758009
3599 0.5669278498338872
3600 1.042935005471118
3601 0.9932934753893232
3602 1.009763155250358
3603 0.9298278726968726
3604 0.5172393801938009
3605 0.15660818870042267
3606 0.11171247202658202
3607 0.00013524136018342386
3608 0.2696253729933333
3609 1.2765993301960825
3610 1.5545100575024675
3611 1.739330027007737
3612 2.8963468761375433
3613 2.0866094191861695
3614 1.2379913508061777
3615 0.9023815169504364
3616 0.3503963014304639
3617 0.25079728754577757
3618 0.35487961694428655
3619 0.7039475768014615
3620 0.8528178705734567
3621 2.110685229535593
3622 2.744304757603926
3623 2.790622857788123
3624 1.9959099650801004
3625 1.0360280198175993
3626 0.4642516542442751
3627 0.05555781929951915
3628 0.002917993039410527
3629 0.162690129855797
3630 0.5058610420847508
3631 0.8594604578692032
3632 0.9317313523285697
3633 1.4250814518905264
3634 2.6354226006476718
3635 0.9758113564950363
3636 2.2794487333148257
3637 4.087876709489939
3638 1.9912649213998486
3639 0.8355497344210144
3640 0.6035877419729597
3641 1.2176128385304252
3642 2.699113431345752
3643 1.6756557531878291
3644 2.089971316008937
3645 2.120457641785445
3646 1.4858507220924992
3647 1.412239024976477
3648 0.03210045927415931
3649 0.1666930570388524
3650 0.11882749388542951
3651 0.2773144836466519
3652 0.10496176476445572
3653 1.2208573953385091
3654 1.5057128764192618
3655 0.6223832537221528
3656 0.3500713329496288
3657 0.052031698213111696
3658 0.12751145513978965
3659 0.03412632481677367
3660 0.06502894869111209
3661 0.13130866406053446
3662 0.3038347490059264
3663 0.11052955385829172
3664 0.3971645524522431
3665 0.2775990687975547
3666 0.8404272234280779
3667 0.8627808451876895
3668 0.16993719213416789
3669 0.1630853574955735
3670 0.11359952888413859
3671 0.05946082292617574
3672 0.4561863967341967
3673 2.663682769134428
3674 3.4763981430036317
3675 2.9205334661796876
3676 3.153775160924836
3677 1.5827746955007076
3678 1.001518069877107
3679 0.7137714134043095
3680 0.2638763083758859
3681 0.21088565649352084
3682 1.046985416001199
3683 1.7075685084329009
3684 2.3664044286662236
3685 2.8962799435192594
3686 2.527075098791409
3687 3.1830042213429826
3688 2.438498538088588
3689 2.07756506500882
3690 0.894541821456884
3691 0.14789508731521345
3692 0.019856653252627296
3693 0.37615993837158695
3694 0.3371481448977132
3695 0.48477325905518676
3696 0.9212597833940411
3697 1.3971057889577057
3698 2.8418332628368876
3699 1.5878419317876151
3700 2.274450193556754
3701 1.7061055589414855
3702 0.969133371612648
3703 0.372548211974606
3704 0.21066257756384665
3705 0.6927062770423607
3706 1.9137466583084535
3707 2.270876745812079
3708 1.4288635517290416
3709 1.6461577329570098
3710 1.7682105699105044
3711 1.051501456209049
3712 0.09171053242456063
3713 0.04915764323271256
3714 0.204234644700803
3715 0.010556910142649463
3716 0.32768386227702595
3717 1.041074516411879
3718 0.6162789930623114
3719 1.2611355753324247
3720 0.6551193627376884
3721 0.3512124914018808
3722 0.3627963096346525
3723 0.023988490062703517
3724 6.155465955267715e-05
3725 0.07416553838011371
3726 0.024844960579519862
3727 0.0015580671164048437
3728 0.026835393402313744
3729 0.0008788960054154136
3730 0.02595913541842727
3731 0.035863014262351896
3732 0.0006212655671127456
3733 0.0030198345852724576
3734 0.028404508931536544
3735 0.14540928415451917
3736 0.5398441711273761
3737 1.7522246356245947
3738 2.9984125907107195
3739 2.1399002289614977
3740 2.6256889818404323
3741 1.5269151356631636
3742 1.2534087988045322
3743 0.30402810312421924
3744 0.030443226379618604
3745 0.10563240388323801
3746 0.796211352479201
3747 1.8707312280541433
3748 2.2533904463796945
3749 1.805799559283051
3750 2.0824140889119875
3751 2.938535048341966
3752 2.509466642949804
3753 1.5699447272082236
3754 0.7302962033832863
3755 0.055685528477783644
3756 0.0508700194152199
3757 0.15918607969889692
3758 0.14467439635705792
3759 0.24513748085703468
3760 0.5525091161076106
3761 1.307674320340128
3762 3.3250801698535617
3763 3.0484544199098753
3764 1.8368224586193793
3765 2.075033316730951
3766 1.1296359354501138
3767 1.037465436822521
3768 0.8696964229557503
3769 0.9716367884899154
3770 1.12306117205983
3771 2.058157500325623
3772 2.3740533581261154
3773 1.8570890138746716
3774 2.256914638667345
3775 1.0216379440423213
3776 0.044552947641031244
3777 0.09988524885620723
3778 0.1458864856104826
3779 0.014599783204234182
3780 0.5390838689119293
3781 1.6689520791070762
3782 1.3682839911345428
3783 1.4869026493708253
3784 0.8787172501677034
3785 0.271939767508694
3786 0.43104736621978423
3787 0.025556481007434764
3788 0.021513089314776267
3789 0.1438138518762914
3790 0.01233385022144526
3791 0.18987901034018687
3792 0.09370498461777026
3793 0.14734290191816343
3794 0.3567686597270711
3795 0.29662236846111034
3796 0.1346434086208549
3797 0.20942474477094364
3798 0.2890840261946578
3799 0.3126087712092541
3800 0.4301605708557174
3801 1.0813459775328191
3802 2.425305484232335
3803 1.2681295918335223
3804 1.5328686254950645
3805 1.4184214668558666
3806 0.9647694751824661
3807 0.1996537012339372
3808 0.04692575100805315
3809 0.003250248229259904
3810 0.05398803034783974
3811 0.2817629298965757
3812 0.7961411996635291
3813 1.3744974017599936
3814 2.0938876781677043
3815 1.2769189279400952
3816 0.9680567050589013
3817 0.41959469461107635
3818 0.4814911381538365
3819 0.03210625422934616
3820 0.31796504880981363
3821 0.19927221201730827
3822 0.2082463316530162
3823 0.5521959690443168
3824 0.33956076732588386
3825 1.0791545128420261
3826 1.7934268898611443
3827 2.2278998377268957
3828 1.7742968875821132
3829 1.7011782026922158
3830 1.6266443612916395
3831 1.1806168356947921
3832 0.9082066214612832
3833 1.081907708605175
3834 1.7503298058885293
3835 2.870971607978984
3836 2.3154256601063583
3837 1.8962621090863494
3838 2.314033204492133
3839 1.5175547943232905
3840 0.19993684064364237
3841 0.15184746023418624
3842 0.20225850630361142
3843 0.016896614358383133
3844 0.06325794299861814
3845 1.149968464412748
3846 2.000167413363188
3847 2.727172722283868
3848 2.519798088802789
3849 2.000946799121555
3850 0.990772412410978
3851 0.10891997364901988
3852 0.0013332071782422492
3853 0.07035029684195132
3854 0.28061354820178924
3855 0.007716659374669847
3856 0.05508849231923128
3857 0.134052799405258
3858 0.12235482455215062
3859 0.32483696208030166
3860 0.005312065693728892
3861 0.7718030981418705
3862 0.8239715563361457
3863 1.0735699014052105
3864 0.7603535724733983
3865 0.6745203602057822
3866 1.4992282655782145
3867 1.3490927534384771
3868 1.1353541543096561
3869 0.631710008638605
3870 0.4001715284593292
3871 0.3223312056805084
3872 0.030071285210768378
3873 0.02865892693890125
3874 0.05454797578824423
3875 0.14487035667717088
3876 0.23824432720750316
3877 0.4153587670187523
3878 0.5886074176461171
3879 0.8106893613259574
3880 0.17355407035458142
3881 0.1015587810786808
3882 0.19470950607554824
3883 0.25627050024750964
3884 0.05350552232707984
3885 0.2513618958410134
3886 0.3316190913207234
3887 0.2988581423706275
3888 0.21671279082850758
3889 0.24035586829394137
3890 1.127141546079726
3891 3.2797931190745726
3892 2.8593288318328423
3893 1.3805019190415835
3894 0.9567902529904592
3895 0.7468373108219232
3896 1.1155917545902585
3897 1.4652083521082697
3898 1.9577923316296775
3899 2.0199980483915554
3900 1.9602049758835045
3901 1.227862425289856
3902 1.311594336575827
3903 1.1035268460455017
3904 0.43067575168337197
3905 0.2618381439393502
3906 0.1775739780454189
3907 0.040318153206294685
3908 0.01494264229753357
3909 0.4673054070726843
3910 1.999181498013033
3911 3.250462189220085
3912 4.532954569203626
3913 4.15150742492935
3914 2.6854013895691398
3915 0.8254377189042688
3916 0.07099781594201454
3917 0.036226663916189276
3918 0.03821346553172583
3919 0.007903556153615925
3920 0.0034956074102142757
3921 0.4212151305444048
3922 0.08073044003732205
3923 0.04382681785212921
3924 0.07102328203104892
3925 0.11866776114858481
3926 0.5067425502847243
3927 0.6847807889458449
3928 1.3887787383288643
3929 0.8080150091038931
3930 1.6424854910109905
3931 1.8333297846850418
3932 1.4116440021185153
3933 1.3359643659858709
3934 1.1910456986089921
3935 0.9070001673524377
3936 0.4190458237596751
3937 0.3969892418297833
3938 0.42157147709659193
3939 0.3934371733272478
3940 0.4841605797367169
3941 0.4122030261160594
3942 0.2216118328802695
3943 0.09619368178656726
3944 0.022370956092667916
3945 0.0036800255614594557
3946 0.017916242835368853
3947 0.018684286760587178
3948 0.06080128496099475
3949 0.1339557066647029
3950 0.07313637531061437
3951 0.10400654282389338
3952 0.05006923375676272
3953 0.18788254822413206
3954 0.6605780197920752
3955 2.188089432332189
3956 1.8344646091410044
3957 1.1305685149258229
3958 1.8105775198248055
3959 1.5124733201286293
3960 1.3902198512001878
3961 1.2446491265331476
3962 1.2129998713784689
3963 1.5128347353895748
3964 1.6730741994254072
3965 1.860044170084162
3966 2.162906041970278
3967 2.082686132212684
3968 1.2558763177176924
3969 0.8009600032992482
3970 0.25159240422202545
3971 0.12398118003635417
3972 0.008594109839699665
3973 0.1612650433428737
3974 0.4526847153742833
3975 0.6841190943800056
3976 0.818002863744908
3977 0.86958215335255
3978 0.7714907473753733
3979 0.3988694090273798
3980 0.012196467040125857
3981 0.027562152608119984
3982 0.039207463445810976
3983 0.000814984300321057
3984 0.0001225806933100012
3985 0.00032911070642056215
3986 0.0001739049913959828
3987 0.04300732406645551
3988 0.15536394172279644
3989 0.614104367654869
3990 1.3835113641103265
3991 1.4283998933942368
3992 1.3883979912308568
3993 1.6876385882936225
3994 2.4390162479846893
3995 2.230149662029481
3996 2.0138590208966383
3997 2.176100077288993
3998 1.5249099102583867
3999 1.6389080276267765
4000 2.3047668927362124
4001 1.6263844302559722
4002 1.9243036238938191
4003 0.862443986542894
4004 0.520579053734468
4005 0.7914096460372053
4006 0.46705378949953796
4007 0.17220421722103452
4008 0.027675627027698196
4009 0.019842229596612082
4010 0.0035260488409483187
4011 0.06087946100783478
4012 0.008195876391103314
4013 0.000699866564885845
4014 0.03179954004574875
4015 0.027445983252089353
4016 0.301822804883896
4017 0.6331619530565271
4018 1.333362147496678
4019 2.4084801747340734
4020 1.5770704671661655
4021 2.0304427215058847
4022 1.1899051876626752
4023 2.4658959282903803
4024 2.282610282520341
4025 2.1926810124994187
4026 0.9981853902313088
4027 1.3297500848534707
4028 2.456813401092351
4029 3.4230961573305643
4030 3.703044505592495
4031 3.117314998320756
4032 1.7658055802178614
4033 1.5092722041235056
4034 0.6236481482645032
4035 0.07105433590149346
4036 9.684010846257647e-05
4037 0.05404869872030821
4038 0.0001288474659066263
4039 0.043254231166005984
4040 0.09335585080854464
4041 0.027667841182867785
4042 0.3316862008611347
4043 0.47205127149257786
4044 0.016434178559058345
4045 0.2195352748774119
4046 0.5760898839065031
4047 0.6745562926950087
4048 0.9988680297788868
4049 0.9464608870947192
4050 0.6820165862561404
4051 0.691821370470092
4052 0.5301094295664976
4053 0.5826911021918886
4054 1.1749474988732707
4055 1.375812783488896
4056 1.6000122566833126
4057 1.5052203492379606
4058 2.2702513278510756
4059 3.3333313046544153
4060 1.9279808437931314
4061 1.4011004545584147
4062 1.5048537861197036
4063 1.9320045077079968
4064 1.878981689269545
4065 1.523738260445435
4066 1.1090741004502913
4067 0.33447180164692236
4068 0.25837493265671596
4069 0.9009448925568279
4070 0.7871421960563803
4071 0.5429798113020796
4072 0.2891153273265706
4073 0.06979148257958577
4074 0.07491392029411482
4075 0.07037469239720508
4076 0.01621875102093025
4077 0.014914034186714456
4078 0.06335635093702192
4079 0.025415891625962892
4080 0.5392650272660627
4081 1.3737975462761056
4082 2.0757143446750264
4083 3.5731657147610827
4084 2.154714298301539
4085 2.4323219494816084
4086 1.7741454788111586
4087 3.1053560978906996
4088 2.9860480006405496
4089 2.4524581586820724
4090 1.6190292544456522
4091 1.5576002427508933
4092 1.7087180825103765
4093 1.8272248381971987
4094 1.8648545679665736
4095 1.44919287633061
