 0
0 -0.0003802493276344186
1 -0.0015785497273520523
2 0.0
3 -0.0005593996917535091
4 -0.0018102293036674785
5 -0.0006675933914068929
6 0.0
7 0.0
8 0.0
9 0.0
10 0.0
11 0.0
12 0.0
13 -0.0013784438089087551
14 -0.0009344214304965556
15 -0.0018445565647269562
16 -0.0013435526087147668
17 0.0
18 0.0
19 0.0
20 -0.001636503288154064
21 -0.00021795210178700752
22 -0.0001371564361765838
23 -0.0008188881540336888
24 -0.0002871287748898977
25 -0.000915741623361964
26 -0.0015627280949335963
27 -0.00024241036605297814
28 0.0
29 0.0003279583869820822
30 0.0
31 0.0
32 0.0
33 0.0
34 0.0
35 0.0
36 0.0
37 0.0
38 0.0
39 0.0
40 0.0
41 0.0
42 0.0
43 0.0
44 0.0
45 0.0
46 0.0
47 0.0
48 0.0
49 0.0003831566944461292
50 0.0
51 0.0004746685890338147
52 0.0
53 0.0007326346671895698
54 0.000866043292097946
55 0.0005101062386461084
56 0.0
57 2.512872974831296e-05
58 0.0
59 0.0
60 0.0
61 0.0
62 0.0
63 0.0
64 -0.0011246888167786308
65 -0.00024291347702524887
66 0.0
67 0.0
68 -0.0014195905941245866
69 -6.118113539241226e-05
70 0.0
71 0.0
72 0.0
73 0.0
74 0.0
75 0.0
76 0.0
77 0.0
78 0.0
79 -0.00023819475890421064
80 -0.00047358631591020854
81 -0.00047798552652018346
82 0.0
83 0.0
84 0.0
85 -9.41304011888167e-05
86 0.0
87 0.0
88 0.0
89 -0.0005707438271088243
90 0.0
91 0.0
92 0.0
93 0.0
94 0.0
95 0.0
96 0.0
97 0.0
98 0.0
99 0.0
100 0.0
101 0.0
102 0.0
103 0.0
104 0.0
105 0.0
106 0.0
107 0.0
108 0.0
109 0.0
110 0.0
111 0.0
112 0.0
113 0.0
114 0.0
115 0.0
116 0.0
117 7.392885193977429e-05
118 0.00022540020061804795
119 1.3488364570162654e-05
120 0.00010476389008585618
121 0.0011599089864496287
122 0.0
123 0.0
124 0.0
125 0.0
126 0.0
127 0.0
128 -0.0020920432199793364
129 0.0
130 0.0
131 0.0
132 0.0
133 0.0
134 0.0
135 0.0
136 0.0
137 0.0
138 0.0
139 0.0
140 0.0
141 0.0
142 0.0
143 0.0
144 0.0
145 0.0
146 -0.000286998182704783
147 0.0
148 0.0
149 0.0
150 0.0
151 0.0
152 0.0
153 0.0
154 0.0
155 0.0
156 0.0
157 0.0
158 0.0
159 0.0
160 0.0
161 0.0
162 0.0
163 0.0
164 0.0
165 0.0
166 0.0
167 0.0
168 0.0
169 0.0
170 0.0
171 -0.0018476229718280696
172 -0.0007029554411946708
173 -0.000746290379629538
174 0.0
175 0.0
176 0.0
177 0.0
178 0.0
179 0.0
180 0.0
181 0.0
182 0.0
183 0.0
184 0.00017365079837686957
185 0.0011731628935113289
186 0.0
187 0.0
188 0.0
189 0.0
190 0.0
191 0.0
192 -0.0013336168183230293
193 0.0
194 0.0
195 0.0
196 0.00012217328872909272
197 0.0
198 0.0
199 0.0
200 0.0
201 0.0
202 0.0
203 0.0
204 0.0
205 0.0
206 0.0
207 0.0
208 0.0
209 0.0
210 0.0
211 0.0
212 0.0
213 0.0
214 0.0
215 0.0
216 0.0
217 0.0
218 0.0
219 0.0
220 0.0
221 0.0
222 0.0004984264163475534
223 0.0020076409721625933
224 0.0015136151534767461
225 0.0
226 0.0
227 0.0
228 0.0
229 0.0
230 0.0
231 0.0
232 0.0
233 0.0
234 0.0
235 0.0
236 0.0
237 0.0
238 0.0
239 0.0
240 0.0
241 0.0
242 0.0
243 0.0
244 0.0
245 0.0
246 0.0
247 0.0
248 0.0009982520714952145
249 2.0846871898332663e-05
250 0.0
251 0.0
252 0.0
253 0.0
254 0.0
255 0.0
256 -0.00016077571191669304
257 0.0
258 0.0
259 0.0006578228960674254
260 0.002489066372388558
261 0.0
262 0.0
263 0.0
264 0.0
265 0.0
266 0.0
267 0.0
268 0.0
269 0.0
270 0.0
271 0.0
272 0.0
273 0.0
274 0.0
275 0.0
276 0.0
277 0.0
278 0.0
279 0.0
280 0.0
281 0.0
282 0.0
283 0.0
284 0.000520795291935388
285 0.0
286 0.00011211767400392479
287 0.0
288 0.0
289 0.0
290 0.0006129139863896652
291 0.0
292 0.0
293 0.0
294 0.0
295 0.0
296 0.0
297 0.0
298 0.0
299 0.0
300 0.0
301 0.0
302 0.0
303 0.0
304 0.0
305 0.0
306 0.0
307 0.0
308 0.0
309 0.0
310 0.0
311 0.0
312 0.0
313 0.0
314 8.497983799919437e-05
315 0.0
316 0.0
317 0.0
318 0.0
319 0.0
320 -0.0008199842333560278
321 -0.0012831023119850224
322 0.0
323 0.0
324 0.00016497483128482637
325 0.0
326 0.0
327 0.0
328 0.0
329 0.0
330 0.0
331 0.0
332 0.0
333 0.0
334 0.0
335 0.0
336 0.0
337 0.0
338 0.0
339 0.0
340 0.0
341 0.0
342 0.0
343 0.0
344 0.0018353354730660126
345 0.0012673623081038128
346 0.00030106408641943484
347 0.0020492486171366417
348 0.001593251678993081
349 3.396924685825373e-05
350 0.0
351 0.0
352 0.0
353 0.0
354 0.0
355 0.0
356 0.0
357 0.0
358 0.0
359 0.0
360 0.0
361 0.0
362 0.000689904526298017
363 0.0
364 0.0
365 0.0
366 0.0
367 0.0
368 0.0
369 0.0
370 0.0
371 0.0
372 0.0
373 0.0
374 0.0
375 0.0
376 0.0
377 0.0001926437499477027
378 0.0
379 0.0
380 0.0
381 0.0
382 0.0
383 0.0
384 0.0
385 -0.00143774196774376
386 0.0
387 0.0
388 0.0
389 0.0
390 0.0
391 0.0
392 0.0
393 0.0
394 0.0
395 0.0
396 0.0
397 -0.0006011803594685538
398 0.0
399 0.0
400 0.0
401 0.0
402 0.0
403 0.0
404 0.0
405 0.0
406 0.0
407 0.0
408 0.0
409 0.0
410 0.0
411 0.0006783174592612076
412 0.0006116453266843733
413 0.0
414 0.0
415 0.0
416 0.0
417 0.0
418 0.0
419 0.0
420 0.0
421 0.0
422 0.0
423 0.0
424 0.0
425 0.0
426 0.0
427 0.0
428 0.0
429 0.0
430 0.0
431 0.0
432 0.0
433 0.0
434 0.0
435 0.0
436 0.0
437 0.0
438 0.0
439 0.0
440 0.0
441 0.00012684209703874602
442 0.0
443 0.0
444 0.0
445 0.0
446 0.0
447 0.0
448 0.0
449 -0.00014116124322703741
450 0.0
451 0.0
452 0.0
453 0.0
454 0.0
455 0.0
456 0.0
457 0.0
458 0.0
459 0.0
460 -0.0009661089413181566
461 -0.001539733666635058
462 -0.001218751452194172
463 0.0
464 0.0
465 0.0
466 0.0
467 0.0
468 0.0
469 0.0
470 0.0
471 8.248366132906007e-05
472 0.0
473 0.0
474 0.0
475 0.0
476 0.0
477 0.0
478 0.0
479 0.0
480 0.0
481 0.0
482 0.0
483 0.0
484 0.0
485 0.0
486 0.0
487 0.0
488 0.0
489 0.0
490 0.0
491 0.0
492 0.0
493 0.0
494 0.0
495 0.0
496 0.0
497 0.0
498 0.0
499 0.0
500 0.0
501 0.0
502 0.0
503 0.0
504 0.0
505 0.0
506 0.0
507 0.0
508 0.0
509 0.0
510 -2.1370244117799553e-05
511 -0.0007238482443531557
512 0.0
513 0.0
514 -0.00013642486261337454
515 0.0
516 0.0
517 0.0
518 0.0
519 0.0
520 0.0
521 0.0
522 0.0
523 -0.00016117893870068372
524 -0.0015078031655982968
525 -0.0015832403292235907
526 -0.00043176832533863946
527 0.0
528 0.0
529 0.0
530 0.0
531 0.0
532 0.0
533 0.0
534 0.0
535 0.0
536 0.0
537 0.0
538 0.0
539 0.0
540 0.0
541 0.0
542 -0.0003384745369492358
543 -0.001969310514023784
544 -0.0005972172680267143
545 0.0
546 0.0
547 0.0
548 0.0
549 0.0
550 0.0
551 0.0
552 0.0
553 0.0
554 0.0
555 0.0
556 -8.251855812921728e-06
557 0.0
558 0.0
559 0.0
560 0.0
561 0.0
562 0.0
563 0.0
564 0.0
565 0.0
566 0.0
567 0.0
568 0.0
569 0.0
570 0.0
571 0.0
572 0.0
573 0.0
574 -0.00040229137586160344
575 -0.0006603602437352839
576 0.0
577 0.0
578 0.0
579 0.0
580 0.0
581 0.0
582 0.0
583 0.0
584 0.0
585 0.0
586 0.0
587 0.0
588 0.0
589 -0.0014130308399894161
590 -0.0014224624001104268
591 -5.241430027046919e-05
592 0.0
593 0.0
594 0.0
595 0.0
596 0.0
597 0.0
598 0.0
599 0.0
600 0.0
601 0.0
602 0.0
603 0.0
604 0.0
605 0.0
606 0.0
607 -2.9128218270912147e-05
608 -0.0013335053489710142
609 -0.0008438640945727251
610 -0.00022995135257545244
611 0.0
612 0.0
613 -0.0009480554310264632
614 -0.0003295633829819896
615 0.0
616 0.0
617 0.0
618 0.0
619 0.0
620 0.0
621 0.0
622 0.0
623 0.0
624 0.0
625 0.0
626 0.0
627 0.0
628 0.0
629 0.00020314376061314831
630 0.0
631 0.0
632 0.0
633 0.0
634 0.0
635 0.0
636 -0.0011494245733826515
637 -0.0013715089937055402
638 -0.0005342514751086426
639 -0.00029647158337007043
640 0.0
641 0.0
642 0.0
643 0.0
644 0.0
645 0.0
646 0.00017694904433311997
647 0.0
648 0.0
649 0.0
650 0.0
651 0.0
652 -0.0001939921576621213
653 0.0
654 0.0
655 0.0
656 0.0
657 0.0
658 0.0
659 0.0
660 0.0
661 0.0
662 0.0
663 0.0
664 0.0
665 0.0
666 0.0
667 0.0
668 0.0
669 0.0
670 0.0
671 0.0
672 0.0
673 0.0
674 0.0
675 0.0
676 0.0
677 0.0
678 0.0
679 0.0
680 -0.000672194454243035
681 0.0
682 0.0
683 0.0
684 -0.0002812596756730666
685 0.0
686 0.0
687 0.0
688 0.0
689 0.0
690 0.0
691 0.0
692 0.0
693 0.0
694 0.0
695 0.0
696 0.0
697 -5.025663256099346e-05
698 0.0
699 0.0
700 0.0
701 0.0
702 -6.829654420897056e-05
703 -0.00032269419517464624
704 0.0
705 0.0
706 0.0
707 0.0
708 0.0
709 0.0
710 0.0
711 0.0
712 0.0
713 0.0
714 0.0
715 0.0
716 0.0
717 0.0
718 0.0
719 0.0
720 0.0
721 0.0
722 0.0
723 0.0
724 0.0
725 0.0
726 -0.0007200936461759338
727 -0.0004131938707452688
728 0.0
729 0.0
730 0.0
731 0.0
732 0.0
733 0.0
734 0.0
735 0.0
736 0.0
737 0.0
738 0.0
739 0.0
740 0.0
741 0.0
742 0.0
743 -7.048490650648693e-05
744 -0.0005106746616150245
745 0.0
746 0.0
747 0.0
748 0.0
749 0.0
750 -2.0895737439668326e-05
751 0.0
752 0.0
753 0.0
754 0.0
755 0.0
756 0.0
757 0.0
758 0.0
759 0.0
760 0.0
761 0.0
762 0.0
763 0.0
764 0.0
765 0.0
766 -4.173777619886007e-05
767 -0.0002466744802287891
768 -0.0002438158520978594
769 0.0
770 0.0
771 0.0
772 0.0
773 0.0
774 0.0
775 0.0
776 0.0
777 0.0
778 0.0
779 0.0
780 0.0
781 0.0
782 0.0
783 0.0
784 0.0
785 0.0
786 0.0
787 0.0
788 0.0
789 0.0
790 -0.0016041838006239744
791 -0.002823632117078223
792 -0.0014979053510579066
793 0.0
794 0.0
795 -0.0014247837499750198
796 0.0
797 0.0
798 0.0
799 0.0
800 0.0
801 0.0
802 0.0
803 0.0
804 0.0
805 0.0
806 -0.0004909475140280788
807 -0.0001901183786952958
808 0.0
809 0.0
810 0.0
811 0.0
812 0.0
813 0.0
814 0.0
815 0.0
816 0.0
817 0.0
818 0.0
819 0.0
820 0.0
821 0.0
822 0.0
823 -0.0007436019885831365
824 0.0
825 0.0
826 -0.000555065093698817
827 -0.00039850907258487357
828 -0.00016760688665673376
829 -0.0006165013177491645
830 -0.0005468776322366416
831 0.0
832 -0.0005629157103436591
833 0.0
834 0.0
835 0.0
836 0.0
837 0.0
838 0.0
839 0.0
840 9.8647137572123e-05
841 5.554061956334219e-06
842 0.0
843 -0.00039835969007244817
844 0.0
845 0.0
846 0.0
847 0.0
848 0.0
849 0.0
850 0.0
851 0.0
852 0.0
853 -0.002180985384629017
854 -0.0021775355309203346
855 -0.0012345385171169433
856 -0.0011475375634806392
857 -0.0010669687545399463
858 -0.0021136669614994393
859 -0.0008955107585792624
860 0.0
861 0.0
862 -0.00033594570719080124
863 -0.0006906812190652884
864 0.0
865 0.0
866 0.0
867 0.0
868 0.0
869 0.0
870 -9.888976556789824e-05
871 -9.226335522047011e-05
872 0.0
873 0.0
874 0.0
875 0.0
876 0.0
877 0.0
878 0.0
879 0.0
880 0.0
881 0.0
882 -0.00047771444456468776
883 0.0
884 -0.0007984892412424517
885 0.0
886 -0.0007334758758849255
887 -0.001682248981923731
888 -0.001624280957058569
889 -0.0013095635891982604
890 -0.0015232127326775071
891 -0.0016158859344872262
892 0.0
893 0.0
894 -0.0007863457703474031
895 -0.0009674794205335841
896 -0.000840221055808393
897 0.0
898 0.0
899 0.0
900 0.0
901 0.0
902 0.0
903 0.0
904 0.0
905 0.0
906 0.0
907 0.0
908 0.0
909 0.0
910 0.0
911 0.0
912 0.0
913 0.0
914 0.0
915 0.0
916 0.0
917 -0.001267779928927273
918 -0.0020637640697551253
919 -0.001053856662092546
920 -0.000369677079028465
921 -0.0013741135373365936
922 0.0
923 0.0
924 0.0
925 0.0
926 0.0
927 0.0
928 0.0
929 0.0
930 0.0
931 0.0
932 0.0
933 0.0
934 -0.0006743844737323974
935 -0.00025695921661572874
936 0.0
937 0.0
938 0.0
939 0.0
940 0.0
941 0.0
942 0.0
943 0.0
944 0.0
945 0.0
946 0.0
947 -0.0006525365071676875
948 -0.002413174164654401
949 -0.0006239220643240956
950 -0.0005421693566649714
951 -0.0010524129085411097
952 -0.004149300505377194
953 -0.0017540698958679747
954 -0.003643644863976829
955 -0.0009750153632348233
956 0.0
957 0.0
958 -0.0015496424517629616
959 -0.002056416373475529
960 -0.0001304443909957274
961 0.0
962 0.0
963 0.0
964 0.0
965 -0.000620266598186664
966 0.0
967 0.0
968 0.0
969 0.0
970 0.0
971 0.0006412495924857195
972 0.0
973 0.0
974 0.0
975 0.0
976 0.0
977 0.0
978 0.0
979 0.0
980 0.0
981 0.0
982 -0.0012294827976771878
983 -0.0018369286076023532
984 -0.00018035855759914195
985 0.0
986 0.0
987 0.0
988 0.0
989 0.0
990 0.0
991 0.0
992 0.0
993 0.0
994 0.0
995 0.0
996 0.0
997 0.0
998 0.0
999 -0.0002938538135583583
1000 0.0
1001 0.0
1002 0.0
1003 0.0
1004 0.0
1005 0.0
1006 0.0
1007 0.0
1008 0.0
1009 0.0
1010 0.0
1011 0.0
1012 0.0
1013 0.0
1014 0.0
1015 -0.00039858082554168725
1016 -0.003876166194836961
1017 -0.001688512335522373
1018 0.0
1019 0.0
1020 0.0
1021 0.0
1022 -0.00043278020913811114
1023 -0.0006986246652367873
1024 -4.5860673257184904e-05
1025 0.0
1026 0.0
1027 0.0
1028 0.0
1029 0.0
1030 -1.4741669969986759e-05
1031 -0.0009307426280508401
1032 0.0
1033 0.0
1034 0.0
1035 0.0
1036 0.0018860969936472676
1037 0.0
1038 0.0
1039 0.0
1040 0.0
1041 0.0
1042 0.0
1043 0.0
1044 0.0
1045 -0.0006103503656434858
1046 -0.0016889868250576142
1047 -0.0012309050690698909
1048 -3.074212470456424e-05
1049 0.0
1050 0.0
1051 -0.00040299135443164777
1052 -0.001096562264297037
1053 -0.0008038790583915524
1054 0.0
1055 0.0
1056 0.0
1057 0.0
1058 0.0
1059 0.0
1060 0.0
1061 0.0
1062 0.0
1063 0.0
1064 0.0
1065 0.0
1066 0.0
1067 0.0
1068 0.0
1069 0.0
1070 0.0
1071 0.0
1072 0.0
1073 0.0
1074 0.0
1075 0.0
1076 0.0
1077 0.0
1078 0.0
1079 0.0
1080 -0.00032742811240097513
1081 0.0
1082 0.0
1083 0.0
1084 0.0
1085 0.0
1086 0.0
1087 -0.00019211415879092205
1088 0.0
1089 0.0
1090 0.0
1091 0.0
1092 0.0
1093 0.0
1094 0.0
1095 -0.001248129033168434
1096 0.0
1097 0.0
1098 0.0
1099 0.0
1100 0.0
1101 0.0013818306678686546
1102 0.0
1103 0.0
1104 0.0
1105 0.0
1106 0.0
1107 0.0
1108 0.0
1109 -0.00171562402334294
1110 -0.0006268583409791673
1111 0.0
1112 0.0
1113 0.0
1114 0.0
1115 -0.0012184421701257012
1116 -0.0020978635899427545
1117 -0.0019798618946837163
1118 -8.160439990293732e-05
1119 0.0
1120 0.0
1121 0.0
1122 0.0
1123 0.0019408722419363852
1124 0.0
1125 0.0
1126 0.0
1127 0.0
1128 0.0
1129 0.0
1130 0.0
1131 0.0
1132 0.0
1133 0.0
1134 0.0
1135 0.0
1136 0.0
1137 0.0
1138 0.0
1139 0.0
1140 0.0
1141 0.0
1142 0.0
1143 0.0
1144 0.0
1145 0.0
1146 0.0
1147 0.0
1148 -3.917918544101838e-05
1149 0.0
1150 0.0
1151 0.0
1152 0.0
1153 0.0
1154 0.0
1155 0.0
1156 0.0
1157 0.0
1158 0.0
1159 0.0
1160 0.0
1161 0.0
1162 0.0
1163 0.0
1164 0.0
1165 0.0022817617685008985
1166 0.0012319442325548324
1167 0.0
1168 0.0
1169 0.0
1170 0.0
1171 0.0
1172 0.0
1173 0.0
1174 0.0
1175 0.0
1176 0.0
1177 0.0
1178 0.0
1179 0.0
1180 0.0
1181 0.0
1182 0.0
1183 0.0
1184 0.0
1185 0.0
1186 0.0005276296657470703
1187 0.003023006982421328
1188 0.0
1189 0.0
1190 0.0
1191 0.0
1192 0.0
1193 0.0
1194 0.0
1195 0.0
1196 0.0
1197 0.0
1198 0.0
1199 0.0
1200 0.0
1201 0.0
1202 0.0
1203 0.0
1204 0.0
1205 0.0
1206 0.0
1207 0.0
1208 0.0
1209 0.0
1210 0.0
1211 0.0
1212 0.0
1213 0.0
1214 0.0
1215 0.0
1216 0.0
1217 0.0
1218 -3.193955750528779e-05
1219 0.0
1220 0.0
1221 0.0
1222 0.0
1223 0.0
1224 0.0
1225 0.0
1226 0.0
1227 0.0
1228 0.0
1229 0.0
1230 0.0
1231 0.0
1232 0.0
1233 0.0
1234 0.0
1235 0.0
1236 0.0
1237 0.0
1238 0.0
1239 0.0
1240 0.0
1241 0.0
1242 0.0
1243 0.0
1244 0.0
1245 0.0
1246 0.0
1247 0.0
1248 0.0
1249 0.001638343674535036
1250 0.0039700067524437825
1251 0.0017470506887911504
1252 0.0
1253 0.0
1254 0.0
1255 0.0
1256 0.0
1257 0.0
1258 0.0
1259 0.0
1260 0.0
1261 0.0
1262 0.0
1263 0.0
1264 0.0
1265 0.0
1266 0.0
1267 0.0
1268 0.0
1269 0.0
1270 0.0
1271 0.0
1272 0.0
1273 0.0
1274 0.0
1275 0.0
1276 0.0
1277 0.0
1278 0.0
1279 0.0
1280 0.0
1281 0.0
1282 0.0
1283 0.0
1284 0.0
1285 0.0
1286 0.00028938894398385394
1287 0.0
1288 0.0
1289 0.0
1290 0.0
1291 0.0
1292 0.0
1293 0.0
1294 0.0
1295 0.0
1296 0.0
1297 0.0
1298 0.0
1299 0.0
1300 0.0
1301 0.0
1302 0.0
1303 0.0
1304 0.0
1305 0.0
1306 0.0
1307 0.0
1308 0.0
1309 0.0
1310 0.0
1311 0.0
1312 0.0
1313 0.002165838648870471
1314 0.004607812381414743
1315 0.0021923847764121576
1316 0.00047453750714761294
1317 0.0
1318 0.00018818733336512994
1319 0.0
1320 0.0
1321 0.0
1322 0.0
1323 0.0
1324 0.0
1325 0.0
1326 0.0
1327 0.0
1328 0.0
1329 0.0
1330 0.0
1331 0.0
1332 0.0
1333 0.0
1334 0.0
1335 0.0
1336 0.0
1337 0.0
1338 0.0
1339 0.0
1340 0.0
1341 0.0
1342 0.0
1343 0.0
1344 0.0
1345 0.0
1346 0.0
1347 0.0
1348 0.0
1349 0.0
1350 0.0
1351 0.0
1352 0.0
1353 0.0
1354 0.0
1355 0.0
1356 0.0
1357 0.0
1358 0.0
1359 0.0
1360 0.0
1361 0.0
1362 0.0
1363 0.0
1364 0.0
1365 0.0
1366 0.0
1367 0.0
1368 0.0
1369 0.0
1370 0.0
1371 0.0
1372 0.0
1373 0.0
1374 0.0
1375 0.0
1376 0.0
1377 0.0008295576579317781
1378 0.005921396155573274
1379 0.0012671452870569218
1380 0.00030378933881360266
1381 0.0011055395784284562
1382 0.0
1383 0.0
1384 0.0
1385 0.0
1386 0.0
1387 0.0
1388 0.0
1389 0.0
1390 0.0
1391 0.0
1392 0.0
1393 0.0
1394 0.0
1395 0.0
1396 0.0
1397 0.0
1398 0.0
1399 0.0
1400 0.0
1401 0.0
1402 0.0
1403 0.0
1404 0.0
1405 0.0
1406 0.0
1407 0.0
1408 0.0
1409 0.0
1410 0.0
1411 0.0
1412 0.0
1413 0.0
1414 0.0
1415 0.0
1416 0.0
1417 0.0
1418 0.0
1419 0.0
1420 0.0
1421 0.0
1422 0.0005459842354187464
1423 0.0
1424 0.0
1425 0.0
1426 0.0
1427 0.0
1428 0.0
1429 0.0
1430 0.0
1431 0.0
1432 0.0
1433 0.0
1434 0.0
1435 -0.000414210420221347
1436 0.0
1437 0.0
1438 0.0
1439 0.0
1440 0.0
1441 0.0006361978181066275
1442 0.0018237118908968207
1443 0.000796992503289021
1444 0.0
1445 0.001943351465412941
1446 0.0013517876084922977
1447 0.0
1448 0.0
1449 0.0
1450 0.0
1451 0.0
1452 0.0
1453 0.0
1454 0.0
1455 0.0
1456 0.0
1457 0.0
1458 0.0
1459 0.0
1460 0.0
1461 0.0
1462 -6.821249647257085e-05
1463 0.0
1464 0.0
1465 0.0
1466 0.0
1467 0.0
1468 0.0
1469 0.0
1470 0.0
1471 0.0
1472 0.0
1473 0.0
1474 0.0
1475 0.0
1476 0.0
1477 0.0
1478 0.0
1479 0.0
1480 0.0
1481 0.0
1482 0.0
1483 0.0
1484 0.0
1485 0.0
1486 0.0014274499796864183
1487 3.496412736274959e-05
1488 0.0
1489 0.0
1490 0.0
1491 0.0
1492 0.0
1493 0.0
1494 0.0
1495 0.0
1496 0.0
1497 0.0
1498 0.0
1499 0.0
1500 0.0
1501 0.0
1502 0.0
1503 0.0
1504 0.0
1505 0.0
1506 0.0
1507 0.0013958155094317272
1508 0.0009237120463159242
1509 0.003207849367509265
1510 0.003908195353251991
1511 0.00038574880647712726
1512 0.0017029100073481065
1513 0.0
1514 0.0
1515 -0.00023761878544341974
1516 -0.0012066201381249707
1517 -0.00027291136756278417
1518 0.0
1519 0.0
1520 0.0
1521 0.0
1522 0.0
1523 0.0
1524 0.0
1525 0.0
1526 0.0
1527 0.0
1528 0.0
1529 0.0
1530 0.00011557395448425692
1531 0.0
1532 0.0
1533 0.0
1534 0.0
1535 0.0
1536 0.0
1537 0.0
1538 0.0
1539 0.0
1540 0.0
1541 0.0
1542 0.0
1543 0.0
1544 0.0
1545 0.0
1546 0.0
1547 0.0
1548 0.0
1549 0.0
1550 0.000186055800172318
1551 0.00010345097240766213
1552 0.0
1553 0.0
1554 0.0
1555 0.0
1556 0.0
1557 0.0
1558 0.0
1559 0.0
1560 0.0
1561 0.0006918887322069457
1562 0.0
1563 0.0
1564 0.0
1565 -0.0005360685697681399
1566 0.0
1567 0.0
1568 0.0
1569 0.0
1570 0.0028106272799091328
1571 0.0037879097578075883
1572 0.0023027705901550012
1573 0.002898653437503213
1574 0.0
1575 0.0
1576 0.0008456098895140518
1577 0.0
1578 0.0
1579 0.0
1580 0.0
1581 0.0
1582 0.0
1583 0.0
1584 0.0
1585 0.0
1586 0.0
1587 0.0
1588 -0.0008430542493006304
1589 -0.0009353565933976405
1590 -0.0009660957058946201
1591 0.0
1592 0.0
1593 0.0
1594 0.0
1595 0.00045352857595385126
1596 0.0
1597 0.0
1598 0.0
1599 0.0
1600 0.0
1601 0.0
1602 0.0
1603 0.0
1604 0.0
1605 0.0
1606 0.0
1607 0.0
1608 0.0
1609 0.0
1610 0.0
1611 0.0
1612 0.0
1613 0.0
1614 0.001356892456285736
1615 0.0012728532943966546
1616 0.0
1617 0.0
1618 0.0
1619 0.0
1620 0.0
1621 0.0
1622 0.0
1623 0.0
1624 0.0
1625 0.0
1626 0.0
1627 0.0
1628 -0.001776329069697441
1629 -0.0027801399929943504
1630 0.0
1631 0.0
1632 0.0
1633 0.0
1634 0.0017267146081398723
1635 0.0020986743017371717
1636 0.0019952003957819106
1637 0.0
1638 0.0
1639 0.0012486400299931704
1640 0.0
1641 0.0
1642 0.0
1643 0.0
1644 0.0
1645 0.0
1646 0.0
1647 0.0
1648 0.0
1649 0.0
1650 0.0
1651 0.0
1652 -0.00020819037580361696
1653 -0.00041218644825987094
1654 -0.0024157882199066214
1655 0.0
1656 0.0
1657 0.0
1658 0.0
1659 0.0
1660 0.0
1661 0.0
1662 0.0
1663 0.0
1664 0.0
1665 0.0
1666 0.0
1667 0.0
1668 0.0
1669 0.0
1670 0.0
1671 0.0
1672 0.0
1673 0.0
1674 0.0
1675 0.0
1676 0.0
1677 0.0
1678 0.00057300204468112
1679 0.0
1680 0.0
1681 0.0
1682 0.0
1683 0.0
1684 0.0
1685 0.0
1686 0.0
1687 0.0
1688 0.0009883411837269568
1689 0.0
1690 0.0
1691 0.0
1692 -0.001182360315187664
1693 -0.0008103570136096228
1694 0.0
1695 0.0
1696 0.0
1697 0.0
1698 0.0
1699 0.0
1700 0.0
1701 0.0
1702 0.0
1703 0.0
1704 0.0
1705 0.0
1706 0.0
1707 0.0
1708 0.0
1709 0.0
1710 0.0
1711 0.0
1712 0.0
1713 0.0
1714 0.0
1715 0.0
1716 0.0
1717 0.0
1718 0.0
1719 0.0
1720 0.0
1721 0.0
1722 0.0
1723 0.0
1724 2.077873034446601e-05
1725 0.0001016762103362721
1726 0.0
1727 0.0
1728 0.0
1729 0.0
1730 0.0
1731 0.0
1732 0.0
1733 0.0
1734 0.0
1735 0.0
1736 0.0
1737 0.0
1738 0.0
1739 0.0
1740 0.0
1741 0.0
1742 0.0
1743 0.0
1744 0.0
1745 0.0
1746 0.0
1747 0.0
1748 0.0
1749 0.0
1750 0.0
1751 0.0
1752 0.0
1753 0.0
1754 0.0
1755 0.0
1756 0.0
1757 0.0
1758 0.0
1759 0.0
1760 0.0
1761 0.0
1762 0.0
1763 0.0
1764 0.0
1765 0.0
1766 0.0
1767 0.0
1768 0.0
1769 0.0
1770 0.0
1771 0.0
1772 0.0
1773 0.0
1774 0.0
1775 0.0
1776 0.0
1777 -0.0019172507055188247
1778 -0.002095333102034425
1779 -0.0017253953161602592
1780 0.0
1781 0.0
1782 0.0
1783 0.0
1784 0.0
1785 0.0
1786 0.0
1787 0.0
1788 0.0
1789 0.0
1790 0.0
1791 0.0
1792 0.0
1793 0.0
1794 0.0
1795 0.0
1796 0.0
1797 0.0
1798 0.0
1799 0.0
1800 0.0
1801 0.0
1802 0.0
1803 0.0
1804 0.0
1805 0.0
1806 0.0
1807 0.0
1808 0.0
1809 0.000317417875019977
1810 0.00015886544167443
1811 0.0
1812 0.0
1813 0.0
1814 0.0
1815 0.0
1816 0.0
1817 0.0
1818 0.0
1819 0.0
1820 0.0
1821 0.0
1822 0.0
1823 0.0
1824 0.0
1825 0.0
1826 0.0
1827 0.0
1828 0.0
1829 0.0
1830 0.0
1831 0.0
1832 0.0
1833 0.0
1834 0.0
1835 0.0
1836 0.0
1837 0.0
1838 0.0
1839 0.0
1840 -0.0019265637267906553
1841 -0.0034701612862820257
1842 -0.002947690047702353
1843 -0.0016261287108977986
1844 -0.0008028011384295218
1845 0.0
1846 0.0
1847 0.0
1848 0.0
1849 0.0
1850 0.0
1851 0.0
1852 0.0
1853 0.0
1854 0.00081626872246385
1855 0.0
1856 0.0
1857 0.0
1858 0.0
1859 0.0
1860 0.0
1861 0.0
1862 0.0
1863 0.0
1864 0.0
1865 0.0
1866 0.0
1867 0.0
1868 0.0
1869 0.0
1870 0.0
1871 0.00015853198168981804
1872 0.0
1873 0.0
1874 0.0
1875 0.0
1876 0.0
1877 0.0
1878 0.0
1879 9.413644364286596e-05
1880 0.0019240539704109079
1881 0.0015630787409495798
1882 0.002405205047567228
1883 0.003170570320779
1884 0.0016865016646635646
1885 0.0002919005121415424
1886 0.0
1887 0.0
1888 0.0
1889 0.0
1890 0.0
1891 0.0
1892 0.0
1893 0.0
1894 0.0
1895 0.0
1896 0.0
1897 0.0
1898 0.0
1899 0.0
1900 0.0
1901 0.0
1902 0.0
1903 -0.001857184582676039
1904 -0.003311181783774895
1905 -0.0029249470219816984
1906 -0.0028263083834020007
1907 -0.0020309312011114484
1908 0.0
1909 0.0
1910 0.0
1911 0.0
1912 0.0
1913 0.0
1914 0.0
1915 0.0
1916 0.0
1917 0.0
1918 0.0
1919 1.8235084335658707e-05
1920 0.0
1921 0.0
1922 0.0
1923 0.0
1924 0.0
1925 0.0
1926 0.0
1927 0.0
1928 0.0
1929 0.0
1930 0.0
1931 0.0
1932 0.0
1933 0.0
1934 0.000969307768018273
1935 0.001803210032992702
1936 0.0011294289009698753
1937 0.0009885167353675573
1938 0.0
1939 0.0
1940 0.0
1941 0.0
1942 0.0
1943 0.0
1944 0.0012188663825776812
1945 0.0016069346695384828
1946 0.002537784449255019
1947 0.0018611787910093704
1948 0.0013502815350779273
1949 0.001950469837185184
1950 0.0018049593918035287
1951 0.0017784207626823803
1952 0.001499268843973035
1953 0.0006040095863265428
1954 0.0
1955 0.0
1956 0.0
1957 0.0
1958 0.0
1959 0.0
1960 0.0
1961 0.0
1962 0.0
1963 0.0
1964 -4.964497156288303e-05
1965 0.0
1966 0.0
1967 -0.0006508075507447918
1968 -0.0020426376784959802
1969 0.0
1970 0.0
1971 -0.0019067788185560149
1972 0.0
1973 0.0
1974 0.0
1975 0.0
1976 0.0
1977 0.0
1978 0.0
1979 0.0
1980 0.0
1981 0.0
1982 0.0
1983 0.0006194370676339955
1984 0.0
1985 0.0
1986 -0.00027701020475757787
1987 0.0
1988 0.0
1989 0.0
1990 0.0
1991 0.0
1992 0.0
1993 0.0
1994 0.0
1995 0.0
1996 0.0
1997 0.0003424903825908995
1998 0.002970526464822484
1999 0.0010662890229619492
2000 0.0007787092962209853
2001 0.0011199154286147563
2002 0.0
2003 0.0
2004 0.0
2005 0.0
2006 0.0
2007 0.0
2008 0.0
2009 0.00012513988146052767
2010 0.0012864273009415479
2011 0.0009856190061869516
2012 0.0
2013 0.0001583387151926014
2014 0.0
2015 0.0
2016 0.0
2017 0.00033634135434320385
2018 0.0006538502969559598
2019 0.0
2020 0.0
2021 0.0
2022 0.0
2023 0.0
2024 0.0
2025 0.0
2026 0.0
2027 0.0
2028 0.0
2029 -0.004273318939770204
2030 -0.0017476388297573747
2031 -0.0011060442808713705
2032 -0.0006405030507339766
2033 -0.0006478126213376433
2034 -0.0006830722046087984
2035 0.0
2036 0.0
2037 0.0
2038 0.0
2039 0.0
2040 0.0
2041 0.0
2042 0.0
2043 0.0
2044 0.0
2045 0.0
2046 0.0
2047 0.0009235316320716123
2048 0.0
2049 0.0
2050 -0.0008388080030290818
2051 -0.000365313227510347
2052 0.0
2053 0.0
2054 0.0
2055 0.0
2056 0.0
2057 0.0
2058 0.0
2059 0.0
2060 0.0
2061 0.0006126867063631373
2062 0.000512063690532835
2063 4.577944989762728e-06
2064 0.0015782763110958938
2065 0.0012623838698662413
2066 0.0
2067 0.0
2068 0.0
2069 0.0
2070 0.0
2071 0.0
2072 0.0
2073 0.0005833928345706749
2074 0.0
2075 5.82865740314041e-05
2076 0.0
2077 0.0
2078 0.0
2079 0.0
2080 0.0
2081 0.0015650852613957101
2082 0.0008834248514982888
2083 0.0
2084 0.0
2085 0.0
2086 0.0
2087 0.0
2088 -0.00026776221309889915
2089 0.0
2090 0.0
2091 0.0
2092 -0.00026125087664501936
2093 -0.0008067301602236706
2094 0.0
2095 -0.0005461113436420004
2096 -0.001622484981062359
2097 -0.001965358447676922
2098 -0.0009165415748280858
2099 -0.0012782344019960463
2100 0.0
2101 0.0
2102 -2.2002959279563875e-05
2103 0.0
2104 0.0
2105 0.0
2106 0.0
2107 0.0
2108 0.0
2109 0.0
2110 0.0
2111 0.00032415948292836844
2112 0.0
2113 0.0
2114 -0.0009503065564787204
2115 -0.000493571498451679
2116 0.0
2117 0.0
2118 0.0
2119 0.0
2120 0.0
2121 0.0
2122 0.0
2123 0.0
2124 0.0
2125 0.0010694648860452116
2126 0.0007648299237757588
2127 0.0
2128 0.0015889439825549434
2129 0.001995185954147375
2130 4.6979465048631506e-05
2131 0.0
2132 0.0
2133 0.0
2134 0.0
2135 0.0
2136 0.0
2137 0.0016956438176037093
2138 0.0005012636544371062
2139 0.0
2140 0.0
2141 0.0
2142 0.0
2143 0.0
2144 0.0001981973752025311
2145 0.0020539631927822873
2146 0.0
2147 0.0
2148 0.0
2149 0.0
2150 -3.6243612629736225e-05
2151 0.0
2152 0.0
2153 0.0
2154 0.0
2155 0.0
2156 0.0
2157 0.0
2158 0.0
2159 0.0
2160 -0.0008339170538865958
2161 -0.0004124826060237444
2162 0.0
2163 0.0
2164 0.0
2165 0.0
2166 -0.000983025987426853
2167 0.0
2168 0.0
2169 0.0
2170 0.0
2171 0.0
2172 0.0
2173 0.0
2174 0.0
2175 0.0
2176 0.0
2177 0.0
2178 -0.0013643560263564322
2179 0.0
2180 0.0
2181 0.0
2182 0.0008215599533975397
2183 0.0
2184 0.0
2185 0.0
2186 0.0
2187 0.0
2188 0.0
2189 0.0007652374333064212
2190 6.0222407117643844e-05
2191 6.099646713183253e-05
2192 0.0001547719215427422
2193 0.00022167193305413038
2194 0.0
2195 0.0
2196 0.0
2197 0.0
2198 0.0
2199 0.0
2200 0.0
2201 0.0
2202 0.0005214064841668472
2203 0.0016004508780688301
2204 0.0009128523997533771
2205 0.000646235879233092
2206 0.0
2207 0.0
2208 0.0
2209 0.0005996112671710677
2210 0.0
2211 0.0
2212 0.0
2213 0.0
2214 0.0
2215 0.0
2216 0.0
2217 0.0
2218 0.0
2219 0.0
2220 0.0
2221 0.0
2222 0.0
2223 0.0
2224 0.0
2225 0.0
2226 0.0
2227 0.0
2228 0.0
2229 0.0
2230 0.0
2231 0.0
2232 0.0
2233 0.0
2234 0.0
2235 0.00018424830695357652
2236 0.0010191210217736263
2237 0.0
2238 0.0
2239 0.0
2240 0.0
2241 0.0
2242 -0.0017207528968781896
2243 -8.18810980482707e-05
2244 0.0
2245 0.0
2246 0.0
2247 4.1373448513854025e-05
2248 0.0
2249 0.0
2250 0.0
2251 0.0
2252 0.0
2253 0.0008108913266816285
2254 0.00010637683897175905
2255 0.000538890932879424
2256 0.0
2257 0.0
2258 0.0
2259 0.0
2260 0.0
2261 0.0
2262 0.0
2263 0.00018952337047209168
2264 0.0
2265 0.0
2266 0.0
2267 1.3609068728033806e-05
2268 0.0
2269 0.0
2270 0.0
2271 0.0
2272 0.0
2273 0.0
2274 0.0
2275 0.0
2276 0.0
2277 0.0
2278 -0.0007191418385474401
2279 0.0
2280 0.0
2281 0.0
2282 0.0
2283 0.0
2284 0.0
2285 0.0
2286 0.0
2287 0.0
2288 0.0
2289 0.0
2290 0.0
2291 0.0
2292 0.0
2293 0.0
2294 0.0
2295 0.0
2296 0.0
2297 0.0
2298 0.0
2299 0.0
2300 0.0008461910016167642
2301 0.00031285134678876736
2302 0.0
2303 0.0
2304 0.0
2305 0.0
2306 -0.0015234186902531807
2307 -0.0012203651341602742
2308 0.0
2309 0.0
2310 0.0
2311 0.0
2312 0.0
2313 0.0
2314 0.0
2315 0.0
2316 0.0
2317 0.0011955362161108593
2318 0.0007586346579079446
2319 0.0010034700049977004
2320 2.9118313390392804e-05
2321 2.1962292159631426e-05
2322 0.0
2323 0.0
2324 0.0
2325 0.0
2326 0.0
2327 0.0009165437438406986
2328 4.25240862882558e-05
2329 0.0
2330 0.0
2331 0.0
2332 0.0
2333 0.0
2334 0.0
2335 0.0
2336 0.0
2337 0.0
2338 0.0
2339 0.0
2340 -6.837148614577163e-05
2341 -0.0016291765689314074
2342 -0.0008726623218952695
2343 0.0
2344 0.0
2345 0.0
2346 0.0
2347 0.0
2348 0.0
2349 0.0
2350 -0.0006104698515161649
2351 0.0
2352 0.0
2353 0.0
2354 0.0
2355 0.0
2356 -9.863561035002033e-05
2357 0.0
2358 0.0
2359 -0.0015387413615074188
2360 0.0
2361 0.0
2362 0.0
2363 0.0
2364 0.0
2365 0.00022259717713587492
2366 0.0
2367 0.0
2368 0.0
2369 0.0
2370 0.0
2371 -0.0004943734452096695
2372 0.0
2373 0.0
2374 0.0
2375 0.0
2376 0.0
2377 0.0
2378 0.0
2379 0.0
2380 0.0
2381 0.0015692154188786914
2382 0.0
2383 0.0
2384 0.0006450906620473937
2385 0.0
2386 0.0
2387 0.0
2388 0.0011666823076153284
2389 0.0
2390 0.0
2391 0.00042973393440518773
2392 0.0
2393 0.0
2394 0.0
2395 0.0
2396 0.0
2397 0.0
2398 0.0
2399 0.0
2400 0.0
2401 0.0
2402 0.0
2403 -0.000284911242165444
2404 -1.1564968829496229e-05
2405 0.0
2406 -0.0005157380740689789
2407 0.0
2408 0.0
2409 0.0
2410 0.0
2411 -0.00023062070119164285
2412 -0.0007081917047836369
2413 -0.0016864159118851912
2414 -0.0020416224348813205
2415 -0.0009419906340552999
2416 0.0
2417 0.0
2418 0.0
2419 -6.958167210622692e-06
2420 -0.00027831581669015074
2421 -0.00022405903167113265
2422 -0.0006470346941297965
2423 -0.002461591114647494
2424 -0.0009176539293942027
2425 0.0
2426 0.0
2427 0.0
2428 0.0
2429 0.0014537537534943322
2430 0.0
2431 0.0
2432 0.0
2433 0.0
2434 0.0
2435 0.0
2436 0.0
2437 0.0
2438 0.0
2439 9.71085790830229e-05
2440 0.0005977638567203829
2441 0.0004250228558142586
2442 0.0005969493988663072
2443 0.0
2444 0.0
2445 0.0010811714212115894
2446 0.0
2447 0.0
2448 0.00030187423385618153
2449 0.0
2450 0.00012353817560936372
2451 0.000841285215501819
2452 0.0009396747196887909
2453 0.0
2454 0.0
2455 0.0
2456 0.0
2457 0.0
2458 0.0
2459 0.0
2460 0.0
2461 0.0
2462 0.0
2463 0.0
2464 0.0
2465 0.0
2466 -0.00026825253707376997
2467 0.0
2468 0.0
2469 0.0
2470 -0.0006134940434955135
2471 0.0
2472 0.0
2473 0.0
2474 0.0
2475 -0.001045202357073488
2476 -0.0011316478278091875
2477 -0.0018241869069120355
2478 -0.0018790970103438115
2479 -0.0021283913147462584
2480 0.0
2481 -0.00019806820615251327
2482 -0.001029744628113049
2483 0.0
2484 0.0
2485 0.0
2486 -0.0007563525407501111
2487 -0.00028748267889090593
2488 0.0
2489 0.0
2490 0.0
2491 0.00018506717914115598
2492 0.001681503821452763
2493 0.00201532336912402
2494 0.00103102521376228
2495 0.0
2496 0.0
2497 0.0
2498 0.0
2499 0.0
2500 0.0
2501 0.0
2502 0.0
2503 0.0
2504 0.0
2505 0.0009108217735579658
2506 0.0005083840296743982
2507 0.0
2508 0.0
2509 5.7869274987457485e-05
2510 0.0
2511 0.0
2512 0.0
2513 0.0005639774464488628
2514 0.0
2515 0.00010214930650404366
2516 0.003312861673038326
2517 0.0007907598306973225
2518 0.0
2519 0.0
2520 0.0
2521 0.0
2522 0.0
2523 0.0
2524 0.0
2525 0.0
2526 0.0003050230811379198
2527 0.0003701600723320429
2528 0.0
2529 0.0
2530 0.0
2531 0.0
2532 0.0
2533 0.0
2534 0.0
2535 0.0
2536 0.0
2537 0.0
2538 0.0
2539 -0.001043468117412992
2540 -0.0005445196495879025
2541 0.0
2542 0.0
2543 0.0
2544 0.0
2545 -0.0011823256162303974
2546 -0.0014070981406022487
2547 0.0
2548 0.0
2549 -0.0004827553040794108
2550 -0.002581241420058253
2551 -0.0013867799373130719
2552 -0.0011221327333315306
2553 0.0
2554 0.0
2555 0.0006093539048725556
2556 0.002827260428471448
2557 0.0008066089327131334
2558 0.0
2559 0.000626598514824397
2560 0.0
2561 0.0
2562 0.0
2563 0.0
2564 0.0
2565 0.0
2566 0.0
2567 0.0
2568 0.00018574746180640442
2569 0.0013451490525280233
2570 0.0013657091332258523
2571 0.0
2572 0.0
2573 0.0015205741600974071
2574 0.0035670610307390552
2575 0.0011060897278744538
2576 0.0
2577 0.0
2578 0.0008730506326058373
2579 0.0010914070170358343
2580 0.0007350521440116045
2581 0.0003120967722228417
2582 0.0
2583 0.0
2584 0.0
2585 0.0
2586 0.0
2587 0.0
2588 0.0
2589 0.0
2590 0.0
2591 0.0
2592 0.0
2593 0.0
2594 0.0
2595 0.0006497101273388606
2596 0.0
2597 0.0
2598 0.0
2599 0.0
2600 0.0
2601 0.0
2602 0.0
2603 0.0
2604 0.0
2605 0.0
2606 0.0
2607 0.0
2608 0.0
2609 -0.002828370844360857
2610 -5.573406553357308e-05
2611 -0.000555046042080188
2612 -0.0019306482881916666
2613 -0.0006511481038003945
2614 0.0
2615 0.0
2616 0.0
2617 0.0
2618 0.0
2619 0.00034015491989910254
2620 0.0015912425819984404
2621 0.000826094827801034
2622 0.0
2623 9.433246190036414e-05
2624 0.0
2625 0.0
2626 0.0
2627 0.0
2628 0.0
2629 0.0
2630 0.0
2631 0.0003000773435913388
2632 0.0006202357879461025
2633 0.0009763701947562721
2634 4.839616082033265e-05
2635 0.00039003887368060377
2636 0.0
2637 0.0010808291040236204
2638 0.001021474954841713
2639 0.0
2640 0.0
2641 0.0
2642 0.0
2643 0.00022689305308600378
2644 0.0009425912992978924
2645 0.0
2646 0.0
2647 0.0
2648 0.0
2649 0.0
2650 0.0
2651 0.0
2652 0.0
2653 0.0
2654 0.0
2655 0.0
2656 0.0
2657 0.0
2658 0.0
2659 0.0
2660 0.0
2661 0.0
2662 0.0
2663 0.0
2664 0.0
2665 0.0
2666 0.0
2667 0.0
2668 0.0
2669 0.0
2670 0.0
2671 -0.001711466047133574
2672 -0.001670741070666934
2673 0.0
2674 -0.00048786376691510293
2675 -0.0002227944941337462
2676 0.0
2677 0.0
2678 0.0
2679 0.0
2680 0.0
2681 0.0
2682 0.0
2683 7.700644224410142e-05
2684 0.0004751525834639284
2685 0.0017218228756549273
2686 0.0
2687 0.0013167945584337726
2688 0.0
2689 0.0
2690 0.0
2691 0.0
2692 0.0
2693 0.0
2694 0.0
2695 0.00038716757481156846
2696 0.0
2697 0.0
2698 0.0
2699 0.0
2700 0.0
2701 0.0
2702 0.0
2703 0.0
2704 0.0
2705 0.0
2706 0.0
2707 0.0
2708 0.0008496627371849675
2709 0.0011878828120985994
2710 0.0
2711 0.0
2712 0.0
2713 0.0
2714 0.0
2715 0.0
2716 0.0
2717 0.0
2718 0.0
2719 0.0
2720 0.0
2721 0.0
2722 0.00065741279503927
2723 0.00036503513948634645
2724 0.0
2725 0.0
2726 0.0
2727 0.0
2728 0.0010017611418617388
2729 0.0
2730 0.0
2731 0.0
2732 0.0
2733 0.0
2734 0.0
2735 0.0
2736 0.0
2737 0.0
2738 -6.926259359811839e-05
2739 0.0
2740 -3.860704006322497e-06
2741 0.0
2742 0.0
2743 0.0
2744 0.0
2745 0.0004135921968770667
2746 0.0012181043104279043
2747 2.7653253090926405e-05
2748 0.0
2749 0.0
2750 0.0
2751 0.0
2752 0.0
2753 0.0
2754 0.0
2755 0.0
2756 0.0005138760417909405
2757 0.0
2758 0.0
2759 0.0
2760 0.0012489717478818912
2761 0.0
2762 0.0
2763 0.0
2764 0.0
2765 0.0
2766 -0.0001150112894602387
2767 0.0
2768 0.0
2769 0.0
2770 0.0
2771 0.0
2772 0.0007446344943408977
2773 0.0028873916526815273
2774 0.0016127942306033653
2775 0.0
2776 0.0
2777 0.0
2778 0.0
2779 0.0
2780 0.0
2781 0.0
2782 0.0
2783 0.0
2784 0.0
2785 0.0
2786 0.001613290736715325
2787 0.0023034974053361213
2788 0.0
2789 0.0
2790 0.0
2791 0.0018438135087847228
2792 0.0
2793 0.0
2794 0.0
2795 0.0
2796 0.0
2797 0.0
2798 0.0
2799 0.0
2800 0.0
2801 0.0
2802 0.0
2803 0.0
2804 0.0
2805 0.0
2806 0.0
2807 0.0
2808 0.0
2809 0.0
2810 0.0
2811 0.0
2812 0.0
2813 0.0
2814 0.0
2815 0.0
2816 0.0
2817 0.0
2818 0.0
2819 0.0
2820 0.00032284778388444165
2821 0.0006595006354478153
2822 0.0
2823 0.0
2824 0.0
2825 0.0
2826 0.0
2827 0.0
2828 0.0
2829 -0.00043856212411108847
2830 0.0
2831 0.0
2832 0.0
2833 0.0
2834 0.0
2835 0.0
2836 0.0
2837 0.0
2838 0.0
2839 0.0006715497216702689
2840 0.0
2841 0.0
2842 0.0
2843 0.0
2844 0.0
2845 0.0
2846 0.0
2847 0.0
2848 0.0
2849 0.0
2850 0.0008835186892542199
2851 0.00028107452678544597
2852 0.0
2853 0.0
2854 0.0
2855 0.0
2856 0.0
2857 0.0
2858 0.0
2859 0.0
2860 0.0
2861 0.0
2862 0.0
2863 0.0
2864 0.0
2865 0.0
2866 0.0
2867 0.0
2868 0.0
2869 0.0
2870 0.0
2871 0.0
2872 0.0
2873 0.0
2874 0.0
2875 0.0
2876 0.0
2877 0.0
2878 0.0
2879 0.0
2880 0.0
2881 0.0
2882 0.0
2883 0.0
2884 0.0
2885 0.0006309967676744078
2886 0.0
2887 0.0
2888 0.0
2889 0.0
2890 0.0
2891 -0.0013323300240404932
2892 -0.0010572348941254226
2893 0.0
2894 0.0
2895 0.0
2896 0.005223163778375697
2897 0.0004023818091871038
2898 0.0
2899 0.0
2900 0.0
2901 0.0
2902 0.0
2903 0.0
2904 0.0
2905 0.0
2906 0.0
2907 0.0
2908 0.0
2909 0.0
2910 0.0
2911 0.0
2912 0.0
2913 0.0
2914 0.00178239802054608
2915 0.0013428259533866456
2916 0.0013596669918626517
2917 0.0
2918 0.0
2919 0.0
2920 0.0
2921 0.0
2922 0.0
2923 0.0
2924 0.0
2925 0.0
2926 0.0
2927 0.0
2928 0.0
2929 0.0
2930 0.0
2931 0.0
2932 0.0
2933 0.0
2934 0.0
2935 0.0
2936 0.0
2937 0.0
2938 0.0
2939 0.0
2940 0.0
2941 0.0
2942 0.0
2943 0.0
2944 0.0
2945 0.0
2946 0.0
2947 0.0
2948 0.0
2949 0.0
2950 0.0
2951 0.0
2952 0.0
2953 0.0
2954 -0.0010723377849653699
2955 -0.002091736947292648
2956 0.0
2957 0.0
2958 0.001393864312113442
2959 0.0003544171358784293
2960 0.0007898782150687285
2961 0.0034791762259060795
2962 0.0019853800123809198
2963 0.0
2964 0.0
2965 0.0
2966 0.0
2967 0.0
2968 0.0
2969 0.0
2970 0.0
2971 0.0
2972 0.0
2973 0.0
2974 0.0
2975 0.0
2976 0.0
2977 0.0014049524770317625
2978 0.0025539717847651894
2979 0.0024457239760403158
2980 0.0
2981 0.0
2982 0.0
2983 0.0
2984 0.0
2985 0.0
2986 0.0
2987 0.0
2988 0.0
2989 0.0
2990 0.0
2991 0.0
2992 0.0
2993 0.0
2994 0.0
2995 0.0
2996 0.0
2997 0.0
2998 0.0
2999 0.0
3000 0.0
3001 0.0
3002 0.0
3003 0.0
3004 0.0
3005 0.0
3006 0.0
3007 0.0
3008 0.0
3009 0.0
3010 0.0
3011 0.0
3012 0.0
3013 0.0
3014 0.0
3015 0.0
3016 0.0
3017 -0.0014231654815613655
3018 -0.0007482463337696876
3019 0.0
3020 0.0
3021 0.0
3022 0.0
3023 0.0
3024 0.0
3025 0.0010051783332846289
3026 0.0013690986485517696
3027 0.00030024901392992876
3028 0.0
3029 0.0
3030 0.0
3031 0.0
3032 0.0
3033 0.0
3034 0.0
3035 0.0
3036 0.0
3037 0.0
3038 0.0
3039 0.0
3040 0.0
3041 0.0017371446741993757
3042 0.00024105533606675445
3043 0.0007327546771805507
3044 0.0
3045 0.0
3046 0.0
3047 0.0
3048 0.0
3049 0.0
3050 0.0
3051 0.0007677694778592281
3052 0.0016310105514619024
3053 0.0
3054 0.0
3055 0.0
3056 0.0
3057 -7.599028592775426e-05
3058 0.0
3059 0.0
3060 0.0
3061 0.0
3062 0.0
3063 0.0
3064 0.0
3065 0.0
3066 0.0
3067 0.0
3068 0.0
3069 0.0
3070 0.0
3071 0.0
3072 0.0
3073 0.0
3074 0.0
3075 0.0
3076 0.0
3077 0.0
3078 0.0
3079 0.0
3080 -0.0018164334308058117
3081 -0.000525703007609773
3082 0.0
3083 0.0
3084 0.0
3085 0.0
3086 0.0
3087 0.0
3088 0.0
3089 0.0
3090 0.0
3091 0.0
3092 0.0
3093 0.0
3094 0.0
3095 0.0
3096 0.0
3097 0.0
3098 0.0
3099 0.0
3100 0.0
3101 0.0
3102 0.0
3103 0.0
3104 0.00012714223254503172
3105 0.00027261394736287207
3106 0.0
3107 0.0
3108 0.0003908839546985604
3109 0.0
3110 0.0
3111 0.0
3112 0.0
3113 0.0
3114 0.0
3115 0.0
3116 0.0
3117 0.0
3118 0.0
3119 0.0
3120 0.0
3121 0.0
3122 0.0
3123 0.0
3124 0.0
3125 0.0
3126 0.0
3127 0.0
3128 0.0
3129 0.0
3130 0.0
3131 0.0
3132 0.0
3133 0.0
3134 0.0
3135 0.0
3136 0.0
3137 0.0
3138 0.0
3139 0.0
3140 0.0
3141 0.0
3142 0.0
3143 0.0
3144 0.0
3145 0.0
3146 0.0
3147 0.0
3148 0.0
3149 0.0
3150 0.0
3151 0.0
3152 0.0
3153 0.0
3154 0.0
3155 0.0
3156 0.0
3157 0.0
3158 0.0
3159 0.0
3160 0.0
3161 0.0
3162 0.0
3163 0.0
3164 0.0
3165 0.0
3166 0.0
3167 0.0
3168 0.0
3169 0.0004059230176752906
3170 0.0
3171 0.0
3172 0.0
3173 0.0
3174 0.0
3175 0.0
3176 0.0
3177 0.0
3178 0.0
3179 0.0
3180 0.0
3181 0.0
3182 0.0
3183 0.0
3184 0.0
3185 0.0
3186 0.0
3187 0.0
3188 0.0
3189 0.0
3190 0.0
3191 0.0
3192 0.0
3193 0.0
3194 -0.0005678970208978096
3195 -7.75451836947626e-05
3196 0.0
3197 0.0
3198 0.0
3199 0.0
3200 0.0
3201 0.0
3202 0.0
3203 0.0
3204 0.0
3205 0.0
3206 0.0
3207 0.0
3208 0.0
3209 0.0
3210 0.0
3211 0.0
3212 0.0
3213 0.0
3214 0.0
3215 0.0
3216 0.0
3217 0.0
3218 0.0
3219 0.0
3220 0.0
3221 0.0
3222 0.0
3223 0.0
3224 0.0
3225 0.0
3226 0.0
3227 0.0
3228 0.0
3229 0.0
3230 0.0
3231 0.0
3232 0.0
3233 0.0
3234 0.0
3235 0.0
3236 0.0
3237 -0.0022665248476851957
3238 -0.0027991934035212396
3239 -0.00011529774367087699
3240 0.0
3241 0.0
3242 0.0
3243 0.0
3244 0.0
3245 0.0
3246 0.0
3247 0.0
3248 0.0
3249 0.0
3250 0.0
3251 0.0
3252 0.0
3253 0.0
3254 0.0
3255 0.0
3256 0.0
3257 -0.0017753319801381523
3258 -0.0014466183756564814
3259 -0.0007454050352320059
3260 0.0
3261 0.0
3262 0.0
3263 0.0
3264 0.0
3265 0.0
3266 0.0
3267 0.0
3268 0.0
3269 0.0
3270 0.0
3271 0.0
3272 0.0
3273 0.003792420238201783
3274 0.000545018108291518
3275 0.0
3276 0.0
3277 0.0
3278 0.0
3279 -0.0010068468572392941
3280 -9.77928405394746e-05
3281 0.0
3282 0.0
3283 0.0
3284 0.0
3285 0.0
3286 0.0
3287 0.0
3288 0.0
3289 0.0
3290 0.0
3291 0.0
3292 0.0
3293 0.0
3294 0.0
3295 0.0
3296 -0.0006104303557319331
3297 0.0
3298 0.0
3299 0.0
3300 -0.00021769500970094822
3301 -0.0025461121171751313
3302 -0.0034684196789150595
3303 -0.0011709506349756478
3304 0.0
3305 0.0
3306 0.0
3307 0.0
3308 0.0
3309 0.0
3310 0.0
3311 0.0
3312 0.0
3313 0.0
3314 0.0011569491111717606
3315 0.00021868649979212652
3316 0.0
3317 0.0
3318 0.0
3319 0.0
3320 -7.210958271736663e-05
3321 -0.0022302502604799393
3322 -0.0018793084061568596
3323 -0.000763785771649411
3324 0.0
3325 0.0
3326 0.0
3327 0.0
3328 0.0
3329 0.0
3330 0.0
3331 0.0
3332 -0.0017800535823227555
3333 0.0
3334 0.0
3335 0.0002777756307671607
3336 0.0025732498626894087
3337 0.001682761960717448
3338 0.0011931867957853891
3339 0.0012747829036413025
3340 0.0
3341 0.0
3342 -0.00028792055366226333
3343 -0.0007595208420216969
3344 -0.00012794959724408067
3345 0.0
3346 0.0
3347 0.0
3348 0.0
3349 0.0
3350 0.0
3351 0.0
3352 0.0
3353 0.0
3354 0.0
3355 0.0
3356 0.0
3357 0.0
3358 0.0
3359 0.0
3360 0.0
3361 0.0
3362 0.0
3363 0.0
3364 -0.0002341343773800311
3365 -0.0016309910448190773
3366 -0.0016189105697845408
3367 0.0
3368 0.0
3369 0.0
3370 -0.0006743393591595126
3371 -0.0010138432138263231
3372 -2.9876279006983475e-05
3373 0.0
3374 0.0
3375 0.0
3376 0.0
3377 0.0
3378 0.0
3379 0.0
3380 0.0
3381 0.0
3382 0.0
3383 0.0
3384 0.0
3385 -0.0013478026342156552
3386 -0.0018409253116785605
3387 0.0
3388 0.0
3389 0.0
3390 0.0
3391 0.0
3392 0.0
3393 0.0
3394 0.0
3395 -0.0009457912583341734
3396 -0.0017446815455264945
3397 0.0
3398 0.0
3399 0.0007836021958345158
3400 0.0006448890194735819
3401 0.0
3402 0.0
3403 0.0008529626937247742
3404 0.0
3405 0.0
3406 0.0
3407 0.0
3408 -0.0007203158322714527
3409 0.0
3410 -0.0003622192006453614
3411 0.0
3412 0.0
3413 0.0
3414 0.0
3415 0.0
3416 0.0
3417 0.0
3418 0.0
3419 0.0
3420 0.0
3421 0.0
3422 0.0
3423 0.0
3424 0.0
3425 0.0
3426 0.0
3427 0.0
3428 0.0
3429 0.0
3430 -0.0016311377299684147
3431 -0.0001301926988378035
3432 0.0
3433 0.0
3434 -0.0005586555733851626
3435 -2.7011475906084373e-05
3436 0.0
3437 0.0
3438 0.0
3439 0.0
3440 0.0
3441 0.0
3442 0.0
3443 0.0
3444 0.0
3445 0.0
3446 0.0
3447 0.0
3448 -0.0006993027410700868
3449 0.0
3450 -0.002228403249866422
3451 0.0
3452 0.0
3453 0.0
3454 0.0
3455 0.0
3456 0.0
3457 0.0
3458 0.0
3459 -0.00034008814660318597
3460 0.0
3461 0.0
3462 0.0
3463 0.0
3464 0.0
3465 0.0
3466 0.0
3467 0.0
3468 0.0
3469 0.0
3470 0.0
3471 0.0
3472 -0.0024403895138812707
3473 0.0
3474 -0.001181318249943818
3475 -0.0005848054810129532
3476 0.0
3477 0.0
3478 0.0
3479 0.0
3480 0.0
3481 0.0
3482 0.0
3483 0.0
3484 0.0
3485 0.0
3486 0.0
3487 0.0
3488 0.0
3489 0.0
3490 0.0
3491 0.0
3492 0.0
3493 0.0
3494 0.0
3495 0.0
3496 0.0
3497 0.0
3498 0.0
3499 0.0
3500 0.0
3501 0.0
3502 0.0
3503 0.0
3504 0.0
3505 0.0
3506 0.0
3507 0.0
3508 0.0
3509 0.0
3510 0.0
3511 0.0
3512 -0.0007169524626676734
3513 0.0
3514 -0.0005487634434480692
3515 0.0
3516 0.0
3517 0.0
3518 0.0
3519 0.0
3520 0.0
3521 0.0
3522 -0.0006027722918415422
3523 0.0
3524 0.0
3525 0.0
3526 0.0
3527 0.0
3528 0.0
3529 0.0
3530 0.0
3531 0.0
3532 0.0
3533 0.0
3534 0.0
3535 0.0
3536 -0.002634381226317907
3537 -0.0034732372158831786
3538 -0.0023883198363769407
3539 -0.001201002158475158
3540 0.0
3541 0.0
3542 0.0
3543 0.0
3544 0.0
3545 0.0
3546 0.0
3547 0.0
3548 0.0
3549 0.0
3550 0.0
3551 0.0
3552 0.0
3553 0.0
3554 0.0
3555 0.0
3556 0.0
3557 0.0
3558 0.0
3559 0.0
3560 0.0
3561 0.0
3562 0.0
3563 0.0
3564 0.0
3565 0.0
3566 0.0
3567 0.0
3568 0.0
3569 0.0
3570 0.0
3571 0.0
3572 0.0
3573 0.0
3574 -1.5711337298798524e-05
3575 0.0
3576 0.0
3577 -0.0007989439618871096
3578 0.0
3579 0.0
3580 0.0
3581 0.0
3582 0.0
3583 0.0
3584 0.0
3585 -0.0002870263520426606
3586 -0.0009492807319900446
3587 0.0
3588 0.0
3589 0.0
3590 0.0
3591 0.0
3592 0.0
3593 0.0
3594 0.0
3595 0.0
3596 0.0
3597 0.0
3598 0.0
3599 0.0
3600 -0.0003477039049490004
3601 -0.0008024544580008335
3602 -0.0013533157574767511
3603 -0.002440325122721553
3604 0.0
3605 0.0
3606 0.0
3607 0.0
3608 0.0
3609 0.0
3610 0.0
3611 0.0
3612 0.0
3613 0.0
3614 0.0
3615 0.0
3616 0.0
3617 5.0442394643922185e-06
3618 0.0
3619 0.0
3620 0.0
3621 0.0
3622 0.0
3623 0.0
3624 0.0
3625 0.0
3626 0.0
3627 0.0
3628 0.0
3629 0.0
3630 0.0
3631 0.0
3632 0.0
3633 0.0
3634 -0.0001863654693318987
3635 -0.00033797262608885065
3636 -0.0022553801722605747
3637 -0.0013645571764530084
3638 0.0
3639 0.0
3640 0.0
3641 -2.911135730103188e-05
3642 -0.0005028169124403333
3643 0.0
3644 0.0
3645 0.0
3646 0.0
3647 0.0
3648 0.0
3649 -0.0011525969334883139
3650 -0.00046291428799758865
3651 0.0
3652 0.0
3653 0.0
3654 0.0
3655 0.0
3656 0.0
3657 0.0
3658 0.0
3659 0.0
3660 0.0
3661 0.0
3662 0.0
3663 0.0
3664 0.0
3665 0.0
3666 -0.001958197650626351
3667 -0.0015608256253197706
3668 0.0
3669 0.0
3670 0.0
3671 0.0
3672 0.0
3673 0.0
3674 0.0
3675 0.0
3676 0.0
3677 0.0
3678 0.0
3679 0.0
3680 0.0
3681 0.0
3682 0.0
3683 0.0
3684 0.0
3685 0.0
3686 0.0
3687 0.0
3688 0.0
3689 0.0
3690 0.0
3691 0.0
3692 0.0
3693 0.0
3694 0.0
3695 0.0
3696 0.0
3697 0.0
3698 -0.0015433527221360899
3699 -0.0004990158676978252
3700 -0.0005030544179510466
3701 0.0
3702 0.0
3703 0.0
3704 0.0
3705 0.0
3706 0.0
3707 0.0
3708 0.0
3709 0.0
3710 0.0
3711 0.0
3712 0.0
3713 -0.0010273767676069873
3714 0.0
3715 0.0
3716 0.0008683021790558112
3717 0.000978658688872972
3718 0.0
3719 0.0
3720 0.0
3721 0.0
3722 0.0
3723 0.0
3724 -0.00040947299800488286
3725 -0.000587250064534067
3726 0.0
3727 0.0
3728 0.0
3729 0.0
3730 0.0
3731 0.0
3732 0.0
3733 0.0
3734 0.0
3735 0.0
3736 0.0
3737 0.0
3738 0.0
3739 0.0
3740 0.0
3741 0.0
3742 0.0
3743 0.0
3744 0.0
3745 0.0
3746 0.0
3747 0.0
3748 0.0
3749 0.0
3750 0.0
3751 0.0
3752 0.0
3753 0.0
3754 0.0
3755 0.0
3756 0.0
3757 0.0
3758 0.0
3759 0.0
3760 0.0
3761 0.0
3762 0.0
3763 0.0
3764 0.0
3765 0.0
3766 -9.579595347796599e-06
3767 -0.0003018807063318023
3768 0.0
3769 0.0
3770 0.0
3771 0.0
3772 0.0
3773 0.0
3774 0.0
3775 0.0
3776 -0.0001693963547477705
3777 -0.000922469353777704
3778 0.0
3779 0.0
3780 0.00104278212637464
3781 0.0032720516563390905
3782 0.0004898581136670622
3783 0.0
3784 0.0
3785 0.0
3786 0.0
3787 0.0
3788 0.0
3789 0.0
3790 0.0
3791 0.0
3792 0.0
3793 0.0
3794 0.0
3795 0.0
3796 0.0
3797 0.0
3798 0.0
3799 0.0
3800 0.0
3801 0.0
3802 0.0
3803 0.0
3804 0.0
3805 -0.0005173470801272225
3806 0.0
3807 0.0
3808 -0.0007267457211824393
3809 -0.000868705002282805
3810 0.0
3811 0.0
3812 0.0
3813 0.0
3814 0.0
3815 0.0
3816 0.0
3817 0.0
3818 0.0
3819 0.0
3820 0.0
3821 0.0
3822 0.0
3823 0.0
3824 0.0008768421707885106
3825 0.00013708274281182923
3826 0.0
3827 0.0
3828 0.0
3829 0.0
3830 0.0
3831 0.0
3832 0.0
3833 0.0
3834 -0.0006989506872992279
3835 0.0
3836 -0.0009770842949379654
3837 -0.0007048133472364498
3838 0.0
3839 0.0
3840 -0.0003558813960262559
3841 0.0
3842 0.0
3843 0.0
3844 0.0004769589999520898
3845 0.0037179045481261514
3846 0.003676140943910896
3847 0.002978904178828689
3848 0.001685860287664157
3849 0.00010298551545755738
3850 0.0
3851 0.0
3852 0.0
3853 0.0
3854 0.0
3855 0.0
3856 0.0
3857 0.0
3858 0.0
3859 0.0
3860 0.0
3861 0.0
3862 0.0
3863 0.0
3864 0.0
3865 0.0
3866 0.0
3867 0.0
3868 0.0
3869 -0.00042788632106578674
3870 0.0
3871 0.0
3872 0.0
3873 0.0
3874 0.0
3875 0.0
3876 0.0
3877 0.0
3878 0.0
3879 0.0
3880 0.0
3881 0.0
3882 0.0
3883 0.0
3884 0.0
3885 9.323513899969359e-05
3886 0.0010865343308645121
3887 0.000739383678833067
3888 0.0015255147758635017
3889 0.0011781704827033836
3890 0.0
3891 0.0
3892 0.0
3893 0.0
3894 0.0
3895 0.0
3896 0.0
3897 0.0
3898 -0.0005899777513277829
3899 0.0
3900 -8.74983341069868e-06
3901 0.0
3902 -0.0010517683146876265
3903 0.0
3904 0.0
3905 -0.000252292147325426
3906 0.0
3907 0.0
3908 0.0
3909 0.0
3910 0.0028199448187790346
3911 0.004090614514977296
3912 0.0040848682625210745
3913 0.002709941976939388
3914 0.001759453641918717
3915 0.0
3916 0.0
3917 0.0
3918 0.0
3919 0.0
3920 0.0
3921 0.0
3922 0.0
3923 0.0
3924 0.0
3925 0.0
3926 0.0
3927 0.0
3928 0.0
3929 0.0
3930 8.914537811328606e-05
3931 0.0
3932 0.0
3933 0.0
3934 0.0
3935 0.0
3936 0.0
3937 0.0
3938 0.0
3939 0.0
3940 0.0
3941 0.0
3942 5.949129230272327e-05
3943 0.0
3944 0.0
3945 0.0
3946 0.00027897471513478427
3947 0.0
3948 0.0
3949 0.0009605518424193885
3950 0.0017142592017743376
3951 0.0010547806604848057
3952 0.0015295087941478375
3953 0.0003201063929763525
3954 0.0
3955 0.0
3956 0.0
3957 0.0
3958 0.0
3959 0.0
3960 0.0
3961 0.0
3962 0.0
3963 0.0
3964 -6.929591022654167e-05
3965 -0.0003228049814025436
3966 -0.00010038670825027598
3967 -0.001164097152736741
3968 -0.0008286163289274367
3969 0.0
3970 0.0
3971 0.0
3972 0.0
3973 0.0
3974 0.0
3975 0.0
3976 0.0
3977 0.0
3978 0.0
3979 0.0
3980 0.0
3981 0.0
3982 0.0
3983 0.0
3984 0.0
3985 0.0
3986 0.0
3987 0.0
3988 0.0
3989 0.00022451516461398515
3990 0.000846795623049926
3991 0.0002607000768747339
3992 0.0
3993 0.0
3994 0.0007930833597238384
3995 0.0
3996 0.0
3997 1.2491564050419395e-05
3998 0.002144804556065006
3999 0.0006348342713620572
4000 0.0
4001 0.0
4002 0.0
4003 0.0
4004 0.0
4005 0.0
4006 0.0
4007 0.0
4008 0.0
4009 6.782273990386398e-05
4010 0.0008934048801266953
4011 0.0
4012 0.0
4013 0.000529470253428905
4014 8.797263696419167e-05
4015 0.0
4016 3.106557082450364e-05
4017 0.0
4018 0.0
4019 0.0
4020 0.0
4021 0.0
4022 0.0
4023 0.0
4024 0.0
4025 0.0
4026 0.0
4027 0.0
4028 -0.00027934168684391834
4029 -0.001441891151976555
4030 -0.00045411616059168694
4031 0.0
4032 -0.0010573239966602706
4033 -0.0016495839458014778
4034 -0.001468320585998948
4035 0.0
4036 0.0
4037 -5.2946982033822844e-06
4038 -0.0011804022493275173
4039 0.0
4040 0.0
4041 0.0
4042 0.0
4043 0.0
4044 0.0
4045 0.0
4046 0.0
4047 0.0
4048 0.0
4049 0.0
4050 0.0
4051 0.0
4052 0.0
4053 0.0
4054 0.0
4055 0.0
4056 0.0
4057 0.0
4058 0.0004698190529641336
4059 0.001173331005413212
4060 0.00014547270918674872
4061 0.0
4062 0.0021916145795160243
4063 0.0014731883812131462
4064 0.002053309493020088
4065 0.0006118741163275181
4066 0.0009716994736633168
4067 0.0
4068 0.0
4069 0.0
4070 0.0
4071 0.0
4072 0.0
4073 0.0
4074 0.000767139250664687
4075 0.0005926190168875515
4076 0.0
4077 0.0
4078 0.0
4079 0.0
4080 0.0
4081 0.0
4082 0.0
4083 0.0
4084 0.0
4085 0.0
4086 0.0
4087 0.0
4088 0.0
4089 0.0
4090 0.0
4091 0.0
4092 0.0
4093 0.0
4094 0.0
4095 0.0
