 0
0 3.5096679268372424
1 2.792773353428522
2 2.04716357691468
3 2.166381901858634
4 2.4034016458784726
5 1.037335329692134
6 1.0542744866338754
7 0.6099538586735781
8 1.1013749164879405
9 1.2040723658575292
10 1.2579757767117483
11 1.7100530722131142
12 1.078545681881822
13 0.6818669847675236
14 0.5733626363686755
15 0.7042606908848822
16 0.3629505476494478
17 0.020624698697539506
18 4.9924687537906434e-05
19 0.005478527240380581
20 0.0002925164702040835
21 0.05455659315449355
22 0.7290055026796257
23 0.7835606650248094
24 0.6193254915141044
25 0.47164669156957156
26 0.3238237220488185
27 0.25142577706690883
28 0.8292192281585071
29 1.1400197780157264
30 1.3409321106859213
31 2.4090559610913647
32 2.795519961326098
33 3.864911590810689
34 3.643665602236668
35 2.077993586552746
36 1.8544181976393983
37 1.8700753982326022
38 1.6095051320716847
39 1.800315391750725
40 1.6978296259663777
41 2.0470809017494376
42 2.155271709100378
43 1.4662578573319742
44 1.55670171126116
45 1.0275531148887058
46 1.2644257069147096
47 1.806835314880401
48 1.6570992791633232
49 0.8510307401163756
50 1.1688635011619353
51 0.8020695799147467
52 0.7257368280820475
53 0.7368500009843993
54 1.1860729235538552
55 0.6406090494728067
56 0.42311044303475875
57 0.3188746057530853
58 0.48024625820984973
59 0.7420076332150727
60 0.28545009439840724
61 0.6344377471403936
62 0.455867916401431
63 0.23747525771180963
64 2.5427797319082557
65 1.7121636237975653
66 1.6130319535430646
67 1.78701371563959
68 1.7669347093033465
69 0.6786724793567595
70 0.6329258277752938
71 0.6117348834948729
72 0.7936919757301543
73 0.7790798383996739
74 0.41236608705858885
75 0.5965777036075361
76 0.6336857154240275
77 0.7513355818096674
78 0.932373140022883
79 1.1108312766908464
80 0.3182162080038609
81 0.14643802669103506
82 0.079267817860625
83 0.02388673034526133
84 0.0001306055715011099
85 0.05091758177875753
86 0.6300634152386223
87 0.8529353804001435
88 0.496521922945325
89 0.8041607406130478
90 0.7317831816858232
91 1.068749881402059
92 1.8927438044516733
93 2.3602721831057574
94 2.406795049924264
95 2.8161274276164487
96 4.437580232597144
97 4.631310055008795
98 4.086089324734871
99 2.1056617731210925
100 2.6123305595475714
101 2.632822083361263
102 1.5868872235591374
103 1.490915526030822
104 1.0834672865652903
105 0.8407230472397086
106 0.6549182606026819
107 0.5387444799487054
108 0.587153744073635
109 0.22815073581585954
110 0.6736962047382166
111 0.9724870192497191
112 1.4091641927396166
113 0.5755800029416206
114 0.7507148978494382
115 0.916832475439847
116 0.6529962395841238
117 0.8383422225556174
118 0.8898826573902889
119 0.844379551768559
120 0.6979230870908512
121 0.5075036404445964
122 0.3807625577238876
123 0.4379833394152699
124 0.24694542578331002
125 0.3670829588137317
126 0.10075065309121557
127 0.04323139791138594
128 1.6949080249646524
129 1.0643754012098738
130 1.6913284699052205
131 1.2439745327961056
132 1.4597221406149692
133 0.30313670152719685
134 0.3284415128230248
135 0.29661652122500104
136 0.6242199348381852
137 1.117543210863873
138 0.6945273931113183
139 0.6982534582139531
140 0.3865578632609762
141 0.4401068556033174
142 0.2250498810716935
143 0.33402583572440997
144 0.2660274034200239
145 0.32453003898021426
146 0.22003837026854028
147 0.03782805777575811
148 0.03438016531328386
149 0.10543449147868808
150 0.3900656144404772
151 1.052123694070024
152 0.8834541862127939
153 1.1729699060876055
154 1.0658869710372256
155 1.6116178466262077
156 1.9865718480843046
157 1.9462662777284043
158 2.6078880034971
159 3.9715002803220756
160 5.775521209389666
161 5.2833039257873695
162 4.137843468624071
163 2.88491830297875
164 3.098779267142578
165 1.9000595468342163
166 1.2831401474189958
167 0.9729418606132362
168 0.46846105086354356
169 0.2528448812392264
170 0.14459785513131237
171 0.21463835025760852
172 0.06615621787414744
173 0.04056249733905997
174 0.13094522674074524
175 0.3829471468159724
176 0.3515755487432257
177 0.1622678925066074
178 0.43612385506994433
179 0.9315171970910232
180 0.674538789626887
181 0.5394401722331674
182 0.5248818705943842
183 0.7649229954345858
184 0.4359589169365777
185 0.5321660230871895
186 0.25817852663082874
187 0.02944021040480096
188 0.026808933421970715
189 0.06404361050695158
190 0.06826980302177889
191 0.0036925034893893318
192 1.155366521274582
193 0.4717523887352842
194 1.3222877340644579
195 0.4252016486034406
196 0.3117656056720277
197 1.084899357621777
198 1.2173581159277769
199 1.0489574557589134
200 0.9630650665419902
201 1.098803025796413
202 0.8916534168397321
203 1.656988344780898
204 1.870416348911735
205 1.5685239412803378
206 0.5225966392848492
207 0.4390114983051341
208 0.3628244284479483
209 0.4956583215948631
210 0.09332686374524747
211 0.003604719485320212
212 0.0009215027612568736
213 0.0037366711134160626
214 0.3523121373916803
215 1.0247306188802936
216 1.1379667454297153
217 1.582542905616495
218 2.0924502361340602
219 2.427061011901552
220 2.666146573011034
221 3.148926155960456
222 4.700296321536641
223 5.699011906577114
224 5.4204167690931815
225 2.88289287196417
226 2.3126327941679947
227 2.5028400316233665
228 1.8062263499097968
229 2.1857544398503186
230 2.2649034116786884
231 1.9102944507140394
232 1.2513520554678856
233 0.5343051850750944
234 0.6236964988933856
235 0.7721596215225808
236 0.5161195918703355
237 0.14139954810743657
238 0.09529870794131773
239 0.26915537051566896
240 0.16813074595974173
241 0.05248342950251711
242 0.11250905861377326
243 0.43186309077566937
244 0.24024134166426145
245 0.19138929609953198
246 0.38213913537280464
247 0.6753533736571848
248 0.6983346510570052
249 0.5898614033417674
250 0.20875321707756916
251 0.05007987470864196
252 0.12752414054363234
253 0.015426968390324924
254 0.12056819041430328
255 0.2257501848348768
256 1.3642685398585144
257 0.11203299668564665
258 0.3009784892719888
259 0.7202153026635444
260 0.6446641898053005
261 2.6946378122829464
262 3.1498103185589352
263 2.3802107916611037
264 3.342783926427729
265 2.4933065678821826
266 2.3217719306600264
267 4.135809042142327
268 4.220620912795703
269 2.9570141514008377
270 1.7593485397756796
271 1.24936475188525
272 0.5628727355510599
273 0.3285385334247855
274 0.14982452293455611
275 0.16100873451644102
276 0.009552767265428204
277 0.18389916684864346
278 0.6713782047329527
279 0.8457732175396395
280 1.311235011785012
281 2.74137713751969
282 2.9229297875659044
283 2.2662237125609006
284 3.439226651428146
285 3.5094684111215737
286 3.363012190102617
287 3.627005262790893
288 3.315435106989873
289 2.1229820973515423
290 1.6762150557521303
291 2.1769793891605262
292 2.545395324311617
293 3.583914239770262
294 3.4107191334140095
295 3.409683125830118
296 3.3562496739492387
297 2.4962489114601754
298 1.7931877539969832
299 1.6121768771348794
300 0.5909686493401494
301 0.3635456712214684
302 0.12718484623448903
303 0.17881774648121068
304 0.0261132435764717
305 0.000939394374753085
306 0.040781933778397936
307 0.123887377469146
308 0.00751764287291318
309 0.0018557677140713818
310 0.19531189426535167
311 0.4697327140175925
312 0.5560369298506993
313 1.0178057344843727
314 0.25799931245597874
315 0.4414314123790349
316 0.6211908678563255
317 0.17893179396024955
318 0.1811662021939498
319 0.18155546104266906
320 2.0840079982666215
321 0.8538052559183172
322 0.14073031313536857
323 1.0009670832540598
324 1.3745249281085659
325 3.9628856175845786
326 5.420022162731114
327 6.423007628758054
328 5.306625870767276
329 5.68902880351919
330 5.40604370521445
331 6.176129383053437
332 4.546335828346684
333 4.740945254897428
334 3.4646637189783083
335 2.267064862675914
336 1.3489392395756037
337 0.4701395833715049
338 0.2559115518227446
339 0.40751355717450854
340 0.18692294556387123
341 0.055736851285836934
342 0.3665437977703628
343 0.8347650121421245
344 1.8235153725550426
345 1.3491852814305836
346 1.2691332023698894
347 3.029901200263047
348 4.309342730750036
349 3.4625673938576353
350 1.4881709628366868
351 0.8882897925407413
352 0.7862963845493289
353 1.5839183825534018
354 2.0175558085646017
355 2.657155476149192
356 2.8303870168194747
357 3.1745357647946557
358 4.028815552990143
359 5.362613309679504
360 6.992640699993276
361 4.309778961474423
362 2.0103468168246814
363 1.3904309313719971
364 1.2609821773496932
365 0.6576709219879016
366 0.24525956879412703
367 0.18351387387027152
368 0.14041102504738448
369 0.0005459390407498033
370 0.00020759462331823312
371 0.028891611480659735
372 0.15974491973311813
373 0.16767523464159145
374 0.11318848490202325
375 0.41408690960875877
376 0.49433621598219823
377 0.9111728599962903
378 0.5520268018485133
379 0.46112069411207357
380 0.41149847631276953
381 0.40663873586979615
382 0.5072802220422187
383 0.2959329975377535
384 1.3794940550916814
385 1.4895024256322262
386 0.6873764198089496
387 0.48537728840139305
388 1.066912782420142
389 2.6415329161142425
390 6.825480774968562
391 7.659067507189351
392 7.443420514283649
393 7.2604824082901525
394 7.729062919629815
395 7.9418067937714145
396 5.633915304954383
397 7.3343019899375514
398 5.274786606329158
399 2.661971004949334
400 1.3438482576840824
401 1.1032936983235369
402 0.9788219701354962
403 0.3054728273306774
404 0.012925351731069692
405 0.022359187280764563
406 0.25459877521262364
407 1.3319424447929151
408 1.1326046438138389
409 0.5082463180863828
410 1.5552921930139991
411 2.73800016665374
412 3.827137413136984
413 2.965591070420128
414 1.4862000924995424
415 0.5826985344661736
416 0.587783077655434
417 1.427089846482061
418 1.1081319018165303
419 1.349300839480937
420 1.9741838852481033
421 1.8971987593600297
422 2.5584791788632524
423 3.419491723584054
424 3.5049698494681465
425 2.6949271249745643
426 1.4371398796637544
427 0.8808519640170938
428 0.4683222862709599
429 0.26518595602298045
430 0.1154469251356137
431 0.265303170704294
432 0.1246431170251592
433 0.022547560431772456
434 0.003254014327366278
435 0.045874629572872035
436 0.21582888718368703
437 0.015199292345661029
438 0.03722904372759735
439 0.08836933241205902
440 0.37020523348528867
441 0.07778439174437175
442 0.08618535767210588
443 0.13908068574018878
444 0.17613283562585041
445 0.11371909508678114
446 0.1829234337799876
447 0.08167155866498416
448 1.5492963978817638
449 1.4812634429973466
450 2.0636867804062518
451 0.9505879130502541
452 0.4785927766369904
453 1.7757006956357777
454 3.3237958024677012
455 5.052036945973029
456 6.142211892206028
457 6.662357919931999
458 7.055610761708954
459 7.067704520406312
460 6.44421937653972
461 8.183997540104667
462 5.537685858825327
463 4.003254762722062
464 3.9221981561220334
465 2.8363864254291857
466 0.7761786768517632
467 0.16118562369551045
468 0.03376028050266289
469 0.06303042631669259
470 0.3579297738683817
471 1.2134088850468092
472 0.709485466198575
473 0.2885735603714879
474 0.8320475210674061
475 1.6331238079202663
476 1.4818208116970881
477 1.523748448779157
478 0.6637241129252797
479 0.706676566066057
480 0.46900161026714315
481 0.33178556979238355
482 0.08359017361653233
483 0.1341248288754893
484 0.30087174992505245
485 0.8469683755664206
486 1.459942582942806
487 1.717309854126765
488 1.0257622981494752
489 0.5561005559401258
490 0.19746831862640965
491 0.007494715496894126
492 0.013619801218638677
493 0.09680762345150834
494 0.011826310474307575
495 0.12447513031534001
496 0.2160099219863862
497 5.3210033593953894e-08
498 0.13194009592085995
499 0.04328175193209371
500 0.3813555986857172
501 0.0021738766161511127
502 0.027826736505694595
503 0.06639118620923914
504 0.003592973428546898
505 0.0009688685417446366
506 0.09063031422068456
507 0.023089402834256686
508 0.05076756865307438
509 0.05204836866245632
510 0.03236457199372621
511 0.0019272502797968126
512 1.3751411562055589
513 1.245278061283756
514 2.721247469591433
515 2.3209058305592114
516 0.3732222396255728
517 1.0730381657871964
518 1.290193862517628
519 2.4555490553507586
520 4.439989512245033
521 5.2802725582429515
522 4.141139449998214
523 5.398463176618163
524 6.043237882505419
525 6.495566824419409
526 6.205454180536763
527 5.393677920470034
528 4.019839584700092
529 3.357881717261054
530 1.611280013599585
531 0.3258056826532675
532 0.005788665604854135
533 0.16319292326811366
534 0.3722989714592217
535 0.5604220131404603
536 0.2202746564709769
537 0.3240001787138972
538 0.7757242616909886
539 0.5794426712330585
540 0.9524916234730919
541 1.1860852767487178
542 0.6224484148071031
543 0.28560347317461215
544 0.002232973761612648
545 0.0031224532072734765
546 0.03428372216368838
547 0.3481599812955153
548 0.6049357576311781
549 0.385830773675294
550 0.350022632278624
551 0.27741484024246643
552 0.5253654260391267
553 0.14225300934696397
554 0.005272508737276787
555 0.3445084952834066
556 0.7239933696014477
557 0.34687908044489413
558 0.11537620447987845
559 0.00715530942573193
560 0.03613173353489407
561 0.05701105308712457
562 0.21414654432745614
563 0.06144146848605108
564 0.298890810487849
565 0.04812577964981284
566 0.02818956370683539
567 0.009160087298102092
568 0.05815754214839682
569 0.11553983789732028
570 0.1448033704520726
571 0.15019932319383447
572 0.019244552205660414
573 0.0008581688095765487
574 0.002999147934575511
575 0.07943988587797654
576 1.030298311968198
577 0.9536949653378025
578 1.6783029183507685
579 2.3813135701950636
580 1.1932262374119624
581 0.13712301571839447
582 0.41787508351585273
583 0.2524875574983675
584 1.7127065014239746
585 2.132425816984596
586 2.4202104804279987
587 3.424886477484581
588 3.190429715065222
589 3.6877766338254965
590 4.6003822560702075
591 4.00825074323618
592 2.7473269104018283
593 2.1926582976326743
594 0.6200560190118793
595 0.32851772709285726
596 0.05644545753965009
597 0.005798285246285438
598 0.09989061935151713
599 0.03277692673966651
600 0.0895957736873365
601 0.002984690085901292
602 0.33867001737883556
603 0.49839962886923955
604 0.5839604717887221
605 1.0589371746043943
606 1.2365927481836756
607 0.43093843740112087
608 0.012335377793821859
609 0.0186722332391357
610 0.041502517215693695
611 0.09716945315472626
612 0.2411978286036003
613 0.10935254738400685
614 0.21406424619293765
615 0.23797014698266794
616 0.03985747853981912
617 0.1259877536474694
618 0.35797814315718984
619 0.8057827855708878
620 0.8284270098894805
621 0.8582585281233599
622 0.2929809888768319
623 0.0009017021977448672
624 0.012964531457078545
625 0.2662803110790764
626 0.42983390396089227
627 0.46452457309590023
628 0.5277076108221394
629 0.14259175066780483
630 0.0014109230143035455
631 0.11110401273108308
632 0.17320884880706316
633 0.26531448337263497
634 0.04714399986945757
635 0.18715089838330232
636 0.14312212718930079
637 0.011941758591425784
638 0.003755479775534601
639 0.12147868633644587
640 0.7776425485541445
641 0.789286638379307
642 1.1288122309827324
643 1.5792825122990566
644 1.3076318903590525
645 0.6051126684053514
646 0.0675453947197136
647 0.000304174300883098
648 0.10086077250760979
649 0.3487794485281416
650 0.5284565687742403
651 0.974474873466477
652 0.9843803107656622
653 1.3635833656031184
654 1.529061952419315
655 2.2173894475957137
656 1.293634859534022
657 1.333929118323764
658 0.5038202728210518
659 0.461847413970545
660 0.0423241561003698
661 0.001607309717432585
662 4.499940077358029e-07
663 0.06802087050971561
664 0.03745403432717395
665 0.1010036877945359
666 0.7767889093387883
667 0.4869460543582429
668 1.298905473041886
669 2.409937763651662
670 1.8688487841850443
671 0.37769110324707655
672 0.02932495026712861
673 0.004509699290494877
674 0.0027961631233722217
675 0.0017919235521381652
676 0.04711197562744402
677 0.2753981896165033
678 0.3142902403241238
679 0.10368531202676683
680 0.003801963241748624
681 0.004606924195713029
682 0.06424827447090321
683 0.18760073652581652
684 0.5621701673380184
685 0.7778349687429452
686 0.15056112950425746
687 0.0020200726564557755
688 0.15614364392875918
689 0.4540031732709231
690 0.9564414301303708
691 1.5255101631857917
692 1.4417831562682628
693 0.9719625526886836
694 0.10941818386303652
695 1.2903706557250862
696 0.4376601658948468
697 0.8940850149325253
698 1.0094466912826319
699 0.520594398791406
700 0.03257308525823121
701 0.017248196036799456
702 0.1462713703520814
703 0.246454291469025
704 1.3696407095447223
705 1.2937306070311558
706 0.9555137888695887
707 1.684967380692109
708 1.9184018364938449
709 1.4089280983328374
710 0.6347965372688552
711 0.0052730406999101235
712 0.3953372911056195
713 0.27137991557511365
714 0.07944799066251702
715 0.014204028258803599
716 0.01413379302528833
717 0.08648024362110485
718 0.1407292264017691
719 0.49501153709993884
720 0.6502227265865901
721 0.6193395602574667
722 0.2304665811395846
723 0.03352937859060283
724 0.07442723368238503
725 0.2503677426627712
726 0.0028300964700283186
727 0.0035470951306942624
728 0.0049185291529972
729 0.16472459930791217
730 0.6487441492492
731 0.16095898442282316
732 1.318745420026473
733 2.598602515703695
734 1.5427373765892356
735 0.3984314929911269
736 0.008695517265496815
737 0.009728054838691724
738 0.32708798102293496
739 0.04311839768894817
740 0.14863924818143975
741 0.7951091423748036
742 0.5049574727240302
743 0.19249546884423321
744 0.011340146572763199
745 0.03882289037024126
746 0.13540920861112707
747 0.14630280509389793
748 0.5110209855611475
749 1.2205269572981763
750 1.1013591290846974
751 0.5104203842938597
752 0.7265672772978076
753 1.432463579295448
754 1.942787073707783
755 1.7451675339170454
756 1.6429559122885262
757 1.1600134522807635
758 0.2554263927129428
759 1.1482037836645007
760 0.6165121703565843
761 1.013140626531627
762 1.1968774589241318
763 1.1338546703584498
764 0.4441730587017387
765 0.45906246891746216
766 0.35897142366550827
767 0.42997055265187983
768 1.0687824168312676
769 0.6780106938466411
770 0.7713783237893352
771 1.5521474919968925
772 1.1944847525600597
773 0.9192815943121123
774 0.6275765888043756
775 0.003940865536261536
776 1.2447542537566085
777 1.5604090814895883
778 1.2064701274238216
779 0.7459095128889861
780 0.2667164977642526
781 0.1761123350766098
782 0.0019390909152435646
783 0.009047036074471866
784 0.13410266769079898
785 0.189438376360579
786 0.08463823480534875
787 0.019851861317954515
788 0.014043789199906615
789 0.04551093778915303
790 0.2623016130917125
791 0.2626065089679241
792 0.1394623647841493
793 1.1964225736310167e-05
794 0.012370858477737879
795 0.020085448655031736
796 0.16323509565756128
797 0.6643656600952357
798 0.3423489967753889
799 0.39571731584173075
800 0.3671828183510318
801 0.05923438800298104
802 0.23520107041313645
803 0.0695905493092222
804 0.1269984455855035
805 0.3914242831629158
806 0.060934266995979175
807 0.12445650457269668
808 0.03647440833676611
809 0.02105696826057194
810 0.025390097991713927
811 0.03293771289975592
812 0.15473958307731128
813 0.6790599712493596
814 0.5023936056134334
815 0.30557928688390706
816 0.3552378465045753
817 0.7607295321925376
818 1.8650750763416946
819 1.0056077811616848
820 0.8785479608718915
821 1.017613431044876
822 0.6210295542205206
823 1.3863638282437427
824 1.0279929465875473
825 1.2486160408891191
826 2.720694666578053
827 1.7344296902104523
828 1.8624017880314843
829 1.5596019225783293
830 1.2089870522495694
831 1.5228931268088215
832 1.7569221821600705
833 0.38779000895216925
834 0.3721226834789903
835 0.6403579351202354
836 0.12310417384363578
837 0.11233810490656393
838 0.05209861849693738
839 0.2835129127709305
840 2.7807138480764264
841 4.867109484125939
842 5.3165233392512095
843 3.548353816939359
844 2.5982007598586105
845 1.2068016038931877
846 0.27785632785931624
847 0.25552293385189295
848 0.007665764012277744
849 0.11988309676778867
850 0.0726985513989129
851 0.003501866710595367
852 0.07786335546908207
853 0.13134924894377648
854 0.4226999066943898
855 0.37304104683806977
856 0.28214790774351645
857 0.011815360055978568
858 3.85645709369544e-05
859 0.04600640640208918
860 0.04311385473666113
861 0.23861088269179817
862 0.08348093395037545
863 0.0055034913206817885
864 0.012635711290674884
865 0.05362290147188208
866 0.020207749612699295
867 0.000464888632898212
868 0.02651685810946031
869 0.0455039149385198
870 0.567255815985765
871 0.24379254530723318
872 0.07767093900605952
873 0.06471882694286517
874 0.003456722783191362
875 0.09151061166854796
876 0.21507367747204964
877 0.314108277607044
878 0.5234653072461215
879 0.5479300580185154
880 0.725159889504365
881 1.885166740110163
882 2.31820364167456
883 1.3267156535946338
884 2.054701238055043
885 1.6776632267217433
886 2.945045462382082
887 2.882426711166059
888 2.099564643169559
889 2.777499589293651
890 3.430634448890013
891 3.3757076143535016
892 2.160703183389466
893 2.8449210067485224
894 4.170130488645795
895 3.634753250803005
896 1.378905717316063
897 0.2074259263188751
898 0.10635109951315644
899 0.08104496981594224
900 0.004156919036404243
901 0.0748885661070669
902 0.2722329035120106
903 1.968360644318076
904 3.7555976234557784
905 6.936870661492197
906 11.08104287777318
907 8.677488585248277
908 6.593698036947867
909 4.121449482496328
910 2.1455643233712838
911 1.1061525319151695
912 0.1252955852781793
913 0.050433834320475546
914 0.005843375364250811
915 1.564458900872922e-05
916 0.008305675509521441
917 0.09373208046327203
918 0.24688073523162044
919 0.2291140896575356
920 0.00019270695390760154
921 0.0642524096731663
922 0.20448645491933787
923 0.009992662437554164
924 0.010288373836887714
925 0.13243193785412483
926 0.1723041300526218
927 0.08444381019787782
928 0.0006487698891504331
929 0.005547731127039909
930 0.025691510137732725
931 0.0016561236469939007
932 0.05807092231637591
933 0.1013625739385768
934 1.5796482277356183
935 1.293614214327391
936 1.3194034626799727
937 1.0844001422385794
938 0.2687292621361773
939 0.6932835526099862
940 0.8947413065564847
941 1.6721996588000019
942 2.396251806572363
943 2.1649881272483866
944 3.5304393956656477
945 3.9739733881711627
946 4.966916212419045
947 3.3164423963822736
948 3.6401635484571346
949 3.431836148026166
950 3.658664617885189
951 4.3080575008006425
952 7.5257679232373
953 6.608120042231636
954 5.8747202155806235
955 4.459395487663372
956 3.3266604246461426
957 3.7411904989121783
958 5.210333751537809
959 4.713134853223724
960 1.3422099014143272
961 0.4820875126844614
962 0.061506017834170965
963 0.023302489581304573
964 0.0030661173426529084
965 0.2687786513788765
966 1.406741533386495
967 2.6273403957753065
968 3.441654553006997
969 5.934512369816383
970 10.479204176325554
971 13.6727452072791
972 11.447334888125193
973 7.675676946849814
974 5.635507497310701
975 3.7889695849709004
976 1.7677610436093592
977 0.5785417399258497
978 0.12286597845105214
979 0.18699189847427117
980 0.06269650588451585
981 0.001178856822685844
982 0.13032076252953903
983 0.07802421454157336
984 0.03873724033605929
985 0.5366341958992206
986 0.8602816196965356
987 0.6956247751657157
988 0.1655282548973323
989 0.16964508370179274
990 0.1986756014519812
991 0.21930360186980927
992 0.05688007734962003
993 0.0006007049852369049
994 0.09014805662390735
995 0.019655824854042
996 0.12580705503092862
997 0.23581356625650882
998 2.1191533094101693
999 2.8533805151204232
1000 2.051716200617666
1001 1.389407290883176
1002 0.6297957588184742
1003 0.8696068586245354
1004 0.4630673447498413
1005 1.4301903348251308
1006 2.285812133469218
1007 1.462244181407543
1008 2.2256011691760316
1009 2.63252585388272
1010 2.8351382908840828
1011 2.7609062981575527
1012 3.2006515537384774
1013 3.4654903259423087
1014 3.692032252044903
1015 7.494163370199393
1016 10.279539847567555
1017 8.052230807640777
1018 6.27897931122914
1019 4.563048981486971
1020 3.1921988483728274
1021 4.647696796367109
1022 4.448601435837376
1023 3.62734646126877
1024 0.4946262925021423
1025 0.2619817386549742
1026 0.012096944936773985
1027 0.01056369155084015
1028 0.3964063658751862
1029 1.2654473507946011
1030 1.5941029535732811
1031 2.087468804675294
1032 3.971018135856195
1033 5.897252081540428
1034 8.214185418847196
1035 15.989952278676325
1036 13.86229246982228
1037 10.409565089126366
1038 9.206417922668429
1039 6.5197948807241595
1040 3.9585590970855202
1041 2.256579094765449
1042 1.984275472169479
1043 0.8649627653703165
1044 0.29620811522963986
1045 0.020955287827755884
1046 0.029157322060167523
1047 0.0020063949957908845
1048 0.13229713684903532
1049 0.21416755910471041
1050 0.1168802333345223
1051 0.02567099881296025
1052 0.00034210510787052874
1053 0.020931174495934245
1054 0.07526960924643333
1055 0.24013687009406604
1056 0.0037930764706188822
1057 0.03698119594770919
1058 0.04644631424315776
1059 0.09172571384597757
1060 0.15937174012447006
1061 0.22608562770462487
1062 2.3318480429738218
1063 2.8826985440917934
1064 1.5847636170673012
1065 0.9727865168447042
1066 1.4967095401155235
1067 0.9458109703841031
1068 0.4275396621802995
1069 1.48290399257875
1070 1.8842918013302197
1071 0.8843398942524595
1072 1.8935855993036002
1073 2.4447461081782222
1074 1.994032735002324
1075 2.7015444833165057
1076 3.3574812029260603
1077 5.910536265717786
1078 5.23790001068445
1079 5.976094143520363
1080 7.5830004152644666
1081 7.389964992252027
1082 5.573418096825326
1083 5.272278370222797
1084 4.376117957615688
1085 3.663071673996264
1086 3.197994583464346
1087 2.8113955341825543
1088 0.11070994944872349
1089 0.07349656788000655
1090 0.005968022162089912
1091 0.155088065944557
1092 1.6854028346602832
1093 2.757530760098717
1094 2.178859325033712
1095 1.7591471820467068
1096 4.1961072892825095
1097 10.048037375479943
1098 11.341767463812952
1099 12.19209778024838
1100 15.697446673824137
1101 16.158859664055864
1102 12.867034898396307
1103 9.59830645412826
1104 6.6733823085617
1105 5.390378550442325
1106 3.6912388453207083
1107 2.448375637576229
1108 1.479286911155861
1109 0.8654053959410595
1110 0.8810492687065247
1111 0.7528022134071544
1112 0.8935392163607292
1113 0.9684569198914543
1114 0.8169429501231015
1115 0.43764832236854034
1116 0.059900790074620895
1117 0.15294239790561326
1118 0.3098718848885501
1119 0.8560433446380292
1120 0.04270857085228492
1121 0.03126080870522754
1122 1.2534673800763305
1123 4.319076906501392
1124 4.196989195854009
1125 0.3919374268254425
1126 1.2899192100322858
1127 3.6005113767637256
1128 2.348973827622856
1129 2.21709463182099
1130 5.113333970806653
1131 3.875830820650199
1132 2.1553244729270773
1133 2.3254337841369987
1134 2.289442167608981
1135 2.1222480237669386
1136 2.4514714905666657
1137 3.822983656616994
1138 4.620650154014949
1139 5.106036650983728
1140 6.700053689677866
1141 6.78300906264395
1142 5.461489608740264
1143 5.972214800499785
1144 6.092419439658091
1145 5.922825833297569
1146 4.717415190091491
1147 3.893152972708937
1148 4.584457462491424
1149 3.3378242385168724
1150 2.1545790531385043
1151 1.9752089765194467
1152 0.15731605248728192
1153 0.10380499867352658
1154 0.008161217763801314
1155 0.19539045063509836
1156 1.22768598347959
1157 2.795685068616018
1158 3.5904541765239903
1159 4.073026535254199
1160 7.079837916966964
1161 9.73597806500185
1162 10.835010789106535
1163 11.579800270213429
1164 14.16878839036151
1165 17.229612107879824
1166 14.830088334697484
1167 12.070909865576661
1168 12.682159158669247
1169 10.17810775890469
1170 8.912015684814696
1171 8.209880144341986
1172 7.51151221294929
1173 4.474943969860936
1174 2.2894868494610137
1175 2.3365342169546395
1176 1.4981684504346313
1177 1.555002826448162
1178 3.315753701009268
1179 2.437108262578865
1180 2.160875028751593
1181 1.7045159856074574
1182 2.4750445577365303
1183 2.5858383080550067
1184 1.6552238306866078
1185 1.3905487224636073
1186 4.190503878829476
1187 6.2618149500226465
1188 4.123797144657496
1189 2.0509772725621733
1190 0.15565985553863135
1191 2.863125862795725
1192 3.6632985973817944
1193 3.247361223499611
1194 4.176450116538853
1195 5.53658758483246
1196 3.2985624486020093
1197 3.1036575892952154
1198 2.719158267398827
1199 2.115775699021698
1200 2.643085143683345
1201 4.529048359753157
1202 6.312154026523629
1203 7.679648375619597
1204 10.049456796941245
1205 9.319637448620702
1206 7.03051494626209
1207 8.353230031521585
1208 5.976017660717572
1209 4.898339593496192
1210 4.236733563402057
1211 2.712345249669412
1212 3.050931613928686
1213 1.9195272418867226
1214 1.5391910230930665
1215 1.1494100023107228
1216 0.07017820232579003
1217 0.051859223547138254
1218 0.038451431862351455
1219 0.05671769458500816
1220 1.1978527384444173
1221 2.5463922316872516
1222 4.949305826846118
1223 7.258468001773989
1224 10.748020964739194
1225 11.70957702860769
1226 11.212895850363545
1227 11.21918147598052
1228 13.406050198948245
1229 14.943467072694832
1230 15.670603465200864
1231 14.744008072163224
1232 13.510503504349547
1233 15.063356972738903
1234 15.235571570348007
1235 14.810662893546999
1236 11.486280348908577
1237 5.221466129145012
1238 2.8537246230058053
1239 1.9762497872207359
1240 2.2394927694176308
1241 1.688867129150055
1242 2.8710366238898826
1243 2.6645171367115887
1244 3.8319779173436626
1245 5.286263731507061
1246 4.2563194563351585
1247 2.8874077128759756
1248 4.622119402820527
1249 5.571349821284489
1250 10.040849640949533
1251 7.269026027808753
1252 2.6924217288381334
1253 1.3398266458163093
1254 0.41408481605269704
1255 0.12592048825061455
1256 1.9177931561000563
1257 2.890792367884269
1258 3.2915874434248744
1259 8.006411014464371
1260 5.853817565128837
1261 3.7445537876711215
1262 4.02881721111851
1263 4.703654013334074
1264 4.7827477638997555
1265 7.294661148503467
1266 10.0345467134626
1267 10.830783374612727
1268 11.677287441014414
1269 12.93559019900577
1270 10.145638851068092
1271 11.351742968839622
1272 7.814546268016418
1273 5.365716976719082
1274 4.09642594053647
1275 3.2125820121899715
1276 2.856737620861997
1277 1.2672237077421282
1278 1.2375599147185645
1279 0.8402402610198174
1280 0.009402405820750836
1281 0.04781284017861469
1282 0.06496984860363596
1283 0.2145819907976371
1284 1.469147933379192
1285 3.262664394982609
1286 6.474037951294835
1287 10.31587146380213
1288 12.650027707668583
1289 11.773292972553653
1290 9.851545220026185
1291 10.002399853296374
1292 10.980326867392668
1293 13.37913989123226
1294 16.6378779581825
1295 16.77618070825278
1296 19.73257430614872
1297 21.020367258369692
1298 21.508329529138077
1299 16.82734990290008
1300 11.808460060510738
1301 8.317293119430444
1302 5.588717417508505
1303 3.0803447336577117
1304 1.7544233308785049
1305 1.0930266599865912
1306 1.2109216758717978
1307 1.5222408433600136
1308 3.019842103175665
1309 3.477749373170336
1310 2.6401783266096714
1311 3.38171405731827
1312 6.651072849798763
1313 10.848975907957676
1314 17.087691657183772
1315 11.035132669342989
1316 6.6841445684560865
1317 3.023383029269097
1318 2.7196418716437623
1319 0.07326365986264839
1320 0.2729373622143497
1321 2.547307857298014
1322 2.823381761932353
1323 6.933444710512458
1324 6.128891875541318
1325 3.500012297904874
1326 4.949378920105085
1327 5.506028020836218
1328 7.1057672750442284
1329 8.363450770056504
1330 9.741215875953015
1331 11.573026130670398
1332 14.39487510953804
1333 18.40385630149187
1334 15.137500502967358
1335 11.330923456542086
1336 9.050055347298294
1337 8.145569871357008
1338 6.549333220587798
1339 3.6304203738825698
1340 2.011513440822796
1341 1.1103425504450497
1342 0.9077433907204397
1343 0.5664862437938161
1344 0.0001247209235713016
1345 0.21808666020172726
1346 0.3044397027318772
1347 0.7252157094133547
1348 2.832308814558701
1349 4.390364668044402
1350 8.278275475667181
1351 11.700256909212003
1352 11.954380805413939
1353 10.980952618534586
1354 13.734600410035064
1355 12.239116460427834
1356 14.229934501624847
1357 20.172436132408635
1358 21.03646106601284
1359 20.101252276441322
1360 23.574399483220144
1361 24.73899637464965
1362 22.763078086891042
1363 19.641639790569137
1364 12.198960404898132
1365 11.588125529517681
1366 10.604597533306675
1367 7.51849647305641
1368 1.5115114571348733
1369 0.6850921197811867
1370 1.4295040657820788
1371 0.8278801351544949
1372 1.6041250145941341
1373 2.144273512607236
1374 2.3187571221802648
1375 2.909738652741828
1376 4.990400863018851
1377 8.85414088568641
1378 13.673302112152397
1379 12.359703551512608
1380 8.840948970958216
1381 6.161805588146023
1382 3.7015854160403814
1383 1.1994196017322245
1384 0.6162586065516766
1385 0.3492896253244967
1386 2.498668206156396
1387 2.7965941590299086
1388 3.277312254230375
1389 2.845885543883065
1390 3.3238500330392293
1391 5.422513355621583
1392 5.29599533954563
1393 6.828132722422082
1394 8.22172285373245
1395 10.423031765998157
1396 10.100390532254073
1397 15.214057422294085
1398 14.68518561757279
1399 14.99786645465529
1400 7.313347662365849
1401 7.47384103297379
1402 5.971637358882013
1403 4.908017796646034
1404 2.7965003030656677
1405 1.8139313182351375
1406 0.9290051433138171
1407 0.9737450120683718
1408 0.00029998747242995685
1409 0.25638676878654076
1410 0.6729870385408787
1411 1.441672425416532
1412 4.3697412344745885
1413 6.483855497643344
1414 6.648739510421018
1415 11.660907873087911
1416 12.248306169553663
1417 12.51740314666674
1418 14.575549132001749
1419 15.143761158270708
1420 16.0879435676963
1421 27.51255066404433
1422 29.90923639306226
1423 26.22774184420057
1424 25.170112836866807
1425 29.06810489600898
1426 23.711480335623214
1427 19.202700398161898
1428 13.92225426709834
1429 10.499863740185814
1430 10.532292783788165
1431 6.584152575423335
1432 2.1951244396890846
1433 1.838360806052817
1434 2.212025751074488
1435 1.2628439534596485
1436 1.1937513201896524
1437 2.4697321388607376
1438 2.8243351598346322
1439 3.4468816487379157
1440 4.372624548779781
1441 7.21703810145225
1442 10.091811043135273
1443 9.826161355238245
1444 7.752494777430639
1445 7.198139780385534
1446 4.0367176935290905
1447 1.7931479716071002
1448 2.529993196060198
1449 0.2932119069526802
1450 1.308776576039379
1451 1.5446731005525802
1452 1.0779242594823693
1453 2.417252287684326
1454 2.2289217620092865
1455 1.8110480409394676
1456 2.5624887456507244
1457 4.200824741853114
1458 6.39179654340007
1459 6.260674307005722
1460 7.4724191169187115
1461 11.157519380032069
1462 10.626732186361437
1463 11.040863732121075
1464 8.350757804743706
1465 7.053382120856385
1466 5.562291692508435
1467 3.361722786432013
1468 2.650104124496211
1469 2.679326401865035
1470 1.5812731415043908
1471 1.4236510632136092
1472 0.0007434041391263949
1473 0.15269633370109792
1474 1.2013504406109636
1475 2.5982714118320334
1476 6.903388970823513
1477 8.677471125547106
1478 8.306496166975693
1479 11.60118160019478
1480 12.3429131744916
1481 13.580921142824344
1482 14.180059906301206
1483 19.072209475878537
1484 20.97704524296806
1485 29.361189524084192
1486 37.928614408631226
1487 37.17965234991588
1488 30.948425674965527
1489 31.941248671373835
1490 20.373967560141875
1491 17.5996605329497
1492 11.540592881405823
1493 6.8854671083809595
1494 5.913661324557335
1495 4.5614613427592205
1496 2.5382845834065395
1497 4.000277861604529
1498 3.8744879848235274
1499 1.6001772759777766
1500 0.2489682094391306
1501 0.6684223224163527
1502 1.424357525126023
1503 2.2438267659713036
1504 2.4663973583673537
1505 4.8788931956279455
1506 7.858509764392924
1507 7.914177306083053
1508 7.887330852468552
1509 6.69703422521333
1510 6.408275289605601
1511 4.013827143841851
1512 4.197247582442425
1513 1.0678325977771626
1514 0.25445398783596224
1515 0.6712194819902968
1516 1.2609465532634652
1517 1.7841441325018896
1518 1.4270326401691336
1519 1.4115814473881836
1520 2.0071651712273546
1521 2.8922211641067728
1522 4.086433412833916
1523 5.64910309462784
1524 6.646346516508786
1525 8.286659244022394
1526 7.802760023910429
1527 9.929916731482807
1528 9.170909092659107
1529 7.682876239721332
1530 6.770171467905105
1531 6.254146093973277
1532 3.39006702613902
1533 2.358046520416149
1534 1.6172527326080894
1535 2.3946780126804237
1536 0.349040729491677
1537 0.5656261597839738
1538 1.2850889331145903
1539 2.9553980435676137
1540 6.992483070295094
1541 7.550570669428468
1542 8.405007626222124
1543 10.56129175984327
1544 11.663378996547854
1545 13.56910230103803
1546 14.134646521348955
1547 19.187029509663898
1548 23.925595033215092
1549 32.08808807646079
1550 34.379025751147786
1551 35.974497862215266
1552 36.31762208896874
1553 36.45917918310405
1554 26.693570756505665
1555 18.391224725729316
1556 12.986901280141698
1557 8.286826845419933
1558 5.300312181982126
1559 3.2108961828628466
1560 2.323925549044665
1561 2.5731990880850417
1562 3.308917672231853
1563 1.766259355873006
1564 0.012991417729941725
1565 0.019896038653533413
1566 0.2521032266703535
1567 0.7832300996846832
1568 0.9225531566133628
1569 3.171049769572301
1570 5.998744927899864
1571 7.191568018534856
1572 8.426163025128009
1573 6.954803715939802
1574 5.3034288629971345
1575 5.100157077613442
1576 5.463451154229186
1577 2.7910904520376936
1578 0.16299138304870253
1579 0.06317280558394396
1580 0.47994299601717905
1581 0.4534151887346697
1582 0.5518747175099153
1583 0.8285587861970825
1584 1.435599681337522
1585 2.298270741766819
1586 3.1459026103697716
1587 5.073309979300793
1588 7.5786538094686176
1589 10.77716573413681
1590 8.476401610947503
1591 8.586761849119842
1592 9.154834542819302
1593 9.584922162021366
1594 6.549446477856433
1595 5.505994213711107
1596 3.8875692663539416
1597 3.2803180574911663
1598 1.6401628135162711
1599 2.229069983029145
1600 0.704465685448744
1601 1.010461598411856
1602 1.3929552430364964
1603 4.190587942361432
1604 8.280136646876512
1605 8.160236341137251
1606 9.393721977208
1607 10.53641557008132
1608 11.582651833758739
1609 14.64972812539564
1610 15.046567120933908
1611 20.569643531846445
1612 26.430390953240316
1613 32.11348981217878
1614 40.99096422832279
1615 39.0286504494864
1616 34.62938553447233
1617 36.09870527509907
1618 29.84699589970013
1619 22.26326699461014
1620 18.669174495941746
1621 12.792495758910118
1622 7.1694327628249885
1623 4.638853727871886
1624 3.919076443411121
1625 3.3340333569337726
1626 2.944549116445657
1627 1.897300294740952
1628 0.46256819766364177
1629 1.0154413477647916e-05
1630 0.14775872686865218
1631 0.6422059319915102
1632 1.4483844715268168
1633 1.9789426526740497
1634 2.677250696799192
1635 3.1422461397091666
1636 4.061246678209329
1637 7.051858052334898
1638 7.380744394353476
1639 7.372143323841425
1640 7.152011228608243
1641 3.3905598764183225
1642 0.7930920845387117
1643 0.00016814600604612217
1644 0.18086302253148304
1645 0.43830948118821794
1646 1.4986196266985046
1647 1.2161729567249646
1648 1.3918659591507807
1649 2.549727595662048
1650 3.299377722325507
1651 4.443208912909372
1652 7.301043740383981
1653 11.271067971681791
1654 9.959351299400307
1655 10.021562450042433
1656 9.766233664634981
1657 10.196761971732574
1658 5.7274378192529865
1659 7.345920400704512
1660 6.09660175706974
1661 4.028215335936125
1662 3.2066501296921874
1663 2.694481181526675
1664 0.36295708739857996
1665 0.9352934233956268
1666 2.138029915228119
1667 4.964715431944604
1668 7.151896527675554
1669 9.28966690914289
1670 10.344448922304132
1671 11.144416855126224
1672 10.688084742002447
1673 13.510661707930941
1674 17.766240640482565
1675 23.359964741061923
1676 31.553635942922007
1677 37.16523515120934
1678 46.0256626255646
1679 43.319687931011984
1680 38.40326623821419
1681 39.83235082234731
1682 37.903012964204265
1683 27.05317658220411
1684 24.184807124988264
1685 17.918317401671807
1686 12.685322717922503
1687 9.686211563205394
1688 7.011563904354062
1689 5.133372795639098
1690 3.7172981549188804
1691 2.588163778879229
1692 1.8007925470388484
1693 1.4437318246485082
1694 1.3041444681777452
1695 2.2353029259725745
1696 3.603752620895819
1697 3.6303552184334316
1698 2.146293371232267
1699 1.7041600227541518
1700 2.403808779377436
1701 4.830987761463819
1702 6.681287266835915
1703 6.067127344095498
1704 3.8871378541358497
1705 2.6829580064527505
1706 0.8228350807538873
1707 0.10903004571246504
1708 0.0004989449578002374
1709 0.33803522331183744
1710 0.5845096958193369
1711 0.61769504929794
1712 0.6220556888523758
1713 1.5635185525747064
1714 3.6678633530008877
1715 6.508384654140547
1716 9.542959371139414
1717 12.214596624053529
1718 10.957696100213697
1719 9.085847234382086
1720 6.787196845768267
1721 7.557333130867712
1722 7.121981605983649
1723 8.415409589713361
1724 7.597396885632872
1725 6.066091678769732
1726 4.043328790363039
1727 3.840997142135454
1728 1.029913382969692
1729 1.3654318547227673
1730 2.1885216958881473
1731 5.4611387939775895
1732 7.326150399983193
1733 7.752047567605274
1734 9.111693924817425
1735 10.768859617063267
1736 11.364182286634032
1737 14.909414428382137
1738 17.84791697111464
1739 22.34353985005931
1740 29.30463636230198
1741 35.00356483645691
1742 34.358009669089114
1743 37.24491790097781
1744 39.07725333007016
1745 41.34315112377341
1746 37.69890876110132
1747 26.427666274488846
1748 22.83979377422227
1749 18.383934248166263
1750 13.248812622204523
1751 12.331114077431124
1752 8.14737279352145
1753 5.801807788722215
1754 5.660981605480896
1755 5.4016179267977344
1756 4.288614752997722
1757 3.7359792875404656
1758 3.4500307687097806
1759 4.362437634023814
1760 6.206625435679046
1761 4.531784430557445
1762 2.9944765839933982
1763 1.4983430467842744
1764 1.6875576952831108
1765 2.3617281788435966
1766 3.3173196766354454
1767 2.1561104054561904
1768 1.0895546324921952
1769 0.34398376185284596
1770 0.02140630981790269
1771 0.0016318235081565994
1772 0.14059528915787395
1773 0.48954187060356374
1774 0.6578022478284021
1775 0.6150773659322746
1776 0.6910298325760489
1777 1.1014989464058473
1778 3.7474906418616123
1779 8.282051440532696
1780 12.233003046290227
1781 12.608083118609967
1782 8.61328242841349
1783 8.999556135915444
1784 5.424855296011708
1785 4.9877689337550555
1786 6.962583506859253
1787 9.37417408647615
1788 11.280079715916418
1789 8.454560180522485
1790 5.278716743635752
1791 3.65948063890456
1792 2.2513123067397203
1793 2.59617423383918
1794 2.805039548829655
1795 4.658241646036123
1796 5.239656134034729
1797 5.857869886514995
1798 8.35976081557422
1799 10.047912622465656
1800 12.197375553913357
1801 15.947949885799305
1802 17.807047784294564
1803 20.933403979535306
1804 27.88843665584853
1805 30.08769194257051
1806 29.072944654143335
1807 32.74761340319303
1808 44.94070083273374
1809 48.04676337971115
1810 41.69843553871957
1811 30.558866970767077
1812 23.287905170796055
1813 18.522814549913484
1814 9.96889840241593
1815 8.571693750966443
1816 9.424277543881525
1817 8.746206761595367
1818 7.9235097813410595
1819 8.269269151036598
1820 5.854040034273973
1821 6.532171940260562
1822 6.481142934190024
1823 6.570186409541828
1824 7.488647785926945
1825 3.335061369892838
1826 2.2543497410163735
1827 0.6790621548182204
1828 0.7207540693621733
1829 0.6186316196789545
1830 0.36058373049337145
1831 0.08232362946543334
1832 0.009981195556227522
1833 0.6315743684224708
1834 0.8931415444229143
1835 1.0690452999554638
1836 1.6362749756388526
1837 1.7459399091676566
1838 1.3353968998737271
1839 1.1384185727752867
1840 2.6666255885432535
1841 2.7341507239683653
1842 3.8264031567476113
1843 6.248757334637147
1844 8.159744095608724
1845 10.007588121895292
1846 10.757107007958682
1847 8.704910432032541
1848 6.384509617455299
1849 6.646636380240503
1850 9.999151313730977
1851 13.126064373297845
1852 14.078766895436344
1853 11.361760179178743
1854 5.288180875690885
1855 2.613779289473997
1856 2.613423614823822
1857 3.0081638732303273
1858 3.301722686730531
1859 3.8246459634769794
1860 5.827962012787492
1861 5.726515798033893
1862 8.298829500390951
1863 9.397757663972907
1864 13.057373597533857
1865 16.856755723763328
1866 18.13377101913178
1867 21.655123615724392
1868 29.580981543801816
1869 35.94398499254419
1870 37.10567317925683
1871 39.98211865065517
1872 43.70236107749689
1873 38.247724010938114
1874 37.48639537478166
1875 30.20796789607712
1876 25.27467229483682
1877 18.20914233599495
1878 12.754425589663619
1879 12.824055231454114
1880 13.308033989131108
1881 11.000175093209023
1882 11.52431020931365
1883 8.815350778035741
1884 7.28207617099632
1885 6.821422741404389
1886 6.581035864145771
1887 7.108600888788127
1888 6.763872522323946
1889 3.1383498452912306
1890 1.3795280127510385
1891 0.15340636388035014
1892 0.007100557419972919
1893 0.08237397002661397
1894 0.17995488583778277
1895 0.621777631051656
1896 1.6713471557981798
1897 3.556471229334471
1898 4.419537257256346
1899 5.697802656901869
1900 8.109702295790122
1901 7.157028986980665
1902 4.534098270804962
1903 4.237679741762634
1904 5.527508506212318
1905 5.30929072391988
1906 5.407157576955395
1907 6.854852162967863
1908 7.154953633276471
1909 8.533501664378438
1910 9.63975250212392
1911 8.237922558088723
1912 8.595334581010853
1913 9.368252675997867
1914 11.62193173420713
1915 17.588409786624315
1916 15.198584954367718
1917 14.893701005011275
1918 8.486783885459717
1919 3.1111758747268063
1920 3.4112980366363286
1921 3.3832016902766604
1922 4.073286213402013
1923 5.291763403163433
1924 7.0001051312131395
1925 6.922345045200439
1926 10.280099427556813
1927 13.746458123507235
1928 16.04358826850017
1929 16.692093655350963
1930 15.388888438055213
1931 21.079374062128274
1932 25.62050432488848
1933 32.530624442925046
1934 36.27021729090348
1935 41.59200381385521
1936 45.633295523101246
1937 48.933386054845975
1938 42.40773146833904
1939 34.054705523619276
1940 28.726152410382323
1941 20.585912172079606
1942 16.999221306637534
1943 16.561876658282824
1944 15.088977567845301
1945 13.619634528959558
1946 14.21912662499042
1947 11.642374643282631
1948 9.414623416532141
1949 8.350153683358053
1950 8.983707921360518
1951 8.31004946159784
1952 7.46938744736229
1953 4.195131960668157
1954 1.1194163638162313
1955 0.37586739226767724
1956 0.03206715569881191
1957 0.17894541148719548
1958 0.7239246498499154
1959 2.146061558843478
1960 3.4761865628197497
1961 6.2360022954298735
1962 7.829092210708803
1963 10.952768516588044
1964 13.385597588433686
1965 12.704152486566851
1966 9.996791860092195
1967 9.042694869340504
1968 8.657040230468874
1969 7.179965568423473
1970 6.011565796083188
1971 7.389714003449771
1972 8.595774490494653
1973 10.12097906863364
1974 6.558276872490535
1975 4.06243458734108
1976 6.130523985541136
1977 9.540269245998944
1978 14.825882963449418
1979 17.67640827792533
1980 13.62903315682314
1981 15.99803067443486
1982 10.324856669664364
1983 3.7715255404034176
1984 4.104649850834839
1985 3.4196156832389644
1986 4.356265573541348
1987 5.185266479173374
1988 6.145065140128221
1989 7.09707074121453
1990 10.786145793068483
1991 14.11698866816402
1992 16.07275969292368
1993 17.575975577588483
1994 16.66966676851671
1995 21.136554409681423
1996 24.901292106176285
1997 28.139728943564577
1998 33.8672777876222
1999 35.46987832972878
2000 43.13514388019824
2001 47.884991966580465
2002 44.70577829222327
2003 37.26170417420045
2004 31.412310569930533
2005 24.936330883211596
2006 19.502541369805897
2007 17.349999077402178
2008 15.235817790309165
2009 14.945759243815852
2010 14.172421044358295
2011 12.43751210758621
2012 10.498370178806175
2013 8.571500734166104
2014 8.326408761230622
2015 6.70064886387303
2016 4.4172087272485685
2017 2.9256304656437737
2018 1.3183647249726076
2019 0.2598514269071981
2020 0.026002797444089783
2021 0.08447894619003733
2022 0.8761751965641297
2023 2.4720869420507583
2024 4.385898341809316
2025 7.119392348432198
2026 10.224274937978262
2027 13.377568486875127
2028 16.24752620772114
2029 18.30963777608724
2030 16.636669436815914
2031 12.225986676986018
2032 9.410330348233623
2033 7.562682372522547
2034 6.786842070983318
2035 7.152073566217333
2036 7.299654621146596
2037 10.4028697369082
2038 5.790276424841241
2039 1.9900676319508428
2040 5.597383140022447
2041 10.9078712222357
2042 15.082562401839853
2043 11.034532854846747
2044 12.564636121733146
2045 15.111272235399376
2046 11.125874918420685
2047 3.9419783628435954
2048 2.974620169818969
2049 3.2983071077441264
2050 4.948899243004436
2051 4.991818110855463
2052 5.519951418333952
2053 7.791910858476852
2054 10.93556918148437
2055 14.053082907356526
2056 14.30678628446668
2057 14.760716593675863
2058 14.187955149693689
2059 18.135648370333662
2060 22.103615167657292
2061 30.385388603473107
2062 30.102637505737626
2063 29.11475554556553
2064 39.961201621106895
2065 42.22112190967456
2066 38.78505952362575
2067 29.384356127125454
2068 24.75265918973959
2069 19.28164211339515
2070 15.368124872332512
2071 13.768117843592837
2072 15.004518528226148
2073 21.04840900806654
2074 18.92516439032111
2075 16.202544992350408
2076 9.782464898049689
2077 8.576030964501143
2078 7.5801600067688355
2079 5.026971754522888
2080 4.163936641205573
2081 3.5132772080441836
2082 1.7667750714457997
2083 0.30384138065001537
2084 0.0034778387180267848
2085 0.14972299441997708
2086 0.4566515192228275
2087 1.1922936963946407
2088 2.671996092397265
2089 5.05564265226769
2090 8.457302167503006
2091 9.478619500225653
2092 13.182145025161766
2093 19.091003552253913
2094 19.161323333622075
2095 14.973836622880118
2096 11.030784413396137
2097 8.290277748916743
2098 9.432295605517014
2099 8.203826975435788
2100 5.810027942337784
2101 6.417758241749747
2102 6.332414946046814
2103 4.809860988938445
2104 7.089555660721558
2105 9.29050717044478
2106 9.531509671374199
2107 7.602331683379169
2108 10.70880947458821
2109 15.692673851740814
2110 12.39372123882202
2111 4.597054425957206
2112 3.0246522479352747
2113 3.1339556159393225
2114 4.451886357668853
2115 4.362540324878582
2116 6.260031522456349
2117 8.377848251124481
2118 10.897822625484125
2119 13.979734899164702
2120 13.418330963045495
2121 12.781481626786777
2122 11.995759827112597
2123 16.23438244529908
2124 21.031502579921522
2125 29.321571668931895
2126 28.681298140874087
2127 28.798405494294503
2128 38.49232374139726
2129 44.4878668041716
2130 39.37340960658709
2131 28.584934291116877
2132 19.930492559698667
2133 19.58720493619551
2134 21.19683074729134
2135 20.622229750539983
2136 17.490270724804915
2137 17.54226407079521
2138 16.505923026971136
2139 12.361608633376985
2140 9.712109515999904
2141 7.051066242676008
2142 6.3477869050440034
2143 5.924111449112642
2144 5.770132693625413
2145 4.059357865533981
2146 2.1789756449951647
2147 0.5520136060820289
2148 0.2860548114946028
2149 0.014129530048034227
2150 0.10655058377802448
2151 0.22281483755256498
2152 0.726548296513949
2153 1.9709296319678322
2154 5.01934878333991
2155 7.305221494389964
2156 10.924754186145437
2157 14.83851460689637
2158 14.681049148469649
2159 12.973878836369265
2160 12.290443567414309
2161 8.983639239600071
2162 8.332504322193
2163 8.254719742605312
2164 5.914240318421995
2165 4.720103429751814
2166 6.0788242230936325
2167 6.7453591797942485
2168 9.887356304199809
2169 7.872986701608044
2170 6.929816851540763
2171 4.862190684727287
2172 9.267877920692149
2173 16.272803086220943
2174 12.246024275344237
2175 5.93700843027694
2176 3.2761168510357592
2177 2.529787832104858
2178 2.9696423157640055
2179 3.9595435728059383
2180 5.882187629021386
2181 8.188294919553924
2182 11.046214482633324
2183 14.644781332048728
2184 13.113619098393645
2185 13.265382537629836
2186 12.998172126322318
2187 17.555887038325466
2188 21.287891650738086
2189 28.690648266171287
2190 28.713285209299986
2191 29.05434214827133
2192 37.655237915280175
2193 42.974309452182226
2194 41.97663788923177
2195 29.803320832048485
2196 23.055958680375895
2197 22.921130580778176
2198 23.504546435438865
2199 24.971860082017145
2200 19.097132072937082
2201 13.939608858098921
2202 11.121995557583139
2203 10.594539277488597
2204 9.469091667650872
2205 6.61600821983843
2206 4.860880209786589
2207 4.810287269227005
2208 4.16799171426912
2209 4.719232817233288
2210 3.753920586761151
2211 1.5340438591134227
2212 0.7778365560543576
2213 0.26711734048900354
2214 0.006853650848674612
2215 0.3433522351006017
2216 1.0211205862548904
2217 2.6208831256635183
2218 4.314530461496875
2219 6.206946326218313
2220 8.159157723954912
2221 13.304179069662423
2222 12.804744971364041
2223 10.28860593948452
2224 10.249364577748434
2225 8.956694501101342
2226 7.799646500978959
2227 8.502134071169213
2228 8.256818901561978
2229 8.968477578786757
2230 6.885537446482837
2231 6.809015767336971
2232 8.025798203859441
2233 5.5903260385086355
2234 5.282900361046878
2235 4.776658252765791
2236 10.663643396729833
2237 16.230298535109913
2238 8.139573458379777
2239 3.970519363005976
2240 1.8061447418857788
2241 2.8905872437612437
2242 3.0076689678609716
2243 3.588382361873865
2244 5.3624282321968
2245 7.968070941055189
2246 11.631467517165257
2247 14.148623571522698
2248 14.235591954240801
2249 12.752567784727317
2250 12.426537824036464
2251 16.218651804406306
2252 21.59085921378848
2253 28.296040282816772
2254 28.452886858846238
2255 28.869067578237022
2256 33.210496832961574
2257 35.18901168000135
2258 36.90108174282239
2259 29.066054954104693
2260 25.2912043853534
2261 24.453006273779717
2262 23.94476834961733
2263 20.929129085642252
2264 15.567808127735054
2265 13.904815900058686
2266 10.575905762855975
2267 10.411365436669449
2268 7.832638360283975
2269 5.175740040457888
2270 3.2374924553471267
2271 3.4506998087453398
2272 3.9506440153839626
2273 4.601874536169173
2274 5.130071118398074
2275 3.0822852422082816
2276 1.878456018688448
2277 0.6904049101027508
2278 0.2403791855664765
2279 0.034090747876046705
2280 0.45887252866079903
2281 1.7148738049746253
2282 2.4813743490852693
2283 3.8980879782123248
2284 5.9326660179859925
2285 8.300617800521184
2286 7.779510909783204
2287 5.6119396712754686
2288 6.830431375199876
2289 5.9925933855670195
2290 6.412546666980846
2291 9.433013651186267
2292 10.508308106280849
2293 13.706964876206696
2294 8.061260510836666
2295 5.570421686663675
2296 5.564438972365174
2297 4.4077594481221665
2298 5.613374077124885
2299 6.2878753491440635
2300 9.46124286461328
2301 12.107199760617743
2302 5.906673154251915
2303 3.4223020794486083
2304 1.4908039308198338
2305 2.8038606634883063
2306 2.7739659840477553
2307 2.118934282001479
2308 3.640289284360606
2309 6.362410979390849
2310 10.133060876172246
2311 13.118060262854282
2312 13.525136210578232
2313 12.381599744445637
2314 12.008294698232742
2315 15.845666797636303
2316 21.56873473207645
2317 29.3607041728862
2318 29.934405620370672
2319 33.03804154089862
2320 40.80194272226937
2321 44.15198730131793
2322 41.20955530250499
2323 34.65420188967556
2324 32.45269354149128
2325 27.313048936244233
2326 20.700759373578276
2327 17.097961524017947
2328 14.598170036089249
2329 15.123270842435758
2330 13.026480731419102
2331 9.308995181907314
2332 6.221570737122697
2333 5.659436689332885
2334 4.722860088428608
2335 3.4825420725232332
2336 3.561942370411096
2337 5.790700606806473
2338 5.131192683008062
2339 3.9615129463733183
2340 2.912028736047884
2341 2.173930673356603
2342 0.9620748913079807
2343 0.10054606706615386
2344 0.14825859435619
2345 0.9639010697547831
2346 2.1346454933828514
2347 4.603901318881227
2348 6.885720581335599
2349 5.743960687645923
2350 5.866933903121146
2351 4.698824422343238
2352 4.6722426179282515
2353 5.727881032006185
2354 8.886950979702743
2355 15.471104040335428
2356 15.851397073555615
2357 13.765209440125748
2358 8.676337028801765
2359 7.102146833188103
2360 5.0322068849858
2361 6.7950565194669
2362 8.637273608826089
2363 8.161319188449546
2364 9.5246746217137
2365 8.46041013963722
2366 5.049671567433646
2367 2.7186152395198113
2368 1.2303941149701294
2369 2.5702959224808577
2370 2.9009443813094538
2371 2.4251073290538527
2372 4.019299154629261
2373 6.671756192903976
2374 9.591937441712469
2375 12.327272510565509
2376 13.464086117059974
2377 12.959580726345752
2378 12.61896584443386
2379 14.35792269356232
2380 21.059930334048865
2381 33.14545911644609
2382 34.35090724691332
2383 35.01399704837926
2384 42.56604964609841
2385 47.23042003609392
2386 44.303353088732216
2387 36.64132532726627
2388 35.00931107667526
2389 26.38370003865822
2390 16.89298764362932
2391 13.486581836326854
2392 12.39879377648937
2393 10.328594576936307
2394 9.152376958157333
2395 8.937256306488853
2396 7.705564471600749
2397 6.940796553112916
2398 6.164081705235045
2399 4.973575658835785
2400 3.943777771514212
2401 4.3898120731197325
2402 5.061747799493113
2403 3.830344834071061
2404 2.6648862863099656
2405 2.8557964725622824
2406 1.6188823414085995
2407 0.7415709580499108
2408 0.12660065512225155
2409 0.032315384568674416
2410 0.4225458386066878
2411 1.822816090781605
2412 4.009678819055951
2413 5.138944183267563
2414 5.357206174856487
2415 5.011756221594717
2416 6.4394417152340555
2417 8.52268828080828
2418 13.293989771914093
2419 17.9173205140174
2420 17.14845884854363
2421 15.273755232100447
2422 10.433577298423062
2423 10.752708092659475
2424 8.95681824024548
2425 9.47816743674088
2426 9.168402489469893
2427 9.940220639609892
2428 9.225897016087858
2429 6.0806453263314175
2430 3.423715667007453
2431 1.7681906220454329
2432 0.4929244321769359
2433 1.8683369370205363
2434 2.201896191200904
2435 2.09416068105587
2436 4.373451768275051
2437 7.692834407496794
2438 10.661976562102955
2439 13.802216573748195
2440 15.158881420202384
2441 15.02122889722535
2442 14.39408615248189
2443 14.395093840497035
2444 23.856079363136672
2445 32.003811142784464
2446 31.859123210867505
2447 34.574828078903536
2448 39.49360434185777
2449 36.36412251387859
2450 37.1872313345785
2451 32.42964661318745
2452 30.881896562983105
2453 20.836455499218097
2454 13.761108136030197
2455 11.282383135483986
2456 8.257512865162678
2457 8.199279084377514
2458 8.081462331146183
2459 7.737298243534806
2460 5.94297959769876
2461 5.814845234410135
2462 5.188421702594241
2463 6.514649380131329
2464 6.417750283028756
2465 5.005757419897868
2466 4.215228343505936
2467 3.9997932523731157
2468 2.536954503868251
2469 2.3494553873512487
2470 2.019451201850951
2471 1.3696154324308356
2472 0.684381147112772
2473 0.29609345727196185
2474 0.006785574657907074
2475 0.8013330698182058
2476 3.0155634794240207
2477 4.794492816157469
2478 6.182967053888555
2479 6.203021155771065
2480 8.144643891006721
2481 15.376683841229593
2482 19.717217369922228
2483 18.60191205471685
2484 15.091718798267925
2485 18.073083201951864
2486 14.562916302857753
2487 16.342831689463086
2488 10.626749634298179
2489 10.290073799390397
2490 8.856945829940647
2491 8.40886130702586
2492 7.903648476399158
2493 4.778747209543328
2494 1.465857462272391
2495 0.7136344819347786
2496 0.4227005234841435
2497 1.370313497759955
2498 2.293847048099879
2499 2.087161616200976
2500 5.111568315439402
2501 7.876380090320636
2502 10.934107198497918
2503 12.546800637469449
2504 13.46818660846859
2505 15.164454429498292
2506 15.393404253164137
2507 14.531929906472314
2508 23.475426436594724
2509 26.05666178546093
2510 35.226813659714836
2511 33.650800296879716
2512 35.12069619747677
2513 39.69358963079688
2514 33.55399031729804
2515 31.213533691545745
2516 33.18411365259693
2517 21.855114304460812
2518 14.303694567542621
2519 9.809372175858066
2520 7.052033371681053
2521 8.30742996241316
2522 7.6560135825748485
2523 6.156263561294972
2524 4.899804678389307
2525 5.661460876786559
2526 7.7552004409562825
2527 8.540541981989643
2528 9.931022033281172
2529 7.308621577830484
2530 5.795824827688215
2531 4.973715569591804
2532 5.360408391208933
2533 4.595353485848088
2534 5.097280336732691
2535 5.617196372569473
2536 2.3189238984741993
2537 0.7608667277480011
2538 0.1443208763696045
2539 1.296105568380566
2540 3.8296073557092316
2541 3.593125881584621
2542 5.600261600573518
2543 6.737142696913258
2544 9.043749139132178
2545 15.777958089618627
2546 19.669341662788963
2547 18.35497294156493
2548 16.568443049851002
2549 21.18726340292624
2550 22.935242812076606
2551 20.295405220581124
2552 15.760193733719598
2553 10.228424986864725
2554 7.70730313531329
2555 7.3266678864547226
2556 6.646123701546623
2557 4.135116158050573
2558 1.9589690428402604
2559 0.7863661954831834
2560 0.010909811997235947
2561 0.381863151269597
2562 2.003577530422679
2563 2.0193066829336304
2564 3.8469650499226855
2565 7.352607050501991
2566 10.939499857576177
2567 11.011501872334119
2568 11.803516434012806
2569 14.282023654726983
2570 14.369592281629604
2571 13.610193950937111
2572 20.289532871396993
2573 25.775191208052515
2574 36.311461327364995
2575 34.680947770225174
2576 32.46501560166593
2577 35.81851207999919
2578 32.31618080278299
2579 30.318022973353056
2580 29.443199911714807
2581 19.68257215600011
2582 13.879659110933927
2583 8.68086489743022
2584 3.6837293161392237
2585 4.678113504167662
2586 4.881895903503832
2587 5.474274591200396
2588 6.069000668848817
2589 6.282465215374833
2590 8.6201323968169
2591 10.848839069409463
2592 10.23608336776016
2593 11.251320177200965
2594 9.49910847019724
2595 10.750640860431313
2596 9.820951174211027
2597 7.812893270187348
2598 7.5378032056000475
2599 7.069101452333378
2600 3.8376699568181185
2601 1.0346842130918936
2602 0.5565084490001346
2603 0.4129594219630107
2604 4.000220839348131
2605 3.297921719311188
2606 4.13518799676724
2607 6.640606711557999
2608 8.27694471052887
2609 12.40590888293867
2610 14.157533939338297
2611 18.50224662259596
2612 17.56713531509797
2613 18.69722846035062
2614 14.632391871551604
2615 12.49896133777985
2616 12.491797943186913
2617 9.391919479554751
2618 8.778633620455892
2619 8.12980207578215
2620 6.046376095563096
2621 3.6854349855471984
2622 2.365846742698018
2623 0.9624764734895671
2624 0.00801809303185688
2625 0.02683098436249997
2626 0.8867079888749292
2627 1.9006469094170892
2628 4.093915276068566
2629 6.723242384713196
2630 8.907250544182354
2631 10.012928096353138
2632 11.323788171897869
2633 11.526133570738995
2634 11.820301127731323
2635 14.23523695510123
2636 16.750277273875838
2637 26.986167060963847
2638 33.76268147444785
2639 30.9836760559452
2640 31.211655467879584
2641 33.03897356609566
2642 31.85352897343733
2643 29.391647013969592
2644 26.294739180732424
2645 19.59829028426397
2646 12.606598647696746
2647 8.550780211251084
2648 3.801458470828982
2649 3.748366460103546
2650 3.813785570883875
2651 3.7785947677499343
2652 4.364622264872437
2653 5.121627766631476
2654 10.223799460772947
2655 12.408313722645925
2656 14.724246876908536
2657 14.069885793142122
2658 12.779080499105335
2659 11.35489181188284
2660 9.203348070983335
2661 6.91323629991249
2662 5.911830763607601
2663 3.964680090178905
2664 3.6515763796770404
2665 1.650257951435092
2666 0.786773057210954
2667 0.001539658430475287
2668 1.9724353972250817
2669 3.2717918612012746
2670 4.379536349791414
2671 5.296910958698715
2672 6.223906996716164
2673 8.089038926016634
2674 11.540335631048686
2675 12.589226593990539
2676 10.860596705868357
2677 13.305091030929374
2678 10.730435135809035
2679 10.862884996091198
2680 8.301152851676266
2681 10.083836179931861
2682 10.263452468173382
2683 9.691429904087332
2684 4.572199393365295
2685 2.342002742872843
2686 2.473822478781502
2687 1.8300138254181175
2688 0.7806519257606754
2689 0.18907570044073405
2690 0.33180381907487944
2691 2.0229242944126478
2692 4.759370846255478
2693 6.147377266203538
2694 7.678945479248289
2695 8.657206352460795
2696 8.860359393257562
2697 9.789974655599206
2698 10.39614827203698
2699 12.056307914964155
2700 15.300019214376933
2701 23.051903446175256
2702 27.455239118353596
2703 29.097822970740108
2704 32.248707255144275
2705 31.184478845407664
2706 28.76761927385299
2707 24.545694077026834
2708 26.192396983046045
2709 17.874549856705553
2710 9.269752140568182
2711 5.9041507537292155
2712 4.021875818540425
2713 3.2877428632390644
2714 2.935675006617889
2715 2.104111753940615
2716 2.790103084798262
2717 4.655707410218813
2718 9.333515961932786
2719 7.969639385189567
2720 8.462482891725601
2721 9.39806202263709
2722 15.016806587701328
2723 14.65932996917919
2724 10.951772979580747
2725 8.65788096640538
2726 6.572210515618003
2727 2.638781615290804
2728 2.912501481148728
2729 1.8931963837804995
2730 0.6343679201606821
2731 0.03832484186482
2732 1.2722153789276087
2733 2.78921348628511
2734 2.736493220389286
2735 3.4811038568963277
2736 3.8885039034077398
2737 4.211688864379028
2738 5.284505063868972
2739 5.2009899364343655
2740 6.8340497313203965
2741 8.757030910471077
2742 8.472939270640492
2743 9.874345479633625
2744 7.372583633206883
2745 8.689265111263783
2746 8.756210867629147
2747 6.509616915073341
2748 3.1755170420911365
2749 2.890802272388714
2750 2.4177852592097397
2751 1.9681692257938668
2752 1.2863603518596276
2753 0.5982176646861472
2754 0.010132250848654099
2755 1.2770883670897832
2756 4.283082942268122
2757 4.752179588274333
2758 4.705695587873645
2759 7.241342099069935
2760 9.002243039476824
2761 8.810102068201104
2762 8.82571103107091
2763 10.899421852930809
2764 14.659991007478885
2765 18.820345730975845
2766 22.71159811069835
2767 27.923597928722323
2768 30.352554499143256
2769 32.24972195755114
2770 27.197799794152697
2771 22.650571363404655
2772 19.500414277130034
2773 14.395009927636377
2774 8.271823981703484
2775 4.768638029072286
2776 2.3792859305335314
2777 1.8573759981020315
2778 2.247465976762193
2779 1.7916585085288244
2780 1.3505962138609495
2781 3.270938174199553
2782 6.742130807064481
2783 8.229894916402628
2784 7.4684696761648635
2785 8.855231979155587
2786 15.330129500690978
2787 15.499405468952625
2788 14.008117538461557
2789 11.193433367681825
2790 8.749296819953232
2791 4.557281168305398
2792 3.277381616480371
2793 0.9399633605295576
2794 0.4677662666642209
2795 0.12248847753844269
2796 0.23014067662632248
2797 1.487008034450386
2798 1.4179912984787597
2799 1.5574273697878402
2800 1.4211831145073286
2801 2.020304914650501
2802 2.5150786169158077
2803 1.8967900172270173
2804 2.8042167874123707
2805 4.671765430041956
2806 7.366915118750666
2807 9.264675573014667
2808 7.414167694066765
2809 7.250450045551364
2810 7.5324463542181395
2811 5.775533510930652
2812 3.9148742936719274
2813 3.074996649549814
2814 1.8444429493359225
2815 1.304209806348568
2816 0.8927636233332846
2817 0.9696065595511508
2818 0.004953734830198013
2819 0.713780341602863
2820 3.3790355003838832
2821 4.163002752237053
2822 3.2460842029235684
2823 4.171918980266108
2824 6.172967616414938
2825 6.4710894510819035
2826 6.902661185907914
2827 9.815266418859123
2828 15.002690811170309
2829 17.194466246674363
2830 23.044470081067875
2831 26.487404776132685
2832 30.365759916006827
2833 33.322185146414796
2834 28.697157145894796
2835 24.92809570751319
2836 18.88834412073137
2837 13.022994269449814
2838 8.630289053257336
2839 3.7802648160881156
2840 1.857067743629822
2841 1.2273882643347935
2842 1.8467473730056567
2843 3.4929142841879224
2844 2.3175066313021846
2845 3.85780326527581
2846 6.106022578269903
2847 8.834863129558228
2848 11.610290878414911
2849 13.848271169827477
2850 17.355219651855197
2851 15.083408968735595
2852 15.457847365888481
2853 9.86930808902628
2854 5.844536678281069
2855 3.8947568186620427
2856 2.608776078800463
2857 0.5788484619038158
2858 0.04379568341877289
2859 0.047005455631538295
2860 0.1344119193014346
2861 0.4043012645045803
2862 0.7955322490001063
2863 0.8839066939317222
2864 0.8027798509411359
2865 2.411198416670052
2866 2.265860896334551
2867 1.8535633574467527
2868 2.3065834372422227
2869 2.503865036065326
2870 6.05412710576611
2871 7.523610438445645
2872 7.989486952821909
2873 6.662565074356189
2874 6.391392501171208
2875 5.653666415169032
2876 4.482859545504736
2877 2.908472019701614
2878 1.4292553885585486
2879 1.4114787313107244
2880 0.5355807884864681
2881 0.2862674023919948
2882 0.15370809577614394
2883 0.6355495169375323
2884 2.3244020808830785
2885 2.980597398932142
2886 2.3005444747837926
2887 3.0993358745594
2888 4.873114528326522
2889 4.653426770960951
2890 4.070581236455908
2891 6.6584697792585965
2892 15.720182018949844
2893 16.03769784016884
2894 21.944796946996252
2895 26.945738815329893
2896 33.879323680002315
2897 30.7974925090728
2898 29.011714512412855
2899 26.471678083552863
2900 21.768847318240738
2901 12.963302435237141
2902 8.542185201878869
2903 7.263957539960619
2904 2.932633439494835
2905 1.6755589965230029
2906 3.9576904406615268
2907 3.4560745668106034
2908 4.128389605845744
2909 5.804303590674
2910 5.98410194592417
2911 8.133578397535542
2912 11.145846025829726
2913 19.564006730973368
2914 21.47973636548329
2915 10.570238688416145
2916 12.418650608159277
2917 6.8192698989068345
2918 4.510615514282868
2919 4.119628514447767
2920 2.27111979913996
2921 0.18116886090369783
2922 0.03150557785574645
2923 0.00020900418398541191
2924 0.08378552056602098
2925 0.12666609441959267
2926 0.6831633718457446
2927 1.0196861401673785
2928 0.7730703566340218
2929 2.1431883607693663
2930 2.858145240116797
2931 3.4099990334668537
2932 3.593169902591843
2933 3.740913031608423
2934 8.332265415070657
2935 12.284711102865938
2936 9.127989423353428
2937 9.687206414233133
2938 6.878081983965616
2939 5.092570928022185
2940 3.880042978273003
2941 2.1520281904562455
2942 1.2086006339867865
2943 1.5031142231148895
2944 0.046903407725736486
2945 0.00033871200950239975
2946 0.2857650290190484
2947 0.43543421528220166
2948 1.6768613563778558
2949 2.0279046505089604
2950 1.347710694390762
2951 2.60667187825016
2952 4.231068083719618
2953 3.5607513993242135
2954 4.157594930244646
2955 6.298695530443603
2956 11.774958556130377
2957 15.342096168469938
2958 20.177455091689495
2959 24.478645020564475
2960 25.950647467777355
2961 29.720522928292162
2962 25.452048559183723
2963 25.623052249819708
2964 19.788620602892927
2965 13.083695943963036
2966 11.148300589118644
2967 7.816227822479518
2968 4.144221762854814
2969 3.43944496277825
2970 3.1499115377387943
2971 3.6253397489504224
2972 5.797351816385913
2973 6.898500159630853
2974 5.021763178570595
2975 6.769349310792513
2976 9.428080738291367
2977 16.43195857649597
2978 18.242161565251823
2979 12.110128018298877
2980 8.4071708929846
2981 8.947733659066433
2982 7.044209416116146
2983 5.009703298772029
2984 1.50053048045306
2985 0.018017306475385266
2986 0.049599131884478474
2987 0.0931579596014939
2988 0.42334362130264264
2989 0.44837159229729057
2990 0.8553170976905471
2991 0.757744327311507
2992 0.8081671338416534
2993 3.3492254843129396
2994 3.964047422432098
2995 5.5433793844198185
2996 8.217011789955231
2997 8.779303189581036
2998 9.498943489061345
2999 14.990583502941435
3000 13.219528899239087
3001 8.202943512287767
3002 8.104024522413704
3003 3.5730687196228725
3004 3.1519544771563814
3005 2.0310483153377716
3006 2.052276305284023
3007 2.5257040251724296
3008 0.0027824711307282654
3009 0.018238251017944702
3010 0.2474341379533218
3011 0.9292998010586768
3012 1.0778847783346357
3013 0.9953157869912435
3014 0.8001642430213306
3015 1.6295365954556442
3016 1.3985034825584053
3017 2.1686996140319605
3018 4.923404363895133
3019 7.11941517924368
3020 10.149230550297727
3021 12.709401659114546
3022 15.131406029194254
3023 17.27367451155493
3024 20.009306523233363
3025 18.821012981480035
3026 15.86530508137698
3027 14.350852999577645
3028 11.214140401985524
3029 7.703748526356892
3030 5.762203675997215
3031 2.6035484313846022
3032 2.371670201454686
3033 0.9563621440906899
3034 0.8910030678092837
3035 2.0296023966549086
3036 3.058351556824796
3037 3.5939860566974664
3038 2.612386880696566
3039 3.880776537777388
3040 6.473536720142172
3041 11.001536886956325
3042 11.810400397177396
3043 9.131235984831902
3044 6.465172890253797
3045 10.18206330391047
3046 5.315361382849485
3047 2.8599494240650514
3048 0.5896173951610945
3049 0.6855879544607149
3050 0.338411885796611
3051 0.0005171319410973136
3052 0.20841298977429798
3053 0.3094571255753446
3054 0.7833658510872117
3055 1.024144767009288
3056 1.6906299245968262
3057 3.436430243485392
3058 3.8546305770489466
3059 6.51475054365213
3060 6.9679966130239395
3061 10.01732300968741
3062 8.860340216006376
3063 12.033579310071733
3064 11.44963208836518
3065 8.18905909020001
3066 4.909424901832636
3067 4.429525665778917
3068 2.9187511752194304
3069 2.7598749619122556
3070 3.6484556550902005
3071 3.194062961984902
3072 0.0028751925243168555
3073 0.007545054116758228
3074 0.13291746391574463
3075 0.7033083008648765
3076 0.8442963230263524
3077 0.918097737085733
3078 1.020950906703582
3079 1.4287197190254066
3080 1.133306975860592
3081 3.458268231196184
3082 6.076283012408757
3083 8.027439270179142
3084 9.187203436691917
3085 8.915257098181863
3086 8.88354212658628
3087 10.562294749418996
3088 10.52303478605779
3089 10.53854026775141
3090 10.95757280037359
3091 7.087629512323941
3092 5.512909264162342
3093 4.474251978177353
3094 4.207756674042456
3095 2.844962282457587
3096 2.9910762326107148
3097 0.8742535018642251
3098 1.0142113142423095
3099 0.8235165809160263
3100 0.7987030918581163
3101 1.0455950490028625
3102 0.5331079664159926
3103 0.8411047157945403
3104 1.9556586140551837
3105 2.7915817102928004
3106 3.9199600916162534
3107 4.056343348475342
3108 4.465736331290167
3109 3.1093974317876767
3110 1.8290452973587195
3111 0.5118907313416265
3112 0.8906022082403172
3113 0.6773695387708851
3114 0.0674911235042143
3115 0.03745859175364086
3116 0.04172002740440639
3117 0.17698822327307948
3118 0.2970244963290434
3119 1.081232926722006
3120 2.227609954829437
3121 2.9230703004876823
3122 4.507743215359319
3123 7.7472656209850035
3124 8.505163418057734
3125 10.822359864882861
3126 6.386588155171259
3127 8.401000318079893
3128 7.742354334661807
3129 6.234102286020387
3130 4.53003058113559
3131 4.226414532522484
3132 3.2012093596550417
3133 2.713136662782322
3134 3.1183775636082385
3135 2.858675879793438
3136 0.07173660929037902
3137 0.04062468008382902
3138 0.07629604348253942
3139 0.7279427020234075
3140 0.5610512073294222
3141 0.9930067721844906
3142 0.7700571812011259
3143 0.8848277224437906
3144 2.4591946227895853
3145 4.937113244929415
3146 8.59386730198028
3147 8.633835697602542
3148 6.997391587718507
3149 6.580505632310176
3150 5.7013510938352825
3151 6.923419781497296
3152 7.622323227659395
3153 12.01232697779417
3154 12.678359952288824
3155 8.986979173872037
3156 5.366832081078536
3157 4.34021313368439
3158 4.156167076741577
3159 4.692828418897193
3160 3.319249519972981
3161 1.9274404073818119
3162 1.3087971986045273
3163 1.297812886094652
3164 0.583975335509533
3165 1.0139276096795453
3166 1.2462522483941012
3167 1.784219548351473
3168 2.793755802543886
3169 2.3359179034728657
3170 2.3406676587865323
3171 2.590880546420698
3172 1.1091628892071719
3173 0.2555084199418464
3174 0.2923931028167071
3175 0.14545896392117585
3176 0.20470723495995544
3177 0.0018549870606251702
3178 0.021698437300258323
3179 0.04618295021564725
3180 0.03677997251521693
3181 0.23536753722331358
3182 0.16918551197462847
3183 0.460217277913272
3184 0.9233321833794482
3185 1.0591198932665042
3186 2.548797898888269
3187 6.186184741586734
3188 7.133329493292742
3189 9.180215760573597
3190 6.028245813648877
3191 6.053038971090261
3192 4.730248561997101
3193 4.075932759172396
3194 5.027459634583452
3195 2.6807365826819476
3196 2.2802591352501915
3197 2.6493654182442943
3198 2.513399680611548
3199 1.9035813416441913
3200 0.030669418838019775
3201 0.021712391890522598
3202 0.025049797087181004
3203 0.39703221212327305
3204 0.20548382452339836
3205 0.5615362029555558
3206 1.000041022813985
3207 1.1790948372335628
3208 2.7685006279041877
3209 7.197918948923041
3210 6.984293259356811
3211 5.533846014798279
3212 5.323136149600824
3213 4.319684665638909
3214 3.3058385396395256
3215 2.405929836897494
3216 2.653347643227405
3217 5.5373577788055615
3218 7.919245565479644
3219 6.411947866764105
3220 4.467655801523397
3221 4.2692330942432175
3222 5.5432589673971915
3223 4.4578860778569025
3224 3.8626280159139186
3225 3.427631543790438
3226 2.1105823428772075
3227 2.2492685647220996
3228 2.333021716512964
3229 1.8134414464895339
3230 2.137409670109301
3231 1.6561908107059908
3232 1.4016608222443485
3233 1.5992299319627288
3234 1.2362798161696842
3235 1.183182566865346
3236 0.1457500896340797
3237 0.08207373494417904
3238 0.14272700453335496
3239 0.1356243919178305
3240 0.11563280085112625
3241 0.09882870743795373
3242 0.18037050693082457
3243 0.16867556291244887
3244 0.20687616065439055
3245 0.19153287312148548
3246 0.38889833286605097
3247 0.578549758534211
3248 0.7219472804588057
3249 0.6371184367652539
3250 1.424933402562845
3251 3.5924487323254914
3252 4.882171872282863
3253 5.646590486128461
3254 6.600517161534434
3255 4.773388633020515
3256 4.552523379756488
3257 5.167993045924556
3258 4.044997050563265
3259 4.059051291331789
3260 2.9179989231377688
3261 4.1891498065887
3262 2.2125641055402125
3263 2.383133308918866
3264 0.07998843032650499
3265 0.01303242279194423
3266 0.019291687793757506
3267 0.017477078681756436
3268 0.12870762328703853
3269 0.49434936083362513
3270 1.2877574644482688
3271 2.6380540039221576
3272 4.13722773176027
3273 7.544466918305389
3274 5.91862121259515
3275 5.284494180072107
3276 3.4373221159926777
3277 2.1516878679317655
3278 1.545942459725478
3279 0.8279041960254715
3280 1.0738511756454925
3281 1.109000308873934
3282 1.6681858626863224
3283 1.5369476359706613
3284 1.091167779839305
3285 0.5976527346776901
3286 2.0188938213453285
3287 2.9821889375751396
3288 3.728178825688252
3289 2.8390702009610154
3290 2.177189939945603
3291 2.8871817931440886
3292 2.496234699477066
3293 2.0845136599219667
3294 1.8958631966453416
3295 1.9027564949077036
3296 2.5154870820331823
3297 2.1485823992975703
3298 1.3097450237757378
3299 0.7988569284288679
3300 0.22120484808457083
3301 0.0015715963563761423
3302 0.0047486357713935725
3303 0.07988791010171435
3304 0.038173578723459285
3305 0.0732475944756189
3306 0.09644845859976786
3307 0.007003740780432091
3308 0.0015265625649050851
3309 0.010410639495053652
3310 0.0630723899366118
3311 0.3959826765947491
3312 0.3489442168696804
3313 0.39528340173701493
3314 1.30408422338708
3315 3.138293870557221
3316 3.727219633597179
3317 4.30253955754389
3318 6.589336613538473
3319 5.374868534821605
3320 8.052504904347519
3321 8.737828474830637
3322 5.861089284497973
3323 5.437776203824242
3324 5.8152833709764735
3325 3.841531233073305
3326 2.9722282572860403
3327 2.3254574347021224
3328 0.1961818155861934
3329 0.03640260386458328
3330 0.12731089964144143
3331 0.03602181676435703
3332 0.03683880203348178
3333 0.4985210988281654
3334 2.1444824299398335
3335 4.421045644977147
3336 4.791509449723095
3337 3.311061066865152
3338 4.178600365455744
3339 5.035418297866101
3340 2.516509091969597
3341 1.0689336245227117
3342 0.8852170181358818
3343 0.24664095717730747
3344 0.46009379148926965
3345 0.4493663131982992
3346 0.5950342533591121
3347 0.6039985210882707
3348 0.3824464437993626
3349 0.7761705691499147
3350 0.3680438408567614
3351 1.120567654144501
3352 2.4744936455444417
3353 2.0190747312233484
3354 2.784358105903859
3355 3.3919701554722246
3356 1.868318263384706
3357 3.0533988028144727
3358 2.576936082682199
3359 2.9769474409255174
3360 2.3808193071180344
3361 2.4135970796649375
3362 1.8218815659273124
3363 1.516157135951044
3364 0.5379173589726247
3365 0.10255649351491311
3366 0.07657311988345275
3367 0.00571629984401674
3368 0.04251832520201549
3369 0.10199717372865105
3370 0.19525597662635158
3371 0.12779851558380098
3372 0.21726403672499292
3373 0.10997450205699981
3374 0.2698638400839029
3375 0.8644525116806031
3376 0.20952195570361742
3377 0.5299467093838758
3378 1.0192046534692853
3379 2.0966295428327983
3380 2.2473423111166597
3381 2.9516680088440657
3382 4.671658836972808
3383 6.735175272393948
3384 10.543506250093007
3385 9.504206204494857
3386 6.763877011980573
3387 3.9290775503873396
3388 5.251839534236341
3389 5.352397492251973
3390 5.475764977641411
3391 3.841228275365141
3392 0.5040110377677636
3393 0.048230128424039315
3394 0.12809973493980395
3395 0.13085971857066586
3396 0.006767357247060829
3397 0.3373897589752985
3398 1.7114222483292902
3399 3.408904254598761
3400 1.9008098396700606
3401 0.9247547808406467
3402 1.6462345907804605
3403 2.1293159254148875
3404 1.9943015679898106
3405 0.5979267178055755
3406 0.1628605167049186
3407 0.0056856400515857995
3408 0.04715930697317429
3409 0.09462085289155918
3410 0.040688694667668
3411 0.3041499790755729
3412 0.6336771671633733
3413 0.6778901162139691
3414 0.3773721813884613
3415 1.198465769656574
3416 2.4986454714829893
3417 2.5133614933465345
3418 3.0364593020481627
3419 2.815954670581803
3420 4.596341897244609
3421 4.642906280423312
3422 3.73123585252531
3423 2.722285432818525
3424 1.6780283320213876
3425 2.2404205615204735
3426 1.8395337089118389
3427 1.1541090462410066
3428 0.4797044371272753
3429 0.31940471651662644
3430 0.5723309365428384
3431 0.33772830929510833
3432 0.39676917398680883
3433 0.04881609955221715
3434 0.03181772807086905
3435 0.2278511916079977
3436 0.1845580144399995
3437 0.2680149314235713
3438 0.2687677219145853
3439 0.9062790042727649
3440 1.1610028560299237
3441 1.499017290035864
3442 2.901068841220261
3443 2.754693361936459
3444 2.3484046485134145
3445 3.833376766126757
3446 5.422281862772143
3447 8.020461002075825
3448 11.695488425107145
3449 9.592217136840283
3450 9.564397301965446
3451 6.167956066330409
3452 5.50624336101973
3453 8.964949842433262
3454 8.217384626339767
3455 6.7365400858478734
3456 0.6083586860059006
3457 0.1263186331485843
3458 0.006095351211847235
3459 0.00640956559358904
3460 0.005457251053398991
3461 0.14837433791728727
3462 1.5776101572653634
3463 2.4291236652771344
3464 0.91286673701059
3465 0.5153894699518491
3466 0.6210361356983691
3467 0.6360936384289309
3468 0.7314221147619112
3469 0.18281427805235193
3470 0.001994773667897749
3471 0.23970465299571458
3472 0.1874976560518232
3473 0.024695264680788725
3474 0.031772992326227434
3475 0.013213929462945914
3476 0.1834746109136309
3477 0.41257678310455337
3478 0.2628668438875209
3479 1.8685002791885175
3480 2.463608062707603
3481 3.034935662812459
3482 3.609303608493891
3483 4.1913284640545205
3484 4.748940195675215
3485 3.8241608018848456
3486 3.2964320985788715
3487 3.0348810777865
3488 1.6701746553473122
3489 1.1912130000260266
3490 1.143167047752846
3491 0.9037647340839521
3492 1.1672699428788165
3493 1.4494474561560222
3494 1.262873479591143
3495 0.8580526945224425
3496 0.3331814655069739
3497 0.5996372203042305
3498 0.643375189327944
3499 0.07499637402348239
3500 0.06658656696113409
3501 0.11155975907796949
3502 0.28663147284151985
3503 1.4643840216664894
3504 2.6749804085343425
3505 1.391778619137205
3506 2.7317736760779434
3507 3.017177588800313
3508 4.016613488656792
3509 4.792250522926332
3510 6.821415272198951
3511 11.15577440619653
3512 11.04619866427171
3513 11.11795547873915
3514 8.84813072646736
3515 7.7952460132440295
3516 5.303483190500739
3517 6.970456386731716
3518 8.067841058390353
3519 6.473128967126943
3520 0.6757467690846911
3521 0.2571134409312312
3522 0.1137724140830423
3523 0.05708135448722037
3524 0.001592860131383808
3525 0.41050670603827966
3526 0.9998841456962144
3527 0.5863041744057722
3528 0.3204354878997791
3529 0.25491357202224635
3530 0.19274207845795516
3531 0.06891045145921088
3532 0.11175885863873304
3533 2.3962060823973718e-05
3534 0.00016788058947440145
3535 0.27324321014959574
3536 0.8300694328056155
3537 0.6624271140705659
3538 0.23866047869998047
3539 0.08183887695055232
3540 0.09556545073121882
3541 0.2417400534806852
3542 0.7792869686427343
3543 2.4154833216163696
3544 1.964685412681309
3545 2.4774860071376197
3546 3.667394548908202
3547 3.8105746581730844
3548 4.127901078270383
3549 3.2833628458159843
3550 3.076609729808077
3551 2.2011577724527496
3552 1.1271814515913456
3553 1.032492507163451
3554 0.7491390320474782
3555 0.5812892739422806
3556 1.6907766824602968
3557 2.063780591267658
3558 2.2302938818813485
3559 0.7938299917191235
3560 0.3173111814640568
3561 0.4069500798453251
3562 0.20793060061202132
3563 0.04235289215016869
3564 0.13024845331975077
3565 0.11426588527690122
3566 0.23163617612805054
3567 0.6641097364758917
3568 1.1742734613169143
3569 1.234613678095774
3570 3.707057199113559
3571 4.310462499614552
3572 5.228237923352289
3573 5.855787663114877
3574 7.111359465703245
3575 7.723730387949173
3576 6.054592198476215
3577 9.631650679786807
3578 7.596837686514338
3579 6.919766737809552
3580 5.821718301419689
3581 5.352696927765209
3582 6.497786214038258
3583 5.322479282509036
3584 0.45118512292871266
3585 0.5285999861462732
3586 0.3794372213859364
3587 0.2456701894079581
3588 0.10916283621369542
3589 0.45029553819557516
3590 0.6393555601100384
3591 0.16117451492498877
3592 0.17189862257725425
3593 0.03570369068041235
3594 0.015269735123758737
3595 0.00858011066164313
3596 0.001451016733870788
3597 0.15544856183502384
3598 0.07414928012562452
3599 0.07418977747833601
3600 0.6813852188670635
3601 0.9415815417036754
3602 0.4290796096929541
3603 0.39495274166087796
3604 0.02133272320342821
3605 0.16743545516315758
3606 0.4412518423038134
3607 1.531655164758913
3608 2.1352306112807846
3609 4.024281647045866
3610 3.848475163954588
3611 5.012186616407054
3612 5.184411129428035
3613 4.102293513437479
3614 3.0519707188469374
3615 2.656546899974076
3616 1.5763740447712355
3617 1.3511574833112225
3618 1.2256611471504928
3619 1.2702375433381146
3620 0.8837069750232568
3621 1.4005503168370619
3622 1.5837415947491076
3623 1.4488155507158544
3624 1.2872708130669703
3625 0.8030114263045796
3626 0.2918464184361243
3627 0.025309631855661652
3628 0.0014608335077440858
3629 0.2378861808896557
3630 0.7307822830709996
3631 1.3886754687427798
3632 1.9320090440958901
3633 3.5409208522141626
3634 6.403355010535758
3635 4.997107810696445
3636 7.702729157498173
3637 7.539382094688213
3638 4.510955429348941
3639 3.617315361105323
3640 3.859791869205481
3641 4.184528458788211
3642 7.200081399867146
3643 5.148554779159942
3644 4.309343473446704
3645 4.192048577336838
3646 3.922140005682549
3647 4.161541131569785
3648 0.5680626423509899
3649 0.7176479037665511
3650 0.21857675039084995
3651 0.19124015961442284
3652 0.23392430756044635
3653 0.8914778748675309
3654 0.5913058183211537
3655 0.07094378807786772
3656 0.01556138149090671
3657 0.05584543282851623
3658 0.21168115990485584
3659 0.3755938137693479
3660 0.05515312078214372
3661 0.1951768626948836
3662 0.12093063448283814
3663 0.017369492099149994
3664 0.16152601528074492
3665 0.35943468668219086
3666 0.6056961127043662
3667 0.37153414386165695
3668 7.239470180052522e-05
3669 0.002240745569700047
3670 0.16969985479072608
3671 1.0812163537498003
3672 1.9250912496795656
3673 4.616335638114454
3674 4.80713397939545
3675 4.367103329142086
3676 4.882830085971667
3677 3.6242686635598145
3678 3.2316325528951366
3679 3.070425254094426
3680 2.133678100320993
3681 1.631754537784972
3682 3.135116552522968
3683 3.108487803949195
3684 2.741029388767776
3685 2.3144632778747494
3686 1.8560043895956613
3687 2.5281717234072083
3688 1.632162712766567
3689 1.3343991044231944
3690 0.4014082554410701
3691 0.00015561193727804998
3692 0.2057381525494291
3693 0.7483753213799992
3694 1.381043402032922
3695 2.4688949398975035
3696 3.1878316504568067
3697 4.763045788322583
3698 7.592715586623114
3699 5.342846210851566
3700 5.490515414370733
3701 4.58378811852618
3702 4.279298389603566
3703 4.456986569223817
3704 3.779776560726098
3705 3.79369121548061
3706 6.7705982786921215
3707 6.883014986107628
3708 4.902036206922882
3709 4.675667268405647
3710 4.4694763714036165
3711 4.042031396452821
3712 0.8142891239344162
3713 0.7351090176213947
3714 0.44990108677611756
3715 0.06587638814244567
3716 0.9130653641247389
3717 1.081234435493619
3718 0.4761475454707576
3719 0.21162754295560918
3720 0.003241025671612245
3721 0.005369819799724392
3722 0.19261729785705997
3723 0.7045422854655641
3724 0.7214170040967179
3725 0.41916596652738386
3726 0.11373447062462913
3727 1.3951652045255432e-07
3728 0.10103627580922159
3729 0.12355685390203389
3730 0.05124426034999219
3731 0.03269599887427973
3732 0.06606228607635953
3733 0.05170288048585813
3734 0.4266173583511628
3735 0.8869826857449729
3736 1.152340475045051
3737 1.657751677047974
3738 2.331475756321856
3739 2.21254798023673
3740 3.5583375722526176
3741 2.3146972501407594
3742 2.748318068634578
3743 1.470265613757845
3744 0.6673267980344513
3745 0.7597570351100003
3746 1.617342063031991
3747 2.137303158384277
3748 1.9972440051530174
3749 1.3912141476601718
3750 1.651000764393041
3751 1.7588099644535073
3752 0.843934348928566
3753 0.16310570712510072
3754 0.0014844092432407538
3755 0.22831268644645375
3756 0.6105136477512664
3757 0.782439459204427
3758 0.8063312251145055
3759 1.6276045274618263
3760 2.7995988000122605
3761 4.2629418604232185
3762 7.616106616029058
3763 7.667206407086039
3764 5.924948227155539
3765 6.27775173992294
3766 5.71450874992667
3767 5.179795673359842
3768 4.070373015681749
3769 3.8075607823145474
3770 4.787645364570121
3771 5.837552046870353
3772 5.400127882151511
3773 5.446411660412179
3774 5.732052696600309
3775 4.501615432162033
3776 0.4340940984894727
3777 0.6932970999579933
3778 0.5234546142621411
3779 0.03187571447429479
3780 0.961823505263874
3781 1.4901762935596343
3782 1.1325019584025136
3783 0.7940192258581246
3784 0.15266817865936022
3785 0.0488174049178246
3786 0.08950623245285388
3787 0.536817850206999
3788 0.4455251174424009
3789 0.2993779891506555
3790 0.03404941303233043
3791 0.6222110235750449
3792 0.2973169370518749
3793 0.25071315375942915
3794 0.10907421423921068
3795 0.030183349515440622
3796 0.02793538918345948
3797 0.7690012748283277
3798 1.10069949480375
3799 0.4428671200629538
3800 0.4327471814236964
3801 1.3227262592126958
3802 1.5806699148836496
3803 0.3332739006687732
3804 0.6918361827525803
3805 0.32306107239670173
3806 0.8588271301759018
3807 0.1748713391317625
3808 0.005746680282912417
3809 0.006477952640591642
3810 0.05710817131698726
3811 0.3595727171109942
3812 0.9443294642079694
3813 1.0248343727012048
3814 1.2750982682874223
3815 0.3905246723875175
3816 0.054733637023498316
3817 0.010302493751650696
3818 0.13923342884894038
3819 0.8127292275924697
3820 1.3421957014603247
3821 1.2209153257329979
3822 0.8265710975623431
3823 1.321020015767242
3824 1.1567174609054283
3825 2.467557071151494
3826 4.453191141351602
3827 5.845894329280731
3828 6.274712726506182
3829 6.39072361578836
3830 5.921388014563621
3831 3.7615369000837955
3832 2.472110093633785
3833 2.9656780349529637
3834 5.313669039814152
3835 5.263943998517247
3836 5.688881886838475
3837 5.728031446980308
3838 6.788285503653245
3839 5.104699278369985
3840 0.3895275888585525
3841 0.3413714050004337
3842 0.17945384501054776
3843 0.0007368579880258996
3844 0.26775401445296065
3845 1.2742695294707689
3846 1.4242472189706095
3847 1.5881588951543921
3848 0.865044905392917
3849 0.2644168375224284
3850 0.00431857351695234
3851 0.14615951086029996
3852 0.13543865874329264
3853 0.3613323304406415
3854 0.3182399596313239
3855 0.013883133249829609
3856 0.194150452233164
3857 0.12988390911930117
3858 0.15728199523597622
3859 0.0440869524600543
3860 0.44869560037721545
3861 1.4660524219623159
3862 1.4613036739965375
3863 1.8258169898886665
3864 1.4546205100085008
3865 2.041623059518566
3866 1.7056324664686704
3867 0.8864619575927167
3868 0.5999387173469264
3869 0.22430135816013394
3870 0.3259063431897422
3871 0.3490100017334446
3872 0.2766899304102769
3873 0.25795938658720513
3874 0.2660819093111693
3875 0.41906694497590535
3876 0.33639731893025315
3877 0.3204147822388447
3878 0.13343481980725602
3879 0.3119841819266267
3880 0.004535658062982172
3881 0.03747117189255705
3882 0.005361341305658811
3883 0.028054401094090707
3884 0.5511741078997964
3885 0.8983055814061083
3886 0.5569883667365145
3887 0.42324253595166544
3888 0.41357538398589005
3889 0.8528216496537744
3890 2.8112914495683086
3891 6.503463659519583
3892 7.071821462835809
3893 5.3449032048664025
3894 4.349569770223187
3895 2.5066080333858514
3896 2.0460360607394272
3897 3.032630496328775
3898 4.03857891232269
3899 3.343022925276758
3900 3.4805672826962355
3901 3.763367119028324
3902 5.1181765839222795
3903 3.8332866941324224
3904 0.6712256229655712
3905 0.36857614524322796
3906 0.06350854432185409
3907 0.10206593560785508
3908 0.11385765907960224
3909 0.9525838652403334
3910 2.0004766063243835
3911 2.4451862514383795
3912 2.5949649380731805
3913 2.215045798445326
3914 1.372510498841965
3915 0.2954651813382147
3916 0.0061484137691487075
3917 0.22403397202244998
3918 0.3225837055465631
3919 0.10006832084507938
3920 0.000333328109413272
3921 0.19580733873457262
3922 4.798382110035612e-07
3923 0.028576686411534945
3924 0.08374550892648695
3925 0.5682340466430101
3926 0.9240271066075979
3927 1.005127516532529
3928 1.5484304398180426
3929 1.7693925160396289
3930 2.7998551654139816
3931 2.2985652492145108
3932 1.4711908174359112
3933 1.6364150856375312
3934 1.5152743059796956
3935 0.8084734027097883
3936 0.7263743697733303
3937 1.0619443582668475
3938 1.328626719471793
3939 1.1418934074981302
3940 0.5438092148618792
3941 0.17991143004369473
3942 0.051253258373986345
3943 0.05406755359524883
3944 0.1268118049461425
3945 0.16252273784659013
3946 0.15559644953009774
3947 0.0021190423798956677
3948 0.3277130021982796
3949 0.17387507538341335
3950 0.1855931643448748
3951 0.4206454283273507
3952 0.39357412001802294
3953 1.0545073756742342
3954 2.2534460330977724
3955 4.033852048238057
3956 3.930261227560003
3957 3.9024312262688023
3958 3.6159454698028464
3959 1.916627713359076
3960 2.101954922371326
3961 2.663024903403705
3962 2.399307613263259
3963 2.212358450456731
3964 2.862947656037131
3965 3.561955011232583
3966 4.136994799750048
3967 3.6889762309790224
3968 1.9617371111396944
3969 1.3346358280737218
3970 0.17173950000020569
3971 0.0007566017005754005
3972 0.07270090687417463
3973 0.329978568862421
3974 0.6642880717628317
3975 0.7098942443831083
3976 0.8773790729439879
3977 0.8798187090594672
3978 0.5840728928649394
3979 0.09424063334883373
3980 3.603858124355212e-05
3981 0.07780626985279906
3982 0.19522434159331636
3983 0.10091347182861991
3984 0.056605201161337215
3985 0.01985132976796445
3986 0.0019502626777754394
3987 0.06455654159972507
3988 0.18188141832625065
3989 0.778194879086541
3990 1.2426775067230433
3991 1.3497616530621823
3992 1.6338973915204693
3993 2.396459331031826
3994 4.090321008986177
3995 2.6862951977318565
3996 2.2629003343433505
3997 2.7972856111988715
3998 2.4536084004635463
3999 2.1039284394835596
4000 3.1001447208915343
4001 2.5685111377389527
4002 3.4259397647629974
4003 2.2110169127450776
4004 0.7946516525324496
4005 0.5824596497788699
4006 0.3556030298077683
4007 0.2419213362763955
4008 0.19028124177320116
4009 0.4342504562957961
4010 0.22264355578126463
4011 0.08668617615684927
4012 0.0011311940252512432
4013 0.017589437775125
4014 0.2823288955092455
4015 0.3457814734722229
4016 1.1863397330705194
4017 2.0043244621455036
4018 3.0522592865282916
4019 4.30542889552859
4020 3.3098157400495416
4021 3.4524244338718715
4022 2.4536656692381587
4023 3.0421415617213903
4024 3.0233660289405053
4025 3.256240799714246
4026 2.035044080708266
4027 2.5899186441737427
4028 3.487165685074021
4029 4.1910297797871
4030 4.348386044909801
4031 4.488827889099554
4032 4.408729590208791
4033 2.98261645856578
4034 1.2096352391682206
4035 0.3095400469582155
4036 0.28274657605559395
4037 0.11618638642864751
4038 0.18581736201373952
4039 0.02141686653843397
4040 0.002218411721463118
4041 0.054458710481263155
4042 8.958860489669313e-05
4043 0.005720543439638254
4044 0.10499679330364248
4045 0.00428841753968722
4046 0.001331215714500033
4047 0.0009059246837293254
4048 0.04130742483403612
4049 0.07653327275697377
4050 0.0727457104812777
4051 0.20217785323998877
4052 0.10472181904482362
4053 0.18412818255572927
4054 0.4537773327009775
4055 0.617256960417868
4056 1.3808445339112252
4057 1.9906950220126343
4058 2.3718552262158803
4059 2.767626742825497
4060 1.429495424986882
4061 1.4127835545407355
4062 1.9525193882931104
4063 2.1293593549627787
4064 2.4301179311325263
4065 2.7822106906607105
4066 2.580461696408775
4067 1.4543363850382545
4068 0.629084016974271
4069 1.034018935135242
4070 0.9399173424608913
4071 1.0036856586813152
4072 0.7218550772669835
4073 0.6707404667055852
4074 0.49363786486895683
4075 0.13177243146973097
4076 0.0516473758159938
4077 0.062235217821367025
4078 0.19898651314466534
4079 0.22507230622385085
4080 1.1985798396053513
4081 2.6737126429175104
4082 3.9579235301034665
4083 5.7675159656081405
4084 3.6394396175022172
4085 3.4637755845313394
4086 2.5972317577186237
4087 4.078994015686015
4088 3.974738209968383
4089 4.051912380450477
4090 3.291413115195311
4091 3.4088864587276997
4092 2.5732751994843666
4093 2.835617293117765
4094 2.5956289754435
4095 2.508200995047659
