 0
0 3.9675765798075164
1 3.9830342488259176
2 3.94379210742315
3 4.114774974967755
4 4.07479076332406
5 2.733312834973955
6 2.034717678006022
7 1.6931254749701197
8 2.0485714757885636
9 2.739632527936334
10 2.391090286479727
11 3.4273527526421708
12 3.849312011346935
13 4.040947986257135
14 4.011048275202407
15 3.905004185459884
16 2.521727062515308
17 1.7575847956818553
18 1.433046895785269
19 1.2806497817308276
20 1.466451244229274
21 1.1074417224365924
22 0.2228464593433206
23 0.0008608543313758575
24 0.04283246748052298
25 0.0016506216437992649
26 0.01135485976202126
27 0.009656383027673677
28 0.30538443131037224
29 0.42213504653882455
30 0.3165095864723249
31 0.5468381105481275
32 1.1280801752766485
33 2.209699472415688
34 2.379256451961214
35 1.2531765213872434
36 1.2474801187652997
37 1.5844626689095127
38 2.03311664525861
39 1.997455112532919
40 1.2941674684392643
41 0.9153724353515035
42 0.7090157131572841
43 0.3984030834332841
44 0.33952920955852584
45 0.29005626136917945
46 0.8781969235628917
47 0.8704184875681688
48 0.7257391679008628
49 0.16167396727989058
50 0.5165982806230198
51 0.34121068894724516
52 0.15342484508870374
53 0.01014955231570424
54 0.04479569980613697
55 0.01950602309769539
56 0.09675793668880721
57 0.0011897202026868448
58 0.053227091145268184
59 0.10731210411152886
60 6.12906226304792e-06
61 0.024398338223332112
62 0.018016687619175006
63 0.29859405982918324
64 3.9478798705684595
65 3.2193593270900256
66 3.348715338670279
67 3.712134207130832
68 2.857569221808543
69 2.0585028438183874
70 1.7065294872200505
71 2.0536149947952804
72 2.4361092329456433
73 2.072564601732851
74 1.427841018870109
75 1.8424902289940144
76 2.7684652877261726
77 3.6451569371872505
78 3.916744919557493
79 4.26386312607203
80 2.048222159068108
81 1.8762478438743673
82 1.8722415315053158
83 1.449825183416237
84 1.45055026861201
85 0.8853461516318764
86 0.048110574528503744
87 0.019543085394944915
88 0.03041854590753278
89 0.08485146968842601
90 0.16553854376854119
91 0.2979853950610952
92 0.6821198334642602
93 0.7082777327075946
94 0.6933634081296685
95 1.122171581277606
96 3.0618413841520673
97 4.018626420302613
98 3.8621985257490348
99 2.2440963380941823
100 3.2029859878538023
101 3.292555935877423
102 2.645979240024056
103 1.9636741854268573
104 1.1295505515526378
105 0.4997763558429348
106 0.23156721771905608
107 0.14687157606230544
108 0.04773102824473104
109 0.012010044510407134
110 0.1913917157960026
111 0.21132934967502923
112 0.4613815680423685
113 0.21015220522562864
114 0.18415421184137454
115 0.2587741069259237
116 0.05245859976230784
117 0.005373282989479775
118 0.026564428697442057
119 0.00273985624383412
120 1.2508467203048218e-05
121 0.030678825409508725
122 0.03401081795561109
123 0.029134367394138105
124 0.0006507848203650119
125 1.247622745764867e-05
126 0.0022536004713093567
127 0.15321765582814997
128 3.661155156460409
129 2.5361229470033253
130 2.4976945032765623
131 2.102037588067944
132 2.1797990818740414
133 1.1012512775045815
134 0.7860192698200985
135 0.6858899362519103
136 0.8351542412228349
137 1.398159217837192
138 0.8266139400977934
139 1.500001998831499
140 1.7080108502923501
141 2.265122796377555
142 1.747300629101713
143 2.1605409882278397
144 1.2021862195275355
145 1.2110628644473462
146 1.3439220207074098
147 0.9152052355178302
148 0.5477651472476783
149 0.14304336733291106
150 0.04004238082802718
151 0.520507571729189
152 0.5283739671978038
153 0.676874833491937
154 0.6810067772362004
155 0.9323938597068233
156 1.341294709303746
157 1.47706245340334
158 2.5437183182127767
159 3.919520274096823
160 6.957377626530024
161 7.359245256983276
162 5.3202981263179705
163 4.223659883775737
164 5.242578090018993
165 3.6211958991334914
166 3.366978541455145
167 2.348549583512859
168 0.9531348498176496
169 0.4887156863239756
170 0.35007948374446946
171 0.27080951591726615
172 0.03722372420051723
173 0.017496110412087415
174 0.07898747959764882
175 0.10929636174068308
176 0.37317715894319897
177 0.24607579147438885
178 0.3137031587866183
179 0.5526035970122146
180 0.1774955822340544
181 0.0030244833341261466
182 0.004840186523112897
183 0.12521914731532996
184 0.07434913163859921
185 0.07747389500203279
186 0.0032609407938613963
187 0.09122557104785901
188 0.1063954257812343
189 0.007213909273076259
190 0.009441138198453753
191 0.054467394128518996
192 2.8372616772285837
193 1.6927853639592252
194 2.34990028428289
195 1.149333726052231
196 0.8184151494135099
197 1.4703696078574275
198 1.0003656316294962
199 0.8018515707921381
200 0.6268098594493304
201 1.0659323721733738
202 0.737852848351791
203 1.7059912523556635
204 2.428264089872891
205 3.2885046274325043
206 2.8987312386991504
207 2.2221395164441784
208 1.4486139730108516
209 1.7416420615828987
210 0.7898292727590093
211 0.0694961646991723
212 0.019831982397917967
213 0.05378568323882865
214 0.9268089304873516
215 1.271685319244218
216 0.8940895161224409
217 1.4020603443343034
218 1.7702828523223875
219 1.5999105020387672
220 2.189079108806965
221 2.707698380924532
222 4.484356687398563
223 6.596711225348466
224 8.419956431624879
225 4.989283943586825
226 3.733854299484293
227 3.487118657907725
228 2.738698520245704
229 2.838321329125087
230 3.0652006920234434
231 2.2356871371651947
232 1.3623425033151957
233 0.6925210432931067
234 0.7760133407725932
235 0.7551295035501927
236 0.4997392232569978
237 0.22089520009290428
238 0.3680545462498906
239 0.2933679455262016
240 0.42009801242485234
241 0.1837056026752936
242 0.191449518405138
243 0.4203131451950015
244 0.018662598430140558
245 0.01594335332235758
246 0.013977874180299358
247 0.2251684966025045
248 0.41512282450213855
249 0.3079818700588241
250 0.031453869381736624
251 0.018651669727961
252 0.002107262007097587
253 0.04812237365315487
254 0.19591790499061798
255 0.5647224273401492
256 3.1258528913407853
257 1.3434741906312018
258 1.1732287504420658
259 1.0767907553564249
260 0.6520294553461545
261 1.9380650908004975
262 1.1869746753933608
263 0.942821307326669
264 1.2213499675784378
265 1.4490307375575593
266 1.5949824264813277
267 2.821248085527218
268 2.624036604544139
269 2.7276715868858616
270 2.9730710388182553
271 2.2605858956990246
272 2.028836232065888
273 2.5100866952795973
274 1.0628053550364898
275 0.4152503494666551
276 0.013042966928121173
277 0.36994128318466335
278 1.8185002819388323
279 1.633951025670694
280 1.400520483866807
281 3.121955622255964
282 3.5062645192394766
283 2.4672065316936007
284 3.7167223124570805
285 3.919085741522623
286 4.444834421320888
287 4.884165078932208
288 6.487292216217185
289 4.341782386759132
290 2.70579584365818
291 2.2876241439747496
292 2.102548135402377
293 3.2798032634440566
294 3.6444816438352787
295 2.89842820568634
296 2.7425308392926198
297 1.991152355577913
298 1.440944486762031
299 1.8747798103445108
300 1.0080141205865125
301 0.9835126411791606
302 0.872431215220548
303 0.6436803166213945
304 0.49275314929649294
305 0.21025684829839658
306 0.1385094073540142
307 0.07150524671622711
308 0.0007922167929691415
309 0.14081028636308443
310 0.12105023233110503
311 0.3014321018694157
312 0.4674651491361611
313 0.598109955861732
314 0.1605919704766585
315 0.311737979755773
316 0.7291058857408372
317 0.7307945567794129
318 0.8958863869666748
319 1.307481461366487
320 3.9312228521191064
321 3.19038093574566
322 1.0510482532797514
323 1.1939069204774548
324 0.8436639595186413
325 2.2124961927943
326 2.5833542953361626
327 2.6394008191183476
328 2.912854360868709
329 3.6292889206153855
330 4.413463097633163
331 5.20687144540494
332 3.5997621163036113
333 4.596999939823686
334 4.140134028111755
335 3.5196810844953483
336 2.391123387723739
337 1.4786970575899436
338 0.5475415684715346
339 0.8346968999030315
340 0.6442763325831836
341 0.0006022406993375694
342 0.4398022575010448
343 0.9127391696447973
344 1.779659837434881
345 2.251191374444048
346 2.118449790157468
347 3.4291348141739175
348 4.537148851946484
349 2.9583617206011583
350 1.8934028126096503
351 1.2649207142938885
352 2.018773908806808
353 2.9785014547482143
354 2.1433586886134437
355 1.7807526301559298
356 1.6326296435823813
357 2.065653518035641
358 2.5643158131438755
359 3.1983629431447342
360 4.286968870802581
361 2.5798011331029214
362 1.4170197351682683
363 1.0474738431343125
364 1.4772719336179625
365 1.622534796422464
366 1.3585114244920367
367 0.9105940253461765
368 0.9114169908859197
369 0.4483493824507929
370 0.32899885153732883
371 0.06485146735374987
372 0.024472003321257912
373 0.008961854213292505
374 0.3208128492568184
375 0.4790081415871354
376 0.45066185476452547
377 0.6624295072721818
378 1.0555168643959996
379 1.0458329615663382
380 1.0017704971096315
381 1.7936237736975156
382 2.2745596424773873
383 2.4692983610245918
384 2.745666818030073
385 3.7577915044253176
386 2.6857221864400507
387 0.5751788995265921
388 0.4511150008652161
389 1.597244637473917
390 3.543647675298197
391 3.910173873780075
392 4.3157685135233645
393 4.949354743019189
394 6.117905228276901
395 5.672088188389089
396 3.4882209056794102
397 5.096364077387441
398 4.095891900596083
399 2.7146984647105
400 1.3823333553341142
401 0.6429289587052053
402 0.3666722562653048
403 0.3580397239403804
404 0.05800023753470788
405 0.0004825265607963424
406 0.1609171088293595
407 1.0782793018149692
408 0.8943694836946201
409 0.8792652078828866
410 1.0959533533821764
411 2.220543617087398
412 5.091458192774322
413 2.738558047105748
414 1.4730046176365335
415 0.6836700693857295
416 0.5987291033325315
417 1.315844281079414
418 0.7325619343095702
419 0.954079285419149
420 1.2568453879327617
421 1.3321387402436127
422 1.8933322071787135
423 2.2994848521866147
424 2.287821937883123
425 1.37575684036257
426 1.1701552075018056
427 0.7758364512643978
428 1.1131826284687234
429 1.7197726612031845
430 1.6961517060967797
431 1.7554816921532972
432 1.2479095657672563
433 0.8045157760399295
434 0.38267181839025216
435 0.1382887459686776
436 0.00556272258453734
437 0.1227657701420769
438 0.396331687878106
439 0.29911475396443116
440 0.5923498488640003
441 0.2572557738187209
442 0.8673709013389448
443 1.0875864615419184
444 1.069634492165388
445 1.351930961848249
446 1.8706827451699815
447 2.0854708477077373
448 3.4766440241661796
449 2.8481450678943014
450 4.130505145147419
451 1.480580600193361
452 0.2876770442764906
453 0.9640787064872347
454 2.105500631768339
455 3.328838329128038
456 4.254718138515418
457 5.176758082266403
458 4.777948732857474
459 4.658289691959232
460 4.304623201634227
461 4.5470050204878385
462 3.860107314885595
463 3.1601702742559716
464 2.6010403682739938
465 1.9103723337215188
466 0.7085190300969094
467 0.19055897612505407
468 0.022095444093215778
469 0.11890051810805566
470 0.711569320339182
471 1.1283918232921801
472 0.5944902021824381
473 0.5741506792643676
474 0.9477659878283194
475 1.1925807689431842
476 2.5126505210005456
477 2.7552066488922704
478 1.2120421508898493
479 0.6793948901913925
480 0.22994104330914447
481 0.21310138965437878
482 0.13697047752499406
483 0.26470994501308354
484 0.43722744319290857
485 0.9477891225232375
486 1.3616259751418518
487 1.840611228566124
488 1.1065401761631306
489 0.6622286688156307
490 0.657147492322986
491 0.2811567284574141
492 0.4450097349596496
493 0.6832416947220835
494 1.450536483524492
495 2.046601414490555
496 2.6482855157520726
497 1.6198136491039457
498 0.9783697435883106
499 0.7336816536341908
500 0.029536090656500234
501 0.7786078120045659
502 0.73971439649867
503 0.5815902166902774
504 0.08424143397207103
505 0.21184454929286423
506 0.27564546243849447
507 0.6167154045910646
508 1.5791259533985345
509 1.8614995657727333
510 1.3031897722550538
511 1.7924345674430466
512 3.5496758701826843
513 2.619521570460162
514 3.931795715278719
515 3.5789040019230756
516 0.5413175500056698
517 0.6600132802799001
518 0.967475014164514
519 2.057103491715305
520 3.2204435416264268
521 3.319066495104706
522 2.281511716559973
523 3.1092842147479454
524 3.2900421930436017
525 2.867649097362369
526 3.0821924622713333
527 2.806489287900694
528 2.4220822421301724
529 2.16214482757392
530 1.2830829435157862
531 0.26995486882468667
532 0.00023000104077541865
533 0.053706702164958
534 0.2948464960663235
535 0.495700729904745
536 0.2242379037933778
537 0.7803094929961119
538 1.142942961230177
539 0.46867593727200246
540 1.2809592680473925
541 1.222679385662618
542 0.7055025473430269
543 0.29811241050246207
544 0.043771588805724994
545 0.059180802648855585
546 0.05956473121304423
547 0.12924339740939358
548 0.5918516484676326
549 0.8353083523434481
550 0.6672912250790188
551 0.879367194283181
552 1.6594962744563855
553 0.8571033649861232
554 0.49854820112503456
555 0.16397490805045023
556 0.18079665508703122
557 0.47061326442586143
558 0.9282788740352541
559 2.025936971623709
560 3.2991738056121136
561 1.9017014066631277
562 0.8526554007150087
563 0.8118110000341776
564 0.12604068848136282
565 0.5151504569570429
566 0.9032093121064804
567 0.3001786874153983
568 0.011379140322440308
569 0.1814168555572176
570 0.43815772245242546
571 1.0269989723199633
572 1.2062032888925465
573 1.316421060878887
574 1.261163763897726
575 1.2439304508989841
576 2.998175888874835
577 2.1420398118420154
578 2.46118737909504
579 3.258729244807065
580 1.427105892313405
581 0.007716205635310511
582 0.03917064459600743
583 0.0746008232523071
584 0.6556116940459291
585 0.5980532927145855
586 0.39753518403862254
587 1.148069001862605
588 0.8932871507300646
589 1.2573033590603737
590 1.923754755007885
591 2.4204502462848945
592 2.5912231044990275
593 1.6580021296720489
594 0.7973045911290748
595 0.09855160470976387
596 0.023409990404131043
597 0.028606627686048727
598 0.008678876830754245
599 0.045565791425033406
600 0.27412799408065175
601 0.016323123525785625
602 0.3704645617622333
603 0.3206274161092359
604 0.2140319455994739
605 0.39438325519291134
606 0.5463456591839972
607 0.1198416172881741
608 0.0014230277733067044
609 0.006146098203771094
610 0.013745344712609702
611 0.006479596481677403
612 0.003441548373935713
613 0.01735841481276322
614 0.12682507744635724
615 0.8108257802999026
616 1.2796440960188695
617 0.6800720052833085
618 0.3681661689914231
619 0.10497961373231401
620 0.2581747219032112
621 0.352409813795181
622 1.0111586255908533
623 2.162749002075667
624 2.5648458789517306
625 2.058513925643224
626 0.9186852028359609
627 0.7168576793646083
628 0.272819957952389
629 0.8351717333094465
630 0.5946762365548584
631 0.036532914295661204
632 0.010268497754045019
633 0.19145601724316058
634 0.5487727271895011
635 0.6429748408552218
636 0.3773557725436897
637 0.8597928392289963
638 0.8691383988550759
639 0.921670127280391
640 2.589725511888579
641 1.8285613476466702
642 1.6349063658000234
643 1.606102211912142
644 0.8733547050821036
645 0.1077561455931909
646 0.15740006240221313
647 0.2662701636320196
648 0.1679908228562479
649 0.07022717119451234
650 0.15672614509265517
651 0.03971736478761568
652 0.00034759377531474864
653 0.2925440576966805
654 0.455389738532151
655 1.5460168837852286
656 1.8008923640358612
657 1.470617898012896
658 0.47617667706991496
659 0.12095885682061125
660 0.03338706666657973
661 0.08193478491391622
662 0.20263865782568397
663 0.12021368400319035
664 0.15459306270974615
665 0.004779634504624078
666 0.4727573095195714
667 0.10592677644480646
668 0.9203790816096201
669 1.2439545155706897
670 0.48957924169050676
671 0.03302315984864614
672 0.04717490289967485
673 0.12851619683466803
674 0.1311693145001433
675 0.13755861166018835
676 0.01626245881742183
677 0.000195382090807765
678 0.15612038610945653
679 0.7477444768534408
680 1.2712132279136152
681 1.7040770858676106
682 1.121259898108755
683 0.7097367796191656
684 0.4873959472995096
685 0.5041404402182972
686 1.0395532914565744
687 1.6097733889103303
688 1.5620470713316643
689 1.3868351409683004
690 0.2912726142588762
691 0.09309742551208082
692 0.0078779063213687
693 0.17996877031590333
694 0.6124246255035306
695 0.07993283617884556
696 0.011116897353266474
697 1.1858047918333717e-05
698 0.04252373716978286
699 0.18187699899387125
700 0.6723691762398553
701 0.8748463900866246
702 0.6174189334233234
703 0.8844940528668187
704 2.854829641066946
705 1.5311192266560008
706 0.6950898431550968
707 1.1092444707634843
708 0.33029209704665385
709 0.20104634289423035
710 0.002755282775767176
711 0.5297606339978644
712 1.5115524439035892
713 1.7584352909115653
714 1.4110217192513541
715 0.9750110392606693
716 0.5836816539916024
717 0.04025582700852314
718 0.06748794409486158
719 0.7536115812464647
720 1.2726421801154142
721 0.75736100237375
722 0.1129767602136303
723 0.0171189637169422
724 0.006781335938246361
725 0.042683499901774606
726 0.738301502611959
727 0.337158666773618
728 0.22936972303658948
729 0.033522840156945774
730 0.30733926373779064
731 0.10989926189508457
732 1.3817458847288615
733 1.6887403816468274
734 0.6418205012770649
735 6.645579311598685e-06
736 0.05480285246685142
737 0.029269771127856697
738 0.07726901902798726
739 0.014729858027007556
740 0.02591562215026602
741 0.24014830750154123
742 0.4374392357230199
743 0.47009739400162426
744 0.5140662967763691
745 0.3951938842885494
746 0.6005926391991817
747 0.7924106412829944
748 0.6319792875141489
749 0.27609551964243156
750 0.13872695907007462
751 0.22733075867865593
752 0.27518260901218794
753 0.21632591182411598
754 0.0016387605850133556
755 0.08718500662795864
756 0.14377072514651149
757 0.03155676842739317
758 0.04006719508858035
759 0.06344080700582576
760 0.06454370759995459
761 0.31277696778812125
762 0.015578594042753269
763 0.0069174480604843125
764 0.319474141207457
765 0.2710929266441949
766 0.6824089387255021
767 1.1364226482845547
768 2.2083648003909393
769 1.0704065869754502
770 0.6617648715669919
771 1.082844841897796
772 0.11588254317579745
773 0.007213703704579089
774 0.056511843766748136
775 0.43094463841842096
776 3.5814564053890625
777 3.7045239496514224
778 2.554177282767426
779 1.82374119682596
780 1.5204379163798525
781 0.6589645424787787
782 0.06433142118285606
783 0.02770726669588236
784 0.12735021409348585
785 0.09731975998158807
786 0.03934729533797958
787 0.009879156426351222
788 0.23000850923191063
789 0.9591966030102594
790 1.7662861292216627
791 1.1598793618971897
792 0.2971288281820192
793 0.008323969444970802
794 0.019429948005979424
795 0.11060777340734616
796 0.050555133385812696
797 0.46175613703328405
798 0.016480973434710514
799 0.014255765190173105
800 0.009690552966511657
801 0.014716833211590619
802 0.1384959176754301
803 0.11490259317508834
804 0.08388719446845226
805 0.2357941974262374
806 0.19515324104195395
807 0.3078379041608163
808 0.5071677535360709
809 0.46631154002578884
810 0.7545036811367043
811 1.1793144304398913
812 1.124425059863692
813 0.44023669237144875
814 0.38977514704006655
815 0.28129253368739354
816 0.2539332140827288
817 0.17868114628768064
818 0.0017661635417176708
819 0.021720654069058494
820 0.029715529750877337
821 0.005345842115522213
822 0.05187986149589731
823 0.13876792196389162
824 0.2692044074325853
825 0.7452246462049676
826 0.24231246073005058
827 0.0028787513543770847
828 0.017546762285208708
829 0.11287624736288918
830 0.3229372713788664
831 0.4732018491589282
832 3.094819744169426
833 1.02564316254381
834 0.31847903277479
835 0.1156093304641028
836 0.038772612765104714
837 0.12856291269794373
838 0.7279297539235258
839 2.01613765649748
840 5.026098356113764
841 5.8580089652322815
842 6.205775225427886
843 4.417715484543082
844 3.2858091117843067
845 2.0299489163830677
846 0.6554756355849892
847 0.21492816929052852
848 0.012041375752468204
849 0.06004540547124367
850 0.14104885891974586
851 0.13536987451131233
852 1.0499777118086062
853 1.8134154976944907
854 1.898385477120674
855 0.6452963838937014
856 0.26668324177713715
857 0.03422336026382575
858 0.049540391821539895
859 0.10291066706008925
860 0.007300902660741931
861 0.1165538762207304
862 0.018144954449304442
863 0.013625233374420695
864 0.06299499733251748
865 0.052714225140476544
866 1.0577214440676214e-05
867 0.0004052671183271128
868 0.023924924701888155
869 0.022506284061408376
870 0.11576985549859782
871 0.008932897596209268
872 0.12724333519391795
873 0.4476284369090053
874 0.5914247552813635
875 0.4367334777900139
876 0.35555766081556844
877 0.09937434611583153
878 0.07565517138635305
879 0.013176537583443407
880 0.009936789003801249
881 0.17771114956233328
882 0.13549716524268107
883 0.11240402047297834
884 0.43055351603530084
885 0.3016436787543094
886 1.065481325713909
887 0.7061146452766935
888 0.4260941724478866
889 1.0839692346191094
890 0.8311024345805815
891 0.30160088846106414
892 0.013608980536579302
893 0.12065674054328154
894 0.08020705843141346
895 0.001482921782372163
896 2.320985340978042
897 0.5708158340543328
898 0.07166042472246699
899 0.015971662757187022
900 0.2072790797895169
901 0.2980403989557104
902 1.4409192123837178
903 4.493587290805761
904 5.015678578062049
905 5.782185427759625
906 9.91291740985452
907 7.048379939503675
908 5.209974331061651
909 4.22436357848257
910 2.935096032825412
911 1.5449610918860646
912 0.1080673422867193
913 0.1929129137676134
914 0.09909311828109559
915 0.39386883270989986
916 0.9022831147223037
917 1.2144005180296105
918 0.9698840317442232
919 0.1396858688062375
920 0.00037369932666307974
921 0.09697395250660494
922 0.11557846786551844
923 0.01184754365487043
924 0.004688448259076626
925 0.3234973122716301
926 0.2262032720156272
927 0.0830481153451757
928 0.00014812198566644294
929 0.0999539490243095
930 0.0911944802891942
931 0.009214037870601158
932 0.030410857469900177
933 0.000616473413798283
934 0.8817662834470824
935 0.774096008895236
936 0.6151610508557198
937 0.1731823413055088
938 0.08218195288520486
939 0.010205698221394279
940 0.0006264590627786712
941 0.20983059684075422
942 0.4503950426502791
943 0.35071948149668347
944 1.0217594300664863
945 1.747067954191065
946 1.766261436163106
947 1.2920583434759774
948 1.0224747651722097
949 0.806174578348912
950 0.8996949636930379
951 1.1210760924394323
952 2.365159741106557
953 2.6013415311724635
954 1.9386846367885775
955 0.7159113528338089
956 0.43903866839120936
957 0.4621820180192783
958 0.5255131605328345
959 0.016127457412607217
960 1.469165908932503
961 0.4807234602098448
962 0.043143000672113324
963 0.07355410292253464
964 0.294072802389594
965 0.39437780320746213
966 2.024339276190082
967 3.3385730269036755
968 4.028768491624778
969 5.491981431750136
970 8.642062618105046
971 10.502978129311005
972 8.213818947307779
973 6.732493278803215
974 5.87977125178889
975 3.7502416703068
976 1.0921916034479877
977 0.3098802016689042
978 0.008886782250977636
979 0.07583850367525095
980 0.35253129867141353
981 0.4305526061628918
982 0.46566746353491817
983 0.10304804000496177
984 0.0010398966055869092
985 0.16226297479681842
986 0.2936143357692055
987 0.16650613132337386
988 0.11518790527228502
989 0.17006102010534224
990 0.23482157738108314
991 0.07350759075348495
992 0.3968056410272815
993 0.6286314225365489
994 1.0690308104662913
995 0.47885759929150673
996 0.283953924273054
997 2.8621426229146706e-05
998 1.2166217661912953
999 2.4673249888923716
1000 1.6994121420381927
1001 0.56515273575725
1002 0.03004569436079964
1003 0.010974589392440167
1004 0.020227754699801925
1005 0.3957161816677026
1006 0.6585920260778133
1007 0.4183330310242739
1008 0.5792024330075229
1009 1.6037256256625196
1010 1.2694588426488647
1011 1.0443717576779727
1012 1.161145680148795
1013 0.9862012747073916
1014 0.9327301457994809
1015 2.506308847930398
1016 4.006968339552114
1017 2.9640706448305583
1018 1.696964987865479
1019 0.7147455744007315
1020 0.7177517545886805
1021 1.711938430733142
1022 1.2765565556469989
1023 0.2648784837671113
1024 0.9991900477487115
1025 0.6363112680699495
1026 0.0038666075503743995
1027 0.2690692810945443
1028 1.3578393129835038
1029 1.2937192213232198
1030 1.4794075699114972
1031 1.7978033246410141
1032 4.676979887568081
1033 7.406491560577154
1034 9.24799819126615
1035 13.02666826972997
1036 12.556565836964127
1037 10.399005747209166
1038 9.68887191898473
1039 5.978683691727165
1040 3.2804033904917507
1041 1.809168165838545
1042 0.506499336876044
1043 0.0791163837141816
1044 0.029846835042264205
1045 0.0431354501847691
1046 0.0821576817346201
1047 0.02897087324839294
1048 0.001482277916629438
1049 0.019530566297382673
1050 0.03919423293722637
1051 0.1546237975834431
1052 0.09511264605546817
1053 0.00014007023977543272
1054 0.08265900198204013
1055 0.3588276262968182
1056 0.9040508510541602
1057 1.9418492737175284
1058 3.474924887819159
1059 2.635843005179377
1060 1.5402101586778898
1061 0.5652693027644675
1062 0.11045273973425168
1063 0.9336390469364035
1064 1.0329375158684435
1065 0.8308557803785102
1066 0.6601863883791972
1067 0.3005716951664879
1068 0.2268576970295969
1069 0.7999066705196728
1070 0.8268596518516386
1071 0.6434449715537043
1072 0.8358692408275651
1073 1.6260299156323224
1074 0.8009200134879558
1075 1.1807358608166638
1076 1.3758049786216209
1077 2.4826638003156516
1078 2.2505437713506855
1079 2.53254349864219
1080 3.2063589663646255
1081 3.0904786165284084
1082 2.1036044815656023
1083 1.5371008181425188
1084 1.238955718152186
1085 1.4735852901179152
1086 1.5854535327823738
1087 0.4641351050378529
1088 0.7411930471444675
1089 0.8215998736553659
1090 0.015602457706758022
1091 0.3145405430458614
1092 2.213565499501831
1093 2.479579231719119
1094 1.7842992808240414
1095 2.090126610284731
1096 5.109825818627433
1097 14.455722033087339
1098 13.927171334674489
1099 13.695208435817651
1100 14.720402611055961
1101 13.8014135926954
1102 11.784569188059073
1103 8.437433398194345
1104 6.035103745885095
1105 5.034697060895484
1106 2.363294798209891
1107 0.8637255310196573
1108 0.3813921593872374
1109 0.22871352335129536
1110 0.2530929454894959
1111 0.19705871313228393
1112 0.12077035665289831
1113 0.005614520456153546
1114 0.016744500179622545
1115 0.0006013436644028044
1116 0.029508467809633964
1117 0.00022833955170241407
1118 0.1365266923658174
1119 1.021845422986218
1120 0.8111255816229288
1121 2.83790160743019
1122 6.347659052841712
1123 9.495814560354425
1124 8.257615742785559
1125 4.059458757211533
1126 0.2540291674497735
1127 0.00398093728021652
1128 0.0066327218190769645
1129 0.45102698095519433
1130 1.494095062621316
1131 1.2592198622498245
1132 0.9494261970275975
1133 1.0456536166452148
1134 1.020244436852496
1135 1.5683167118566075
1136 1.986338168243013
1137 2.8087521401185116
1138 2.8973668911370267
1139 3.1722842836167673
1140 3.9951610902319086
1141 4.032372004741573
1142 3.468606368219898
1143 2.3430387625969917
1144 2.0729064875472685
1145 2.658864199366521
1146 2.3545507866514455
1147 1.57155736038147
1148 1.643863510203933
1149 1.386786816676172
1150 0.7812378157517603
1151 0.443846017197018
1152 1.1917018503480596
1153 1.0804668144268061
1154 0.06265928086638475
1155 0.39107855852367546
1156 1.5126321935829938
1157 2.831229283132173
1158 3.811396783308038
1159 4.828120851828802
1160 8.184825901840956
1161 12.880995712803527
1162 16.898972469207376
1163 14.89460152650704
1164 14.695302097600386
1165 16.219791274582935
1166 15.837906391219034
1167 15.263290871814466
1168 11.394588554651513
1169 7.9906386333298345
1170 5.507559341186483
1171 3.0777557117529035
1172 2.9982590472081188
1173 2.4347917044616003
1174 1.5573620386001288
1175 1.2799055409972595
1176 0.7929897403230819
1177 0.25845137946023516
1178 0.41083783565711257
1179 0.41454980520463175
1180 0.3724173845884531
1181 0.1822456296548978
1182 0.6747073669322619
1183 1.5544481396953598
1184 4.378660796368245
1185 7.798115665834981
1186 10.773759214352847
1187 15.523076617466767
1188 13.545345974698783
1189 11.565211424942433
1190 2.1340302238190483
1191 0.31733981168279307
1192 0.10302704096868512
1193 0.07753288979031848
1194 0.1617566170652906
1195 0.759938523074922
1196 0.5886759513659131
1197 0.28620306527047795
1198 0.7582631236558259
1199 1.0504340089033315
1200 1.7472853371036725
1201 3.2831886441749702
1202 4.290510810757868
1203 5.382221029632452
1204 7.920271095889525
1205 7.756020744135125
1206 6.251594777449925
1207 4.1193136972949
1208 3.3943833667389276
1209 2.791723757554696
1210 2.139102452105529
1211 1.2752456786280975
1212 1.551695904714159
1213 0.7604601453942366
1214 0.7121732105013507
1215 0.15932541400130898
1216 0.7534367905130139
1217 0.6918152719068829
1218 0.11242578816385282
1219 0.4930216944122475
1220 2.4607628880919834
1221 3.1626849544711666
1222 5.808079192289514
1223 8.695097622643324
1224 11.641070081660168
1225 13.315604805852972
1226 17.13684878866639
1227 16.38716663215887
1228 16.022532983684446
1229 15.954022019679313
1230 18.254986159441774
1231 18.659681784405457
1232 14.754103745098561
1233 10.644746109367809
1234 8.58288101746695
1235 6.360896206672336
1236 4.825341566255608
1237 3.0554219678356427
1238 2.5645850058155895
1239 1.4533671071598584
1240 1.399379704353781
1241 0.43313240249953594
1242 0.3145136117307904
1243 0.21029528198635752
1244 0.7082817786936906
1245 1.2923609312690625
1246 1.8263049511156781
1247 1.1602514406634936
1248 9.57448598853636
1249 16.122121922487977
1250 17.450479252366783
1251 16.659059652476476
1252 12.244538697483367
1253 11.491771562570301
1254 6.300274756321185
1255 2.478446694854211
1256 0.8376263194840096
1257 0.011045366542611271
1258 0.13529331809067838
1259 0.8489581393680322
1260 0.589081586012429
1261 0.10128080642872483
1262 0.6803304154543104
1263 1.9251374360072226
1264 2.98010977953978
1265 5.9618500502603995
1266 8.252740395594905
1267 8.34306334957384
1268 9.66916862260382
1269 10.66523288596053
1270 9.004323968532445
1271 8.455441120713155
1272 6.832019911232117
1273 3.171192732730857
1274 2.9421097487196515
1275 2.600600439470613
1276 1.7465113430666375
1277 0.3076609735644117
1278 0.18745228196990016
1279 0.06512096688772359
1280 0.7212272159400833
1281 0.6798668773357419
1282 0.008639075136583095
1283 0.6678766112218072
1284 3.013938339975889
1285 4.167415654725602
1286 7.146864522085154
1287 11.511658218316944
1288 14.123273902814889
1289 13.856282398329602
1290 14.081237727592184
1291 14.577643868792633
1292 13.89413439881638
1293 14.930729782885718
1294 16.996919281643713
1295 16.04052424591652
1296 17.521461250462615
1297 17.247678424640853
1298 14.539205832461603
1299 9.141949219082026
1300 6.457208154732016
1301 5.3145607188472965
1302 3.9876913242543317
1303 2.4856913734339807
1304 0.9467651820814686
1305 0.22406337209900104
1306 0.04533486565693022
1307 0.025998853376879367
1308 0.20987809683691433
1309 0.626053449629515
1310 0.7118706035249865
1311 1.2626841439951846
1312 8.273782112301761
1313 19.534761894734224
1314 26.246064597524903
1315 24.463956109667734
1316 18.218798772098346
1317 13.399191758594098
1318 9.200173225164754
1319 2.433946774552058
1320 1.186263043690384
1321 0.08216769360926979
1322 0.4059209652586725
1323 0.7527283837168635
1324 0.5380656365806579
1325 0.2298799418540878
1326 1.188694744966687
1327 1.9545353274562236
1328 3.9646339581088985
1329 5.477199036468796
1330 6.904910785642968
1331 9.163125747704044
1332 9.66837891560551
1333 13.790164080807788
1334 13.295126070372932
1335 9.208361108458117
1336 7.104493671999265
1337 4.572140829036545
1338 4.112439454566928
1339 4.127508018809391
1340 3.032366355738986
1341 0.6630763580797688
1342 0.19771028207896538
1343 0.026110997551598326
1344 1.039701410920135
1345 0.3283567191250813
1346 0.000551161606299226
1347 1.2775630152940356
1348 4.554834258178986
1349 5.82528764901408
1350 9.11163745169802
1351 12.355552097578732
1352 14.421408341190865
1353 14.701063677716068
1354 17.033491389297044
1355 15.507549580662259
1356 16.96935663891921
1357 20.978929387614123
1358 18.55117802925508
1359 17.081820716737905
1360 22.358996282589473
1361 24.041729877336277
1362 20.290382627235886
1363 13.398502480264785
1364 8.724726446581167
1365 7.866153683642241
1366 5.350333773770183
1367 3.4231608653637937
1368 0.6688365190458895
1369 0.11569052115554825
1370 0.17394411951246302
1371 2.304400993155749e-08
1372 0.012853633506544388
1373 0.20189505577501723
1374 0.5873701453196297
1375 1.130733331192538
1376 5.574526073275614
1377 16.31356591546016
1378 25.73036128478493
1379 24.991165390626982
1380 17.667922940703644
1381 13.603496271015729
1382 9.806899560229803
1383 2.432971920290403
1384 0.8284436922627282
1385 0.0020995173518874592
1386 0.647100159605882
1387 0.38981081409544893
1388 0.3046963657674089
1389 0.39014454441905794
1390 0.8244708294992815
1391 2.034030696503218
1392 2.774823652193388
1393 4.2541705145104185
1394 4.4337427745113045
1395 8.357710026600884
1396 9.492816512797306
1397 12.941468165644066
1398 14.75469311164015
1399 13.7482772495117
1400 6.269920102527217
1401 4.3607230678903495
1402 3.5305052583141943
1403 5.021006066985341
1404 4.128358366317851
1405 1.9510797490250216
1406 0.32097441528377063
1407 0.05736168208214738
1408 0.7284116631978861
1409 0.12866621197155334
1410 0.15241305083999923
1411 1.9783264385254464
1412 6.1106781715953735
1413 8.305331636414634
1414 8.421334248191494
1415 13.06900439435533
1416 15.627188053360303
1417 16.621697696332355
1418 18.606788454914017
1419 17.471498635215884
1420 18.135059938141197
1421 27.00649637474807
1422 27.30872696754055
1423 22.477087766047045
1424 25.180814533055436
1425 27.67766766125827
1426 19.742469214439456
1427 13.790736269067382
1428 11.294871564331611
1429 9.44841063086036
1430 7.099536872895355
1431 4.285486192024492
1432 1.918459507672669
1433 0.7536774351363124
1434 0.49054071730870397
1435 0.22713977570886346
1436 0.11825665902090113
1437 0.5643147759516332
1438 1.1273251211359483
1439 1.9713026160667535
1440 5.710501694906032
1441 13.201308778222687
1442 20.67103337692106
1443 18.827521561946387
1444 13.236759889827848
1445 9.844019615422235
1446 5.398570311390992
1447 1.6760312277560419
1448 2.1076896393465367
1449 0.2073798428171538
1450 0.339840977495196
1451 0.4702333836552898
1452 0.12583338168966043
1453 0.5680092431273251
1454 0.9958625639837925
1455 0.7673217782825711
1456 1.4236329010293103
1457 2.662159539641877
1458 4.346552094004811
1459 6.516698078246508
1460 10.166385350845427
1461 12.81748852155295
1462 14.128082439127837
1463 12.43373715620174
1464 8.589289218686282
1465 5.102628276305356
1466 3.146047452467234
1467 2.498135209758768
1468 2.955164673573171
1469 2.657687677068161
1470 0.9192554102615871
1471 0.36594310948764136
1472 0.3099340818395202
1473 0.007928017426456557
1474 1.1567294499391474
1475 3.7471125666079668
1476 8.279868598778416
1477 10.009305971367523
1478 9.538226181858228
1479 13.931589174746973
1480 16.45604492591375
1481 18.290348097860658
1482 18.189547113358827
1483 20.230838734237405
1484 22.8749714588287
1485 28.920468644034766
1486 36.00426155573538
1487 33.23860391452011
1488 31.246278270697314
1489 29.68075724507476
1490 17.698950736832337
1491 14.539649097068425
1492 10.385969945241307
1493 6.698816006182889
1494 5.610090151149135
1495 3.7734086856839877
1496 2.605301734421031
1497 3.0137030381022747
1498 2.988081460002044
1499 1.7218930209323198
1500 0.20536708887293562
1501 0.4720438499017577
1502 1.0196614453655577
1503 1.7582879425302227
1504 3.919398903587129
1505 6.859461718311515
1506 10.496081068606038
1507 10.865192551283585
1508 11.85453214422076
1509 9.141623694673905
1510 6.4074302444351074
1511 2.9802145853671775
1512 2.1817309246089076
1513 1.0455882104025755
1514 0.002278861422495805
1515 0.008658264991768578
1516 0.09146156407202287
1517 0.47402040097963205
1518 0.7641204910475166
1519 0.8927802131412893
1520 1.3490562074813703
1521 2.364563605372854
1522 4.222669747236606
1523 7.60075242517524
1524 11.073763008814252
1525 10.385075461438106
1526 11.882668009623051
1527 11.417626519985857
1528 9.999053587748302
1529 6.751269657727288
1530 5.1918573027815
1531 5.032906932173796
1532 4.081618137196357
1533 2.941592382974752
1534 1.3434065140342215
1535 0.9128045938069624
1536 0.008369141097548374
1537 0.09161510343062879
1538 2.2126384938073143
1539 5.5571661879096625
1540 9.328397327794255
1541 9.368777700699425
1542 10.915245003955107
1543 13.54413472501421
1544 16.15727358321097
1545 18.021982648255563
1546 17.969028099669224
1547 22.06633886901035
1548 26.454471345358897
1549 33.95228544080233
1550 35.24071332847764
1551 34.93870781845533
1552 34.505832473991916
1553 31.44048424088631
1554 26.131064163857282
1555 20.97576109727796
1556 13.121135635149786
1557 7.98634878387755
1558 6.013880982747157
1559 4.458515245647035
1560 3.8757232169549147
1561 3.5561797065310623
1562 3.727806896471204
1563 2.959553105702358
1564 0.7357184931260046
1565 0.5227359219418642
1566 1.212765245502029
1567 1.4394389489272237
1568 2.5602846317494765
1569 4.94133788693031
1570 6.497863238431966
1571 8.651666742996065
1572 11.667960231473067
1573 10.469229389915528
1574 5.45111497911275
1575 4.807134935423691
1576 4.340581412623309
1577 2.490158020702754
1578 0.684748345382771
1579 0.002252246070195996
1580 0.15568950857321343
1581 0.2711387629652529
1582 0.6459025186891834
1583 1.1623914569558595
1584 1.5590081724220184
1585 3.7206437252597047
1586 5.579822061830069
1587 8.276802885911405
1588 11.827629343317268
1589 11.927720197733917
1590 13.074713675627462
1591 9.245279992911042
1592 8.726714457875932
1593 8.956829028534111
1594 6.549520738483329
1595 5.43391965126086
1596 4.471707463599964
1597 4.219472699848588
1598 1.996629384571007
1599 1.2417793169101583
1600 1.8266720594075285e-06
1601 0.15648966287176394
1602 2.0749845528641835
1603 5.790250998343238
1604 9.026817552123262
1605 9.094148506991404
1606 11.3592968346096
1607 12.874161052202826
1608 16.03964315548147
1609 20.026049770234376
1610 18.308936468989952
1611 22.054678099858446
1612 27.585192520294
1613 36.39886546538297
1614 43.319946421167046
1615 38.69524826880906
1616 34.898885926943365
1617 33.029646499415506
1618 30.631777530261818
1619 24.419111543533376
1620 18.20744299998634
1621 11.898053418116195
1622 8.776638768206444
1623 6.676436606591851
1624 4.694653658235602
1625 4.195425188964362
1626 3.733500018773805
1627 3.766296025252076
1628 2.2184307398809198
1629 1.1458810391979335
1630 1.8007716146042967
1631 2.457182371677029
1632 3.2722325828781624
1633 3.83166914130084
1634 2.887115355933187
1635 4.588390210604643
1636 7.483521518222153
1637 9.85065233072976
1638 8.559080284724285
1639 7.133985883962294
1640 5.4585621440643
1641 2.514547385137187
1642 1.20046382385877
1643 0.025918094085556544
1644 0.3266080610296042
1645 0.38012963668659705
1646 1.665847375663855
1647 2.4838360846219474
1648 4.014886656424155
1649 7.973201568293434
1650 9.030897284527704
1651 11.051581058951918
1652 13.317356270112379
1653 13.327573808026306
1654 13.682505591166107
1655 11.73770800820534
1656 9.780756362212596
1657 10.128964794571193
1658 7.313192656376882
1659 8.6118471255838
1660 7.554341345093905
1661 5.568306398807772
1662 4.487257524886247
1663 2.1601510693982013
1664 0.0009938022598499473
1665 0.1723804130465074
1666 2.265331674414888
1667 5.738205628303343
1668 7.1096268723039024
1669 9.587032935041869
1670 12.054051974572765
1671 13.189537942622147
1672 14.478678000069857
1673 16.70706883428436
1674 17.808694643484994
1675 22.498658088374363
1676 30.265202152776453
1677 37.0868265534327
1678 45.67724719483436
1679 42.87362879568095
1680 41.606210877717444
1681 43.57892142409281
1682 41.28952777748613
1683 30.807034734006336
1684 24.844620046102456
1685 18.570490490799717
1686 14.365953928534838
1687 12.842690027482481
1688 10.54840420787929
1689 7.33655671771299
1690 5.520026420027776
1691 4.863146222227931
1692 3.874265778637228
1693 3.537550151342
1694 3.5667898605708
1695 5.100499504595769
1696 6.079004745200418
1697 4.706197725729124
1698 2.7000623711250458
1699 1.635840833142726
1700 2.4912964654695
1701 5.465251007235047
1702 7.147626304703543
1703 6.007321455913429
1704 3.5733078033018697
1705 1.110132321339399
1706 0.3852352924804456
1707 0.03655041242907112
1708 0.2508816269138694
1709 1.130910437995776
1710 1.9602506696783688
1711 3.134431849441074
1712 6.630634543380452
1713 11.0012604815779
1714 13.171576480835856
1715 15.923938632624287
1716 16.760662830442826
1717 17.642084902807532
1718 15.189935947259146
1719 11.59379940870165
1720 8.615643527588192
1721 8.634076504177107
1722 8.623944759279743
1723 11.47827013150117
1724 9.77886659610011
1725 7.203621657402532
1726 5.004741536191197
1727 3.9553634764781482
1728 0.2307709150492048
1729 0.5989556975786235
1730 2.235926726992466
1731 5.8836469602308625
1732 6.195367217510567
1733 7.3338294840190725
1734 10.06285297031425
1735 12.110541899125893
1736 13.317660230346304
1737 15.303140412586249
1738 17.031748916246173
1739 21.41877237184096
1740 27.63570698362701
1741 35.03530991208689
1742 39.61983696590116
1743 40.676821266803174
1744 40.18625022603784
1745 45.523265492915584
1746 39.25811672328613
1747 31.601141738230304
1748 26.95281080440112
1749 23.96547016540101
1750 17.841555513815194
1751 16.404884965871865
1752 13.15694234657328
1753 10.826757736496354
1754 9.281536010073351
1755 8.432719113835851
1756 6.904798270473283
1757 5.460378837493057
1758 5.823634743743848
1759 7.183244335266989
1760 7.698548754914967
1761 6.065164851592414
1762 5.026893099842187
1763 2.342940655258811
1764 1.5610674701256413
1765 1.314443218509684
1766 1.774119967477328
1767 1.2466753580467747
1768 0.12252819641462315
1769 0.07363899170568729
1770 0.034660412803898
1771 0.5079316859972909
1772 0.9136875779184211
1773 1.352120610742907
1774 1.9951650127207805
1775 3.780487530468417
1776 5.969751511874793
1777 8.863322654056576
1778 14.929942427504226
1779 18.748479386009105
1780 21.028121463043288
1781 19.93564886335779
1782 14.890830819439298
1783 11.902179619245246
1784 8.067219403368469
1785 6.639037981932804
1786 9.0200973865337
1787 13.981765865334092
1788 15.684131962000663
1789 10.17065342192277
1790 5.717911781518069
1791 3.3956938922877318
1792 1.2321638461434776
1793 1.810346773932897
1794 2.5676515471977606
1795 4.754932200821966
1796 4.898925628798613
1797 5.862727529190638
1798 9.123186787547503
1799 11.718716935255172
1800 13.51809061266371
1801 15.808135269085719
1802 16.234443599432566
1803 19.9244595547828
1804 25.824788853381158
1805 30.08374042088986
1806 31.607806900690605
1807 34.44866944215717
1808 44.236621153349695
1809 48.55042826177618
1810 37.64783962597379
1811 31.677025948800004
1812 29.422049820075042
1813 28.208715502188568
1814 18.74218752492277
1815 16.467308607845617
1816 14.925991443976525
1817 13.285007703033394
1818 10.680126538423455
1819 10.775642574553538
1820 7.201976095985662
1821 7.653932519039376
1822 8.375135491276522
1823 7.998566717678635
1824 9.22062133520534
1825 6.345398662468596
1826 4.432892225595088
1827 1.7655335756133002
1828 1.0710745727423003
1829 0.16475867255710952
1830 0.04721507700483008
1831 0.4388820245792819
1832 0.9341207702891957
1833 2.2328209970130404
1834 1.8597196734175439
1835 2.3179375413122196
1836 2.7140894869654426
1837 2.568089992575722
1838 2.2231154812666567
1839 2.7481325036417936
1840 5.376176170355611
1841 6.428881059550428
1842 10.196090190960264
1843 14.695003362363014
1844 15.606262220875434
1845 15.921009085010613
1846 13.624139431211397
1847 10.642504903874137
1848 7.162837731338015
1849 6.936022722810915
1850 9.594669386500785
1851 13.734431457706346
1852 18.1619877387937
1853 13.108252109693229
1854 6.460861085100537
1855 2.9857670726349053
1856 1.5685347309004933
1857 1.6613185183993742
1858 2.7365402198892794
1859 4.338716687569595
1860 5.770688381270194
1861 7.228057546152826
1862 11.470335119186705
1863 12.155157962787387
1864 15.312613325358283
1865 18.571890925343528
1866 18.258226405441267
1867 22.057847392705654
1868 28.768782179470172
1869 33.52146879700508
1870 38.706010171542474
1871 43.27909768116021
1872 45.56049157074713
1873 45.2027392007101
1874 41.05659322934021
1875 36.4215824085826
1876 33.502662732694326
1877 28.625200555276535
1878 21.90180219491163
1879 20.70963487188953
1880 19.6778130755633
1881 16.150812458198324
1882 15.79572912954278
1883 13.443578876868548
1884 11.174206984332514
1885 10.535056269647091
1886 9.73354945347965
1887 9.731090920007754
1888 8.009098243189937
1889 5.6252605185158195
1890 2.3310085022252016
1891 0.36963054837198084
1892 0.0005032420983573661
1893 0.2926743014004207
1894 1.0603440293148154
1895 1.969184981620669
1896 3.342480494736212
1897 5.427461589154677
1898 4.927968105451124
1899 5.164782952411785
1900 6.934775579330301
1901 6.0948663107266965
1902 4.904807446231435
1903 5.431408956040728
1904 8.10451216151906
1905 9.233453236179416
1906 9.50083136853447
1907 11.950745457772811
1908 9.918154915848497
1909 11.80391344101288
1910 10.538292723370288
1911 7.569124423651197
1912 4.992424575669283
1913 7.338240630875306
1914 10.694399577811776
1915 16.233726184076886
1916 18.530523085622445
1917 19.780227913677592
1918 11.021194254288115
1919 4.968066760586282
1920 1.6618031358441618
1921 1.6195444709103939
1922 3.053314767337276
1923 5.216076950634842
1924 7.397677770466212
1925 8.706956166730492
1926 13.551718488951861
1927 16.377076455994402
1928 19.55355728738689
1929 18.734508351654206
1930 18.353600378580264
1931 24.966252512173142
1932 29.927305169658283
1933 36.93955218130797
1934 43.7839614554844
1935 53.71912830752855
1936 57.07265628529054
1937 56.24582179973417
1938 48.07153793177347
1939 41.944321568930434
1940 39.28575869248494
1941 32.52197648155742
1942 28.30485091330114
1943 26.713754701961545
1944 23.68704625999748
1945 21.660449987836646
1946 20.53382160966666
1947 16.76465307455487
1948 12.860651945415704
1949 11.711152122902334
1950 12.052624893941374
1951 9.536890342326371
1952 6.475537905290919
1953 3.408110623302321
1954 1.056370561203451
1955 0.08717591408640009
1956 0.023669097672226927
1957 0.45352343758035923
1958 1.0828891971492747
1959 1.834262880452471
1960 3.5755653163217676
1961 6.490526057877799
1962 6.43767826251358
1963 8.79959231977154
1964 11.828326964994075
1965 12.540909737813095
1966 10.071817367406108
1967 9.566494561080093
1968 9.80184193869804
1969 8.299417729849036
1970 8.90091121160649
1971 8.238911899263188
1972 6.843707409838367
1973 10.614904034863654
1974 8.621695764175357
1975 5.253932981923992
1976 4.3138496876421035
1977 8.429565948001787
1978 14.977434128901143
1979 17.787912022296453
1980 15.936067425198608
1981 20.856266713525052
1982 13.199032036677075
1983 5.436679099554574
1984 1.9940584478185188
1985 1.7207096701030575
1986 3.07464867655062
1987 5.162807769433802
1988 6.753672144720332
1989 9.240537771521169
1990 13.953166038018264
1991 17.78575155436336
1992 20.49907374911806
1993 21.119621474758585
1994 18.83320897447354
1995 23.665487808434055
1996 30.714210000351923
1997 35.14041115432386
1998 42.107975436196014
1999 48.147337229832324
2000 55.963881771774375
2001 57.6256633120893
2002 51.64058552486296
2003 44.21073908663367
2004 39.008926300028484
2005 31.654906751292987
2006 26.45244123084058
2007 24.117393129463398
2008 22.06947501743311
2009 23.68931365374513
2010 21.921369733474734
2011 18.227339379920156
2012 16.556163481907745
2013 13.29372151132679
2014 11.679639627579691
2015 8.832970277181646
2016 5.796140086028877
2017 2.6313267702080703
2018 1.165906913944381
2019 0.06959143982142668
2020 0.012231688279105897
2021 0.02196843251371907
2022 0.37548247360869313
2023 1.2363526273279943
2024 3.2332867991976406
2025 4.844666523634475
2026 6.839891396676958
2027 9.381762859321348
2028 11.59782411730124
2029 13.980558595377262
2030 14.945277628857555
2031 12.72031291394216
2032 10.276425933349984
2033 6.880340753338743
2034 6.596440046199879
2035 5.137613783435438
2036 4.074513085371627
2037 6.768270479909402
2038 5.468271609010584
2039 3.137122516718697
2040 4.215185032861918
2041 9.743269190690455
2042 15.435671545683688
2043 12.410002508378167
2044 14.367957971067844
2045 20.345378015399106
2046 16.67423387199662
2047 7.5496973797072995
2048 1.5977717786718724
2049 1.7568256203556145
2050 3.267686039442025
2051 4.9956019898467705
2052 6.625256398413194
2053 9.928723358022758
2054 14.74652581493606
2055 19.377632174431433
2056 20.380840094830347
2057 19.613870311964416
2058 18.64707353305543
2059 20.870084861604752
2060 24.951720449465245
2061 34.070270240302065
2062 41.116451211462085
2063 40.20106327302282
2064 49.04840515132333
2065 53.0423557452233
2066 45.337051371597276
2067 36.06624719380292
2068 30.791534513070083
2069 25.370146353990624
2070 22.99233126339328
2071 20.776320708067743
2072 20.93661425382489
2073 28.08474882931989
2074 28.09814600396667
2075 26.0103612490571
2076 18.008000088952038
2077 16.295517129249458
2078 13.774608573577014
2079 8.815662698028438
2080 5.845825505827567
2081 3.2453626916860974
2082 1.649907474157463
2083 0.5060735453962079
2084 0.043163197005929806
2085 0.0007104403991981692
2086 0.006311607905899961
2087 0.11083050864281442
2088 0.9263522777438542
2089 2.5062219593818402
2090 4.10777524351779
2091 5.550410561862056
2092 8.658204658842116
2093 12.648742948543054
2094 14.022995394738611
2095 12.865472903139903
2096 9.888650656782021
2097 7.795192952823686
2098 6.408153916362408
2099 4.7910988892035435
2100 3.581493716592127
2101 5.132940956913211
2102 5.37909478850958
2103 4.949457997599939
2104 5.7785689573929675
2105 9.488099320770663
2106 11.052111932643333
2107 11.513054455359136
2108 12.706055382587387
2109 20.115426517047382
2110 18.667221563427745
2111 7.874654198677888
2112 1.1385377854656566
2113 1.327255930836591
2114 2.213551545457691
2115 4.1947009072095645
2116 7.237753926639854
2117 10.822153048150335
2118 14.401066349171101
2119 18.471902895786265
2120 20.004711769921986
2121 19.26291703991855
2122 18.379189730458524
2123 21.514859338042314
2124 26.014064306559217
2125 35.34261508802842
2126 41.33026997293335
2127 39.495542026204824
2128 48.638683969030374
2129 56.897063882113635
2130 52.85384545765307
2131 42.08418123417753
2132 30.963192196865506
2133 30.37431128295718
2134 30.07878054180616
2135 29.060784487490256
2136 25.629382916466255
2137 27.727111959431305
2138 28.29273800328171
2139 21.760327863204694
2140 16.157091663596
2141 14.96361862654239
2142 14.542896489085852
2143 11.420539861297073
2144 7.771244178598642
2145 5.15674127163233
2146 2.5251213089867437
2147 0.9842002617842834
2148 0.8784610380572295
2149 0.39665139420289486
2150 0.19094849577759637
2151 0.18169749890419457
2152 0.05189597990075634
2153 0.5709112539974981
2154 1.9088474204289232
2155 3.5385826187515583
2156 5.196640473605091
2157 7.40514327519463
2158 7.503908119994968
2159 7.926997206294992
2160 6.7538610938568535
2161 4.948332674894413
2162 3.9795683599094014
2163 4.33057017820111
2164 3.4035442376915745
2165 3.169052336575345
2166 5.850131592491435
2167 8.455074461149533
2168 10.407355036869482
2169 10.076428634573315
2170 11.407933452942023
2171 9.425430524752976
2172 11.09942231900022
2173 18.47714659191193
2174 15.642459061410172
2175 7.586485466789166
2176 0.7316054744625821
2177 0.6640451679228356
2178 1.399802302149142
2179 3.762685958675598
2180 7.393985730608894
2181 10.928707102675382
2182 15.488040966437074
2183 18.915786957238836
2184 18.570548739863224
2185 19.633398383110404
2186 19.685271940900805
2187 24.648557774628387
2188 30.2840584212316
2189 38.69275678315729
2190 43.10990929095159
2191 42.1956083179025
2192 50.59549108123619
2193 57.41695848470729
2194 56.1181739214737
2195 42.9772252903206
2196 32.4092516468611
2197 30.691549970213018
2198 30.202469782488777
2199 34.56359390134875
2200 30.12262594980369
2201 24.383805648055848
2202 20.806716820180192
2203 19.447644957274058
2204 17.578718962568452
2205 15.883205027657688
2206 13.917846878584632
2207 11.312551903347533
2208 7.306511160071166
2209 6.539803087592703
2210 4.505295055685565
2211 2.2390211273879985
2212 1.2998358893200403
2213 0.8274974208164376
2214 0.6314808845616346
2215 0.03540933831637728
2216 0.08658449695947368
2217 0.5302082044697399
2218 1.0615034172865976
2219 2.5511036375806704
2220 3.8900813326556505
2221 5.297667824236211
2222 4.758207646075468
2223 4.453344940529512
2224 4.090670995211137
2225 3.5679528086722887
2226 2.9149171470927056
2227 5.42058035439066
2228 5.647005563830544
2229 6.785096215567695
2230 7.971638073828541
2231 10.153048054892135
2232 11.545580933963903
2233 9.889484488168392
2234 9.369293445278766
2235 7.737834116277158
2236 12.833400880189949
2237 17.76532717983308
2238 10.444182874002756
2239 5.2648058267449835
2240 0.23754859352792318
2241 0.6179209779449055
2242 1.424589488062279
2243 3.2645550153095875
2244 6.932189000709034
2245 10.370273377339764
2246 14.39289740724376
2247 18.02978300306193
2248 18.94840959447671
2249 19.148715055035243
2250 18.21060635645055
2251 24.939628200710978
2252 33.23018181879409
2253 42.437776500839455
2254 45.116504458242545
2255 44.88027938296109
2256 50.86522767850392
2257 52.637228665703006
2258 53.0991977103965
2259 41.23181862285333
2260 34.97698184658418
2261 30.793139793181876
2262 27.821256060703274
2263 25.291723903859737
2264 22.56101016752661
2265 18.961479420126874
2266 15.540809760312753
2267 15.432110043677621
2268 13.58443452727759
2269 11.740728430670728
2270 9.000484637370734
2271 7.259208699214843
2272 5.81860137936708
2273 6.616148022812808
2274 5.489004752552849
2275 2.8019707253710178
2276 1.8318844880419685
2277 1.0050270199817881
2278 0.9435294676461506
2279 0.3009086882042767
2280 0.005917747979175186
2281 0.21469070359421952
2282 0.398260674031864
2283 1.0714739118443426
2284 2.068473293957912
2285 3.0397490675796615
2286 3.92257516831704
2287 3.208437480104828
2288 3.575481947950778
2289 2.9844483618276922
2290 3.775422072631501
2291 6.683707012832084
2292 10.054018596777066
2293 12.658728584530747
2294 9.120058625480171
2295 7.013120244772028
2296 6.619112359908834
2297 6.815481585512133
2298 5.3978144839192534
2299 7.376745750551162
2300 13.373152829317549
2301 14.86391757299861
2302 7.673050724007193
2303 3.8510826940322076
2304 0.11359388965889726
2305 0.7109307890280564
2306 1.609297479855092
2307 2.6780790077551857
2308 5.391190260130472
2309 9.151400326165797
2310 14.176626880102821
2311 17.87443610989253
2312 19.09762143258745
2313 17.920522790047272
2314 17.20502185918869
2315 24.620211085172595
2316 32.997762377626245
2317 41.31263403573867
2318 43.4263061407236
2319 42.796295847513484
2320 53.48654553098242
2321 57.06457341371973
2322 56.49257677122961
2323 48.45557226594258
2324 40.10836147810078
2325 31.08120687678129
2326 21.052926137419277
2327 20.159309794492046
2328 17.413026124807157
2329 16.66625392689409
2330 14.881534378427299
2331 13.862733560871574
2332 11.751685140705245
2333 10.483601764785586
2334 9.390381858232914
2335 5.6931008598905954
2336 5.238104777892987
2337 7.432390838772192
2338 5.953895273281086
2339 2.8053015713327545
2340 1.952389652328057
2341 1.9722104358707306
2342 2.0323876379732644
2343 0.6664727429871152
2344 0.0018282208191278692
2345 0.1181485122567899
2346 0.5223247613091546
2347 1.4530395560364366
2348 2.7698148738504407
2349 2.005183997925624
2350 3.6829767044319777
2351 3.805624581788718
2352 3.0157947253504935
2353 3.366803256290498
2354 4.934149560347021
2355 10.758608924819997
2356 15.484356740362465
2357 16.229870092021944
2358 9.751026854983305
2359 7.646993981347033
2360 5.891161407950172
2361 8.643463382432223
2362 8.340466275525289
2363 9.737629420647561
2364 14.29812514646335
2365 9.51875517606026
2366 4.54646942160335
2367 2.1962907232985636
2368 0.020060855274272035
2369 0.5007922715817992
2370 1.870436202232922
2371 2.5525398559620394
2372 5.359890730117507
2373 8.977331722411481
2374 12.81010376402573
2375 17.300812979032134
2376 18.817136898004538
2377 19.074980308962495
2378 19.043906055964253
2379 23.327433244418817
2380 34.663004437827986
2381 42.761780922780105
2382 43.55195076029313
2383 41.08469968999959
2384 48.60428698526059
2385 55.97303742862335
2386 59.05535749107888
2387 46.70196919483429
2388 40.89469031773896
2389 29.843061390873512
2390 16.09699416903462
2391 13.717957660285688
2392 11.962999027833314
2393 11.421645582003652
2394 10.160243847271667
2395 10.71066119285507
2396 9.795492867783187
2397 8.77084583778722
2398 7.265871452028459
2399 4.422132247309299
2400 4.289272829051644
2401 4.117053552092248
2402 4.410850358715838
2403 2.3491828098522674
2404 2.308925905312679
2405 3.0575916603963544
2406 1.8960492835345255
2407 0.8663229052553949
2408 0.1431872729067
2409 0.03912297874195625
2410 0.2777712884328593
2411 0.7824156200249044
2412 2.192647621407083
2413 2.553147254914839
2414 3.1370905121074655
2415 3.566758417367477
2416 3.8659416592484375
2417 4.3725623443819135
2418 8.562756328253101
2419 15.425724171237016
2420 19.374565408670037
2421 18.06335849151997
2422 12.527430310063174
2423 12.569246672073486
2424 12.415135799466658
2425 16.639231467446784
2426 13.761359570706745
2427 11.961081062233436
2428 10.893926724571273
2429 5.300277058269417
2430 2.7235372623315643
2431 0.799672331242816
2432 0.03202296696484478
2433 0.20321747501739607
2434 1.5688315528061463
2435 2.3996925302607517
2436 5.282209594413573
2437 8.971365809906596
2438 13.447219666646568
2439 16.86610981702678
2440 19.106665255446167
2441 19.465557715554226
2442 19.156759893785516
2443 21.48703740308599
2444 31.12124664769446
2445 36.56054550117304
2446 38.80007261729539
2447 40.94699382552335
2448 44.90745534452961
2449 43.686152730290516
2450 44.41301969995096
2451 37.83465145499573
2452 33.97534154535683
2453 23.48790693298095
2454 13.898259232214102
2455 11.285275016753513
2456 8.254613424922509
2457 7.926822242669878
2458 7.797257476634069
2459 6.793884714059907
2460 5.756950352841609
2461 4.656702655615983
2462 3.800441219364316
2463 4.067623609393279
2464 3.6572694653650464
2465 3.1265285257532844
2466 2.806103707688214
2467 3.036146906135343
2468 2.5404108098511573
2469 2.587542795641528
2470 1.9305429951813036
2471 1.0442507259772147
2472 0.27510717120965256
2473 0.08504396469890496
2474 0.0009463155854784822
2475 0.5224332320873882
2476 2.0544606885645846
2477 3.057313847791183
2478 3.5551092287109163
2479 3.850123786160921
2480 4.337134656221307
2481 8.262542540967491
2482 15.574343365535215
2483 18.625842932111325
2484 18.021467909629376
2485 21.176010875865696
2486 17.26207543726066
2487 19.348505818797598
2488 16.24719098225674
2489 19.119203287812432
2490 15.081900087117688
2491 11.05144987270026
2492 8.48554840298007
2493 4.795944335468542
2494 1.229851544494756
2495 0.2642896472087624
2496 0.05430781001105207
2497 0.16677387635704127
2498 1.8759510862003588
2499 2.6635066613991634
2500 5.83736761723376
2501 9.177244688352165
2502 12.603246108328584
2503 15.172050758079076
2504 17.75630985019582
2505 19.183099251532962
2506 19.404108868833468
2507 20.70079114330262
2508 25.345654388891766
2509 28.434911342135354
2510 36.368748803415045
2511 36.43906058917938
2512 38.141902445007936
2513 40.93616579467378
2514 35.2814532036839
2515 29.1217469780641
2516 30.84692389836608
2517 20.766897639488786
2518 11.853079722225306
2519 9.093441207992685
2520 6.8805893043322195
2521 6.733255029667777
2522 5.593724500939276
2523 4.4681673711184775
2524 3.83577575530194
2525 3.8867870230271095
2526 6.003988256830084
2527 5.4157303040703075
2528 5.3497845652482
2529 4.504482834863684
2530 4.253918539027388
2531 4.998675436931232
2532 5.673185900664704
2533 4.815495052948805
2534 5.110041109927845
2535 5.135432454897682
2536 1.4371597025733884
2537 0.5277360787175807
2538 0.054640899404331825
2539 0.4784285301513274
2540 1.7844157125922222
2541 1.454171268926906
2542 2.444358086620943
2543 3.271517833953628
2544 5.040026528504223
2545 10.820582734123343
2546 16.577062328751044
2547 17.539176072495266
2548 17.117453706711274
2549 19.642016752830237
2550 20.556100828166993
2551 19.251060685635583
2552 18.734427033679726
2553 19.58776278136899
2554 15.457771531404532
2555 10.536444091142828
2556 6.919052791058756
2557 4.625929363581532
2558 1.753800182876843
2559 0.3908208817228777
2560 0.42735105103673054
2561 1.9501594215754385e-07
2562 1.3138119243027062
2563 2.3799495337615
2564 4.479320412529403
2565 7.264794480739929
2566 11.174913424749208
2567 12.897345243564253
2568 15.56662054658628
2569 17.783768542813863
2570 17.450965680508364
2571 17.511944686683
2572 21.908096718423693
2573 25.59935918439724
2574 34.74172071272801
2575 35.59399117947249
2576 33.81024582423982
2577 37.049558887231946
2578 32.778174915964584
2579 29.348989948985643
2580 25.802568187732827
2581 16.64340388509145
2582 10.529157099005719
2583 9.84635691032438
2584 5.494680120933548
2585 5.21612887235942
2586 4.626037560356354
2587 5.16061004522545
2588 5.655691641936505
2589 5.648666868689727
2590 9.125721362464022
2591 7.9865575467628585
2592 5.9579046347296405
2593 9.078309362011874
2594 8.708654852056842
2595 9.601825697667588
2596 10.744252023612411
2597 9.709456919586415
2598 9.824504504813502
2599 8.285062844272817
2600 3.730253980431381
2601 0.5630343619342562
2602 0.17106244880205448
2603 0.13684666950462485
2604 1.0288644497718844
2605 0.5339805438968339
2606 1.1504289823968088
2607 3.4894104635347087
2608 5.932307087740899
2609 11.160154514554874
2610 14.2766717942196
2611 16.962081996121885
2612 15.436834604463067
2613 14.800064884963826
2614 13.781327871765756
2615 12.347057042954965
2616 15.913862972064562
2617 19.274171772243797
2618 15.592875187459322
2619 11.034185812503745
2620 7.699987282803322
2621 4.089964417721942
2622 1.5032512532906255
2623 0.2757712248322274
2624 0.5928321065921066
2625 0.1716187646032182
2626 0.3127916072462979
2627 1.7310968425713817
2628 4.012667542960875
2629 6.326597131469546
2630 9.173117245362997
2631 12.334249582176026
2632 14.780301339106344
2633 13.532373844451943
2634 13.924419669258873
2635 17.400721311693708
2636 17.594337485888662
2637 25.47189148786635
2638 30.24921195361568
2639 29.605553906610346
2640 30.076184046667972
2641 33.51979106073892
2642 30.65960461315022
2643 25.608005136255148
2644 21.068735943216343
2645 14.108175397230413
2646 11.139008556570948
2647 9.527307687058052
2648 5.141050524985812
2649 4.90689427875464
2650 4.25498112947786
2651 3.92425673064095
2652 4.461272945807223
2653 5.164845289525253
2654 9.3888853382569
2655 9.366845434933671
2656 11.093845534561567
2657 14.531908989621428
2658 12.454371901053523
2659 12.16662033395763
2660 10.029783605372394
2661 8.023506274909158
2662 9.915721659552814
2663 5.917801636443424
2664 3.711621240152336
2665 0.820070309519042
2666 0.42562760822284
2667 0.01540229748778573
2668 0.41948512174274627
2669 0.528180869013267
2670 1.4983678336265318
2671 3.891960163055178
2672 5.705994251525365
2673 7.7056867559318905
2674 10.175052117108551
2675 10.235418867081064
2676 11.431037014615343
2677 11.73528543160885
2678 11.419605992085474
2679 11.180055300937884
2680 12.277121144596673
2681 16.72704716212881
2682 13.531506947067612
2683 11.80727078913821
2684 6.522126800086052
2685 3.3803090252886516
2686 1.8093926680865553
2687 0.8211303790013893
2688 1.8137299056901226
2689 0.6638350110162802
2690 0.04480735526790177
2691 1.7934199346268063
2692 4.447390298184075
2693 5.241524891236398
2694 7.846069610622086
2695 10.745873599510306
2696 11.733100605090165
2697 12.709285643068622
2698 12.957199303021442
2699 15.684227893263223
2700 15.772929689057978
2701 19.48302781671992
2702 22.919244974506316
2703 23.063026346994675
2704 25.808968442083433
2705 25.51930744757567
2706 21.91921675071049
2707 19.99588468963523
2708 20.997790480831593
2709 14.915330964595798
2710 8.886452224576812
2711 7.022141880108785
2712 3.4346677985962697
2713 3.546258935507825
2714 2.876539995148848
2715 1.9391726853953006
2716 3.1559359804808778
2717 4.922076694477781
2718 7.046586832784217
2719 7.495547533477893
2720 8.365056881266346
2721 11.050223369218823
2722 14.457267589801038
2723 13.780876324869947
2724 10.565819489496231
2725 8.385313260958194
2726 7.2641135881871595
2727 2.6542040676249945
2728 2.0536151020748012
2729 1.0885504914941722
2730 0.11358716467227713
2731 0.003826725483297393
2732 0.1047095927482246
2733 0.8060716862253146
2734 1.4031206554507216
2735 2.933449894866367
2736 4.386973320326171
2737 4.106259486276462
2738 5.253593132608069
2739 6.469253646555844
2740 10.595575344894556
2741 10.115696120134114
2742 10.550657864129263
2743 12.271091007286945
2744 10.21115640107342
2745 10.855668291588245
2746 9.72768299167531
2747 7.463023694651851
2748 3.4861022212214
2749 2.4028484179838547
2750 1.3909465413348556
2751 1.0832737175105644
2752 2.335301138733195
2753 1.229657427273184
2754 0.07938890687790018
2755 0.9845983659617582
2756 3.6990169925214267
2757 3.9058024961749234
2758 4.995955403688381
2759 7.809711207641841
2760 10.505889902867107
2761 9.326913717776641
2762 8.918829601783864
2763 10.937694548220126
2764 12.690810052740014
2765 16.477664406079242
2766 16.9195054157465
2767 18.22182109470653
2768 22.373529373301317
2769 21.341360675661978
2770 20.134970770798446
2771 18.442052585595945
2772 15.876227536181599
2773 13.156189050666548
2774 8.468546877570727
2775 5.196088594110644
2776 2.4795203254758458
2777 1.1186997882117422
2778 1.8866833989658918
2779 1.567366705102728
2780 1.8162562283939832
2781 2.737091689344236
2782 4.0932813570715005
2783 7.038300794751679
2784 7.59836915627106
2785 9.344607863862857
2786 15.327680426053728
2787 15.49839735220479
2788 13.671635133271153
2789 8.50007151457937
2790 6.278354228099638
2791 2.3525451008811595
2792 1.6927662665226346
2793 0.5233214479803506
2794 0.0002959381531815484
2795 0.01752322415175405
2796 0.136638551920665
2797 0.9894798024689807
2798 1.0893692826907047
2799 1.9293657910685076
2800 1.9741795369279596
2801 2.202744340778913
2802 2.8393710019598437
2803 2.731960388909503
2804 5.1091297035006695
2805 5.709643928823078
2806 7.743644283277168
2807 11.470571512352116
2808 9.398390524341615
2809 8.631932609726588
2810 7.53332694317414
2811 6.676500484519027
2812 3.9231265746351145
2813 1.884162984505807
2814 0.8603109073838137
2815 0.5251375586185572
2816 2.3886733619759757
2817 1.9474309194034445
2818 0.2771128497597106
2819 0.4360016563587626
2820 2.762563677754639
2821 3.749124155803385
2822 3.6727994942466893
2823 4.90718505349584
2824 6.735242711685082
2825 6.131412551106479
2826 5.171985514475163
2827 6.544316368541941
2828 12.147051002969596
2829 13.172031437954812
2830 17.252445653490707
2831 18.26678904408754
2832 18.79184797417662
2833 20.433462630960427
2834 19.596222414233516
2835 17.1567621608458
2836 14.086087501594248
2837 9.258438856963224
2838 7.05579915423955
2839 4.249548779995239
2840 1.8305707912237115
2841 0.49062166235391125
2842 0.9753436440908052
2843 2.3796235515094066
2844 1.1776118251111447
2845 1.9295831043901865
2846 3.9418452719938863
2847 7.8739840201957
2848 10.806544630716212
2849 11.55123967003612
2850 15.126625393352944
2851 15.285124171852685
2852 14.712847220322008
2853 8.382306455082453
2854 4.501601150111597
2855 2.3254397150633928
2856 1.6382710857178693
2857 0.188874095471093
2858 2.955327939466421e-05
2859 0.10590619310990108
2860 0.015114924120309365
2861 0.10462260067575192
2862 0.35308253526412753
2863 0.6187497654127846
2864 0.5569970170902071
2865 1.7495135229709289
2866 2.188083622047337
2867 1.5926464874648985
2868 3.7402681163872926
2869 3.3147735724957097
2870 5.267319355641711
2871 7.677366013461838
2872 6.75203540041334
2873 6.786802583356414
2874 6.096933723273222
2875 4.616371867915786
2876 2.5298269811929077
2877 1.9050678380921915
2878 0.865865240317278
2879 0.5200309286257101
2880 3.270528140094061
2881 1.9092323552063188
2882 0.113221426479215
2883 0.20702017805402212
2884 2.3789244267718126
2885 2.8974500900460827
2886 2.6535964646773933
2887 3.282682027299958
2888 4.072124439674148
2889 3.615257330405286
2890 3.3644880964949624
2891 5.307308296098102
2892 9.720947500779786
2893 10.487075797444287
2894 15.612963925752437
2895 17.530252154131265
2896 18.006196217993676
2897 18.027952698199083
2898 18.804867357657315
2899 18.470638822444265
2900 15.777047520114584
2901 9.471629879877014
2902 5.808791195520721
2903 4.46212605744482
2904 1.4237855480994928
2905 0.3832480264442044
2906 1.869776189414234
2907 2.133992716803289
2908 2.661000494444267
2909 3.575238008502924
2910 4.962430518690453
2911 7.875730222061402
2912 9.87842422125555
2913 15.839659381354366
2914 14.711875323554487
2915 8.007702274047471
2916 9.987280311907128
2917 6.374264441219543
2918 3.537894270632269
2919 1.7753974857384203
2920 1.5704227607836116
2921 0.00012388183917792344
2922 6.223123612524555e-06
2923 0.35884056425619393
2924 0.06138222704616045
2925 0.0006654536524701647
2926 0.15937266082079168
2927 0.46573406250129307
2928 0.5734529229059613
2929 1.089184191037323
2930 1.7108499890950029
2931 1.985806817047838
2932 3.5812701165437777
2933 3.1647059012121486
2934 6.530236772980933
2935 8.763584896420674
2936 6.597151956430843
2937 6.779099556027062
2938 4.679732926473871
2939 3.532085587426566
2940 1.784060878923152
2941 0.8085886150299958
2942 0.6964212905969769
2943 0.3989659015280728
2944 1.5974223186355907
2945 0.5664016575214228
2946 0.03712196154637915
2947 0.10677021807028511
2948 1.5691356882920093
2949 2.4857923781647324
2950 2.369496770754889
2951 2.4814309266990073
2952 2.9063011345355303
2953 3.3598724732486636
2954 4.005620755879599
2955 5.472006107867498
2956 9.658711902847639
2957 11.948484964243526
2958 13.521228881176706
2959 14.268548874305601
2960 13.657389582383244
2961 15.910684921613786
2962 16.89659475332532
2963 17.003448676577666
2964 11.767261017902698
2965 8.248143552324704
2966 6.2207616621434845
2967 3.62819941443773
2968 1.9611117148133783
2969 1.7781366759221244
2970 1.6193269916058788
2971 2.2558509380271135
2972 4.423078263514504
2973 4.775594065356301
2974 4.037392519450121
2975 6.2010026582594096
2976 8.143068700987085
2977 13.1991176064148
2978 12.245183158719723
2979 7.816482952586892
2980 6.9329888449287544
2981 6.805426150885683
2982 3.1905493177566626
2983 1.7512346817438447
2984 0.65270877107778
2985 0.012371303657785725
2986 0.0015261145658402302
2987 0.09197758583350517
2988 0.00021696052196363847
2989 0.04203714035675132
2990 0.1747018430290046
2991 0.39391184310825295
2992 0.9106036020367826
2993 1.8119579562061812
2994 2.4415480341501437
2995 3.481304934733605
2996 6.322305976295983
2997 7.220826270763129
2998 7.74035063660285
2999 10.036308819567136
3000 9.572300204602357
3001 7.12779807773318
3002 5.395178714032463
3003 2.9614507953655482
3004 2.1701189297627286
3005 0.5978859442513614
3006 0.8007163065630363
3007 0.5267575624641744
3008 0.5482581837769125
3009 0.29751962632912177
3010 0.022556507998704792
3011 0.1276987783927312
3012 0.6560461644232727
3013 1.1320223590815428
3014 1.4519104719229396
3015 1.860406983031435
3016 2.1319984219789108
3017 2.9888394234379883
3018 4.88301125409211
3019 6.116016817694658
3020 9.512569542412237
3021 9.990718590779961
3022 10.566799298432441
3023 9.836191706488151
3024 10.755351238957637
3025 9.58671466031984
3026 10.191619552769241
3027 10.205950234815763
3028 6.620667520051116
3029 4.658490530441447
3030 4.097653951463904
3031 1.8537107164236954
3032 1.3972913265539186
3033 0.48955679660673374
3034 0.4833802593838531
3035 1.0419833080181018
3036 1.9270704095713618
3037 2.053426978833618
3038 1.9344024677234477
3039 3.891369565082391
3040 6.971409083006073
3041 11.150129076027454
3042 9.562855628616255
3043 7.1616016112446195
3044 4.893645114000497
3045 4.959002807354301
3046 1.2949405069940332
3047 0.8456824549876634
3048 0.07136104995329842
3049 0.4252250006338499
3050 0.8203118933949218
3051 0.30059498519167155
3052 0.0005600359793750581
3053 0.12270300763127806
3054 0.6556921981677574
3055 1.305584326451733
3056 1.7050721838309961
3057 2.187727589193789
3058 2.8046112655186812
3059 4.5163798378639415
3060 5.0251243346472885
3061 8.392098959028743
3062 7.962162566167833
3063 11.006179455577785
3064 9.689481388625587
3065 6.6507727589773085
3066 2.67163417065985
3067 3.0018171110887977
3068 1.618653084311864
3069 1.195544178627242
3070 1.722098241201973
3071 0.9145265717545104
3072 0.24186012762584258
3073 0.22607230295068523
3074 0.0054975880258612015
3075 0.1464735474869437
3076 0.43701157906074706
3077 0.5997097960272154
3078 0.6094218190872099
3079 1.022404821322101
3080 1.756592231958415
3081 4.500297666930854
3082 6.3471089678187695
3083 9.321033173435747
3084 9.73363330326601
3085 6.861969953146774
3086 6.246709629334958
3087 6.2656833118363195
3088 6.520609739044015
3089 7.3993351078265555
3090 5.794467870802198
3091 4.677892801878732
3092 3.573327635404799
3093 2.8722266985899982
3094 3.1312464684220034
3095 1.741842525467296
3096 1.21857321474407
3097 0.2542288670086351
3098 0.4056678893830855
3099 0.3203840518013248
3100 0.4727733780814947
3101 0.6958879240603978
3102 0.6383877406939165
3103 2.0545044628059626
3104 4.331909125512535
3105 6.749666039914512
3106 7.236141331437466
3107 6.899536508863684
3108 6.268051510003555
3109 2.6436724878431783
3110 1.06306521753122
3111 0.2757901518819421
3112 0.665423504044801
3113 0.956549068332299
3114 0.8850089849663552
3115 0.12346033050923588
3116 0.1198350530302269
3117 0.004607377238258323
3118 0.19998108500601275
3119 1.2503018085115327
3120 2.3203897177344155
3121 2.5160514541712216
3122 4.136319280443157
3123 6.18944588869322
3124 6.895595189592515
3125 9.154767995962631
3126 7.216390999993696
3127 8.719067808475847
3128 6.599347317345353
3129 5.719451076623493
3130 3.313451121226851
3131 2.7087402279730926
3132 1.506699889127553
3133 1.1959617417024266
3134 1.646810393117518
3135 1.1041522464760969
3136 0.5593046465570036
3137 0.46824021849641784
3138 0.06185732714194896
3139 0.20179596113371637
3140 0.1911274818593448
3141 0.29625978558653254
3142 0.47058872294618603
3143 0.7964959559059495
3144 2.2442790665772008
3145 4.165764789574218
3146 9.182322031464643
3147 8.936516022295008
3148 6.613681453173158
3149 4.776633889518188
3150 4.1497128591027
3151 4.232310959061584
3152 3.8506343922158237
3153 5.371598190528698
3154 4.681868295688793
3155 3.4812904227366226
3156 2.0161524638480612
3157 2.0225780955392176
3158 2.4136726198680813
3159 2.145916062437986
3160 1.0320852689198619
3161 0.39922120234701847
3162 0.28519406402287834
3163 0.29738992748048504
3164 0.33781628766288435
3165 0.9540412012203564
3166 1.1988205426625065
3167 2.01943675957045
3168 3.160115295089116
3169 3.9905034522101737
3170 3.867184448119781
3171 4.596888294246022
3172 3.4357018615307275
3173 0.969071884649416
3174 0.7221783206529533
3175 0.381830529225926
3176 0.21244011274261926
3177 0.33966801822173426
3178 0.3418515788062451
3179 0.20331862761968028
3180 0.3439624565609773
3181 0.06758621646138382
3182 0.013871431302895058
3183 0.3809874645139527
3184 0.47873262807216366
3185 0.6550028801399325
3186 1.7002614161792546
3187 4.483132218779428
3188 5.955028090587884
3189 8.72743003031126
3190 6.189752736076826
3191 6.5043352681292115
3192 4.9739180068217825
3193 3.671407230407933
3194 4.061881879231086
3195 2.303164187899511
3196 1.0728203326223034
3197 1.1084033571508884
3198 1.301120145555995
3199 0.9503899000964731
3200 0.3223048368731635
3201 0.409681589226834
3202 0.18064631785093893
3203 0.004550556716221918
3204 0.02576669460000694
3205 0.014826288446529777
3206 0.6929749201248325
3207 1.1273541606942685
3208 3.4337205125684997
3209 8.601156863779643
3210 7.544847541449828
3211 6.23929863756205
3212 5.510046768259272
3213 3.770074863303455
3214 2.4595901105146156
3215 0.9084820023164434
3216 0.7112687952259559
3217 1.3227908674297824
3218 1.5165461919162437
3219 0.9104109674107683
3220 0.5708070640775635
3221 0.8595414068072181
3222 1.5475630905763635
3223 1.0306836309092884
3224 1.68816675812036
3225 1.180902931243015
3226 0.6386393382016963
3227 0.9784580794494676
3228 1.9196846390023252
3229 1.8033495097651566
3230 2.619714978516969
3231 1.9459822106638003
3232 1.4948155975460824
3233 2.636428627237415
3234 2.5107445784538096
3235 2.4244484282562073
3236 1.4709725432135763
3237 0.3571387952699818
3238 0.08796746505963707
3239 0.017962448879987877
3240 0.12901455461623884
3241 0.4114785328185138
3242 0.5316931698688414
3243 0.49083310231051125
3244 0.3943548155512865
3245 0.11641360282908224
3246 0.006527387631454317
3247 0.051219922009598934
3248 0.007902121392339428
3249 0.15359997034434617
3250 0.7043753728521392
3251 2.7129555518972968
3252 4.839657372694093
3253 5.278342766958494
3254 6.090994749013681
3255 4.661069143839991
3256 3.8867652592178734
3257 3.790045456530788
3258 2.3930545767078684
3259 3.504467582795891
3260 2.2085535331057002
3261 2.304200183335224
3262 1.505749171088646
3263 1.6496782949592734
3264 0.4684266515279899
3265 0.3113252467113939
3266 0.5091759338517446
3267 0.3082718885587754
3268 0.06563080746052295
3269 0.049694013236900855
3270 0.9591990227510362
3271 2.682830247033309
3272 6.333292144238519
3273 8.923459024799895
3274 5.97181711176235
3275 6.129604802114802
3276 3.4681318219411135
3277 1.813178129762834
3278 1.2481103083379128
3279 0.32429296077936237
3280 0.09251730716519893
3281 0.04216635459347995
3282 0.005121098401706431
3283 1.117591761190226e-05
3284 0.00015250380336297634
3285 0.0024457461702853283
3286 0.3086438945518721
3287 0.630697756083977
3288 1.4115169583087517
3289 0.810623150095887
3290 0.7353873033508245
3291 1.226677612240857
3292 1.1882079793793403
3293 1.8006265776547565
3294 2.489775066445869
3295 2.2295175237273024
3296 2.3638224712815563
3297 3.054562637991958
3298 2.6466659969006687
3299 2.0338281895038506
3300 1.238920573311595
3301 0.4221277611553882
3302 0.4037238292900494
3303 0.08168095452537302
3304 0.5141756260031757
3305 0.3390937592082595
3306 0.2900544257208896
3307 0.5859380489633604
3308 0.6461202068992621
3309 0.23183538590088063
3310 0.2582526742054141
3311 0.03609723410556773
3312 0.25834300408773303
3313 0.0071612199180383865
3314 0.09107750012860685
3315 1.420750004922387
3316 3.553056728896034
3317 3.367039007041056
3318 5.903578825945515
3319 4.650075640118166
3320 5.482533862318577
3321 5.037547482455995
3322 2.8627154057636925
3323 3.212817078739449
3324 4.766844933310135
3325 4.003174960149307
3326 3.4886087262667
3327 2.6513988464490326
3328 0.7438806962244766
3329 0.7055131257183235
3330 1.0804332737348923
3331 0.6631425298574959
3332 0.03382369267144857
3333 0.18501534962699348
3334 1.548265845147044
3335 4.54640016080511
3336 6.882664938905102
3337 4.5180955139963555
3338 4.1548109235388075
3339 4.499731957075641
3340 2.415180148829631
3341 1.1428314219006683
3342 0.5264738923895631
3343 0.006278117746464873
3344 0.08050866853610346
3345 0.3719683060161859
3346 0.3567989289073911
3347 0.296439086118848
3348 0.19406709391394233
3349 0.006401508418951346
3350 0.013435377311306911
3351 0.16596373074518114
3352 0.8912959988483206
3353 0.9052624514188901
3354 0.7681865792558608
3355 1.2607272729343157
3356 0.6583565903794304
3357 2.175593120380206
3358 2.4265462805812787
3359 3.007958874013277
3360 2.4272776482598566
3361 3.0784708442117283
3362 3.0706903565427597
3363 3.265032480899313
3364 1.8922482960769198
3365 0.8066832443880578
3366 0.6694612469054732
3367 0.6546708681634029
3368 0.3746280667917096
3369 0.07315300424313974
3370 0.01261909703897512
3371 0.13857718482551054
3372 0.18326395609770108
3373 0.41404770773003374
3374 0.7679227158710589
3375 0.06108810570218878
3376 0.09415292832729226
3377 0.010025127719210972
3378 0.05392185253966106
3379 0.8464326965174366
3380 2.3131697181639823
3381 2.2721657746954778
3382 3.8304180716172165
3383 4.652465427364085
3384 6.548509129136699
3385 5.4599406092993865
3386 3.7301431924462665
3387 2.0037270044296767
3388 4.403398560847413
3389 5.100567961864012
3390 5.3169142298944
3391 2.9443854100708626
3392 0.9421564967639053
3393 0.704632422253111
3394 0.8570337560621097
3395 0.9308758652954519
3396 0.02151006447751784
3397 0.05699674963473433
3398 0.8582720336638198
3399 4.248617480742382
3400 3.283391951683336
3401 1.9622467262304204
3402 2.3423841555654166
3403 2.508898709839687
3404 2.5943277244700518
3405 0.8855500333933577
3406 0.12009960195510858
3407 0.0010511040545624051
3408 0.19934984351196716
3409 0.7066235185767736
3410 0.7236997181859502
3411 0.19568927999155275
3412 0.0572130559741834
3413 0.013976670138504102
3414 0.04157180637815043
3415 0.4260890064250534
3416 1.0422768268211597
3417 0.4956237208333723
3418 0.39013938744398374
3419 0.636785113839687
3420 2.597223538889782
3421 2.922170715928312
3422 3.248198616420247
3423 2.656462088096732
3424 2.0795537085617535
3425 2.8567677653600136
3426 3.034839573516591
3427 3.3723261364835464
3428 2.899688097332595
3429 2.063848790092239
3430 2.0721125918296797
3431 1.611594327000613
3432 1.9448378692682884
3433 1.1053185121933191
3434 0.4119265318353652
3435 0.2236911616164961
3436 0.36635587540127906
3437 0.3156591443838283
3438 0.5591225135484761
3439 0.041790873010686375
3440 0.0005105000287451152
3441 0.019242459724539872
3442 0.5887019375181982
3443 0.8545063649396667
3444 1.7505935757024325
3445 1.6745004511470871
3446 2.380569037260192
3447 4.112082200112704
3448 6.228027329269395
3449 4.7383694293718985
3450 4.962978261966419
3451 3.496081857717668
3452 3.3035515668815796
3453 5.671832883376508
3454 5.7190833245239485
3455 4.062498354131021
3456 0.8032588554646566
3457 0.7141278022258531
3458 0.5214271858939392
3459 0.3884936301691241
3460 0.018309711899190527
3461 0.027736510663677213
3462 1.0974601704467364
3463 3.702664690049615
3464 2.1556632250122325
3465 1.9889583497442807
3466 2.054205947653787
3467 2.281786959784732
3468 1.8219177249531473
3469 0.7375230166819144
3470 0.10447020452965422
3471 0.06336613605443885
3472 0.255330144257858
3473 0.31993716623178164
3474 0.3941842985129645
3475 0.10367484699214544
3476 0.03890843277696366
3477 0.2856230394790169
3478 0.019608385195481786
3479 1.1651663617145138
3480 1.3080019844982698
3481 1.3962980895212178
3482 0.9264301181646787
3483 1.85417775341741
3484 2.7725094415145333
3485 1.62621481098342
3486 1.8684145617344023
3487 2.1663504139972662
3488 1.4700747902798719
3489 1.4918618655031501
3490 3.1268061421906572
3491 3.984248267398141
3492 5.26424607071751
3493 6.131687019637809
3494 5.660296787393343
3495 3.705338904576243
3496 2.8742870989322284
3497 2.7601100565577528
3498 2.045456861274123
3499 1.5759454109039575
3500 0.4952770896491389
3501 0.5599843289392905
3502 0.36506231742425194
3503 0.0018047383356879813
3504 0.15430983524635392
3505 0.046691199368148674
3506 0.2390764402402423
3507 0.3532187021793316
3508 1.4533143207585708
3509 1.8153442650207319
3510 2.557954581368333
3511 5.673555702402134
3512 4.756922219634826
3513 5.575665171267693
3514 4.085842782197969
3515 4.60568185856638
3516 3.1747637685476184
3517 4.013264645703087
3518 4.910996867913384
3519 3.7858296829368947
3520 1.2534550032385634
3521 1.2436846244787414
3522 1.3418267496851748
3523 0.717829274130239
3524 0.33486526700138164
3525 0.05738435091784215
3526 1.0559840056149201
3527 1.2749510250825058
3528 1.5392562612357743
3529 1.8141513410083907
3530 1.5056735331297166
3531 1.1133167141560065
3532 1.121789183528155
3533 0.3032128660047521
3534 0.09773940550555109
3535 0.02964154264160101
3536 0.5621292233633645
3537 0.4308292878530811
3538 0.20439560030404813
3539 0.1762430980525955
3540 0.003693557529711418
3541 0.09885624696063555
3542 0.17481901022646748
3543 0.8916467977787779
3544 0.8807010968682959
3545 1.7474170523174921
3546 1.7581680721857995
3547 2.1195356550834608
3548 3.043935203763981
3549 2.302687782457877
3550 2.0260361477027358
3551 2.4047945603431633
3552 1.4977509251027756
3553 1.507019357632633
3554 2.0367766801897984
3555 3.5113817049702503
3556 6.926728004691275
3557 8.12472190636568
3558 8.675595569162558
3559 4.8145076551672314
3560 3.196359299151853
3561 3.147758030252151
3562 2.4761676854038086
3563 2.302246975142229
3564 1.5554832108168328
3565 1.4193542131184764
3566 0.997080822382739
3567 0.24609378975850987
3568 0.01997056911075184
3569 0.0014027102458050139
3570 0.31293324298368835
3571 0.38695233126862044
3572 1.7456405882829198
3573 2.9456975108689973
3574 3.251348139094801
3575 3.9281793432836776
3576 3.064379187975944
3577 4.947979595337606
3578 3.822677091107354
3579 3.9529002948757714
3580 2.548767017655323
3581 2.1242517535404954
3582 2.9964696162461877
3583 2.670721710659813
3584 1.0752237273340637
3585 1.3905136505829478
3586 1.4807204519892183
3587 1.0495069222718318
3588 0.0920547702310831
3589 0.4133010863770043
3590 0.9125848341838392
3591 0.4587820035387364
3592 0.6241430251161065
3593 1.0800184102130908
3594 0.9381146387901741
3595 0.4855343523889051
3596 0.47193869588218385
3597 0.04731112629393962
3598 0.13136931289004092
3599 0.016946238571803395
3600 0.029990725553017107
3601 0.2530235737516545
3602 0.35500011617506927
3603 0.33375073042747766
3604 0.016348008586306306
3605 0.032065298310140995
3606 0.0191569152530266
3607 0.349946254402897
3608 1.1197811297300089
3609 2.669168721002365
3610 2.715511507734704
3611 3.810134059330553
3612 5.38404478647889
3613 4.310384199765936
3614 3.389513053486995
3615 3.762063882801193
3616 2.629821279590883
3617 2.2953490762269366
3618 2.724146242750249
3619 3.463560270119923
3620 3.543076515525507
3621 5.713528789801667
3622 6.569693416336492
3623 6.561315818446451
3624 5.646992052591965
3625 3.695519849955093
3626 2.631192668285478
3627 2.155838629116847
3628 2.312791216077135
3629 1.2082367910059844
3630 0.41638052274670706
3631 0.08056290031506148
3632 0.004452850455021769
3633 0.10770814234818403
3634 0.6524338851531014
3635 0.5662718197616978
3636 2.9267560375855024
3637 4.790146069421165
3638 2.6466200620211824
3639 2.0017691548171053
3640 2.696071356716992
3641 1.953825000833384
3642 3.5500689942432926
3643 3.245834453691594
3644 2.093437393434692
3645 2.097949253413606
3646 1.528665034860037
3647 1.9047143432937017
3648 1.1368943773387068
3649 1.63599939432283
3650 1.1616885596037385
3651 0.751262229311197
3652 0.10047445586653864
3653 0.5122612828283013
3654 0.6495296265425774
3655 0.21340823473811577
3656 0.13062191472732998
3657 0.007746562499171604
3658 0.0003922142599580747
3659 0.07108848088371329
3660 0.02567740828240907
3661 0.06684141384163432
3662 0.015652533238992964
3663 0.10648268136047423
3664 0.0015232359050989244
3665 0.03199466953749407
3666 0.29863022135083556
3667 0.2970862136094542
3668 0.016436310568527682
3669 0.07904880343511532
3670 0.06775225434553954
3671 0.5120228854938513
3672 0.9668231739581388
3673 3.1424800908773642
3674 3.2338011104923834
3675 4.815788279533539
3676 5.254745484067951
3677 4.25459347384415
3678 3.732975957195684
3679 3.886263709667599
3680 3.0603606603919853
3681 2.515780920725237
3682 4.077436794475403
3683 4.1043667184396275
3684 5.368303516574607
3685 5.476473583746586
3686 4.731877949371052
3687 7.381331450608945
3688 6.637722762179952
3689 6.3728163706684455
3690 4.182574821124952
3691 2.6015094747009657
3692 1.858574327379861
3693 0.9146811538851043
3694 0.21240583069505153
3695 0.08085202797341974
3696 0.016769903733489373
3697 0.2593601883464692
3698 0.9297022440403924
3699 0.546468116313129
3700 1.0212026786067232
3701 1.6420618799570246
3702 1.1564150661454746
3703 1.269019085478866
3704 1.0401571277662107
3705 1.3411030013244
3706 2.428667431588288
3707 2.8553256252724184
3708 2.35702567054338
3709 2.268914065806088
3710 1.6640204116094035
3711 1.7294567051899092
3712 1.2190614444376577
3713 1.1813675788582298
3714 0.9004924897727641
3715 0.024234597656898414
3716 0.6062611465180998
3717 0.8647939197368695
3718 0.32604327002820666
3719 0.41362966533122786
3720 0.12469323609503292
3721 0.009532071080308272
3722 0.045412961086407855
3723 0.395713800280278
3724 0.47573780316244435
3725 0.5737446181020163
3726 0.058246229454744225
3727 0.03761877812256842
3728 0.04858680451539162
3729 0.07463038979083816
3730 0.10193485836995865
3731 1.1272577666703576e-05
3732 0.011659767980262012
3733 0.057880239494244284
3734 0.10954129169111713
3735 0.2808280851389015
3736 0.3603809902739469
3737 1.351104306877141
3738 2.7931615055546333
3739 3.4212238065336233
3740 4.3030804878698135
3741 2.7902564061268573
3742 3.5013085673224777
3743 2.3916607229683033
3744 1.7621997492885662
3745 2.0547257635818754
3746 2.3417172927862233
3747 2.974297059867474
3748 3.206794365688197
3749 3.124786491835992
3750 2.929239702617338
3751 5.014301550398993
3752 5.200493384639231
3753 4.532161024962982
3754 2.9709304436630393
3755 2.1635152966980495
3756 1.5743168949867439
3757 0.9591568454594631
3758 0.47609804328264904
3759 0.05967361732880228
3760 0.0005869795899246744
3761 0.07878583529664368
3762 0.4871898546504149
3763 0.9929885111034583
3764 0.7454992743872054
3765 2.2095739717235725
3766 1.1612899728211186
3767 1.3441235123433302
3768 1.1713662974328787
3769 1.711267219900678
3770 1.4564622501844542
3771 2.403135683790415
3772 2.0577692848122155
3773 1.9687471757133252
3774 2.3244288814884917
3775 1.455626772965031
3776 0.6948653439349584
3777 1.0512858747303666
3778 0.8849145374778437
3779 6.6901209122663175e-06
3780 0.45983737222537224
3781 1.6580034567044573
3782 1.0903661962175404
3783 1.415617340420136
3784 0.6748091272078456
3785 0.010590278481456883
3786 8.862667644467979e-05
3787 0.1739340837788627
3788 0.48763406780605995
3789 0.37135300156007633
3790 0.022386889087758072
3791 0.3831650519336894
3792 0.017746504701484887
3793 0.0412645273971695
3794 0.03817984143976173
3795 0.004537762045344698
3796 0.00591846953066183
3797 0.23421924604841513
3798 0.13517739379972415
3799 0.06932232243703432
3800 0.12859921086613715
3801 1.1864655232024126
3802 2.062103658066548
3803 1.3350696269311697
3804 2.0251536302898767
3805 1.5573958794884055
3806 2.1055920171875844
3807 1.0465432492584332
3808 0.43880882773013835
3809 0.8443471819877948
3810 0.9895958230445258
3811 1.148751213707931
3812 1.7482141168843672
3813 2.615458486639916
3814 3.456582239042111
3815 3.4942746240750164
3816 2.4724291805269205
3817 2.392244587165166
3818 2.3184788691596783
3819 1.3034500251552683
3820 0.477666818191458
3821 0.427102013390743
3822 0.1396421546330652
3823 0.0030630552326612083
3824 0.07074766300589314
3825 0.0005319600070814249
3826 0.18591716285931334
3827 0.8015543105168202
3828 1.5132322320469984
3829 2.3761485634603696
3830 1.2039784139340162
3831 0.7402806651745394
3832 0.6569203517326211
3833 0.7530407712628522
3834 1.5323108811586448
3835 2.2143003250617825
3836 1.6525557886521551
3837 1.7371751904649275
3838 2.212631685002577
3839 1.486135316494038
3840 0.43878378429702614
3841 0.48875392976693843
3842 0.361823511658758
3843 0.0001547001468463821
3844 0.20767613726082915
3845 1.3901284904226106
3846 2.1621317292003734
3847 2.953251205273545
3848 2.3555069611900055
3849 1.2783021287057628
3850 0.5304698287786361
3851 0.012058298855765918
3852 0.04753304070321278
3853 0.21095298589857145
3854 0.44665384965317095
3855 0.08748233631989603
3856 0.08318420620996035
3857 0.03163982024401084
3858 0.08138051119137331
3859 0.07263314337852846
3860 0.05406682551963558
3861 0.8254609084378846
3862 0.6673413629971731
3863 0.4606868598717125
3864 0.7380920392192678
3865 0.9892923209396699
3866 1.372716877027671
3867 1.4074458262303302
3868 1.160945578234347
3869 0.7811495507115047
3870 0.9016939352645429
3871 0.7249920612852837
3872 0.6745248055731867
3873 0.8943147597178924
3874 1.2088478236729137
3875 1.6532121699344104
3876 1.482161958552507
3877 1.4736789950304874
3878 1.4800446065023043
3879 2.291200638659338
3880 0.6865494273737477
3881 0.8120229241160535
3882 1.496077852115855
3883 1.4055324008265249
3884 0.4596282754644396
3885 0.09049342532604437
3886 0.05648564141515374
3887 0.07198474294453154
3888 0.12217694885606571
3889 0.02032498056573118
3890 0.16358515878756758
3891 1.4220610116908385
3892 1.7353555326130168
3893 1.4283690149218085
3894 0.903664698101993
3895 0.3267268558808473
3896 0.49060322234530324
3897 1.0185099847255104
3898 1.8681816137454101
3899 1.7869251002233142
3900 1.5606049937071895
3901 1.1387487433883552
3902 1.7599276557496322
3903 1.781219149073
3904 0.6957429419103587
3905 0.5187968706542623
3906 0.09630184747349844
3907 0.017371379227056918
3908 0.022698574824416767
3909 0.4867276493119524
3910 2.4392885048529775
3911 3.8886257304555074
3912 4.65312191148859
3913 3.9977658954289956
3914 2.6011919476342364
3915 0.7986432793395946
3916 7.799494355436932e-05
3917 0.448991432918388
3918 0.8344017089956731
3919 0.5688843356631954
3920 0.7898397502562282
3921 1.400020444684089
3922 0.376524257850994
3923 0.19385274699200405
3924 0.06845755356364841
3925 0.03718342539274334
3926 0.405710538739979
3927 0.49718299876731936
3928 0.8169443050146986
3929 0.8223203578757666
3930 2.292934530851599
3931 3.136167317666721
3932 2.206624075128867
3933 1.9612247417893125
3934 1.30148038879952
3935 0.8912018608997276
3936 0.9824919475702922
3937 1.2249290966637334
3938 1.2870184565287208
3939 1.263487791042062
3940 1.180450736899884
3941 0.9634589801944918
3942 0.4775820292575936
3943 0.343917017258405
3944 0.27773838899706604
3945 0.2544854098532004
3946 0.8887395407287096
3947 0.886768084102889
3948 0.3254424487299476
3949 0.2223648494505525
3950 0.2799733520924235
3951 0.13081345231820876
3952 0.1753885806875142
3953 0.0010475339628236403
3954 0.19068588531158878
3955 0.8529437028068463
3956 0.814221141668957
3957 1.416877030912224
3958 1.2239443394068719
3959 0.5197789069552428
3960 0.5334098924114589
3961 1.0392076118951057
3962 1.1351458620508814
3963 1.1262556438256746
3964 1.2865350615922735
3965 1.6700678348877498
3966 2.0000213825766617
3967 2.7381771916858777
3968 1.5097439089681683
3969 1.1835968237794665
3970 0.15704371038671489
3971 0.021477075174749605
3972 0.031691978345528
3973 0.22023438594569264
3974 0.7718861510719981
3975 0.9126310981143138
3976 0.8514933260139121
3977 1.1165814107953471
3978 0.7509373218240013
3979 0.14113870418333835
3980 0.1329428115794953
3981 0.47151488519151064
3982 0.4889953638785535
3983 0.4037004465297276
3984 0.6048964142918595
3985 0.37408737272125614
3986 0.046227924691300194
3987 0.009283801737534757
3988 0.12480173364069144
3989 0.37823380503599435
3990 0.9463043125216992
3991 0.983341638215971
3992 1.089947725657123
3993 1.3304055644055786
3994 2.919492943078768
3995 3.6073043938332785
3996 4.037609633291565
3997 4.472795079967501
3998 2.5863062662701974
3999 2.349730714500315
4000 3.701131509080211
4001 3.2050584626963894
4002 2.8011384358031153
4003 1.4841046199577597
4004 0.6514734295023997
4005 0.6128556339425989
4006 0.3763289198201503
4007 0.22864602943597184
4008 0.18220305215804572
4009 0.33612400926250097
4010 0.32356579459946516
4011 0.7826197151630225
4012 0.4689119478219214
4013 0.533629180080476
4014 0.19192610456061682
4015 0.13979159043363232
4016 0.03085096275012407
4017 0.32400962168299685
4018 0.534082934343095
4019 1.253597622745237
4020 0.8341886573630674
4021 1.3354839791708804
4022 1.0211877216504666
4023 1.581552267953068
4024 1.5434024823268169
4025 1.4296840922643284
4026 0.5245212304373862
4027 0.8125807441651443
4028 1.3630288729171638
4029 2.3528347732989956
4030 2.9530302845886998
4031 3.916564041887803
4032 2.3104186032164664
4033 1.7789818756686961
4034 0.7470786123941188
4035 0.25925811721704206
4036 0.3203180005358982
4037 0.20624569585431138
4038 0.1765479700927071
4039 0.06850619202259241
4040 0.05200557785515996
4041 0.11077933230817542
4042 0.0010714420343277027
4043 0.006758807538070625
4044 0.11187862442583973
4045 0.0007824602486752219
4046 0.03003701211781712
4047 0.12003105905033452
4048 0.17768376592463125
4049 0.23114094864895898
4050 0.2680975629045498
4051 0.4345320619599816
4052 0.5956372098984297
4053 0.480932362728735
4054 0.5271138943458431
4055 0.7606660519771035
4056 1.4419047732275518
4057 1.6763619537001029
4058 2.4272482202942443
4059 3.602800383370181
4060 3.9254498227533383
4061 4.118564623319809
4062 3.2663641386058737
4063 3.2356782315429644
4064 3.566095371015538
4065 4.024717523794167
4066 2.7865607809705364
4067 1.072160293136806
4068 0.6526025926524401
4069 0.8182252932129874
4070 0.7082665521158519
4071 0.883647255498439
4072 0.5640703696085554
4073 0.46938114992209345
4074 0.4899666487897339
4075 0.3422663577249055
4076 0.3787723096336059
4077 0.11780181293985066
4078 0.00012116915079661317
4079 0.00035451003040420015
4080 0.3731359560282935
4081 1.0401808018645096
4082 1.2083363102930438
4083 2.0576643663418115
4084 1.437632194068651
4085 1.8873917948030705
4086 1.5838173342795627
4087 2.698809902823684
4088 2.035807525635544
4089 1.3656113970212989
4090 1.0701018453434619
4091 1.1506369686637632
4092 1.098027253618982
4093 1.294031909889684
4094 1.4873675253663936
4095 1.8526400524044406
