 0
0 0.5423394592305076
1 0.45059533867769674
2 0.5300030596276347
3 0.5799585174577291
4 0.43828046160416506
5 0.11459507533030167
6 0.12402562293078823
7 0.06417147541104261
8 0.248263989973863
9 0.41534887236771423
10 0.18732282341414522
11 0.38159523125347944
12 0.6076486819975139
13 0.4277273046256131
14 0.41114772173761993
15 0.2179236409265847
16 0.35084527596129866
17 0.07640151581267658
18 0.0001485092895004866
19 0.002971258524594737
20 0.07874863273132818
21 0.19269083063792233
22 0.0782188869712688
23 0.0008181612512603542
24 0.07616500121053815
25 0.08257172942124065
26 0.2924566341229248
27 0.05792605908295337
28 0.8880062201129365
29 1.1705864155075074
30 0.9294473941199631
31 1.3808468205304318
32 2.412844361935344
33 2.8201195488731683
34 2.1264775147466026
35 1.6038085275517626
36 1.5081850654683784
37 1.9938714689410522
38 2.377942479536513
39 2.1415089259549904
40 1.6269835973089217
41 1.079442509929921
42 0.7580185305209783
43 0.3631678289795241
44 0.5247849416950361
45 0.21532403228553199
46 0.6035985566229708
47 0.46555981698918053
48 0.4599680684734182
49 0.18780317989736026
50 0.540136165058622
51 0.3759833355235885
52 0.47303593499086344
53 0.33916383116996374
54 0.8607234430994212
55 0.33546063149520555
56 0.2030329109354892
57 0.5678861961931704
58 0.8687420046816577
59 1.1028629998312791
60 0.6926470336955801
61 0.7693106121536912
62 0.6052863640667883
63 0.6551799056992675
64 0.4128764157682913
65 0.280509223670426
66 0.5910943475815723
67 0.7738079092877245
68 0.22921480826994142
69 0.03903317495660482
70 0.04447909412682578
71 0.06344821474642184
72 0.12144639204488615
73 0.028441859855765528
74 0.005916793131805274
75 0.034951506712169046
76 0.2789066926562312
77 0.453249739275852
78 0.538792937138683
79 0.6660531831637097
80 0.47158447718585256
81 0.1465290702619242
82 0.08368013819154056
83 0.04152105779243005
84 0.1676357105930432
85 0.1488046281423291
86 0.019583034771298396
87 0.0064816260890300645
88 0.06217373298924847
89 0.19239896181986657
90 0.6627481488687395
91 0.5645620998474182
92 0.9746122727678282
93 1.0389247810250242
94 1.0722492549661442
95 1.7384870115836466
96 2.5703153209986476
97 3.0582486854062956
98 2.5376205076579934
99 1.9756329718256878
100 2.4165569171804235
101 2.895803910696867
102 2.2749925800173814
103 2.276902824000471
104 1.327702498581748
105 0.6383200380005188
106 0.19325928866530834
107 0.04425566118612346
108 0.019639008474550728
109 0.02262321114621162
110 0.0030817558232683518
111 0.0015264347161033302
112 0.059240397347283646
113 0.021946538106616613
114 0.047189027947006856
115 0.2240159961167458
116 0.26396740415046943
117 0.25820260985989096
118 0.7887020515204788
119 0.5500786857235014
120 0.5219768569748965
121 0.7650184799666706
122 0.6574171224874572
123 0.8466283006045539
124 0.34861487866106283
125 0.25487297515583257
126 0.1312590948633236
127 0.2998396898097213
128 0.1935192013552472
129 0.322764563024534
130 0.30630707126898454
131 0.06836765814826784
132 0.03458160414641717
133 0.012410533379269669
134 0.011077876946979412
135 0.02706156202551636
136 0.008277039352026654
137 0.07945358475244751
138 0.009878863109023459
139 0.14781435433070209
140 0.2993500597273931
141 0.43987353557919345
142 0.3099969552388349
143 0.5028578571931541
144 0.17757349971271708
145 0.04026522208253972
146 0.038181958653292034
147 0.022955668458767623
148 0.22409347425390444
149 0.14378722788148612
150 0.003723652011331751
151 0.19454813466526225
152 0.4021073001837538
153 0.6274360363058465
154 0.8694069371427373
155 1.006514957953026
156 1.3148698740848006
157 1.3782927434077952
158 1.9958253169643954
159 3.5201673985651807
160 4.888952838092399
161 4.234563964357568
162 2.877005809954208
163 2.963933649154715
164 3.109575268481203
165 2.5445092494500114
166 2.2940182904669646
167 2.201321438625162
168 0.9793884211530238
169 0.5396784895117002
170 0.24744610346983767
171 0.15183693535215986
172 0.00375458663344623
173 0.07795319061544626
174 0.09355369146736238
175 0.02547729686292362
176 0.004199411986900228
177 0.00011142992387281584
178 0.07792653725780238
179 0.40815631132195235
180 0.26476117596118326
181 0.2052511222573653
182 0.43494477739006043
183 0.6862147254151102
184 0.6968793407031904
185 0.7189023290230617
186 0.33200381313639055
187 0.06864852574200998
188 0.009771903663092949
189 0.08153861760793873
190 0.1663786932840351
191 0.2958373370068831
192 0.029853333492070266
193 0.051047224107143095
194 0.262325157117566
195 0.0151549167107199
196 0.04923131023040022
197 0.09766546444313645
198 0.07055827600735437
199 0.008691679594541956
200 0.016181337947065454
201 0.08174902376325699
202 0.021200342275313755
203 0.20200598283547533
204 0.4586815977862629
205 0.5342414147992707
206 0.2566911430835633
207 0.34854016549536326
208 0.0956438953992885
209 0.012072613653503145
210 0.0008491656233187867
211 0.023508360920510292
212 0.10829766917274278
213 0.000196161201455863
214 0.7003757302966159
215 1.0943111296993075
216 0.8091072574637603
217 0.995079282145482
218 1.5885683784773401
219 1.503808212733906
220 2.2752430922506797
221 2.4800291102305474
222 3.4943339082943794
223 4.549814352114043
224 4.770878837160933
225 2.1677312734475955
226 1.3788609554923181
227 1.5685676311833536
228 1.6821588943100738
229 2.115763803353979
230 3.141831635112092
231 3.40189502782747
232 1.8557863738866587
233 1.1510014944962341
234 0.8433279046692024
235 0.8054611032352551
236 0.3656823325357962
237 0.06183703915455633
238 0.062158985202079096
239 0.03591349612313529
240 0.06103460428099224
241 1.807738711479084e-05
242 0.000512517321600346
243 0.10749724412466073
244 0.10340018114946309
245 0.0795450563812177
246 0.2173453309995535
247 0.5831025746951716
248 0.7840100604743134
249 0.4276037202984106
250 0.17274697833417957
251 0.049482551130163824
252 0.0963825470729058
253 0.2826271418420548
254 0.4941528316331082
255 1.2671647292298334
256 0.06301669639762253
257 0.002818944449842272
258 0.00819224407088662
259 0.06595139950479584
260 0.007014330472520582
261 0.7676696814563737
262 0.48295014479882414
263 0.4431563969879023
264 0.6715238794008592
265 0.5984487584182109
266 0.5670796284829032
267 1.1516487558417705
268 1.0039749801669489
269 0.7741579293315143
270 0.3669775488192343
271 0.17158752299373448
272 0.0025707473972872005
273 0.014607386386952505
274 0.002795746154191819
275 0.06875325585564693
276 0.09254313919042226
277 0.5505445624875941
278 1.2250068891158636
279 1.2122200917947399
280 1.0887377458734218
281 2.1802322779989423
282 2.3809914874075333
283 2.2309489515182706
284 2.3585581414223804
285 2.7612818430238084
286 3.0040909451517166
287 2.6911914333361966
288 2.5976020209553514
289 1.6035267278413263
290 1.194574150388293
291 1.8173292246652974
292 2.026485888207553
293 3.2258379003230346
294 3.6978666088550254
295 3.7809961110751904
296 3.3521747629182608
297 2.4853267469101437
298 1.8016013468152783
299 1.7245758180196273
300 0.8392364713447442
301 0.7793053041210906
302 0.3930829944280683
303 0.15723838832676623
304 0.10844077279782702
305 0.004435467342586298
306 0.0007844726312490127
307 0.03660028865777708
308 0.006564772257026662
309 0.0008751839251945137
310 0.2417989797748745
311 0.64195241843493
312 0.8732942224852213
313 0.6823155728599322
314 0.290199391902842
315 0.5590493149987267
316 0.9911624943700874
317 0.9713336186005392
318 1.2259737945865483
319 1.1717957228116092
320 0.3710684854069629
321 0.27178693063301923
322 0.09626405495580279
323 0.475766749268892
324 0.35342293143484294
325 1.375498471867742
326 1.3432065883393296
327 1.942830431375524
328 1.8968925427678245
329 2.557548479037847
330 2.160660425289861
331 2.8919762909767024
332 2.3708417885190447
333 2.9129338078955205
334 1.6074967864015197
335 0.8214879990288109
336 0.2719791353946564
337 0.1063645017520994
338 0.0037555835610823818
339 0.04220940451294973
340 0.004315798866268043
341 0.2405074808651529
342 0.719063869750297
343 1.3055894468184277
344 1.875001744004169
345 1.9868157322035467
346 1.757019079193954
347 2.8357583617940785
348 3.6212934653623035
349 2.742952249169224
350 1.9104642078980054
351 0.9478352852531999
352 0.805282118339219
353 1.3868565170049982
354 0.9428114650510492
355 1.3644102373079918
356 1.4524841949975857
357 2.1942819085355314
358 2.8805417195893175
359 3.808427194664724
360 5.050554992921136
361 3.020288193977056
362 2.2200069350460887
363 1.338459419938448
364 1.509589485126164
365 1.3511934632829186
366 1.2812779778068704
367 0.6484734662814948
368 0.7439767157443119
369 0.3041315100542188
370 0.26560413739740857
371 0.006131655208012515
372 0.02258951608076283
373 0.013814288390495566
374 0.22537141278975475
375 0.7254215919919013
376 0.6840522849961073
377 0.9517373668102805
378 0.926336289199111
379 1.014566660787674
380 1.0661035722208902
381 1.24740015556586
382 1.4454596326314249
383 1.2363033683963098
384 0.31908124544469935
385 0.5506379003645563
386 0.5042677303339258
387 0.16584911952217168
388 0.15155367069300543
389 0.9093061114609723
390 1.8192313653552081
391 2.875538712649455
392 3.1817237961934346
393 3.5805350218106646
394 4.039215786705682
395 3.6185339311269127
396 3.2990026357664615
397 4.6899859664311725
398 2.6827390668511804
399 1.4476711434100353
400 1.0629706131961394
401 0.5025424783147656
402 0.11355417207559511
403 0.0029465707795739713
404 0.1805327980765716
405 0.33954325367826965
406 0.4254478851539514
407 0.9049772845042485
408 0.9913247924411117
409 1.0697640106981572
410 1.5482140765498325
411 2.530419166591697
412 4.339677519867275
413 3.242210003592848
414 1.5983943678672932
415 0.662407312475148
416 0.36544823032168827
417 0.9062360443693875
418 0.6163329126189754
419 1.100468473115531
420 1.6519937795796402
421 1.5092231214038332
422 2.3620730398442022
423 3.046981056026299
424 3.4288686176166796
425 2.122515798270401
426 1.844821664859625
427 1.1883518248974498
428 0.8417639231082948
429 1.1873552760654769
430 1.3406265820388292
431 1.80913770411108
432 1.7839848552774658
433 1.011974176037041
434 0.4324360623609757
435 0.06779089711961282
436 0.000599718278897986
437 0.15031417242080874
438 0.048216267086208256
439 0.18880733349462922
440 0.6274000785375498
441 0.3200495141817582
442 0.6336344316513423
443 0.7474057845266427
444 0.9280784690023343
445 1.037481090295034
446 0.9089635635836408
447 0.8781795989768784
448 0.49255226128837
449 0.4216119413356095
450 1.2385799005623397
451 0.48912313306668126
452 0.005194189943066694
453 0.344516904561276
454 0.9701064923767858
455 1.744776511795078
456 2.383567900671835
457 3.24495415482254
458 2.823916674782936
459 2.976920721202677
460 3.027912681108032
461 3.788703361847255
462 2.5807271933286104
463 2.9081622610489295
464 3.5150007267398364
465 2.3867721821963457
466 0.3624066903937237
467 0.00021008518711862633
468 0.5050461676542287
469 0.5676021488107664
470 0.6000864807660743
471 0.7332888659568655
472 0.7315079927428405
473 0.8572200914724039
474 1.936833279026724
475 2.318003804251751
476 2.683212645761458
477 2.717691449697391
478 1.2348117086070722
479 0.5486213822773963
480 0.39896320144821995
481 0.7069914994619878
482 0.5182646789520345
483 0.8524005773845922
484 0.7747493047374558
485 1.027958586072486
486 1.4041764419216556
487 1.5505131833951211
488 1.0983337887675697
489 0.912545459124361
490 0.8385758670766487
491 0.2499536365210396
492 0.20632935764289598
493 0.3288662103766437
494 1.1401522917453377
495 1.9441362389496315
496 2.3562881931643744
497 0.7737045279877874
498 0.33645860241197145
499 0.16512810997835592
500 0.00031331805030249246
501 0.3431716457748837
502 0.18751412059512335
503 0.2821465823397355
504 0.07709855448457742
505 0.08862024083106133
506 0.0935366130434838
507 0.330219158518633
508 1.2061606701530332
509 1.484719649478309
510 0.47656816552784514
511 0.8887470250435145
512 0.2931113525096651
513 0.21873703324889476
514 1.0487677025737436
515 1.3476757163354718
516 0.019379340743279065
517 0.10813229496210232
518 0.2541820288270951
519 0.8335200702931255
520 1.9177058362608201
521 2.3761939488171273
522 1.4530290075966013
523 1.8317068799727614
524 2.3269690550946924
525 2.512955412590315
526 3.655580272413435
527 4.602169080095571
528 4.418170134760352
529 3.3287039106771146
530 1.3731292716469263
531 0.08720767908119333
532 0.05384018337354763
533 0.21516640806881726
534 0.11093194949298796
535 0.18910479923206597
536 0.09409979418389694
537 0.7605113115111828
538 2.2593248269606234
539 1.286325229703165
540 2.380159035318737
541 2.2590465513360907
542 0.8862501437063027
543 0.425076817358357
544 0.19572172634548382
545 0.36199081287305074
546 0.2822855812457646
547 0.31524164224983403
548 0.4966542344536628
549 0.38940316429236876
550 0.2906562465149688
551 0.3381161789260095
552 0.7356067479745788
553 0.5114210663839489
554 0.4544958068728615
555 0.08065857713854396
556 0.049804639053951404
557 0.05722224496424986
558 0.48462687504579344
559 1.258842672102747
560 1.5394771930098823
561 0.20613119367432156
562 0.029768245506222167
563 0.03023968636165169
564 0.002353694254387299
565 0.043254721696018204
566 0.2622160668851426
567 0.14188610357722783
568 0.01575908142382633
569 0.09183251083980573
570 0.11015666144464621
571 0.44216342037758727
572 0.72679305290139
573 0.8868547000918493
574 0.7405957840619175
575 0.9266489548627111
576 0.24222522121605403
577 0.09583478016322566
578 0.5259467225137388
579 1.0170029524903936
580 0.2244708765524222
581 0.2681419036247079
582 0.1109845261614247
583 0.053683536664959494
584 0.24285262139812197
585 0.3453686925163872
586 0.20574121523687586
587 0.7004759209266611
588 0.9045989268828324
589 1.5153089147772725
590 3.0708226382248447
591 3.593386881093489
592 3.7561817642315134
593 2.515811115848219
594 0.5814593704283895
595 0.09410613389796305
596 0.033923043177986764
597 0.0019703620141569623
598 0.03275593983377325
599 0.11804685493176546
600 0.18726280582800514
601 0.0724600366600904
602 1.0293240722259407
603 1.4350562378675904
604 1.1277133359029672
605 1.197797736754173
606 1.3557336062976784
607 0.6972353604960658
608 0.20775379959310486
609 0.11043378006729405
610 0.0006515033481411142
611 1.3655344681846039e-05
612 4.360630738020468e-06
613 0.00824683535192464
614 0.0075135047554937264
615 0.21865266316552354
616 0.22036228696419854
617 0.2552861236630992
618 0.11570425356472742
619 0.0007379040258965864
620 0.013057263860327923
621 0.036033769912183974
622 0.07754860545595843
623 0.6343853789787378
624 0.47819472193291274
625 0.10138647371278366
626 0.008160820629013403
627 0.07170661152860934
628 0.09100463865504499
629 0.004609389389513249
630 0.08495729695366712
631 0.00894851875183921
632 0.026510054170464925
633 0.062214196612197854
634 0.13600474956192796
635 0.24246668715923142
636 0.15951322208194527
637 0.41650378525335136
638 0.5822137430559928
639 0.9111228179337559
640 0.30099394502547216
641 0.096353834788416
642 0.3226014694984436
643 0.8920472243967856
644 0.20289087741576226
645 0.10988296242319906
646 0.4706158879868722
647 0.6397236073474034
648 0.09981730825348846
649 0.010951908610379427
650 0.08057871470905602
651 0.013187434321771718
652 0.10308170631889699
653 0.5017982648545657
654 0.9273508829226544
655 2.1496229375699403
656 2.0836388836507953
657 2.1146484868377797
658 0.6388128031372154
659 0.4754679523887357
660 0.172193787790805
661 0.06245497391237988
662 0.21855142956070536
663 0.10811762827847991
664 0.02184368836429535
665 0.01130344374844344
666 0.40192162525671293
667 0.07924357392134028
668 0.5737205850015085
669 0.9467190434070935
670 0.5742567135850346
671 0.10885517920122456
672 0.02445787593448587
673 0.16695673941284567
674 0.09148653549945115
675 0.09492018432199295
676 0.07503576553770756
677 0.026068613584033208
678 0.0016137871901517192
679 0.08316560076775875
680 0.31128990291806785
681 0.5254216055925892
682 0.3193398334560641
683 0.08284289910115808
684 0.0014352050300110429
685 0.04027206218998971
686 0.035632412427570294
687 0.23870973130587977
688 0.0972686598666669
689 0.006474662852329294
690 0.2535001091969885
691 0.435261271621217
692 0.34082761210419277
693 0.21367157675149773
694 0.0002875684507803082
695 0.45279606041890913
696 0.0239246407531277
697 0.010511079508543197
698 0.005387684112494853
699 0.10952432675313915
700 0.2815909062655631
701 0.2338580576735507
702 0.35244124474036503
703 0.7012983731721771
704 0.36746401841526205
705 0.056248664174653455
706 0.02943673619595343
707 0.41003474878665425
708 0.35600450523989735
709 0.003337523348326302
710 0.12603822380503957
711 0.3484964294431259
712 1.0919697305447604
713 1.070403320606813
714 0.7120430045393443
715 0.38512795371898445
716 0.09453519450438312
717 0.0042670494729794735
718 0.13129226617584708
719 1.0306650819114975
720 1.634133923173774
721 0.9730903074862635
722 0.18778968250293218
723 0.25487592679688287
724 0.07550910843169024
725 0.0098918809597466
726 0.4575821939721683
727 0.441200254243121
728 0.4598306349588301
729 0.0810041848731678
730 0.0006219983840929447
731 0.018915679626806303
732 0.3710443697863974
733 0.3994762794953784
734 0.09312237002116733
735 0.022018722285617066
736 0.18538237785878392
737 0.15754858122669066
738 0.04201953436425736
739 0.0014621893434564016
740 0.000367659292957513
741 0.10249019660887886
742 0.11223910907971546
743 0.10513549452825344
744 0.05517079584777355
745 0.02720545277921054
746 0.0390863397853674
747 0.07414236902827831
748 0.08000199386673155
749 0.12338363885320856
750 0.2581966927926864
751 0.04977417878323179
752 0.1426385455488377
753 0.4520690849018425
754 1.0823633466060478
755 0.9387893276885667
756 0.5657001912725836
757 0.14026911601039613
758 0.029825561138524647
759 0.20652017770451556
760 0.08939838121086797
761 0.1502337190198523
762 0.015697410610755705
763 0.0004422623102207936
764 0.12944617485441093
765 0.07884669717458931
766 0.4725188551453705
767 0.468083667665032
768 0.18395647693416647
769 0.06497011592602629
770 0.05325351933077668
771 0.27645094989221636
772 0.13599795632087328
773 0.006088978446091096
774 0.12430997378437118
775 0.08505280771520252
776 1.7784067173040128
777 2.4912152799266067
778 2.0259783158907987
779 1.3156877861413738
780 0.6851239666307988
781 0.2750794525606215
782 1.2324891003016912e-06
783 0.14825196684071787
784 0.3497602550608463
785 0.25400615522549486
786 0.0817434747693075
787 0.23389503949818863
788 0.47326738376795247
789 1.1063866537129967
790 1.4784212993347678
791 1.3462773145186064
792 1.5781342638152613
793 0.9003637248649567
794 0.9461006314170444
795 1.0487349776486887
796 0.21781365144790524
797 0.004420426414443258
798 0.22202750523013337
799 0.039450245539070346
800 0.04815634110611875
801 0.12006802307180568
802 0.026684120049668796
803 0.00892890337559497
804 0.003140216114803626
805 0.05314050024619685
806 0.006155815256259898
807 0.020501758905347934
808 0.029381659227365898
809 0.08404254200702037
810 0.06919580715618788
811 0.4411218102294273
812 0.7195503995754956
813 0.0027456027986427945
814 0.01721909049330042
815 0.0023409556226714873
816 0.09792397234749262
817 0.31447594382900174
818 1.1111210538111704
819 0.6858285634441759
820 0.5766509284104717
821 0.09726539201585281
822 0.19513844414022033
823 0.23294144523423882
824 0.2255511529335988
825 0.30491581337715723
826 0.3646843420853835
827 0.08178953476494885
828 0.018881153792843375
829 0.04562420275020316
830 0.11991212511493832
831 0.06547843578754514
832 0.5282976382953404
833 0.0133085950657453
834 0.005727291047901997
835 0.0019388231844057033
836 0.08490908960630138
837 0.17623151978068632
838 0.10815089858116092
839 0.7355075623108968
840 2.6725377810953206
841 3.986588435900382
842 5.398801569355182
843 4.278318340122296
844 2.0407706114947133
845 0.9927921245738485
846 0.17418620204496393
847 0.0004479181391114974
848 0.05928600884964394
849 0.2893237220434131
850 0.2825535562581619
851 0.33854952637059155
852 1.0466349280052374
853 2.0069829112079614
854 2.2071263318885475
855 1.435685663020685
856 1.6999798737618894
857 0.7985204310683549
858 0.6321866206918227
859 1.161313443842482
860 0.430176236241093
861 0.16099622366771668
862 0.21343836488891904
863 0.24054883316688397
864 0.31558877569768995
865 0.7016078268727169
866 0.10790916776655891
867 0.009813688322922858
868 0.002112884077308819
869 0.013532259635902202
870 0.5382344442006072
871 0.32420719572693324
872 0.0708962433230701
873 0.013103442613364852
874 0.06086690597388053
875 0.0008708565330803642
876 0.016997498839784173
877 0.01378300236909958
878 0.14664246130345737
879 0.21422077992833005
880 0.4425811568788032
881 1.2650772779812032
882 1.7461301096769983
883 0.6856114530603147
884 0.9417320388251015
885 0.3686698651263457
886 1.3296187087751525
887 0.9440481088162492
888 0.7598871555086744
889 0.8098348689826397
890 0.5730962754995937
891 0.28035739449316555
892 0.034002760755101565
893 0.08256401674163862
894 0.40201688650463957
895 0.1427103860107112
896 0.30831464664583397
897 0.008089470117072771
898 0.1445948240544853
899 0.08970594036552454
900 0.09068159004450096
901 0.4312535376387507
902 0.8997947295633782
903 2.672601761732369
904 3.120914076614716
905 5.302355556846134
906 7.6219478308140545
907 6.5921881898359445
908 4.407102210223319
909 3.1735271650836903
910 1.5808309938513296
911 0.7985980098821429
912 0.16280292773774105
913 0.03600589302918081
914 0.013096229504384651
915 0.22305944579972223
916 0.7550681240264673
917 1.140106443175917
918 1.6824455474682798
919 0.8737258800102993
920 0.4006623582906849
921 0.3808322170566893
922 0.42678090643051875
923 1.1464589083616172
924 1.0573195260831345
925 0.2798048362161813
926 0.1632775990246747
927 0.07110988597703448
928 0.31830441176214497
929 0.31543709975903633
930 0.07194435687902577
931 0.15437432164965859
932 0.031002247949207504
933 0.13696554889617465
934 2.106487779922597
935 2.274081694430865
936 1.9065905408890782
937 1.0154294551803906
938 0.18917781262881053
939 0.7065479908168527
940 0.5601270667854049
941 1.0474015191876564
942 1.638119313529657
943 1.656038481667719
944 2.8237375841494923
945 4.833618043544732
946 3.8335096443261594
947 2.1988972530268174
948 2.1400520434942556
949 1.5334230533223734
950 1.0268424502501492
951 1.5276652693198631
952 3.4504392587104395
953 3.0212794391111495
954 2.029484271338047
955 0.576858854827112
956 0.21973530421351567
957 0.7386359833053681
958 1.1117278978616094
959 0.3296041439178683
960 0.2765949896640264
961 0.01821945865503363
962 0.15592964841143053
963 0.18188508521829708
964 0.13812404023366825
965 0.44166659559728266
966 1.6186247782085197
967 2.8819688766047253
968 2.174621381317006
969 3.5182849296285252
970 5.767474891545221
971 9.408093551208465
972 9.23814835617913
973 6.557280023834374
974 5.148131818837552
975 4.565372495881328
976 2.3060534221473303
977 0.825039253892423
978 0.12617093156654602
979 0.03512244731473381
980 0.09343173053398789
981 0.21883336567154255
982 0.2841255503953604
983 0.37856530329764637
984 0.11843109944792658
985 0.002355747519280291
986 0.02263277716076778
987 5.363671716274729e-05
988 0.05027717760313091
989 0.03286785683984999
990 0.005357049334946389
991 0.04438621680913055
992 0.0010399643654201063
993 0.053778974057412526
994 0.5810238669211979
995 0.2927677788278321
996 0.2610264829014594
997 0.4428767991013712
998 3.788670936957442
999 5.184776527606893
1000 3.790408668872864
1001 1.879968391380151
1002 0.7369444706672955
1003 1.0323882929388646
1004 0.8289602935788234
1005 1.8844034689138205
1006 2.4696918167564315
1007 1.8460760699448902
1008 2.7821875342495517
1009 4.403418395098859
1010 3.6310759331713762
1011 2.53170811307989
1012 3.2413110824570683
1013 3.1480971261077264
1014 1.4938538825904146
1015 3.334236829721584
1016 6.184580547371245
1017 5.022295037485695
1018 2.678106403201836
1019 1.0826957541892328
1020 0.8788794385684531
1021 2.3224338993140177
1022 1.4365935942501313
1023 0.4218116112967952
1024 0.012395061950444226
1025 0.002944861694772858
1026 0.3683633680599404
1027 0.4406809746782244
1028 0.9396748722829341
1029 1.2600086995832203
1030 1.3173561728981211
1031 1.7871642221274422
1032 2.461331682857326
1033 4.245461405242264
1034 6.7920540588633544
1035 10.440972657991093
1036 11.735996989882805
1037 10.103657068799526
1038 10.405386399025124
1039 8.086673455470068
1040 5.543505354880909
1041 3.6624544919513804
1042 2.5509209669588464
1043 1.1930733856774898
1044 0.20174956543616898
1045 0.15492171540761332
1046 0.004742136329652205
1047 4.217645539449439e-05
1048 0.04311926649719211
1049 0.0021450752451270512
1050 0.01571730238776333
1051 0.004646472022588517
1052 0.11407936825552238
1053 3.253946163403482e-05
1054 0.06302285165836899
1055 0.31925794767703025
1056 0.41582273386852
1057 0.681147554181701
1058 1.3491678446253377
1059 1.6440893303482007
1060 1.0687771673299524
1061 0.0016830576918676458
1062 2.198701007610281
1063 3.0790007899802605
1064 2.8681150094941064
1065 1.388599337815566
1066 1.3232618435879124
1067 0.9435486988045881
1068 0.4507473821750853
1069 1.823286547535381
1070 2.7297255879060116
1071 1.6370482697088076
1072 2.670012571870271
1073 3.882057664357892
1074 2.363659407462226
1075 2.400949899226222
1076 2.627611906544802
1077 4.671106989525505
1078 2.6406999812873835
1079 3.36658464590256
1080 5.013656288712136
1081 4.745038443800696
1082 3.7130762762080844
1083 2.3586437752605804
1084 2.446913840140086
1085 2.100582761811822
1086 1.9129365970693355
1087 0.6204629162047476
1088 0.002635697835946993
1089 0.0008512465531126704
1090 0.2666913662154661
1091 0.5460932983048101
1092 1.8709504188281878
1093 2.648434818136085
1094 2.024501037659663
1095 1.663172556621278
1096 2.800541757683665
1097 6.696647954533567
1098 7.220249520496486
1099 8.441550247242398
1100 12.860552206804703
1101 14.416231778023407
1102 15.078494274980077
1103 12.002505758470074
1104 10.422091006009312
1105 8.490007139182913
1106 5.123492407885289
1107 3.020071006208151
1108 1.9035595526014528
1109 1.0038452244196403
1110 0.4063359837108394
1111 0.31187739372112167
1112 0.3396410191747955
1113 0.26257999158470124
1114 0.40020467528146475
1115 0.1281561502813732
1116 0.004229684783979139
1117 0.043475583971302766
1118 0.1803802398893681
1119 1.0894482974221236
1120 0.6646059242558935
1121 0.7874777698987251
1122 2.492340371426516
1123 5.002826298890446
1124 3.825536555124137
1125 0.35204356316453445
1126 0.34340439348477414
1127 0.6813713841083038
1128 0.4989940153971171
1129 1.1264564385073665
1130 2.400128285972129
1131 1.8200018399553024
1132 1.1534097930233438
1133 1.682015072613464
1134 2.0061644959071816
1135 1.9626676667690999
1136 3.0035419773607366
1137 5.135288045131981
1138 4.96246554018049
1139 4.597060259630864
1140 5.172468779630566
1141 5.269413330351307
1142 3.0749810659527097
1143 2.8418498453660503
1144 3.129891191155955
1145 4.564017110768662
1146 3.013402582642244
1147 2.6409674206071654
1148 3.075215214299347
1149 1.8324158063114295
1150 1.0885388019748803
1151 0.37341560767255605
1152 0.03575865669587857
1153 0.0050650476030162945
1154 0.15927355157053644
1155 0.7556617996469932
1156 1.3927000820205382
1157 2.8325135177980854
1158 4.052055646642469
1159 3.9591955335700955
1160 4.163601917628009
1161 5.959178536756217
1162 7.2543285191106435
1163 7.427013384650216
1164 11.734189467243757
1165 16.008878175971244
1166 14.876768737297995
1167 15.988008922423761
1168 12.907598736883212
1169 9.91334818602924
1170 9.055103267058339
1171 7.004444346800927
1172 6.631448413640622
1173 3.6179569207959124
1174 1.7534869187524587
1175 1.2561988904892667
1176 0.8135897298821686
1177 1.248387628040287
1178 1.2576750336321347
1179 1.1089630138248125
1180 1.0082149422212436
1181 0.38238177511632704
1182 0.9618663007546647
1183 2.623155294454771
1184 3.328948260964718
1185 2.6942810488719213
1186 4.475286387087779
1187 7.451265054925703
1188 6.4514575402457215
1189 2.232272959594705
1190 0.012648442359860266
1191 0.3804231858172956
1192 0.26950210239473693
1193 1.036040361872296
1194 1.1323880773186146
1195 1.824800057432521
1196 1.1185156400305936
1197 1.4665880489982033
1198 1.7917970409975748
1199 1.700169669271686
1200 2.244707392127105
1201 4.846925167681965
1202 6.156132563520001
1203 7.587838960802513
1204 10.249058611329621
1205 10.441238110260029
1206 7.471420755776072
1207 4.722198251979656
1208 3.58778250536172
1209 3.266268062056118
1210 2.1810615101447306
1211 1.4981606069230102
1212 1.7750446080826852
1213 0.9895978973250432
1214 0.6687323246413435
1215 0.05751543802557277
1216 0.004720293114625882
1217 0.0011404409866778362
1218 0.11648308114016277
1219 0.4150962580842542
1220 1.8929915934233756
1221 3.620701689996952
1222 5.750536948603743
1223 7.180931598829425
1224 7.075533853914617
1225 7.2114391840361245
1226 7.51058056696777
1227 8.121312330264132
1228 9.249837901163595
1229 13.140972406749622
1230 16.352628694808242
1231 18.676337531036733
1232 16.619150066965872
1233 12.899069230351092
1234 13.605314454081771
1235 11.74452191880497
1236 8.356826358704705
1237 4.16550691844083
1238 2.521561692957326
1239 1.8114463277361597
1240 1.7744982316305822
1241 0.8547609833426562
1242 0.7766832844986059
1243 0.9848737240463596
1244 1.8775169864300105
1245 2.2607978768882218
1246 2.183937911252499
1247 2.4353194299837546
1248 7.489336832970201
1249 9.721770274133725
1250 11.90000612391995
1251 11.615871447521497
1252 8.02937855859929
1253 3.609279092049496
1254 1.8054847035662271
1255 0.23608742191985357
1256 0.026823130884615
1257 0.8933251443163942
1258 1.0476366560953239
1259 1.9535538876309422
1260 1.8259067964269509
1261 1.0128643273711508
1262 2.114083763475083
1263 2.8804868432637853
1264 2.431686321674949
1265 5.119003530206095
1266 7.284584002379951
1267 8.64105349009681
1268 10.190133226250516
1269 12.601474803914625
1270 9.19828237709141
1271 8.092411349266678
1272 6.075996280614347
1273 4.356544346886517
1274 3.550278346624005
1275 3.225766104802027
1276 2.145983891707176
1277 0.4388900035345796
1278 0.3362956326140993
1279 0.03129977554537437
1280 0.008450036451407236
1281 0.07754137695826714
1282 0.3435077555885134
1283 0.6042577532015245
1284 2.3814241198847
1285 4.2001741026628405
1286 6.449738427343285
1287 8.367372855164724
1288 8.783703493913304
1289 8.543950515717041
1290 8.225770867493594
1291 8.315053235009877
1292 8.464414327494799
1293 10.084334298329349
1294 14.736823197165187
1295 18.16796264438172
1296 22.944388944289376
1297 21.549315094858017
1298 17.74443076046775
1299 12.890227487244022
1300 7.634228433320805
1301 5.875189282136437
1302 5.616518808741602
1303 4.822975819542352
1304 2.1027508314350727
1305 0.6668753682421912
1306 0.2822119024928294
1307 0.43609079754940705
1308 1.2638851767557615
1309 2.0393597687089815
1310 1.495804833560267
1311 2.9781181656953013
1312 9.594348460997834
1313 17.977236424618066
1314 21.166334218520845
1315 16.280094301552662
1316 11.771417186385683
1317 7.242145427681828
1318 4.982252282033556
1319 1.7116256048746912
1320 0.0482678171896281
1321 1.1420310296191436
1322 1.489119015036495
1323 2.268532743676389
1324 2.075535165424772
1325 1.3237720754905393
1326 2.0665975204590876
1327 2.759052767469083
1328 3.217706834983877
1329 3.9254475121010683
1330 5.563381140442326
1331 7.85275533620591
1332 8.694068054671423
1333 12.118944435486966
1334 10.20783886818547
1335 8.692251581348438
1336 4.8218270716993965
1337 5.0578175761478
1338 4.5837651456236514
1339 3.8748468755845913
1340 1.969808582181652
1341 0.799735664830215
1342 0.22240538504248702
1343 0.05036583900722006
1344 0.04144769840703737
1345 0.4025082891547682
1346 0.4043370602419488
1347 1.1044335116661717
1348 4.055784046462994
1349 5.5365876775797265
1350 7.754345721239976
1351 8.573351083970785
1352 8.340316416372113
1353 9.509549281311285
1354 11.797715038276436
1355 9.494892227309158
1356 11.11590337696256
1357 17.13310199722982
1358 16.67854201987159
1359 19.201877768423113
1360 26.58644829193926
1361 29.488341790226805
1362 20.320369407787105
1363 13.16008663967024
1364 8.76475472391304
1365 8.70004192030228
1366 9.827015927095726
1367 7.543902755671282
1368 2.2999584276633867
1369 0.779630495752766
1370 0.7147469786595049
1371 0.23611444894247194
1372 0.47772404089949244
1373 1.7114699873637786
1374 2.3286517524762265
1375 2.442562095808495
1376 8.420637637963186
1377 19.208892632196434
1378 22.853357013608665
1379 17.14257643242165
1380 11.794797846740739
1381 9.748497779867602
1382 5.619033175506514
1383 2.9469724563032322
1384 0.8500126121227104
1385 0.09053226067293961
1386 1.0212838745099186
1387 0.4602831156227345
1388 0.6955319405438506
1389 0.592058403940782
1390 0.8233186509975159
1391 1.588261585698538
1392 2.106804089758243
1393 3.2385528250287483
1394 3.698552186645911
1395 6.295162727501286
1396 6.631114161667718
1397 9.028495129835273
1398 11.470410672175639
1399 9.809665076858316
1400 3.4423778070225812
1401 4.09398409592892
1402 3.3704589852609446
1403 3.491798509695356
1404 3.1065373815348334
1405 1.8095519351294798
1406 0.3028416526639525
1407 0.09304585524023033
1408 0.04230896426669969
1409 0.3621199218983593
1410 0.44531478510811623
1411 1.412873806951162
1412 5.505433289036232
1413 7.070599279122867
1414 6.631171334418623
1415 9.393613867445946
1416 8.905906920007084
1417 10.50560400930202
1418 13.975102141371895
1419 12.684181530536732
1420 13.491539772803145
1421 23.539255747995618
1422 26.90991502160074
1423 22.96009442932283
1424 23.691091623876154
1425 29.1353481819387
1426 19.835756297100072
1427 12.820336382891838
1428 10.012783904643864
1429 8.27715139612939
1430 9.336600626324772
1431 7.132650306344681
1432 3.4790081063014955
1433 1.5738280468352868
1434 1.447861811994188
1435 0.7350913896197567
1436 0.5952154001177333
1437 2.42984513816343
1438 3.594994836257042
1439 3.813583260820522
1440 7.4773578602664665
1441 16.179235686073387
1442 16.2508854639068
1443 13.779854550756218
1444 10.547073425621964
1445 8.364186425452528
1446 4.676792646217998
1447 1.9664137241265611
1448 2.6063642057214658
1449 0.3942637397222755
1450 0.17629736604934548
1451 0.050585213082344475
1452 0.0020715751749407745
1453 0.15165225676197433
1454 0.05914374359565084
1455 0.11234365907293632
1456 0.47064079732418657
1457 1.6804481888484044
1458 3.072791990597682
1459 3.496900042474122
1460 5.792700028116006
1461 7.84564418105423
1462 11.038318408732625
1463 9.030882834946093
1464 5.4005117303419095
1465 4.974324138452826
1466 3.2822376216678153
1467 1.8713410918281468
1468 2.2695995037388337
1469 2.0135296275227685
1470 0.6393440197475493
1471 0.15618247432273794
1472 0.27191248946044405
1473 0.5351757560289422
1474 1.0655815928343408
1475 2.7179277672539115
1476 7.5227599791560875
1477 8.205544732393195
1478 7.807365246825521
1479 11.101914502303766
1480 10.309940814469549
1481 11.57439222947213
1482 14.451924213606107
1483 16.29069674810394
1484 17.199440812536277
1485 24.61554879790467
1486 35.29477910657649
1487 33.9166894632615
1488 28.531404513059442
1489 30.323168658554792
1490 16.91350643491841
1491 11.809124080632191
1492 8.220400091003555
1493 5.207852404230331
1494 6.806031849540984
1495 6.244728126305663
1496 3.4436702021989167
1497 3.222504462767261
1498 2.788440172964158
1499 1.7290477299875757
1500 0.2262362178880051
1501 1.0058310143600424
1502 1.9308955907899195
1503 3.1236521098965744
1504 4.577243408182083
1505 11.064563252329934
1506 12.184193153176592
1507 8.234249919727988
1508 9.686911293063137
1509 9.467446226063842
1510 7.488544546865943
1511 3.8634391648594733
1512 3.606340127351492
1513 1.7818235727103073
1514 0.043546015692580875
1515 0.025759802290788586
1516 0.0032970049620166335
1517 0.23268802597742486
1518 0.14018542797891745
1519 0.34185017063558565
1520 0.493866617693061
1521 0.7529606176654925
1522 2.0812134408683223
1523 4.152551314715163
1524 6.075942572427885
1525 6.18876156075218
1526 8.448936709492077
1527 7.827155455968764
1528 7.917655646053657
1529 6.69261458408774
1530 5.252257300099816
1531 4.951081383599539
1532 2.854281755447047
1533 2.0960188795311163
1534 1.2127426435349324
1535 0.6950289397394414
1536 0.7783795606050832
1537 0.6571133367365871
1538 1.6385967161291317
1539 4.698079179731325
1540 8.808291110247277
1541 7.680984537304976
1542 9.09444548307017
1543 10.570788527138713
1544 11.440621755648898
1545 11.958040952153567
1546 12.415627581196075
1547 15.420132226642503
1548 19.08549339014795
1549 28.380784026043816
1550 32.31736465127145
1551 33.82277975789454
1552 33.989674955159856
1553 34.32558217516652
1554 21.768214598478046
1555 13.983855669059764
1556 7.2880704280857485
1557 5.1429410582879775
1558 6.235260461220683
1559 6.5554843209588745
1560 4.27366224399676
1561 2.5068047189720724
1562 2.9449940181693264
1563 1.391667333739381
1564 0.005339321001396121
1565 0.0676373008804753
1566 1.2587482257782907
1567 1.1750114530829503
1568 2.3286860839376105
1569 8.450640420762365
1570 11.483937337195373
1571 8.169450028816374
1572 11.250898096290397
1573 11.64433733191771
1574 7.875297571196446
1575 6.690892379545222
1576 6.129630436127633
1577 3.7403642858570585
1578 1.2567827399728282
1579 0.08554338700220701
1580 0.025189054448993
1581 0.0792628782026494
1582 0.20587322975536027
1583 0.5970706538058024
1584 0.8820429706722666
1585 1.2487018947171327
1586 2.0069599830114155
1587 3.5929552269891705
1588 6.9836319911139295
1589 8.178275738079513
1590 9.737594584000128
1591 7.448385847409251
1592 8.718273658090007
1593 8.683670013574043
1594 5.765311522593107
1595 5.460622247208205
1596 3.7830182130148082
1597 2.5597502687335667
1598 1.1518948732384215
1599 0.5586387586362144
1600 0.5601345137266639
1601 0.8291764639281206
1602 1.6659705898685895
1603 5.469987096096964
1604 8.672888505202351
1605 8.635809328232572
1606 9.626268350070392
1607 10.263075322658105
1608 11.577502484938602
1609 14.661208106313431
1610 12.757182332392379
1611 14.484025508575831
1612 20.224518687042693
1613 28.218085756358903
1614 35.518789323739824
1615 34.77031807952263
1616 30.491352904692192
1617 30.10240555449115
1618 23.177849867821866
1619 18.374256225970846
1620 12.381985229465094
1621 7.937393675570467
1622 7.671791893630139
1623 6.714078444425034
1624 4.644872313527822
1625 3.2166873006021026
1626 2.2802589846173995
1627 1.1080450555735806
1628 0.48531269377930925
1629 0.5058881152395923
1630 1.9181520953948519
1631 2.6466476564206336
1632 3.8276246696023044
1633 5.678177040943719
1634 5.941881571919791
1635 5.190612466086528
1636 7.255593277323022
1637 10.888226728855482
1638 12.046055776256217
1639 11.618672199204147
1640 9.935318455653132
1641 4.4647575585435835
1642 2.7503228944821374
1643 0.0816067183239342
1644 0.04517429820456983
1645 0.08724833616366007
1646 0.906437550078916
1647 1.1009760104634387
1648 2.0515698957296142
1649 3.6680218188264773
1650 3.785324558603165
1651 5.283164706167952
1652 7.499503345801874
1653 9.66088066618623
1654 11.689111171420974
1655 10.041838785688645
1656 11.035153004934362
1657 9.504058369084163
1658 5.295273407277716
1659 6.27270762900586
1660 5.113215665479271
1661 3.3922896285811515
1662 3.0195644066810803
1663 1.0386327476048338
1664 0.34077735079865323
1665 0.8717640654724553
1666 2.8401376860141334
1667 6.1569470138984395
1668 7.30987409608539
1669 9.235238943362736
1670 10.67591630744224
1671 10.877595635323287
1672 11.349512365665229
1673 14.244909327196142
1674 14.458843156844319
1675 15.505734403734014
1676 20.68764583147283
1677 28.636748385293345
1678 36.31978561039396
1679 35.60065212428831
1680 32.45858056740958
1681 34.071935396685035
1682 31.691982141455366
1683 24.01047601983022
1684 19.012708470735067
1685 12.635842851670898
1686 12.244968283750953
1687 11.659799802808365
1688 7.834106122200727
1689 4.8168422152362576
1690 4.671228232165577
1691 4.332857905837668
1692 3.519361886334603
1693 3.5536504433248415
1694 3.610806050670432
1695 4.4169629997704165
1696 7.0244477374500995
1697 7.033594784728659
1698 5.072615924994881
1699 2.8214504122413873
1700 4.964058010781826
1701 9.499434388912972
1702 11.83214608079032
1703 11.41431018392455
1704 7.7978285423181095
1705 3.4692666338000304
1706 1.8839427815463212
1707 0.2697664105380282
1708 0.006349669116844563
1709 0.1619471040966767
1710 0.33201658243034554
1711 0.739446241797936
1712 1.9451252260200682
1713 4.923769900446188
1714 6.153239587245614
1715 9.539666622246314
1716 10.77580925650007
1717 12.497228846128822
1718 13.892171593989415
1719 10.513205898146898
1720 10.129531026389271
1721 7.141117765649131
1722 5.828199492797308
1723 5.922274469193224
1724 5.3911430647849805
1725 5.382056614656979
1726 3.7354232644966334
1727 2.016186496683302
1728 0.9664618017837393
1729 1.0928006709274465
1730 2.844584593366274
1731 6.53439715668957
1732 7.449756116173815
1733 8.015902323375578
1734 9.782870401948447
1735 11.306038571101222
1736 12.040105326957088
1737 14.21782931936795
1738 15.236944636638214
1739 13.33224137138017
1740 18.54855155500267
1741 24.51724834601462
1742 29.365943305321128
1743 31.151535398130562
1744 33.46426364814209
1745 35.70376831192062
1746 30.23348775605452
1747 24.446746044162186
1748 18.242737101206107
1749 15.83003786111058
1750 13.606624995020324
1751 13.760473227714522
1752 10.171968934848202
1753 8.094319078412672
1754 8.459252868834113
1755 9.492597303197478
1756 7.366398574119089
1757 5.035719939808313
1758 5.241664760854794
1759 5.760807815026559
1760 7.84753034347298
1761 7.3638018465931205
1762 6.779919501484845
1763 4.007408337525464
1764 3.7712098163454066
1765 4.517788336502266
1766 6.044329713970132
1767 6.423388089821573
1768 3.719283572544306
1769 1.4411435974862132
1770 0.8889271932622645
1771 0.16292401649098673
1772 0.00393024966246541
1773 0.11666159608008772
1774 0.33719247129421764
1775 0.6844934906497966
1776 1.657335352405633
1777 3.6697933664639004
1778 8.694342136314798
1779 14.380158917617823
1780 17.176618358567683
1781 16.951860181676714
1782 13.641446398884568
1783 12.19680027786706
1784 8.58853494173019
1785 5.162097501501888
1786 5.666126796115163
1787 6.346523655565327
1788 7.941101502094441
1789 7.468928365663019
1790 5.104186787084308
1791 1.550755091935661
1792 3.1459135113195855
1793 3.232092668233941
1794 4.466917735111803
1795 5.991591852677781
1796 6.126124512113452
1797 7.105013013355692
1798 9.558871932032913
1799 11.916475760421577
1800 13.029632670257737
1801 15.348550497170313
1802 15.025018629093738
1803 13.61749908871661
1804 18.254315514779538
1805 21.47603913161162
1806 24.715297292479207
1807 29.678287191401743
1808 34.77507307496049
1809 38.46838070550981
1810 31.935088916212997
1811 27.452794351227862
1812 21.650277052527834
1813 18.170012992809816
1814 13.327946714383259
1815 12.102592056589694
1816 12.04278042486245
1817 11.851417799581547
1818 9.55796627360235
1819 11.238141302109318
1820 8.39215219772493
1821 7.747127868735451
1822 7.063432522795956
1823 7.8355574841545765
1824 9.602841227505458
1825 7.195786568778218
1826 6.021645077567654
1827 3.6824932762208173
1828 2.800454652596541
1829 1.624405036183216
1830 0.6695940956124337
1831 0.6674464274655248
1832 0.7998443125830932
1833 0.11503842959487762
1834 0.04586922192121324
1835 0.08966487024350989
1836 0.49410070132004164
1837 0.7231498360332602
1838 0.4908690164274049
1839 0.9072621415400377
1840 2.3669628539604988
1841 3.794014614287969
1842 6.5753518000093365
1843 11.612152385087127
1844 14.025857295591361
1845 15.575851947834321
1846 13.465972514812297
1847 8.59957567359599
1848 6.371217471872248
1849 6.1499991340555225
1850 6.827296179089487
1851 7.1170374132299745
1852 9.780403618799587
1853 10.892379996899859
1854 5.050325147010208
1855 1.8046616292901436
1856 3.6735304998185314
1857 3.607848054995114
1858 4.667650709881822
1859 5.052019186824707
1860 6.4830649897628385
1861 7.770365130916433
1862 10.52064705019362
1863 11.909725802010163
1864 15.031354352545797
1865 16.830592759443505
1866 15.22248313312819
1867 15.3817682311472
1868 19.445458697308172
1869 25.214881118961237
1870 30.367509505551183
1871 36.78956095986606
1872 35.987792499853796
1873 33.413146610602496
1874 30.47405347754762
1875 27.957915699566847
1876 26.364297356185663
1877 19.878766204979993
1878 15.206735537681816
1879 14.939437332578576
1880 14.385773003731009
1881 12.476009529976173
1882 12.94576009480342
1883 11.633350429111774
1884 12.349454897259879
1885 11.127541672992558
1886 9.759707530104864
1887 11.578606043474855
1888 10.96365953206902
1889 7.712199909008947
1890 4.764533152124215
1891 2.0629335674868376
1892 0.7603750080159711
1893 0.11428858897049086
1894 0.0002460674058317869
1895 0.10373551434780527
1896 0.19990389664739233
1897 0.9631401720421554
1898 0.8325346197934962
1899 1.8340172510501915
1900 3.3949781710710556
1901 2.7262383521314724
1902 1.8205917252110817
1903 2.9801396659722386
1904 4.905922306971496
1905 5.1474921853253965
1906 7.075639092296726
1907 9.08602433340681
1908 8.88877447275019
1909 10.125413924038849
1910 10.357055217072094
1911 7.1824071822487685
1912 6.242869032685429
1913 8.312464825926977
1914 8.751941042911676
1915 9.56601386071035
1916 9.429580758212815
1917 12.472055732729087
1918 7.853459270090977
1919 2.5525445317541475
1920 3.8907830176854996
1921 3.7747442010533274
1922 4.462750829938813
1923 5.505646020934232
1924 7.060064608304649
1925 8.539356154967559
1926 11.280169110127527
1927 15.602975021177409
1928 17.686285998205236
1929 17.804047348757297
1930 16.238655953760926
1931 16.885744419432932
1932 20.025142451909026
1933 27.373003630826204
1934 36.12376310078873
1935 43.83562931324918
1936 42.149387973947
1937 42.321826487107955
1938 34.3555684119131
1939 28.19187548714416
1940 27.59259507600889
1941 22.22612119678071
1942 20.5245613420525
1943 19.58826966292354
1944 17.97658084884554
1945 16.49761100273962
1946 17.03913992095243
1947 16.000467729602022
1948 14.14203496768255
1949 13.512247381715238
1950 14.906835858086342
1951 13.530932100608423
1952 11.037321024372213
1953 9.150845509857502
1954 4.0674523040420345
1955 1.4197954446969963
1956 0.7978741812226713
1957 0.17934695637610534
1958 0.005972484300670414
1959 0.34859004757097206
1960 1.0145659564175198
1961 2.543802502013182
1962 3.035626961025117
1963 5.015573887179264
1964 5.906192432094888
1965 5.103618138491938
1966 4.330603183968673
1967 5.2798384621397885
1968 5.99515355335677
1969 5.669395774158902
1970 5.5365866353087885
1971 7.295423862278541
1972 6.978326417916649
1973 8.699220477695729
1974 8.326411511798362
1975 5.405665185093533
1976 5.201560789845769
1977 9.648763712431794
1978 13.166852128246163
1979 12.07692371689956
1980 8.415046886255594
1981 11.57654644091698
1982 9.255231685649077
1983 3.411501643556131
1984 4.843057498811281
1985 4.415960809524694
1986 5.28663750974032
1987 6.3468631989319855
1988 7.2116403058970935
1989 9.023100446223507
1990 12.808575456619527
1991 16.32724639521526
1992 19.050312176371783
1993 18.424098695188004
1994 15.463727952197914
1995 16.814828976149514
1996 19.961719179042156
1997 24.504539940861413
1998 33.850219582401465
1999 37.872338542894575
2000 40.39851077820204
2001 42.47647881657392
2002 37.215826926125125
2003 31.361540210147847
2004 29.031199286127286
2005 24.343555289728645
2006 20.450922942906534
2007 17.44158928082063
2008 16.029257760481887
2009 17.56560246425177
2010 17.452790933023874
2011 17.03947549506278
2012 16.159443942503678
2013 12.64575019487267
2014 12.299589842180534
2015 9.974790948502559
2016 9.36236868819596
2017 6.520965277238616
2018 2.668266603971092
2019 0.6220457043772633
2020 0.4339142533984297
2021 0.45899861826090155
2022 0.038760418330283576
2023 0.18070540744087815
2024 1.4728417150822857
2025 2.3200990728554087
2026 3.6571100581506792
2027 5.559973161860129
2028 6.398195872267506
2029 7.623704249748541
2030 8.904867526956785
2031 7.6898913091650165
2032 6.2602093438050455
2033 5.303696901363284
2034 3.730949236114065
2035 3.8472246205916933
2036 4.869205929018811
2037 8.696404134199879
2038 7.126874308064725
2039 3.697834917882343
2040 5.946537897744056
2041 8.784802948605346
2042 10.835924480866037
2043 7.063493213753054
2044 6.625726324749863
2045 10.586179495899747
2046 10.56059175059427
2047 3.888039400191858
2048 3.2315478272760187
2049 3.581102987559577
2050 5.401253324887861
2051 6.142957718442046
2052 6.560658941015711
2053 9.70476086793651
2054 12.999411066135304
2055 15.148016326828932
2056 15.761933560966728
2057 15.131531030838879
2058 13.673951530426551
2059 14.441514086933788
2060 16.461537865440185
2061 23.84480748723197
2062 31.24355329132643
2063 31.83566534719326
2064 37.107848451298494
2065 42.730963495527945
2066 37.17738152442289
2067 28.6726122087188
2068 24.68310205926044
2069 19.213245082575472
2070 16.36170164174631
2071 13.322779205989848
2072 14.359621554135968
2073 20.782398086075464
2074 21.500068075440648
2075 18.704262570871446
2076 11.944638937433801
2077 11.347465899022364
2078 10.791196245953607
2079 8.183721996142058
2080 7.652095323541049
2081 6.054332979186418
2082 3.2283891118874526
2083 1.3428104382281718
2084 0.5428807992736839
2085 0.25968131911329917
2086 0.30794052212786904
2087 0.06519526404603306
2088 0.14109768832530714
2089 0.7046925826368918
2090 1.768603716176981
2091 2.594198727448097
2092 3.652905727416741
2093 8.938014885596663
2094 11.613798238328716
2095 9.977587194765528
2096 7.669621013372275
2097 5.6341790018024
2098 5.32612806778945
2099 5.067265921067946
2100 3.2082138705201593
2101 5.969209732023448
2102 9.331480125706458
2103 9.471367058064853
2104 8.52130292871867
2105 7.599515144933157
2106 6.601696291264134
2107 5.775340218204807
2108 6.151382349063124
2109 13.008242319242239
2110 12.474340028878977
2111 4.08718234840929
2112 3.1653556412937984
2113 2.877119368381718
2114 4.025410587301303
2115 4.980186305770381
2116 7.159385543887383
2117 10.119412047222315
2118 13.53019866015706
2119 15.712137758191234
2120 14.011834592042604
2121 13.590470406110903
2122 12.1224047355037
2123 12.87258575985123
2124 15.694306512689895
2125 23.613364073572484
2126 30.465037875252236
2127 31.138773693246318
2128 35.743262609640624
2129 43.03126880543746
2130 38.219056046229234
2131 28.93328923336476
2132 22.7917077716717
2133 20.128728286666842
2134 20.665076645512492
2135 19.338435768760842
2136 17.037320802561872
2137 19.30827770023465
2138 17.679994544297134
2139 13.935873423396108
2140 12.15781451793407
2141 11.64321634038254
2142 11.692785734899214
2143 9.963365945630569
2144 9.607149993083322
2145 8.135880743029837
2146 5.206401033552832
2147 2.2750080603292093
2148 1.6901372765192895
2149 0.8454963549840161
2150 0.5009575262330384
2151 0.37129214653205395
2152 0.06026319453644878
2153 0.10151180929190225
2154 0.7088066890252638
2155 1.3219175705026178
2156 2.47345948582583
2157 5.580512240481384
2158 6.869453446058672
2159 7.262170129068846
2160 6.44185616018662
2161 4.239361923575467
2162 4.354472417989925
2163 4.818361026372209
2164 3.1238580588669937
2165 3.0750778835490187
2166 9.325688617869563
2167 13.657292790226315
2168 13.61906904718703
2169 7.323712657395028
2170 5.857249944931812
2171 4.291447555797561
2172 6.101582813076304
2173 13.522535368915005
2174 10.333561071624588
2175 3.7819606986290446
2176 2.634218294581449
2177 1.8560973575727202
2178 2.508687243564565
2179 4.157325701838678
2180 6.958331452219546
2181 9.633614001264398
2182 14.581643736087036
2183 16.7185188690857
2184 13.832302365850913
2185 13.429302821397696
2186 13.213939769625405
2187 14.591992041101696
2188 17.010762671452756
2189 25.555241645689474
2190 29.552127687887303
2191 31.979726193965597
2192 36.96274562106781
2193 41.12560478553463
2194 36.09765880317745
2195 27.369185631981697
2196 21.903289285825927
2197 19.84957183310715
2198 20.37169693934345
2199 22.237695210918094
2200 17.982573010314557
2201 14.144740455443266
2202 12.340973738863493
2203 12.223669697898025
2204 12.129125020917725
2205 11.400919136561624
2206 9.919343887547097
2207 9.631599615629451
2208 8.476654265352275
2209 8.691131778100601
2210 7.454463202698344
2211 4.117255042636208
2212 1.7987553323094188
2213 0.9467422177345957
2214 0.5665594563969953
2215 0.08289259701453622
2216 0.019682596593570103
2217 0.554341930516429
2218 1.0735814928123237
2219 2.0761537245862125
2220 2.6807100047703725
2221 3.7935140424944676
2222 3.513028750256725
2223 3.683511651227765
2224 4.493632196393892
2225 4.419511258656975
2226 4.391343062567442
2227 4.904829557025606
2228 5.464656559062056
2229 7.84488547770072
2230 9.732373393312114
2231 10.950777176503687
2232 11.600261535380316
2233 7.7593254683383455
2234 6.166279036559539
2235 5.012570290821057
2236 9.460217321267274
2237 14.189506151836094
2238 7.276260127696361
2239 2.4989689396813994
2240 1.415293794152729
2241 2.047729291054477
2242 2.4141621506019786
2243 3.2560151237817796
2244 6.143703790133063
2245 9.690107432145636
2246 14.607452208335541
2247 16.190304857897033
2248 14.32934432149973
2249 14.961050406966859
2250 12.740738334370356
2251 15.137301432278239
2252 18.01478452296735
2253 24.004955307214058
2254 30.61639171909058
2255 33.84686374574665
2256 35.32019320054557
2257 36.346349254782545
2258 36.20880716237032
2259 28.014005469915997
2260 24.54131214240051
2261 23.194308327991955
2262 22.563867996909106
2263 19.596867220587008
2264 13.562354768897995
2265 10.449171616102761
2266 9.401263162306668
2267 10.024277195313065
2268 9.610564809339426
2269 7.78082923716274
2270 5.8128089268998
2271 5.536517934662402
2272 5.787119867561911
2273 6.169693024914507
2274 5.272622622761262
2275 3.3799844415409015
2276 1.894686880185663
2277 0.7867644818287782
2278 0.5606253497772469
2279 0.12887898350248586
2280 0.07290502021818474
2281 0.8410688750736274
2282 0.9438203571947205
2283 1.1855001950637984
2284 1.9003725420690112
2285 2.4013558231826497
2286 2.3077339016019414
2287 1.7340516141337883
2288 3.0162051389346285
2289 3.100426897123211
2290 2.9130858502813983
2291 4.901273248872859
2292 8.300311744304116
2293 12.722542330282105
2294 8.607752301356195
2295 8.45403897905269
2296 8.2699800344313
2297 7.048537653178902
2298 6.520815786122569
2299 6.711384963155097
2300 9.56333791450089
2301 11.193166535125833
2302 4.951072490802146
2303 1.7654202391980434
2304 0.7710762171932367
2305 2.3636662046647174
2306 2.5310810312664382
2307 2.766858213829791
2308 4.490253594235322
2309 8.019407557449455
2310 12.997962087531121
2311 15.522695663135401
2312 14.899084531620764
2313 14.1640130335736
2314 12.78851577516717
2315 15.12485589653359
2316 19.398566123826132
2317 24.648380981440432
2318 32.548704917280865
2319 34.819245440649645
2320 39.84528310255782
2321 40.97342294757707
2322 40.94457935619405
2323 35.07830485385845
2324 32.37384215418574
2325 27.5166906999434
2326 20.844167977413253
2327 17.936145631564752
2328 14.150225561098386
2329 12.855194521486736
2330 11.524587324972199
2331 9.636886893800403
2332 7.938426156706255
2333 7.9335439261447815
2334 6.207760491288384
2335 4.599969461220345
2336 4.936487682486217
2337 6.03806619181195
2338 3.471660302908677
2339 1.7624023160114861
2340 1.44697394971674
2341 1.4037991354458013
2342 1.2884523262965148
2343 0.239686248239836
2344 0.08168119499700005
2345 0.7652908206714182
2346 1.5454644604871421
2347 2.316255608324897
2348 3.055320849804008
2349 2.2902490128080815
2350 2.9609911538828877
2351 3.031147010828414
2352 3.182344197861544
2353 2.8533369934666823
2354 3.7498390850219883
2355 7.961633496261571
2356 12.186362598460793
2357 14.790949858086831
2358 9.763555418149016
2359 9.577827140300311
2360 7.814947998791386
2361 10.009277550447063
2362 10.155366040957624
2363 9.253280012920644
2364 10.433857824361503
2365 7.063205973490609
2366 2.6558837433241913
2367 0.7993299672769804
2368 0.5617270754622952
2369 1.6333930558214633
2370 3.138160050225721
2371 3.016821702355347
2372 4.865924097470562
2373 8.089431014099057
2374 11.726753070339331
2375 15.431587794695508
2376 14.680696728421085
2377 13.987011330788228
2378 12.65227268511258
2379 14.31863804628373
2380 19.59579850733617
2381 26.452575546109134
2382 34.98865271518265
2383 38.39834652814022
2384 39.964050585244486
2385 43.84082136942078
2386 47.64051427425896
2387 37.1259335223271
2388 32.729296955859716
2389 24.325447418807382
2390 18.264932674708813
2391 14.156724712679885
2392 11.631999312933765
2393 9.434724151103232
2394 8.616760058926817
2395 8.536036880923675
2396 7.468279659795669
2397 6.7640096494467405
2398 5.749271451977109
2399 4.520713066407885
2400 4.028164428060901
2401 3.822545385965258
2402 3.0682093783531483
2403 1.9142500010008872
2404 2.0192719639458008
2405 2.7565146848382964
2406 1.2899250745785258
2407 0.44253820043541797
2408 0.0073089059669053285
2409 0.07551412658131375
2410 0.8033147063662792
2411 1.354587567639315
2412 3.1772046681021253
2413 3.095215381265799
2414 3.1360422789314684
2415 3.6827576736176932
2416 4.35180424550457
2417 4.377708413581653
2418 7.490532867712071
2419 12.7760206984199
2420 15.96923537495316
2421 15.992842387642218
2422 13.249868125388437
2423 12.787635539754328
2424 11.854317201667836
2425 15.440477409853768
2426 12.778679484545217
2427 9.90973524648302
2428 9.393850915012495
2429 4.436341510045933
2430 1.4814423812346798
2431 0.08274777958065413
2432 0.04055760625964742
2433 0.8932473983803713
2434 2.5356885638957585
2435 2.8055715233932808
2436 5.736611200760329
2437 9.208105301687295
2438 12.915159403822987
2439 15.488074974179892
2440 15.451456708628767
2441 15.687489007977732
2442 14.975592901593354
2443 15.074400519680681
2444 20.564765687601223
2445 26.539470643124126
2446 33.626762758069184
2447 37.83271539001362
2448 38.17878681007432
2449 36.524747470703424
2450 41.27853446360652
2451 36.919571335386394
2452 28.520141122639274
2453 19.33385299734985
2454 12.636966720109935
2455 10.249340647848147
2456 7.674362987092905
2457 7.502533123034525
2458 6.951810210157
2459 7.169899664413767
2460 4.859827559373064
2461 3.85556747837529
2462 3.9717742003741057
2463 5.010838649104094
2464 4.474890099821194
2465 3.018660167570188
2466 2.308187269419206
2467 3.1109795309123154
2468 3.0807323108380436
2469 2.8638088203941754
2470 1.7040750450363278
2471 0.4988910065556687
2472 0.0006844164708764208
2473 0.1673310727507865
2474 0.4324824027587693
2475 1.23804721745039
2476 3.3923183082474426
2477 4.3266069935416125
2478 4.587707514536754
2479 4.955062495875672
2480 8.082532601717505
2481 11.899209990060012
2482 17.388658524515748
2483 17.03776815901917
2484 15.11615473872473
2485 21.43067306037444
2486 18.41759776231602
2487 18.6684065259205
2488 13.336020147075796
2489 16.124843236646285
2490 12.350277395372512
2491 8.323236563795263
2492 7.674723383370429
2493 3.725506479804984
2494 0.18960272843613174
2495 0.08751406138340503
2496 0.15629251339502917
2497 1.0101901579980976
2498 3.017080367184062
2499 3.15971833471211
2500 6.394788711315149
2501 9.72895263748234
2502 13.693263574525442
2503 14.868740330686503
2504 14.491862224959437
2505 15.810005854451125
2506 15.905232483578205
2507 16.07345407137858
2508 19.600628555410427
2509 21.58912473437575
2510 29.825381373845243
2511 32.55924756867861
2512 33.51760545365305
2513 37.4616751661908
2514 36.941267149255
2515 32.706870229468954
2516 28.92466944673149
2517 20.594367840056204
2518 11.189127533506785
2519 9.040524606724006
2520 8.027587423680849
2521 7.815223691048328
2522 6.366658914099964
2523 5.165698588346946
2524 3.57120239932198
2525 3.8957251986480026
2526 6.169154080479701
2527 6.162668904644434
2528 6.103497232389043
2529 4.378163510475418
2530 4.817647319134822
2531 4.503069824718849
2532 5.265732190283202
2533 4.542351321250468
2534 4.618268144184736
2535 4.270444739262292
2536 0.6636478381175728
2537 4.01482706683413e-06
2538 0.1538328084079944
2539 1.6431948482740188
2540 3.976112883273123
2541 3.9752122311642344
2542 5.194031935519234
2543 6.501418573827289
2544 11.040281657090762
2545 17.252418267604522
2546 20.07458449883448
2547 19.655843461184315
2548 19.32674989465475
2549 24.01222142180397
2550 21.596515783649956
2551 21.566507967881194
2552 20.555882066009566
2553 15.634552540575411
2554 11.155745082859417
2555 8.613358253235655
2556 6.348785124761272
2557 2.597091882026052
2558 0.3573027460422618
2559 0.014614083034460245
2560 0.0512721384995685
2561 0.29659582711347343
2562 2.251144934441838
2563 2.8160976555176434
2564 5.359852103621807
2565 9.422385256304457
2566 13.358143500973082
2567 13.968417475935214
2568 13.160780884624803
2569 14.770448109324096
2570 14.75866397427445
2571 16.272597659770902
2572 17.463813885007415
2573 18.51125060882474
2574 27.42081380755078
2575 30.943276601880893
2576 28.970827383602302
2577 32.1624193106391
2578 31.497192818475867
2579 29.92698437321174
2580 24.324611073251738
2581 18.01999067294912
2582 12.277595068988271
2583 10.400229922945714
2584 6.200108698675674
2585 5.742396938548907
2586 4.106030192566438
2587 3.677263579236736
2588 4.663710495780663
2589 4.965214330727263
2590 9.164348598299206
2591 9.005796315496102
2592 5.6191946079486295
2593 8.193110868243574
2594 7.625454435983322
2595 5.561800768828416
2596 6.505495856950624
2597 5.925840798534965
2598 6.630179566543246
2599 7.969766149978076
2600 2.3131161397964175
2601 0.022162843796563986
2602 0.025989701376034922
2603 1.7467010574707544
2604 4.600738230887819
2605 3.7696314532693327
2606 5.310501021921182
2607 8.940558832436702
2608 12.161341528062975
2609 16.584186118379023
2610 16.72900248761214
2611 20.177378699543553
2612 19.702022403774954
2613 19.16207284627635
2614 17.24570662261084
2615 14.4295480199815
2616 18.064222325220793
2617 17.261115820796824
2618 13.211895523314169
2619 8.882433264725327
2620 5.113186978251666
2621 2.0116187073608907
2622 0.3905377042410969
2623 0.00476548034470102
2624 0.015215562227032029
2625 0.018354855856751996
2626 0.9269037807827275
2627 2.304611885203709
2628 5.49878842995656
2629 8.853680599548676
2630 11.916704857510044
2631 13.426492221881357
2632 13.506954950708145
2633 13.25599293642164
2634 13.27076832049016
2635 15.911881782769923
2636 14.643996703713361
2637 20.63500248661626
2638 26.62502495301664
2639 27.27923917791502
2640 28.053193908246175
2641 26.700331103933745
2642 26.361873290161178
2643 24.84376782239103
2644 19.89471443483728
2645 15.975956655037429
2646 12.573302516813786
2647 7.96271234518805
2648 4.78621334259543
2649 3.4541490058827464
2650 2.632629817867134
2651 2.149341488892552
2652 2.1369898680802817
2653 3.614417809244871
2654 8.328400794106248
2655 9.0510411262553
2656 9.075657448605943
2657 11.54437726927412
2658 10.604950251968043
2659 7.1065044757504054
2660 6.1956092560648175
2661 5.321281451443694
2662 6.156118911988221
2663 5.542841863086136
2664 2.8387994076948444
2665 0.26034936041296985
2666 0.027096782280904307
2667 0.7755000528789355
2668 3.2987351455393568
2669 4.103086500985142
2670 5.544226030991589
2671 8.670800870285698
2672 10.595097903980884
2673 11.716798907182518
2674 12.810908774904888
2675 13.530945683888804
2676 13.830696987908837
2677 13.289084804918573
2678 13.880841257212671
2679 14.74277571174706
2680 15.545992047922105
2681 16.03323762949466
2682 12.191100885351432
2683 9.193643199298718
2684 4.000796371456995
2685 1.4012865018955465
2686 0.5780765491781726
2687 0.10557079373084585
2688 0.4582513106451374
2689 0.044578333478060936
2690 0.2804485378992663
2691 2.0329395466535773
2692 5.3785672918032255
2693 7.592508213457082
2694 10.106202628806757
2695 11.342100628786664
2696 10.271315177778515
2697 11.139829344658667
2698 11.55704314839135
2699 13.50706850247859
2700 14.95873336434975
2701 18.097415689480307
2702 22.101109546816694
2703 21.985227452640345
2704 24.658386960947478
2705 23.225858073430857
2706 21.227848686442616
2707 20.688826221947945
2708 19.87706978490989
2709 13.887852461431935
2710 10.027201398652204
2711 5.169507326005751
2712 2.119072720418932
2713 1.6283581130884814
2714 1.0627666483549543
2715 0.4228893699170791
2716 0.9988946448190809
2717 2.4134285289203596
2718 6.170563624246663
2719 7.61292527802271
2720 6.500301774201173
2721 9.57501090125629
2722 10.052475078771462
2723 9.681429135850593
2724 8.338044354669583
2725 7.010608870230895
2726 5.6968803361478155
2727 2.5273307837562045
2728 1.3325874203252148
2729 0.3244644854321907
2730 0.1664165557927779
2731 1.2621193024932231
2732 3.32221828533336
2733 5.5987100406918255
2734 5.981672516950177
2735 7.176038753242473
2736 7.606309081088107
2737 7.194003672313975
2738 7.00050794103947
2739 7.723590335470747
2740 13.17148137862284
2741 14.34141404584835
2742 13.124705452515594
2743 15.526538335345428
2744 10.1932905174463
2745 10.906906790926676
2746 7.865864968072976
2747 5.485167493006622
2748 2.28952853147727
2749 0.8532884998856921
2750 0.29842914226931716
2751 0.21924276389666342
2752 0.6356718289536223
2753 0.2734992704904267
2754 0.002525721274528772
2755 1.0419166982235575
2756 4.583308683664895
2757 5.937896902261954
2758 6.46549506766989
2759 8.336362194722499
2760 9.066368940550436
2761 7.42254376010871
2762 8.422129317612477
2763 10.735856892144795
2764 13.775675822572383
2765 16.072126400298696
2766 15.836357876742625
2767 17.3685118402429
2768 21.69673432947576
2769 22.626840833393235
2770 20.126096929070066
2771 16.71677375048419
2772 13.604308696131334
2773 11.829634806209112
2774 8.752078805432147
2775 4.08933709147448
2776 1.2418042103596036
2777 0.4294598513773298
2778 0.9062066276418509
2779 0.6976397211736795
2780 0.8186257529601747
2781 1.8861054078587116
2782 5.442655390295075
2783 9.361061136777868
2784 8.768195599514575
2785 9.89089827054533
2786 13.606315504764664
2787 12.339686186911996
2788 10.377909553116371
2789 7.714159996923921
2790 5.552014933364728
2791 2.9881385371773987
2792 1.7776193087397705
2793 0.1486172856650883
2794 0.3601875017766223
2795 1.1663516882166942
2796 1.9275781453656853
2797 4.10697077039049
2798 5.04242714400116
2799 5.13063987940653
2800 3.2975457262967
2801 2.8903720194961804
2802 3.1491036557962984
2803 4.666761351597397
2804 7.863338012120329
2805 9.03168708414268
2806 11.44632881901598
2807 12.313368456542388
2808 9.087052028353122
2809 7.782800023031641
2810 5.311487364070609
2811 3.715540615292259
2812 1.8604430465587627
2813 0.919331178439643
2814 0.15267444457193835
2815 0.045434120376923674
2816 0.5876564288600756
2817 0.4982146320930468
2818 0.017523772638765776
2819 0.49545349322253435
2820 3.093641000657657
2821 4.979537702275881
2822 4.509509240538934
2823 4.481426436712423
2824 5.021665059038936
2825 4.186747560375632
2826 4.83207780233257
2827 7.1176490909062915
2828 11.374888054997482
2829 12.87931949404548
2830 15.829565127075997
2831 17.340500867012846
2832 20.44982428809212
2833 24.010733237335714
2834 20.028844131806906
2835 14.599761097919892
2836 11.194181088006891
2837 9.545011859292169
2838 6.9672807750455314
2839 3.2295358831014673
2840 1.1249831452126282
2841 0.11053079187643752
2842 0.8556073628785689
2843 1.9903205301721762
2844 1.2326478252824529
2845 3.4497402510353408
2846 6.579022529106676
2847 11.104538728353644
2848 13.280592482255729
2849 15.88147090612961
2850 16.48919314311954
2851 11.674667786279944
2852 11.863539001324618
2853 6.8879415708475875
2854 3.526982835677975
2855 2.790460947593402
2856 1.526909985132321
2857 0.0006003593964233647
2858 1.0584587311016305
2859 1.1995168055466685
2860 1.5768462583868446
2861 1.978102162708257
2862 2.312197636741102
2863 2.105436763841055
2864 1.9289676341775384
2865 3.9599868796225515
2866 3.0971103193217475
2867 3.689762307768625
2868 6.503767237075018
2869 5.703202946928276
2870 7.8323876399937955
2871 9.071712358903236
2872 8.706413412726912
2873 8.903515687410838
2874 5.333174048958043
2875 3.156269124935744
2876 1.6987458824332444
2877 1.1501517622999768
2878 0.31352724862071024
2879 0.30332086106927425
2880 0.7817395378930558
2881 0.2902487978652873
2882 0.022369660394615302
2883 0.6562390628020269
2884 3.1086304453497333
2885 3.839276124593084
2886 3.3652775991518027
2887 2.8828928042619593
2888 2.8441887150126806
2889 2.280753444578964
2890 2.4860909796321775
2891 3.3559824819810764
2892 8.367186977218454
2893 9.243165252942132
2894 13.377786019196387
2895 17.501043553565847
2896 20.714744435340947
2897 22.83757195415555
2898 20.442327179774935
2899 18.54940425691605
2900 12.435433659995546
2901 8.103955477638813
2902 6.424525496517243
2903 4.131952793233296
2904 1.146824970727547
2905 0.46102175123456446
2906 2.226390202958235
2907 2.5039315210229787
2908 3.889604061672003
2909 6.679280764449626
2910 9.006634118324587
2911 10.976803051587043
2912 10.329946995748946
2913 15.834441331236475
2914 13.086769444140833
2915 4.923617286426225
2916 7.273272959042858
2917 3.5977257495621022
2918 1.9561873976087336
2919 1.7744366258325124
2920 0.7300194033201091
2921 0.4740698510847306
2922 1.5057124877544497
2923 0.5644061424024142
2924 0.7394857314621062
2925 0.8741851935918844
2926 1.2878770782703006
2927 1.5076997858207566
2928 1.600367935635708
2929 3.3558925686284358
2930 3.5950144258643726
2931 4.359561677850023
2932 5.721043119986731
2933 5.407709203635229
2934 9.658680957744
2935 11.527188228501732
2936 10.530405173249587
2937 9.4912032357819
2938 5.946583571898041
2939 2.2697941424237196
2940 1.4380153916610579
2941 0.721167223044173
2942 0.41418132663925294
2943 0.565384564121115
2944 0.17691173039287997
2945 0.00036195418419122884
2946 0.10891148862594605
2947 0.6108650355337725
2948 2.3437662112603603
2949 3.0878356212066635
2950 2.655833627945256
2951 2.5108749801957133
2952 2.262259359052287
2953 2.015765362887721
2954 1.9739886949139402
2955 2.3694582556699286
2956 5.3323623757745775
2957 7.335963911995141
2958 10.38901189526372
2959 12.869311563993056
2960 14.027045347117836
2961 18.60901081149238
2962 18.284827204132913
2963 17.950252338860246
2964 11.353515694625939
2965 6.285534584783832
2966 5.467372700697553
2967 3.3648162858286135
2968 1.9642334842805222
2969 2.465930044350273
2970 2.8229164219920815
2971 3.0996672832272893
2972 5.570967463175463
2973 6.53150141979472
2974 5.5270406999103665
2975 6.635576200011463
2976 7.400388541746565
2977 10.920910317802086
2978 8.94963640671031
2979 4.638792612502803
2980 3.4297504529356018
2981 4.15321554533775
2982 2.404582656885116
2983 0.8955913108145821
2984 0.01926923868424811
2985 0.44208915281312766
2986 0.6721701465335481
2987 0.6388616709052098
2988 0.9987350273526765
2989 1.4033618508145265
2990 1.4548542205565183
2991 1.3940318147499144
2992 1.851334949158988
2993 3.740630803732771
2994 5.322945471564297
2995 7.092504122703739
2996 11.941432620522551
2997 12.833036477358512
2998 12.840011134013062
2999 15.968309497500426
3000 15.113227234084349
3001 9.582217608726765
3002 6.560730372759417
3003 1.9451399948041985
3004 1.7737087854058011
3005 1.2438209773705948
3006 1.1670111636385907
3007 1.271529698050374
3008 0.027943941385501287
3009 0.002628871276773477
3010 0.1134228158331701
3011 1.2031295646688285
3012 1.5196195853884937
3013 1.8929303051841702
3014 1.4423039102036654
3015 1.8525999769587969
3016 1.1846594679097742
3017 1.3369728148648758
3018 2.0905664954382637
3019 2.8391863714567105
3020 4.921132886004291
3021 5.616185406702592
3022 7.418714506419486
3023 7.494455438544339
3024 9.666304163732066
3025 10.350452348623604
3026 9.938529580985847
3027 10.607641150038443
3028 5.934248009336421
3029 3.405612386006233
3030 2.8542959301259354
3031 0.9944726986837841
3032 0.920016209661668
3033 0.6060661319115792
3034 0.5069391886681842
3035 1.5159538539760087
3036 2.853742283595561
3037 3.0160930436853226
3038 2.551503641513218
3039 2.244026533579566
3040 5.157813158423162
3041 8.834135311805156
3042 8.04373306295783
3043 5.097747883882585
3044 3.631329997428544
3045 4.509014016571011
3046 1.226749137838225
3047 0.210716762014985
3048 0.2320282469248606
3049 0.00028963649186580174
3050 0.04133066257646202
3051 0.1523794204641288
3052 0.7718757780697296
3053 1.486039545375657
3054 3.0182863388682604
3055 3.556316727876507
3056 4.118159707114541
3057 5.858114308392731
3058 7.27864149257825
3059 12.454701749335728
3060 12.948029787190235
3061 15.365549449976394
3062 15.279786000755486
3063 14.901370599585217
3064 14.173198038186547
3065 10.48269663633489
3066 3.9739158961183696
3067 4.400738193553015
3068 2.5739393746222903
3069 1.9921054217050518
3070 2.7806054102827407
3071 1.6062378810713092
3072 1.894552177455991e-05
3073 0.06022720212439517
3074 0.29108616739455623
3075 1.4540445255964745
3076 2.076401081061501
3077 2.032727928438517
3078 1.3169769511717768
3079 1.9166331537558705
3080 1.258872725110017
3081 2.1386421692238393
3082 3.6743183509157546
3083 4.915987399911425
3084 5.711026805090253
3085 3.8743143887186036
3086 2.931755992928543
3087 2.9546087989272483
3088 4.413380558668287
3089 6.034223598618196
3090 5.046009148751071
3091 3.4091955163216516
3092 2.0610164509693947
3093 1.2909120116997694
3094 1.4402686635558835
3095 0.9557422102943588
3096 1.0105689589826625
3097 0.16598458896064705
3098 0.1886242606062727
3099 0.3243220039317842
3100 0.5399393298568055
3101 0.8510990818145764
3102 0.34587109669992605
3103 0.13174572188899128
3104 0.7500544511756106
3105 1.7850623087650486
3106 2.1272310945361577
3107 1.7123058510049554
3108 2.270878603578864
3109 1.1268331573160497
3110 0.11750087568961849
3111 0.09775415195079422
3112 0.1483941430333856
3113 0.04868614444603082
3114 0.11152366360858756
3115 0.8331383507162248
3116 0.5257448138984432
3117 0.7572009234783118
3118 1.2316685312629818
3119 4.238506110504742
3120 6.447491926650222
3121 7.166745199666327
3122 11.580406350941322
3123 14.282129970239128
3124 16.717796979017137
3125 17.03614334452086
3126 13.390360007011823
3127 12.242241892889224
3128 8.819476670657666
3129 7.243685666440181
3130 4.390794420374657
3131 3.389783793543932
3132 2.648322236585357
3133 1.820228568897458
3134 2.6116113297110415
3135 1.8021966909193228
3136 0.007240844794934201
3137 0.013238186851816696
3138 0.22796244332731105
3139 1.6267094223326668
3140 1.700140758588271
3141 2.0248381780664855
3142 2.378199020827745
3143 1.5739926252714747
3144 2.05242077288893
3145 2.9636830180579876
3146 4.37073986499697
3147 5.346424400302205
3148 4.056453295882421
3149 2.8031428075728075
3150 1.90391433810767
3151 1.8900600267188639
3152 1.826251750140159
3153 3.9296893249327183
3154 3.008497074769546
3155 2.391018562659431
3156 1.2966389907820683
3157 0.39912865723216473
3158 0.7167016908770071
3159 1.1357386986633704
3160 0.7105902306900701
3161 0.3851218903696542
3162 0.18077210796041643
3163 0.19803123658496036
3164 0.11957351574792964
3165 0.3912593299459743
3166 0.1330656602831271
3167 0.2794284564630899
3168 0.6921141599972872
3169 0.6117352739439246
3170 0.30064402389863343
3171 0.3136052740425769
3172 4.657806488849214e-05
3173 0.05549615095298808
3174 0.046786992256278546
3175 0.26633518265661194
3176 0.396498273853001
3177 0.49174635767833735
3178 0.5467811623112403
3179 0.47424682428127446
3180 0.15879363346057304
3181 0.41162477359460187
3182 0.9122370735811971
3183 2.589219657841765
3184 4.061982551185183
3185 3.765240551005361
3186 6.497024096508224
3187 10.587679974400377
3188 12.592352739018768
3189 14.098101319120536
3190 12.385397527429785
3191 10.869580585687435
3192 5.509889111636113
3193 4.594170200388857
3194 5.2335660656654435
3195 1.960933539659595
3196 1.781361934843749
3197 1.64572942111904
3198 1.6565013094544476
3199 1.3575282512708575
3200 0.0005124439198082924
3201 0.010946466965424352
3202 0.12139849213501316
3203 0.8218892414202458
3204 0.5146897529873415
3205 1.430483284697971
3206 2.879071693867365
3207 1.7898823514604665
3208 2.6486624875571354
3209 5.301310719294465
3210 4.283679211856449
3211 3.86161961622879
3212 3.0884085492533173
3213 1.6635471431922861
3214 0.9949578386330497
3215 0.4854657588456851
3216 0.30542440835874907
3217 0.5738360810780835
3218 0.7404879711449952
3219 0.7826277929322706
3220 0.3944689286523285
3221 0.38319128651535345
3222 0.9044049391957955
3223 0.9690049106836037
3224 0.8834677234632168
3225 0.6088931187686424
3226 0.1699862001905866
3227 0.0645170166252405
3228 0.1744084246576569
3229 0.14784399137478013
3230 0.3115647581359735
3231 0.10471387380408073
3232 0.05481462241744965
3233 0.10594448940765558
3234 0.0492886644767658
3235 0.006408121957084807
3236 0.18161953387499793
3237 0.7766392772379072
3238 1.647181649887213
3239 1.7471499479824188
3240 0.9480503924347947
3241 0.6442854207040897
3242 0.5735279389680062
3243 0.3987601434265538
3244 0.5350967373412897
3245 0.30622023416037586
3246 1.0338016778232881
3247 2.1449846743515617
3248 2.238626964851972
3249 2.178840375833022
3250 4.450306397031722
3251 7.092449806026621
3252 7.7132690092440415
3253 7.163276296495174
3254 9.816061495579195
3255 7.784806395547353
3256 4.4937209043369135
3257 3.6113653395969867
3258 2.60002782697099
3259 2.469852542329706
3260 2.166730758998289
3261 2.5257478825744504
3262 1.357187513467206
3263 1.581027820613277
3264 0.0006332519568990355
3265 0.0016197843966212627
3266 0.0051471086968471556
3267 0.0010749098841377183
3268 0.21495645258650845
3269 0.9221590239935722
3270 1.7829402226084725
3271 3.098244847138499
3272 4.023508744938871
3273 5.9770761459187
3274 4.23445994047613
3275 4.1727994153265495
3276 1.930590275616963
3277 0.744516009546386
3278 0.41685295010707607
3279 0.4295731972898752
3280 0.05326263534072942
3281 0.08447887242791816
3282 0.02527053460133576
3283 0.04823430985806095
3284 0.07161586264218607
3285 0.15085393130921176
3286 0.022218911801121982
3287 0.13419340289614373
3288 0.191039670729018
3289 0.07911434706717235
3290 0.020695707784199237
3291 0.36627442240039937
3292 0.18704505978831532
3293 0.3752949089719874
3294 0.4704859300269942
3295 0.4354621122511151
3296 0.6930674490539049
3297 0.46536879935323266
3298 0.30801469676860416
3299 0.2291787075970553
3300 0.08707131402273727
3301 0.7530107368831335
3302 0.9935258678031281
3303 1.4623228497699277
3304 0.6341057342985262
3305 0.7363335624267955
3306 0.6238135410514246
3307 0.40075307902408597
3308 0.17484550330333357
3309 0.03870835217965305
3310 0.16863749411735426
3311 1.1456783200942897
3312 1.0447553682744029
3313 1.6489232653190522
3314 2.7991983512172314
3315 3.5934263336289827
3316 5.26757296604158
3317 5.071517139152097
3318 8.032242693215698
3319 8.097857003797397
3320 8.29762383654344
3321 5.520060223267636
3322 4.092447166346816
3323 4.139064834087933
3324 4.711583902145537
3325 3.2831403225567235
3326 2.1031927258820984
3327 1.6707932129301595
3328 0.01272422024032123
3329 0.14729718094708527
3330 0.36588388425061535
3331 0.03871895153085386
3332 0.12246753456627374
3333 0.8031886562952789
3334 2.2037408520654687
3335 3.8460517854784833
3336 4.495136617424358
3337 3.586016187942773
3338 4.052312891153027
3339 4.038956397137057
3340 2.1478810576390606
3341 0.49416926361895686
3342 0.24236880777606906
3343 0.0022315002278234216
3344 0.025444346338714965
3345 0.6311436557356928
3346 0.5999548155994813
3347 0.7329366874092722
3348 0.3466537112391498
3349 0.2625718852143207
3350 0.3516656370133508
3351 0.1961707213594065
3352 0.05912183433391002
3353 0.02489316024288672
3354 0.0650878457074119
3355 0.4522985409576094
3356 0.14561865926395515
3357 0.7768678137193208
3358 0.5404496385065162
3359 1.0710948531817783
3360 0.7406071890271609
3361 0.8598158238307788
3362 0.7315181074066626
3363 1.0330997068030254
3364 0.19501239704761264
3365 0.031429441372175224
3366 0.07910007010498671
3367 0.19293082973859113
3368 0.35241382363965584
3369 0.8517315877061024
3370 0.904894654844053
3371 0.5656291043898904
3372 0.6041027105131228
3373 0.006715852763912958
3374 0.06270321732639705
3375 0.8147198788450486
3376 0.5615771190372644
3377 1.1993650666465074
3378 1.7549562262119094
3379 2.159973623092179
3380 3.156576705052762
3381 3.0631755117678794
3382 5.16595452644878
3383 6.640503125946005
3384 10.814693476934098
3385 6.235149785162054
3386 4.548639060999721
3387 2.746539590676438
3388 4.201354701802367
3389 4.306347091078178
3390 5.162712597333496
3391 2.4824750155573874
3392 0.07916824806664241
3393 0.23246774616342133
3394 0.2099068101937429
3395 0.10205773129632134
3396 0.01582024300511432
3397 0.3900162425658562
3398 1.309526111701961
3399 3.554859463008122
3400 2.070638846235686
3401 1.3579388609092273
3402 1.8378661662847273
3403 2.37061039652629
3404 2.3086863636010015
3405 0.631240049847034
3406 0.10449110577678646
3407 0.013765502581420003
3408 0.17511845384554772
3409 0.951135245156056
3410 1.7059137119926047
3411 0.6903530257748873
3412 0.0666137178765728
3413 0.2602475798886621
3414 0.16946399183300664
3415 0.010609790761064188
3416 0.10390600320774161
3417 0.10501436657876463
3418 0.16983461712696718
3419 0.47167415157107945
3420 1.9215698979175997
3421 1.8423286754720778
3422 1.3361888175783718
3423 0.9395284537405801
3424 0.7307395731514402
3425 1.4168214690204068
3426 1.2874738850410425
3427 1.3256957613060234
3428 0.4682760298773961
3429 0.15837021057547818
3430 0.2745625434238969
3431 0.11930363069909393
3432 0.14397079066332666
3433 0.0015775704783037381
3434 0.12045983676205801
3435 0.26533705065508123
3436 0.13233737875243315
3437 0.00520760854770832
3438 0.08222253863755849
3439 0.6913493920945318
3440 0.8569437918167024
3441 1.776865763470607
3442 3.6969251356430335
3443 2.1675480029186724
3444 2.43440847413601
3445 2.9089159068373194
3446 4.632234613218895
3447 6.254469982377344
3448 8.799243852943636
3449 6.341291359117731
3450 5.03428277870039
3451 3.0755101472229103
3452 3.2620362428800966
3453 6.403681500843554
3454 5.947104552748121
3455 3.882264841200774
3456 0.11626504571435899
3457 0.13477130723291625
3458 0.017997789325439884
3459 0.40025404301431106
3460 0.12586373623951558
3461 0.005300410120772158
3462 1.4426145811144426
3463 2.9680446957785014
3464 1.2875093870894687
3465 0.4778568574484691
3466 0.5414073441554806
3467 1.2196264362677987
3468 0.9227561493848261
3469 0.34125339781423425
3470 0.058384462385794186
3471 0.18182369073625956
3472 0.5581857662031967
3473 1.0325687982390617
3474 1.3983560294216302
3475 0.5977708760030811
3476 0.03747792201851297
3477 0.046115158828247946
3478 0.017237223139995234
3479 0.11804169978073716
3480 0.2611550297858046
3481 0.5736105092020531
3482 0.698523291621682
3483 1.2886885685333345
3484 1.615814068737976
3485 0.995176268148847
3486 1.027538964372431
3487 1.170700182338573
3488 0.6601425209990869
3489 0.7046261213845317
3490 1.2447045702472166
3491 1.0500366978910365
3492 1.2364946944508297
3493 1.7169385711287328
3494 1.6436435086489243
3495 1.2241962650151752
3496 0.8641278300208604
3497 0.873210344977854
3498 0.6219839345297954
3499 0.074599828192594
3500 0.02680299281304467
3501 0.026456114515269274
3502 0.0038355616922311066
3503 0.3278161917872681
3504 1.234112537042667
3505 1.7083144692378087
3506 3.607221771137701
3507 2.4048698079601674
3508 4.273152910037634
3509 4.857277598740022
3510 5.702341410873133
3511 9.13417389164677
3512 8.523503783413416
3513 8.807878400870667
3514 5.37904041439056
3515 4.192316713256545
3516 2.843110111259872
3517 5.438136822174503
3518 6.795123162581409
3519 4.349914802245137
3520 0.2623089923994845
3521 0.20606205035778982
3522 0.5769056676076884
3523 0.9085043049506804
3524 0.4024874080594956
3525 0.24615469213033028
3526 1.322489221827517
3527 1.3246050785310537
3528 0.340438403187014
3529 0.30806823395764893
3530 0.4355100929373369
3531 0.28679883178089266
3532 0.3846992374030428
3533 0.16869294918255648
3534 0.060852483973684986
3535 0.1187058826802681
3536 0.7212121352710922
3537 0.9829828713583951
3538 1.0831820234463627
3539 0.7125274684795416
3540 0.11619879079669578
3541 6.791996495116773e-05
3542 0.0003218999537038207
3543 0.10788758379184107
3544 0.05767079543390462
3545 0.531247775224137
3546 0.8341219903244157
3547 1.1106737436597158
3548 1.2314534321911552
3549 1.3658119855919506
3550 1.044239283446943
3551 1.0425220671567788
3552 0.5623516049029444
3553 0.7604052265824424
3554 0.9677540801546172
3555 1.0182307370836772
3556 2.6677905294364317
3557 2.860790884663948
3558 3.3261683272723404
3559 1.2205944502332005
3560 0.8695122990479489
3561 0.9002997442958327
3562 0.27526437867467113
3563 0.033302967213015656
3564 0.003506581316862778
3565 0.0003315253132168893
3566 0.053836442701315136
3567 0.5542787480318757
3568 0.9704342116019571
3569 1.9830674076935124
3570 3.933733676902398
3571 3.361258101899744
3572 5.679956569393338
3573 7.096961607379724
3574 6.715005722103934
3575 7.198748513551274
3576 4.65193412372366
3577 7.607844290099639
3578 4.928676712432265
3579 3.7989894333169385
3580 3.016765560681354
3581 3.209285489299083
3582 4.217283310353119
3583 2.567034949786829
3584 0.29063578319821065
3585 0.6623915076859506
3586 1.6194774335951072
3587 1.5342532642312574
3588 0.2764060033821116
3589 0.20552232635823897
3590 0.85949820718344
3591 0.264747302117641
3592 0.09732294619689885
3593 0.06216096152267529
3594 0.14194291093347633
3595 0.10528799057404975
3596 0.1019505807056993
3597 0.0001516483216194728
3598 0.013396001994402778
3599 0.014321895863056832
3600 0.1165282941955002
3601 0.6166399230927707
3602 1.1727983902229882
3603 1.316173803796979
3604 0.3770559761102901
3605 0.10837318906621445
3606 0.22624833553809348
3607 0.07982602750428641
3608 0.10557045731290832
3609 1.0843501911426592
3610 1.6378531393106266
3611 2.23331940814269
3612 2.6935299121673197
3613 2.3372641084686614
3614 1.3798636000849032
3615 1.5878938896519068
3616 1.006807152670483
3617 1.1166295921570668
3618 0.9698375827475926
3619 1.2943576503588625
3620 1.3402694632088537
3621 2.0428451378828667
3622 2.452121451622466
3623 2.195362048004576
3624 1.909714201506954
3625 1.149974608569644
3626 0.5248853843501616
3627 0.1207818287909195
3628 0.11400330458428914
3629 0.01959444415772513
3630 0.5273000453423743
3631 1.1457687750792127
3632 1.7713321857271132
3633 4.402771972912503
3634 6.877662417088702
3635 4.625540053707445
3636 8.04488432780632
3637 10.607017372131677
3638 6.768380680417546
3639 4.715907584457769
3640 4.642521261269801
3641 3.789715932742924
3642 6.909273481920358
3643 4.183746923503679
3644 3.566051694636195
3645 3.0321532078358038
3646 2.3881134121764833
3647 2.5077704167792354
3648 0.36306509336292553
3649 1.1250093358143567
3650 1.264754537563609
3651 1.0374722733586472
3652 0.005231287018021099
3653 0.43981156558600387
3654 0.418258975825784
3655 0.0015751584757980558
3656 0.0018967946845632265
3657 0.05919864167674738
3658 0.23461337930468887
3659 0.21325268868288383
3660 0.0004837836472659503
3661 0.06761011158120644
3662 0.052129469784924116
3663 0.0023396910696654497
3664 0.12454371050014316
3665 0.14966891922564554
3666 0.3999572017152982
3667 0.6010735521900896
3668 0.009195376176019013
3669 0.015341374940235923
3670 0.22161281767383173
3671 0.0002660144001891335
3672 0.35334592863867254
3673 2.590761240111562
3674 3.6592987035044255
3675 4.380713509692261
3676 3.6931361048330635
3677 1.9455465119924094
3678 1.6639436203989781
3679 1.4136376590981066
3680 0.7728001031207645
3681 0.4353156590560854
3682 1.2647376009860176
3683 1.3437156597879696
3684 2.1782506586447656
3685 2.0333800348133435
3686 1.5216073738304001
3687 3.1178829576228164
3688 2.8312525613336756
3689 2.265139966212519
3690 0.7104942910661625
3691 0.0867666687204175
3692 0.0006231387904635148
3693 0.2316011979660983
3694 1.2316077310451783
3695 1.7803594314398912
3696 3.0504061528199724
3697 5.98203707645601
3698 9.198357452579788
3699 6.5663264415108324
3700 6.991717202647227
3701 7.724056025747166
3702 5.341393342227812
3703 5.268781346201279
3704 4.00295514440838
3705 3.25898010766916
3706 6.024280360070719
3707 6.70797974929895
3708 4.004788553243345
3709 3.7973226565859823
3710 3.317167908920914
3711 3.0819658253138353
3712 0.27983792466052854
3713 1.0939872984775978
3714 1.6309934836201128
3715 0.0239113205866624
3716 0.6553414160275413
3717 0.7288992919480914
3718 0.15642147602767936
3719 0.12302992320417372
3720 0.00013574273878275654
3721 0.07668693027167449
3722 0.2794465348098959
3723 0.580770439893493
3724 0.25992471692204033
3725 0.21121098100430397
3726 0.02308469221339574
3727 0.017162198393954116
3728 0.11228821197879843
3729 0.029133605691716833
3730 0.06914413397851352
3731 0.056525964875875676
3732 0.30321966930703714
3733 0.17182271997451037
3734 0.04790427439626699
3735 0.18760030894555396
3736 0.6862899045646196
3737 2.268205619050172
3738 3.932050233762412
3739 4.169818602678801
3740 3.9086814085978587
3741 2.4299018546732967
3742 2.359585648082515
3743 0.7674270390093694
3744 0.2014527149763918
3745 0.2117896715994407
3746 0.5979287466136453
3747 1.3274601206348162
3748 1.2656927826075612
3749 0.9594115634411974
3750 1.2991924407889408
3751 1.8337889476387133
3752 1.7515601054683134
3753 0.6780621534660616
3754 0.09783925588556364
3755 0.007485223482509845
3756 0.33129558471376247
3757 0.8108996736070809
3758 1.3203957168791962
3759 2.137379552690028
3760 2.675993390655181
3761 4.962203044331732
3762 9.80484407410773
3763 9.521105092909668
3764 7.289320216302834
3765 8.776986939053925
3766 6.185249246019211
3767 6.627238579224479
3768 5.621454313203654
3769 4.517045633956739
3770 4.647976277329539
3771 6.888963594391841
3772 6.114439366551217
3773 4.446034615177854
3774 5.645731979323617
3775 3.8025921541567844
3776 0.1599974123415166
3777 0.8575988017990706
3778 1.3371249985961247
3779 0.007962922213839967
3780 1.1209696181885553
3781 1.7065932672835267
3782 1.0445252463074577
3783 0.8581028269470355
3784 0.10015085549501307
3785 0.04796054850461549
3786 0.05142537730234951
3787 0.33618354714326215
3788 0.2723002021625234
3789 0.057586922812900676
3790 0.08128682305542581
3791 0.19032704256038857
3792 0.06063897456569595
3793 0.08180535894749372
3794 0.06347692077703898
3795 0.24718473760888757
3796 0.0867397375048998
3797 0.6370951188222617
3798 0.7139257648219804
3799 0.38676024661751035
3800 0.36600209707601455
3801 0.9031568596330487
3802 2.1827115496112093
3803 1.8908876141781663
3804 1.53756114556739
3805 0.9658377191604495
3806 1.0052637366581658
3807 0.2624177331719538
3808 0.08657259677953409
3809 0.05119806854831246
3810 0.08359829347180722
3811 0.3102485079453449
3812 0.5991252541307909
3813 0.8688367675333198
3814 1.048693831770614
3815 0.9448437527281257
3816 0.39320883330984885
3817 0.018891758027187143
3818 0.0005138292380952162
3819 0.3585192575464899
3820 1.167549617984661
3821 1.286881119968185
3822 2.0458079408449716
3823 2.578960526132268
3824 1.5217440672319078
3825 3.2145074232764355
3826 6.132652004403351
3827 7.325378056807973
3828 7.577831128187573
3829 9.285089728309798
3830 8.067477542152831
3831 5.587782391597427
3832 4.287037691285173
3833 3.4412845167705655
3834 4.179818489031144
3835 7.205344018130104
3836 5.769214768502167
3837 5.636865819826712
3838 6.838839374551816
3839 4.9191026702908545
3840 0.19882432618435023
3841 0.6791593388137515
3842 0.9045110818359641
3843 5.002435497020573e-05
3844 0.4430995326266815
3845 2.0123639634264032
3846 3.0803327632037205
3847 3.542845835738154
3848 1.9811009373593398
3849 1.1305905797169546
3850 0.35940224402270404
3851 0.02570427549972186
3852 0.006206113432548386
3853 0.007095609132735938
3854 0.12091781099166089
3855 0.014101783905726294
3856 0.08732953351737992
3857 0.0020262581590801436
3858 0.04949184595369152
3859 0.006192416961917382
3860 0.026140233737638106
3861 0.4772982437529615
3862 0.9657850839005151
3863 0.7335513000537598
3864 0.4551958210577269
3865 0.42365394862280875
3866 0.6133086010302059
3867 0.7989320516456766
3868 0.6274777517048103
3869 0.3066407567925033
3870 0.3549098443930905
3871 0.2142986933447561
3872 0.2726392984440582
3873 0.5853121761879191
3874 0.4484248373626958
3875 0.5872741922370419
3876 0.4378165037000078
3877 0.3357204225778182
3878 0.17935218227032876
3879 0.29547715736177044
3880 0.016002044466774657
3881 0.0017289544117033734
3882 0.0002290511497090118
3883 0.07828467836151976
3884 0.9532795589386363
3885 1.3159755459653402
3886 1.605280765048781
3887 1.6140693016421515
3888 1.7511708973998428
3889 2.306773102924627
3890 4.977177724300288
3891 7.790481501523222
3892 8.557739794604794
3893 8.941036139931176
3894 7.522682465711869
3895 4.9726765962909765
3896 4.159836012098578
3897 4.177660367161262
3898 3.92497986597216
3899 4.544458058670113
3900 5.518499877706218
3901 4.765341345122603
3902 5.253002984148769
3903 4.529460099592248
3904 0.24061744908476468
3905 0.5598960508631085
3906 0.5353252988518178
3907 0.028638622811110646
3908 0.0006687046186230754
3909 0.8863367870095534
3910 3.1144585206720676
3911 4.657309181218524
3912 5.405846129967685
3913 3.9083123584542183
3914 2.7387713144881416
3915 1.5338314700872904
3916 0.32913442085963956
3917 0.0029534450355509765
3918 0.04245988138767752
3919 0.24658631464410333
3920 0.47020468427900397
3921 0.4132355218742727
3922 0.0020982362305097153
3923 0.0161257317214629
3924 0.11303404188294036
3925 8.344107947702947e-05
3926 0.09172155833636791
3927 0.12548371503397987
3928 0.2863966065380399
3929 0.33262118943721464
3930 1.0873248030739449
3931 1.5778869701622926
3932 0.8685376178840805
3933 0.6142108220603469
3934 0.6478129273733328
3935 0.2520861483852475
3936 0.23132494567919337
3937 0.5134790088827361
3938 0.5583396058714906
3939 0.5384081869296052
3940 0.4499097862986093
3941 0.17330467280368458
3942 0.032285579883230046
3943 0.009146725129320129
3944 0.020686236005586486
3945 0.07777293509247614
3946 0.11425068133143118
3947 0.19625358768655976
3948 0.8607154856038779
3949 0.9061216324883586
3950 0.8748232558606874
3951 1.2861983985924068
3952 1.9516727553045257
3953 2.873560724340437
3954 4.128186175495658
3955 6.423534113293844
3956 7.351727188427782
3957 8.59274115374571
3958 8.637461655802088
3959 6.7676167500021815
3960 5.588897311053851
3961 3.98321610491438
3962 2.621312883534968
3963 2.681716635176428
3964 4.326335623101264
3965 5.267549901131386
3966 5.7643157977756205
3967 5.289515944312553
3968 0.5970533996400741
3969 0.870401619707878
3970 0.6163264111123602
3971 0.17648000343952316
3972 0.02007139219013694
3973 0.35302849825828014
3974 1.1382278514177633
3975 2.2136381966852503
3976 3.0499204014785084
3977 2.6856925763403825
3978 1.4417822347187181
3979 0.4513876223180446
3980 0.00339144129357879
3981 0.08087614035602965
3982 0.11236094616183774
3983 0.23068807731639562
3984 0.47137410465536567
3985 0.10927919383436828
3986 2.106746231650897e-05
3987 0.015759264196453737
3988 0.12006165651067019
3989 0.13256435222927387
3990 0.21710715749835063
3991 0.32688720159433715
3992 0.310040253865924
3993 1.0640334023709084
3994 2.205628269633453
3995 2.1162912668761296
3996 1.7446263850622075
3997 1.3360664508599513
3998 0.9800087548834405
3999 0.8186411875887032
4000 1.6645636207374461
4001 2.1567382667210353
4002 1.4562857934144986
4003 0.47851670594581414
4004 0.046325192686253375
4005 0.1295265432861715
4006 0.012084311134176002
4007 0.004492468069873766
4008 0.02814359572290594
4009 0.06986379833941424
4010 0.16045456878064535
4011 0.1320096641471797
4012 0.37154400133146503
4013 0.6103076516830218
4014 1.1360972973240366
4015 1.9147594042206746
4016 4.269720647675913
4017 5.559376044547146
4018 6.317695744110007
4019 8.068736805697508
4020 8.203457095541822
4021 9.771913397817446
4022 7.486813481449831
4023 9.223971484693335
4024 7.62596149112255
4025 6.208245877300817
4026 3.7337421881422164
4027 3.8126378349797707
4028 4.891818268361037
4029 7.757084163979127
4030 7.74882562918927
4031 8.516748309667436
4032 1.2562011323460935
4033 0.8462094316975658
4034 0.3696913691652405
4035 0.1250687352686084
4036 0.03449418544974604
4037 4.174116667750162e-05
4038 0.0526600912203957
4039 0.3531962828914228
4040 0.6045422443657413
4041 0.3728527169835827
4042 0.335789571092971
4043 0.07450506414770702
4044 0.01187016449627221
4045 0.0005842670673537194
4046 0.014098240603460927
4047 0.008525544700399219
4048 0.0009356884233595446
4049 0.012816220008414394
4050 0.04941688336818913
4051 0.18070168417451932
4052 0.30199717204927545
4053 0.10132661578898969
4054 0.07418175972845875
4055 0.19648161006569803
4056 0.482436377734902
4057 0.9472050087108461
4058 1.4457221947404908
4059 2.0193815446921115
4060 1.926050811334544
4061 2.128877255414063
4062 1.943362046712299
4063 1.7222476010837469
4064 2.7149248744996632
4065 3.1843712555422288
4066 1.5404680816118372
4067 0.3153775811991577
4068 0.04245435555183493
4069 0.20294286640056622
4070 0.06374350117509166
4071 0.16004926668806552
4072 0.03889175462979541
4073 0.03375881576969028
4074 0.13353959433334497
4075 0.39183636622922313
4076 0.5725815522146799
4077 1.3650532281259338
4078 2.22420797803478
4079 2.3570394389721385
4080 4.648947613178087
4081 7.479818647964874
4082 8.222738339747012
4083 11.291772145852983
4084 8.66955448928532
4085 8.905386200954585
4086 7.094379111983706
4087 9.073759464726962
4088 8.541891107496824
4089 7.1402465258374885
4090 5.63255014754865
4091 4.520842698861559
4092 4.696579480379671
4093 4.777001193039189
4094 4.981651096906894
4095 4.946966853610755
