 0
0 2.823653537062257
1 2.1737542006392583
2 2.3685648479348704
3 2.2548097592044494
4 2.1796070326581134
5 1.7506500388581516
6 1.3912814220440024
7 0.7341558784315708
8 1.2376649798114403
9 1.3598006502334559
10 0.7408657877401592
11 0.85024295033812
12 0.9998879612207556
13 0.6603426482664395
14 0.45280384102609333
15 0.38949080555554466
16 0.5605134005091372
17 0.05505556430951609
18 1.4237210484615585e-05
19 0.023117824024655172
20 0.18409322061550565
21 0.1906854724114962
22 0.0037575154776364667
23 0.04402043518456072
24 0.2518600656694441
25 0.29551498504914575
26 0.4762844804170666
27 0.23158535955658438
28 1.840670689527835
29 2.8613470887099735
30 3.1675597477001514
31 4.118304359730399
32 5.085751668132417
33 6.149014990499544
34 5.968039914795399
35 3.796448018821555
36 2.913551031757359
37 3.2517379516148224
38 2.872102154587724
39 2.5297432256859333
40 2.4417767003772832
41 2.133639338919309
42 1.7050105912253462
43 0.9453065971509735
44 0.9934246430397782
45 0.5648834573594129
46 0.61716495853597
47 0.8511034866279811
48 0.2537291702559534
49 0.007516956397069255
50 0.008897539197330957
51 0.0014159970908202508
52 0.005119492666656153
53 0.009690078804196835
54 0.0025326738540795263
55 0.05138741332044753
56 0.10012908856592054
57 0.0010067365304618648
58 1.3769093705015282e-06
59 0.0002525936947600191
60 0.027937476611248905
61 0.006041127010387204
62 0.007950915627173191
63 0.11617517490417399
64 2.2014804841487963
65 1.8336812913700338
66 2.316302399077518
67 2.10442816822327
68 1.899053564803067
69 1.8826538909893347
70 1.5692892733981012
71 0.6872805610203592
72 0.6469848897641697
73 0.2683121356729418
74 0.016219913445089534
75 0.06782562695449632
76 0.4614214092277016
77 0.5765302751994755
78 0.7383171523761788
79 0.937221317702987
80 0.40340477853477974
81 0.1785324396410296
82 0.10726480831774372
83 0.12486408239176441
84 0.14720490276494202
85 0.059898873563727285
86 0.06716688654385067
87 0.27783895447595014
88 0.4112354622447301
89 0.63149421935666
90 1.1827705531775021
91 1.5575130987350025
92 3.4088393330694013
93 3.639888715045983
94 4.022848515120757
95 5.054431529551918
96 6.518993668260316
97 6.4736636104676215
98 5.795310095434484
99 4.948392734167273
100 4.361446805491336
101 4.624676062098902
102 3.2354280440482226
103 2.6540566539374435
104 1.470749912704205
105 1.2421510933061168
106 0.6397782573507845
107 0.2980247552432555
108 0.2597701287826092
109 0.021189238050708572
110 0.012222497785843802
111 0.01671002576250447
112 0.006098738415174567
113 0.09738536713385017
114 0.07279275532670461
115 0.03702346095575013
116 0.06169986523433781
117 0.0338413251225752
118 0.00026519161641406716
119 0.0024901456321606967
120 0.0056658182456383365
121 0.04651641117946463
122 0.0016481693241473926
123 2.022031320977608e-05
124 0.02101525916191731
125 0.00244444886238173
126 0.057426592676705086
127 0.02703236994842851
128 1.6814292496344496
129 1.558195757215716
130 2.106125532675447
131 1.576580503526101
132 1.7384452651039313
133 1.1501616843940787
134 0.4552492249259437
135 0.14489520303362258
136 0.15634315852416242
137 0.20020812501782623
138 0.00528766253816256
139 0.06841844744481872
140 0.034307861767774
141 0.023063666452286618
142 0.03520011598469716
143 0.14484017976729036
144 0.02505683287441054
145 0.08609402717305548
146 0.1570447219946847
147 0.07797370473672116
148 0.09526698813994444
149 0.036971618027438105
150 0.08477063105378875
151 0.7541801200967542
152 0.9792618058809124
153 0.9572949134298456
154 1.1677728223914239
155 1.9849184799535413
156 3.5071526784319884
157 4.027961937101922
158 5.627547691986465
159 7.290638172972929
160 9.511383006326502
161 7.820206013978865
162 5.795695524948832
163 5.13521315677971
164 5.031738072017214
165 2.943169691809702
166 2.612520234077599
167 2.288325556211207
168 0.9438373524322031
169 0.9613568766611321
170 0.5314748008508111
171 0.35313453032368414
172 0.08471547246864786
173 0.03414555580672813
174 0.10677615476074503
175 0.00688353833695617
176 0.05206736472111817
177 0.33187521631957956
178 0.06495353083213587
179 0.02724247855916726
180 0.039466046303116245
181 0.05351469832416801
182 0.026964181390718357
183 0.021837923672517745
184 0.00856195692507509
185 0.0905402068126889
186 0.0014545801312513843
187 0.13997803762597133
188 0.09080837443705475
189 0.03432415542059131
190 8.324181260866331e-06
191 0.033786566909125224
192 0.8888054225883748
193 0.4745626142529794
194 1.5704720860420016
195 0.4799763481499314
196 0.23305614674628863
197 0.9785226646897165
198 0.41624887413818096
199 0.06263470389599779
200 1.9205709587856382e-05
201 0.000642043769394132
202 0.06182220407044622
203 0.006637082695739055
204 0.07031259123296504
205 0.14086828888656472
206 0.059429075867609905
207 0.05800327364142796
208 0.001049441465581505
209 0.01563799717277685
210 0.05338792254838493
211 0.23534109610802428
212 0.006108890825271689
213 0.009056722883234874
214 0.4664570990808531
215 1.0136996364729556
216 0.747886681940683
217 0.8551164575622494
218 1.0253453810110211
219 1.0800365921121293
220 2.648175400304716
221 3.5049573251540123
222 5.283690675099138
223 7.792538161797607
224 9.79517840280313
225 5.514507165819696
226 3.440318453633184
227 3.3084942103319768
228 2.5450549465916943
229 2.5755954021834047
230 3.24381335851076
231 2.868104553456529
232 1.5868617442504052
233 1.2126634878542695
234 1.2368483731645714
235 0.8842144132664365
236 0.1470599899640743
237 0.005269227533456562
238 0.006865208806996303
239 0.004549779502607114
240 0.05257180389946637
241 0.298417625079461
242 0.2780778966243879
243 0.11381842169631362
244 0.07597924229154675
245 0.1366568959148489
246 0.10062832163016161
247 0.005045871178765275
248 0.12389379401937836
249 0.019104915025198267
250 0.01634715116900258
251 0.10124798332298675
252 0.029315092525222856
253 0.010213118623900652
254 0.2632243963937898
255 0.5723659011592956
256 0.6564840015456024
257 0.04450526495018484
258 0.30243823919595797
259 0.31254387113372634
260 0.002953642644306149
261 0.6410121317733765
262 0.6989025110127081
263 0.3250233745907114
264 0.7028054306655893
265 0.6949477425521945
266 0.20593521835126033
267 0.2826783722102926
268 0.33959438034807116
269 0.1713439749425465
270 0.1032956276119535
271 0.10227367180162997
272 0.02395042048216385
273 0.021743005959056445
274 0.00695381660179
275 0.019605841736566952
276 0.4212939742299723
277 0.9769501948958808
278 1.3758964971215768
279 0.8619395848906285
280 0.5176149641206782
281 0.9561145144398677
282 1.2320974357799002
283 1.2782233496556885
284 2.282326288651994
285 3.0284186500817856
286 3.6118389300507125
287 4.668430046467455
288 5.693977087689972
289 2.836315510363735
290 1.8429376874321124
291 2.0529998396285345
292 1.893036783799347
293 2.8893545188304635
294 3.1475854660369698
295 2.979948867048256
296 2.764954343136024
297 1.9521710459917123
298 1.3524693398132872
299 1.108971964770463
300 0.15552665156600526
301 0.10724185470051491
302 0.011348639072579844
303 0.017423468759676156
304 0.21198791124910227
305 0.3575000212928028
306 0.3436708705199544
307 0.17437861160341048
308 0.2667076781689342
309 0.5964780042493637
310 0.08907269889517591
311 6.934613893319056e-05
312 0.07228133525437533
313 0.04198878041310142
314 0.00032283760962729404
315 0.035455112241715055
316 0.29975583347450335
317 0.5016202253059001
318 0.6143033247008924
319 0.6392025583362612
320 1.3016607007536902
321 0.6332933302376612
322 0.07559181044337569
323 0.12115427550324952
324 1.5352608635238416e-09
325 0.5977529526086834
326 1.1633978195628902
327 1.1289448853961974
328 1.3488930808637185
329 1.85792128643333
330 1.5689014668345378
331 1.186285326288078
332 0.8296031152379746
333 1.0230097804568083
334 0.5623956325598433
335 0.28678458175528015
336 0.052825118140697215
337 0.00017662543029684543
338 0.0021704402150895838
339 0.0014600271084702727
340 0.002840731808924558
341 0.25130663282206456
342 0.6860441028462878
343 0.712590838057399
344 0.5766497626438907
345 0.46893375570508755
346 0.252440069880324
347 1.321238170951471
348 2.503395148648022
349 2.7292984263485285
350 1.6460201189503532
351 1.4226425573874772
352 1.4184003904154419
353 1.9862730488081406
354 1.6849294756649296
355 1.9908057238076688
356 2.751258140637374
357 3.387073065105449
358 4.0181365802383135
359 3.5324775803100197
360 4.453254772821825
361 3.426155826621689
362 1.9226703024364116
363 0.8101179628179396
364 0.7788576306842616
365 0.5048327541562183
366 0.17228353527837081
367 0.030966067938666193
368 0.0027559178385682657
369 0.02135791068519352
370 0.05548611694336452
371 0.11034263090804947
372 0.31383089603512915
373 0.3885878374582686
374 0.004557024735810226
375 0.02517316604349744
376 0.019410140820988887
377 0.08584330573689847
378 0.26950547861081703
379 0.09643564168856647
380 0.48779303383182554
381 0.6267822737429626
382 0.6915192292151902
383 0.7674486989204881
384 1.0389136989758265
385 1.134001229908427
386 0.36049274725537994
387 0.005922579950429638
388 0.0007987384067922596
389 0.17079100975539588
390 1.6479039317349626
391 2.4700480787253776
392 2.472802480536374
393 2.6068085795067373
394 2.384964497046112
395 1.8896291494654065
396 1.3662432697033784
397 1.5885705805876458
398 0.4894299119040509
399 0.08627913572846499
400 0.06206154425517305
401 0.017271800574734555
402 0.01781121265312687
403 0.16702767468862126
404 0.28636344971824784
405 0.2396508944902615
406 0.43834271777873
407 0.6791172372289574
408 0.27884115373851176
409 0.023892967773166785
410 0.15935021449900855
411 0.8427881423001597
412 2.2419061015578388
413 2.0233932570673927
414 1.257571560554454
415 0.8725182574175265
416 0.8118537385467008
417 1.6009012091169377
418 1.0674136502873115
419 1.1462538618814175
420 1.9679369586907025
421 1.993715630683778
422 2.438760074301743
423 2.1229990771649345
424 2.7356353491544096
425 2.9879986421982188
426 2.5385671881608673
427 1.37036508827201
428 0.8559151074138956
429 0.8020758684845134
430 0.4388544723244683
431 0.96014056738964
432 0.4997509427791305
433 0.19787228650413896
434 0.00485768203416059
435 0.005550464048136479
436 0.07108188776527691
437 0.0019190501174911217
438 1.6767592890112677e-05
439 5.8867301570868e-05
440 0.08849184202204886
441 0.0026745041068507083
442 0.09298797163140259
443 0.2385214909144088
444 0.3747909853472687
445 0.3031443285950868
446 0.18435703583769805
447 0.38386276374290645
448 1.1145189224786376
449 0.8800221794852441
450 0.7487007004775463
451 0.03656990437130651
452 0.0001346557727206343
453 0.022702154743024464
454 0.6065893993233981
455 1.9267059637678101
456 2.4125875148963503
457 2.841535700271367
458 1.9235500878342882
459 2.2058004947913217
460 1.8561036556322843
461 1.7517571744482265
462 0.908119338795337
463 0.933565717120588
464 1.5746417703080184
465 0.804857118168109
466 0.005643000581706556
467 0.1248414736515394
468 0.948304336536664
469 0.8448162406595442
470 0.6959823245718973
471 0.445288201539991
472 0.15001576611384856
473 0.07204561280401213
474 0.2762160509579131
475 0.5860301528948714
476 1.257430470961528
477 1.105503418239524
478 0.427148930257722
479 0.6550128357899886
480 0.6482697129406183
481 0.6025882657609446
482 0.11564670117306879
483 0.3165092063364861
484 0.8088560425738516
485 1.3110766729236967
486 1.3511080820632313
487 0.6841822001232886
488 0.5728325756348186
489 0.4381413922723914
490 0.4413335391479825
491 0.119012861484292
492 0.21333353784058814
493 0.169973807898613
494 0.731681806799
495 1.420615178407659
496 1.6202116998992224
497 0.597649724981766
498 0.23227278269263504
499 0.07348432247628071
500 0.14479436320815042
501 0.013128973946973085
502 0.007737747645733564
503 0.008775574245496331
504 0.009349306277486542
505 0.001003875038633205
506 0.0030645033569303677
507 0.01722413261808671
508 0.40717058276367013
509 0.3416897392326857
510 0.001098142822677935
511 0.05904573179902878
512 0.6366816753544038
513 0.7550873966372167
514 0.9701600448476259
515 0.6816206370918347
516 0.010069238991053326
517 0.0038973474621866546
518 0.08427953000256441
519 0.9485489124037874
520 2.5244873609583123
521 2.4918462228894493
522 1.7430853659356509
523 1.7795233433231028
524 2.074794834358036
525 2.172129913373672
526 2.504436378029838
527 2.9470136322805267
528 2.7535001289009506
529 1.2290324669432742
530 0.33122786165422063
531 0.013614150200607718
532 0.6857634859306427
533 0.6633026268363832
534 0.2841251776321694
535 0.1608960908646566
536 0.15479969988577055
537 0.1742443569943122
538 0.6684420960576261
539 0.37514209742771754
540 1.2920868141853639
541 1.0782349687225183
542 0.13621613016011588
543 0.06418266693959251
544 0.0571729923752503
545 0.04518593920887866
546 0.012752007215193904
547 0.10300902340512291
548 0.4669250807306301
549 0.4872100929952116
550 0.35031925055254387
551 0.1807947791471139
552 0.42018914647724603
553 0.13614424886987495
554 0.01944780192106975
555 0.053290896318702
556 0.04512192161054512
557 0.037421281565293465
558 0.12684397172713913
559 0.6464476785372278
560 0.8769887326648137
561 0.31491791114710344
562 0.23022265228100938
563 0.09553122738243941
564 0.031246989720778565
565 0.006382011265941059
566 0.008104014692611565
567 0.007623000767909334
568 0.047306931095187466
569 0.0002509336875470609
570 0.001005381748732717
571 0.008379014219275928
572 0.2167217519215971
573 0.046120638685439724
574 0.0017405764706465803
575 0.009625939736669998
576 0.627193634602037
577 0.569690833316057
578 0.8198732939097283
579 0.7364110215156925
580 0.18953649646411944
581 0.32287492827706565
582 0.19674432413339735
583 0.09675177867932516
584 0.4429250477802186
585 0.529804230578705
586 0.414964031346081
587 1.0944505878114175
588 1.5842571395352107
589 1.732040489212345
590 2.5126953820477165
591 3.0325969820960497
592 2.4061510783165843
593 0.8829800774445317
594 0.0189144810795984
595 0.0025026662935131606
596 0.12267854840159602
597 0.010998541858969537
598 0.0007042551601406894
599 0.0283554081182006
600 0.19824466666649396
601 0.011156268616801666
602 0.1697126120929356
603 0.27252086160711403
604 0.5585133975131198
605 0.6651334327414776
606 0.6795378992443201
607 0.501515563385496
608 0.13438277456808526
609 0.041174488870046544
610 0.08801179277721972
611 0.14518465703626612
612 0.02044864086173025
613 0.02303822675431719
614 0.005733445345116404
615 0.20349161602123714
616 0.1416324564351786
617 0.03180358462951842
618 0.01531495189207275
619 0.1201812185429815
620 0.0056506234445866605
621 0.0008979673026967161
622 0.03704356526322661
623 0.3617259949238703
624 0.09536525172931794
625 0.018990897359270065
626 0.006188989878373668
627 0.007694138858222673
628 0.06902597286708213
629 5.550016215160932e-06
630 0.02006884109981707
631 0.1462945383454063
632 0.16997401420514271
633 0.021533071825993264
634 0.0003557684867743059
635 0.025948710791424846
636 0.014645851758278173
637 0.015453775678361443
638 0.07646004048807735
639 0.10201724924609898
640 0.5508365393310831
641 0.4306248214065834
642 0.6654916148371094
643 0.6278106444226058
644 0.002580121704538263
645 0.13627007859675816
646 0.5430847612504738
647 0.7857872285867825
648 0.2731636697204092
649 0.006573948226272932
650 3.817305130639837e-10
651 0.12891251967802422
652 0.2454448319090473
653 0.46958898999027315
654 0.818386646856186
655 2.253909903268076
656 1.6299067814873502
657 0.9638663437490276
658 0.18226994309361552
659 0.25351172003073646
660 0.040249517381501856
661 0.02395721971327857
662 0.06024670533154918
663 0.04623900334777656
664 0.1241162524486547
665 0.03557517011100874
666 0.05236567736755199
667 0.0004969237315999767
668 0.7433623373399685
669 1.1304818117530777
670 0.9932039583615594
671 0.4471323260225002
672 0.14843492344834378
673 0.010643558067388216
674 0.23304274256548532
675 0.4516298819954563
676 0.09310082186671967
677 0.027797672876347303
678 0.033085948921228264
679 0.09870511215751075
680 0.2048809259840334
681 0.5137020340168265
682 0.27071579974277166
683 0.017406425008017857
684 0.034905740189414024
685 0.014824596617057406
686 0.04153893877488546
687 0.21762348674572218
688 0.024853753006231077
689 0.0003443780065042965
690 0.21352577499404674
691 0.42006917220856815
692 0.49294488773222916
693 0.28642911108896457
694 0.17675430687412771
695 1.367177327795537
696 0.3711385725563592
697 0.2458553977970426
698 0.1309939598861113
699 0.040544179522350794
700 0.029264910439469386
701 0.001999070590347016
702 0.040938717835388876
703 0.061743743205403635
704 1.6041796886188058
705 1.027899230853921
706 0.5421518616639311
707 0.8532421633157559
708 0.19873701678313738
709 0.02382587179182147
710 0.08441004169749464
711 0.5598790405648694
712 1.6569518397004368
713 1.6639019101963006
714 0.3473299405535845
715 0.15072327293153534
716 0.03654138041582691
717 0.0005459481353172717
718 0.2761905721155864
719 1.2716717476653123
720 1.4819994510296253
721 0.6804443583244834
722 0.1592216832007542
723 0.20529199839994852
724 0.04039570910590173
725 0.007416397282624155
726 0.16188706543879436
727 0.329469315956265
728 0.3653882963030674
729 0.05574424806053453
730 0.004971251487512857
731 0.0007434056130028611
732 0.8366003151645323
733 1.2170856314574436
734 0.6561818782810543
735 0.2521673722614626
736 0.06414323318539818
737 0.02000895818513899
738 0.08216482439395864
739 0.020897169196771728
740 0.0012510486022772511
741 0.25401742718121056
742 0.23233901703945012
743 0.14865657537696925
744 0.16977428550983242
745 0.15050246014676016
746 0.19240422208447824
747 0.03909755191592711
748 0.002837168403946051
749 0.14942480026566285
750 0.2911275947660358
751 0.21278368490994587
752 0.20031417054687295
753 0.5287047849272026
754 0.9247965355449006
755 0.9807386886802409
756 0.820659148266673
757 0.6007410274932602
758 0.3090794474114694
759 0.9208506685171391
760 1.1839583244122758
761 0.9575808482622878
762 0.3861236507141763
763 0.36373621396304595
764 0.14101593241602461
765 0.03238935296522063
766 0.04804119572776515
767 0.0019847296546220347
768 1.6667124360506025
769 1.1611434986830538
770 0.621992835376087
771 0.9690062714462108
772 0.24840956825208568
773 0.000531046011322417
774 0.14844994037728557
775 0.24358831078100882
776 2.1761259984276298
777 3.069035628096208
778 1.4309676478988838
779 0.6367052557388653
780 0.5370649309846857
781 0.22859863083463808
782 0.025718456868835414
783 0.37184008819817677
784 0.5743716038080986
785 0.48550910995979335
786 0.2906908589400263
787 0.17400913069446022
788 0.3439863561986558
789 0.4403431486265975
790 0.7276759654056627
791 1.26943663469481
792 0.9804645758161624
793 0.6272225108999654
794 0.7381184305852174
795 0.747974807122675
796 0.02493973283186593
797 0.00504138558998737
798 0.03377425736994366
799 0.09024051585884084
800 0.22190673230983976
801 0.05540415743310728
802 0.20302593449782955
803 0.01564535394115204
804 0.1398500861518029
805 0.3125203407827764
806 0.01521185901768206
807 0.026766463131929943
808 0.05569266837624236
809 0.04353642658154592
810 0.12716978660417025
811 0.16590466349510422
812 0.06059210405613459
813 0.09440819984454804
814 0.07905524595582948
815 0.2453864304261648
816 0.2491773950798188
817 0.35684748884647377
818 0.8612735954486306
819 0.8925043635578976
820 0.9287292580416386
821 0.7521923228691345
822 0.5689522790940725
823 0.692508660928124
824 0.9030632227303423
825 1.1111403523945151
826 1.3800571647393605
827 1.0765598072551876
828 0.9991006439700366
829 0.6718742805728737
830 0.3588038836506924
831 0.28924462621083075
832 2.6349483675147165
833 0.8840851564082716
834 0.2902606142187052
835 0.21836981376783246
836 0.007107475595967287
837 0.03652389653339101
838 0.23912062644458312
839 0.805906845057789
840 3.497410897379609
841 4.001745809702545
842 4.53611823068052
843 2.5350739982644206
844 1.7698353231370905
845 0.569544853150564
846 0.0029784788943700083
847 0.0912956068606487
848 0.5101375330943259
849 0.9861572964718103
850 0.35888287769578353
851 0.10129529265576664
852 0.6614218081711942
853 1.41835021839636
854 2.3244135799102046
855 1.8456116214054195
856 1.6266310746771564
857 0.9811381735643143
858 0.7755437902177353
859 1.4694544075800888
860 0.7458155102900207
861 0.34833306553335225
862 0.46987993898858504
863 0.3043547232552714
864 0.11598429004092951
865 0.3764792096661806
866 0.046042020187247984
867 0.014946427879131724
868 0.0338672893268323
869 8.46334255905282e-06
870 0.45896899097118266
871 0.2903640626993912
872 0.046853176332453415
873 0.0009031490794966916
874 0.016708831781307935
875 0.012741205002585916
876 0.07088944679897408
877 0.19948953831897054
878 0.3136240027968278
879 0.5760665119515491
880 0.9065978847703289
881 1.1558894542223672
882 0.9655272766582274
883 1.018857680268384
884 1.7415676447167876
885 1.04029974371767
886 2.184248194259287
887 1.613384424099322
888 1.2342007998126383
889 1.8247711197276015
890 2.413061215744762
891 2.379317145735322
892 1.452591466469827
893 1.5667461315770275
894 1.9995299159056947
895 1.2165850185120544
896 1.9028014350431472
897 0.4278171828795063
898 0.0023548182583607636
899 0.006455857220899126
900 0.005872825432454649
901 0.10873015834714399
902 0.7756539341034825
903 2.2577911074208017
904 2.9806397799296067
905 4.4731640869196845
906 6.841763537053224
907 5.677905385355842
908 3.132282027302492
909 1.4566208490149144
910 0.5385903493641744
911 0.1708997956838946
912 0.030372375479903235
913 0.36168612976256326
914 0.17823045550626693
915 0.22025002290013623
916 0.25112723293708017
917 0.591626434534899
918 1.4858512235095576
919 1.2067740087319103
920 0.4348049492345511
921 0.448482901014369
922 0.3083307193375883
923 1.28001792597023
924 1.1513880926949376
925 0.4293770604933912
926 0.5346863211660867
927 0.30799396262327566
928 0.39315656715548897
929 0.3554787517614048
930 0.18959774040843652
931 0.3007884469717124
932 0.0033802058411452575
933 0.09337722959421242
934 1.5411543687250777
935 2.3094551680632636
936 2.5451227443182005
937 1.2197227566189628
938 0.38873298711657345
939 0.6806594772483704
940 0.8455217896397724
941 1.3033449790374092
942 1.764351496148777
943 1.606159559458671
944 2.3034660390754764
945 3.3839427643342943
946 3.793155974585442
947 2.827516926747876
948 3.0541569127826462
949 2.524814127783631
950 2.3844122109318886
951 2.4029555719308973
952 3.907614089692289
953 4.1931186694838365
954 4.073180402354666
955 3.128619631172463
956 2.3391214098629733
957 3.012589164570891
958 3.008604174945373
959 1.6618022745731083
960 1.7481184837271255
961 0.7917023567121713
962 0.0037267925706344876
963 0.022783593144896724
964 0.08570336485153976
965 0.24820651325037058
966 1.3923252629843537
967 1.9620032900473487
968 2.01141526444238
969 2.809390918470564
970 5.864324936199743
971 8.941690581014845
972 6.3134478218381105
973 3.566756349901962
974 2.9103178612825746
975 2.265970086097298
976 1.0189287748685003
977 0.36163092137197805
978 0.052049409280390375
979 0.09202629284061323
980 0.017965830288019378
981 0.13621836458308156
982 0.3657413795546276
983 0.4177256850310478
984 0.3820596630319731
985 0.18944852614917707
986 0.015403796955157756
987 0.008687986708443212
988 0.11422707743284136
989 0.14475528700016277
990 0.20001549874039598
991 0.1551899755421904
992 0.11636080018507997
993 0.0016082103671474454
994 0.10697011064677815
995 0.018134137536750663
996 0.020486695602623207
997 0.4484112358579449
998 2.8531179423715125
999 3.5038553622136845
1000 3.8344769535653143
1001 2.2990060490169215
1002 1.0790465832264446
1003 1.4202601017888705
1004 1.5020338232498764
1005 2.497631651026066
1006 2.718607803518735
1007 1.811245024485963
1008 2.3752698392982787
1009 4.003883854129025
1010 3.29748465883802
1011 3.3125201682814756
1012 3.6357293617964412
1013 3.9452992604799486
1014 3.0262283207707994
1015 5.02760104231757
1016 6.973742003327039
1017 6.349275779772605
1018 4.437926413579665
1019 3.9342380851022813
1020 3.596487296794336
1021 5.284122276728344
1022 4.258560077074696
1023 1.9281269854940677
1024 0.9662037148622967
1025 0.44895343907113733
1026 0.002379579561863242
1027 0.038197747867897355
1028 0.6097363130318654
1029 1.3542415283301423
1030 1.4541819938268874
1031 1.1917916315802677
1032 2.43340279863948
1033 3.3398776698721844
1034 4.879657961018004
1035 9.745743888492585
1036 9.805521378402867
1037 6.9258220862915385
1038 6.29667484526462
1039 5.0788004652838525
1040 3.55705668002454
1041 2.36003282419483
1042 2.0191834104284037
1043 1.052529888464934
1044 0.33711149043064276
1045 0.10423785995054659
1046 0.005365266055768209
1047 0.006661486799023401
1048 0.05907882633539918
1049 0.19727093963451306
1050 0.05500355593278628
1051 0.09778052041372991
1052 0.16418696530973198
1053 0.14774320854516723
1054 0.0012989774013841267
1055 0.11011325593878941
1056 0.13536022026099762
1057 0.46617762159659104
1058 0.6260734224717557
1059 0.2949467792136971
1060 0.5157456971378028
1061 0.0013687934432371181
1062 1.5126450810428511
1063 2.0256770032213045
1064 2.4325284934852633
1065 2.274963729315872
1066 2.367245878648372
1067 1.8306627119077579
1068 1.925619612816458
1069 3.5823436371392248
1070 3.454176492110684
1071 1.9857656198000666
1072 2.492731718553449
1073 3.1907278242053274
1074 2.569102463678699
1075 3.245921091903649
1076 3.9355972919558004
1077 6.733386359878241
1078 4.607664702142875
1079 5.208797179870013
1080 5.7696926674368205
1081 5.084470424539764
1082 4.862752089779994
1083 4.805085628879331
1084 5.039978498812537
1085 5.301067174152396
1086 4.5456977564598695
1087 1.9352610130133794
1088 0.7127057616541592
1089 0.3382470714430451
1090 0.002218832059259135
1091 0.013080899553757465
1092 1.033922383422086
1093 2.300082639205452
1094 1.8426582468507686
1095 1.5119431132184904
1096 2.545266882165817
1097 7.437156791116607
1098 7.2577176031931785
1099 8.337691632976135
1100 13.59528341584696
1101 14.376147875970904
1102 9.742339463394877
1103 7.418057441727982
1104 6.519841244586383
1105 5.556417504318452
1106 3.75882481649021
1107 2.324385991569801
1108 1.2583762659528763
1109 0.48788460454882476
1110 0.25925596894787034
1111 0.18707418605667764
1112 0.07158383324551679
1113 0.025864739340503227
1114 7.368951910058868e-05
1115 0.006665402868739808
1116 0.06867573935084084
1117 0.0074695667061417635
1118 0.03357378055739438
1119 0.6116903783336545
1120 0.252930039916885
1121 0.41197428843226086
1122 1.2567228306034923
1123 4.372937168586551
1124 5.487923634940425
1125 1.2142493305366082
1126 0.10207701942500201
1127 1.1838782592847712
1128 0.9602231321572463
1129 1.2207369182887375
1130 2.916240990926786
1131 2.673846232076114
1132 2.5217296519789554
1133 3.282106299871585
1134 3.183775370010702
1135 2.8480519918545664
1136 3.2161920415311815
1137 4.383906399865382
1138 4.796780292633999
1139 5.784312587867084
1140 7.464236114696579
1141 7.282811821501383
1142 4.861968245798691
1143 4.251912848992493
1144 3.6563471233185716
1145 3.5044866893298963
1146 2.9833040301975755
1147 3.6815390355606064
1148 6.2523377305468895
1149 3.8815884228041027
1150 3.0878903832062146
1151 1.9277693392537856
1152 0.6694043249678637
1153 0.2521047721589012
1154 0.027375443455442492
1155 0.2876675479774015
1156 0.8619109363451514
1157 1.9877819656294513
1158 3.887398846712701
1159 4.7011619549240145
1160 5.179832807635815
1161 6.906158222716385
1162 8.384634211742048
1163 8.787314046240898
1164 12.508389777633674
1165 16.514904181854806
1166 14.934475352639742
1167 11.083718459709376
1168 11.043434649223189
1169 8.553904402908804
1170 7.173364502816098
1171 5.677728314136292
1172 4.794576458783517
1173 2.436899462179184
1174 1.005335888572138
1175 0.5080765663617585
1176 0.1336180941090958
1177 0.19446437001657427
1178 0.5670597370155895
1179 0.585038806372927
1180 0.6515070926800642
1181 0.26576561866896253
1182 0.3159341781200662
1183 1.0175527547320145
1184 1.1235521923728653
1185 1.6721141698369344
1186 3.7681870419093686
1187 8.225744120985887
1188 8.911483768755282
1189 5.756012807125137
1190 0.9571055316946424
1191 0.04866423290029673
1192 0.1910458841027485
1193 0.5634044484984071
1194 1.1283584887031153
1195 2.236750861749415
1196 1.2180663076039024
1197 1.491091725984534
1198 2.031546622478019
1199 2.020002744112308
1200 3.157496741194096
1201 4.479465462445627
1202 4.758250989094136
1203 8.149259485551177
1204 10.431781718947645
1205 9.634407089353525
1206 6.68201274218936
1207 6.144181543437727
1208 3.63259084017124
1209 2.4790959685445566
1210 1.8571313570212855
1211 2.2967910773812688
1212 2.8899806715809055
1213 2.1965175456730517
1214 2.403135488282234
1215 1.0629025220611124
1216 0.6187663938848188
1217 0.1823660983994776
1218 0.0008864504677468847
1219 0.2955082082126302
1220 1.4807636757633746
1221 2.3274378692332776
1222 4.93442648173424
1223 8.662562358508653
1224 9.284872820939588
1225 9.570307490252794
1226 9.123498760904813
1227 9.013816259580453
1228 10.815086856865374
1229 12.765876058969875
1230 16.546921978230046
1231 17.291314424122284
1232 11.751485752116803
1233 11.002746541346966
1234 10.8134058968401
1235 8.574183518283702
1236 6.981869816961991
1237 2.951599810388845
1238 1.169657030634076
1239 0.42526604496671055
1240 0.3715230314726884
1241 0.18508963090022268
1242 0.6898294448930807
1243 0.7876407756950361
1244 1.5403315219367588
1245 1.9181868226665622
1246 0.9269720869777301
1247 0.9296865477078389
1248 3.3283260702149757
1249 7.0299286907191485
1250 10.74075543302183
1251 12.338129264969334
1252 8.28990120721357
1253 6.141687480146344
1254 4.810985804495345
1255 1.3629043091846922
1256 0.07475801581499443
1257 0.13215006508497604
1258 0.5692825210599656
1259 2.2051684103519085
1260 1.4749415055485369
1261 1.2333840326965928
1262 2.3574825242641344
1263 3.8921302093176138
1264 5.532561081515614
1265 8.504274570930832
1266 9.304222690190398
1267 11.662962364059505
1268 11.93370265156687
1269 11.930903627610455
1270 9.186022793724995
1271 7.891315044841926
1272 5.214690186893023
1273 3.2574079409434105
1274 2.577729262574955
1275 2.6387897566187344
1276 2.8225361392675663
1277 1.5100059928118033
1278 1.4312219675953426
1279 0.5184953419422095
1280 0.08788477099827523
1281 0.000171378868358385
1282 0.19819916307879445
1283 0.521291511436448
1284 1.9289633854893862
1285 3.232257268589447
1286 6.08370019538812
1287 11.286712376887529
1288 12.137320810071051
1289 10.665216070725865
1290 9.44032678160868
1291 9.367122017005686
1292 9.137067378884224
1293 11.44126050820639
1294 16.047627516672627
1295 17.221505429321343
1296 16.269452052967974
1297 16.560164506418467
1298 14.646831010131747
1299 8.813401165346848
1300 5.8230177594516785
1301 3.7420147021977352
1302 2.3509489279084517
1303 1.0578688489486217
1304 0.38292764142631597
1305 0.44045014361888546
1306 0.24828955851565837
1307 0.34184177345767935
1308 0.7785595925499419
1309 1.4072294621251982
1310 0.7631883756448585
1311 1.1815749525474304
1312 5.141887479469654
1313 12.518126850868288
1314 21.554135345312332
1315 20.05039140447422
1316 14.764290011715474
1317 10.06893505872223
1318 11.352037281739657
1319 4.671664137506585
1320 1.3211825034237064
1321 0.023172115541322338
1322 0.2849860619696598
1323 1.8541438222765643
1324 1.5759956098710959
1325 1.4963203224602426
1326 2.724070051400283
1327 4.196402795927575
1328 6.189005218103126
1329 8.048271534646144
1330 9.59404970766911
1331 12.237118754847474
1332 12.125010195463192
1333 14.783589035938544
1334 11.936947146575436
1335 8.509819775184052
1336 6.150873874943525
1337 5.440108372425504
1338 4.049048280708107
1339 3.951283093923882
1340 3.9892772384911654
1341 1.6349200241621507
1342 0.7810864377796836
1343 0.19930774798638173
1344 0.21595415234995338
1345 0.0029781063444565647
1346 0.08393868275107834
1347 0.7111062236320409
1348 3.651249701659463
1349 5.435209420089091
1350 7.802322289737071
1351 11.94966810196599
1352 12.055092006651662
1353 11.36136334486906
1354 12.260303315122469
1355 10.026302465711463
1356 13.240964528325938
1357 16.42549567588673
1358 16.429443090726416
1359 16.50280796517709
1360 20.83748602081322
1361 21.744356884963224
1362 17.14079506705321
1363 11.395897890342642
1364 6.286301786071758
1365 4.532012375441699
1366 3.657863160008472
1367 2.2619395948068863
1368 0.6683049365403732
1369 0.10066778853745793
1370 0.14345860653914455
1371 0.04018968024583788
1372 0.27399321575427904
1373 0.600875876372325
1374 1.0183484443759656
1375 0.6337575472214835
1376 4.20064941724931
1377 11.688906982725364
1378 20.14585049046618
1379 22.890743128787797
1380 17.916037500075696
1381 14.975658381014087
1382 16.351379871893652
1383 9.204820692048614
1384 3.8000641629545138
1385 0.2829870891618772
1386 0.10234091357395898
1387 0.23887535757174888
1388 0.7165913353811029
1389 0.6843891902653177
1390 1.5883712548817641
1391 2.9914780529463836
1392 4.921561247592043
1393 7.5288861287918385
1394 8.499298417413659
1395 11.067064976754997
1396 11.474300743623147
1397 15.387801604264293
1398 17.014743261416935
1399 14.90619714923187
1400 7.89197822436581
1401 5.889321187005048
1402 4.145213169490022
1403 5.357406585555654
1404 4.562921747395295
1405 2.918532311075878
1406 0.9138798427253693
1407 0.2906203061213722
1408 0.2619171328779872
1409 1.7441881899313506e-05
1410 0.1628410942980661
1411 1.3145745906245418
1412 5.869269630882623
1413 7.278037512923049
1414 7.230959782742311
1415 11.62596509115733
1416 11.474172602089988
1417 12.700245409009577
1418 14.423740333023467
1419 12.98968861795242
1420 14.782583821944819
1421 23.606467166112054
1422 21.485563301029405
1423 16.307734325528905
1424 16.867860340638977
1425 23.50106682236274
1426 19.263044526106736
1427 15.063686434374702
1428 8.792462261169238
1429 4.923279979955242
1430 3.611359891408835
1431 2.5878826924434315
1432 1.307246653137859
1433 0.5307292519275163
1434 0.41625630868088914
1435 0.31070867290283677
1436 0.10609680189687147
1437 0.8042085973666621
1438 1.5120548068514958
1439 1.5207724824147417
1440 3.016073122960343
1441 8.140276281196883
1442 12.740388431702106
1443 16.541779530383494
1444 15.106293637213644
1445 14.124726109351506
1446 14.387781851052223
1447 6.951996144371757
1448 7.038170309532264
1449 1.8250318189795247
1450 0.025982138676146578
1451 0.002976987234570383
1452 0.019094405659160853
1453 0.26917477335977674
1454 0.4699340732956931
1455 0.8425462346483247
1456 2.2208845242585467
1457 4.894253283863092
1458 6.637209030537159
1459 7.678352913813746
1460 10.121911791587696
1461 12.155420979301544
1462 14.47532749182253
1463 14.284943262963953
1464 10.753434018888363
1465 7.770905126361108
1466 5.45190886764018
1467 3.284659621858428
1468 3.5332198087974276
1469 3.4678512298072657
1470 1.4918610362657618
1471 0.28987618708244234
1472 0.049524716833862996
1473 0.03018898879832678
1474 0.7899385743953374
1475 3.021483309187367
1476 7.807523754697353
1477 8.448437223148202
1478 7.828115244418074
1479 11.827714350517796
1480 11.58646945344105
1481 13.46223577951405
1482 14.781847756478777
1483 16.072497415838967
1484 19.821486075676162
1485 26.742642896916866
1486 29.652348109956485
1487 26.836627996799937
1488 20.599846425728895
1489 24.71405596496598
1490 16.902731303261795
1491 15.097703934693715
1492 7.972953721094322
1493 3.4395082828781067
1494 2.6426942668802376
1495 2.5571689801370856
1496 1.4139903322911318
1497 2.0539242148562256
1498 1.6985622143653205
1499 0.3300152237897412
1500 0.00010964419384017919
1501 0.2564011640790668
1502 1.3440331277240294
1503 2.034485413422772
1504 2.54884736992466
1505 4.9967813527809835
1506 8.079288430928015
1507 9.868907124492447
1508 13.513560646751015
1509 13.62119763335626
1510 16.510841513707636
1511 11.667804216362233
1512 7.9894733661701975
1513 3.8216071130365328
1514 0.5585510549620665
1515 0.26413809478012856
1516 0.0007917899865637946
1517 0.1649210398219525
1518 0.43431783439012395
1519 0.9593035662587732
1520 1.3389906090828565
1521 2.26393046347931
1522 4.253988417771131
1523 6.897330370585879
1524 8.847781296971977
1525 9.102954688174396
1526 11.627949871507615
1527 10.765290334184733
1528 12.159826572710854
1529 9.318212228970298
1530 7.160989254031157
1531 5.974383566035174
1532 3.984791260792645
1533 2.475685950711523
1534 1.9256830637231859
1535 1.3388503904314852
1536 0.0015049148237204772
1537 0.059207823684475205
1538 1.0348044183300826
1539 4.120110494927021
1540 8.227008379921008
1541 8.014278997076314
1542 8.279776628674513
1543 10.815724736863723
1544 11.263594077436483
1545 12.82790321764477
1546 12.918910969170652
1547 17.296034800138656
1548 23.903521620060136
1549 35.55828924790252
1550 34.20048597370463
1551 30.78144167968279
1552 27.835579156719493
1553 29.397216243603722
1554 22.323827147560127
1555 15.372542848031516
1556 7.818022000208568
1557 5.043587585401821
1558 3.5421812284710494
1559 2.286914537379316
1560 1.5338671775195272
1561 1.4502122096081742
1562 1.9384826751228974
1563 0.8865042833417067
1564 0.00033108384415909134
1565 0.001376134739987025
1566 0.9965826031839112
1567 1.426546513512825
1568 1.7930940004320366
1569 3.9260609916439235
1570 6.13158165749398
1571 7.881312877882023
1572 15.044437962606095
1573 15.12454243467453
1574 12.984483325231563
1575 11.60142616207672
1576 8.605889955607893
1577 5.1197597231361
1578 2.1777432563289603
1579 0.673169177448534
1580 0.013073925157953496
1581 0.006695869486028262
1582 0.20805825308196485
1583 0.7832341745897395
1584 1.1071440112512319
1585 2.1866342906215834
1586 3.2020885206401632
1587 5.819631424117207
1588 8.573364772431473
1589 9.513515287671181
1590 9.929224360906918
1591 7.360131692138835
1592 8.77749219011841
1593 9.708644047201782
1594 7.382901319372462
1595 5.715100186233416
1596 3.5142579304469597
1597 2.2034888992275885
1598 1.415496686539817
1599 1.4572818958359535
1600 0.019396444341884353
1601 0.16549277131498777
1602 1.5202037761119824
1603 5.200799758511132
1604 8.09187284479277
1605 9.09900421471319
1606 10.103068299562654
1607 10.73841979600219
1608 11.435171108657412
1609 14.678244820578474
1610 13.786062696307381
1611 17.499559318243715
1612 24.240179003779968
1613 35.35721597316361
1614 43.709592070765076
1615 36.64907559035559
1616 27.302668982104915
1617 27.14382334056314
1618 24.15021287331613
1619 18.789967022368423
1620 11.987518429707158
1621 7.683426968648788
1622 5.105829141402437
1623 3.3477884718730904
1624 2.702648805280536
1625 2.6616521308094363
1626 2.00145413595595
1627 1.019713074776118
1628 0.25115373802511237
1629 0.04673319039180544
1630 0.7418396051521806
1631 1.3737665967957151
1632 2.24093787125712
1633 3.1392481597846005
1634 3.8953490936592723
1635 5.167987372746605
1636 7.661433203550213
1637 12.399297973361426
1638 13.333197385367223
1639 12.052659950229232
1640 8.105382238961987
1641 4.260034978666806
1642 1.8369962745876887
1643 0.14375897279771008
1644 0.04091364389398451
1645 0.19028907839699835
1646 1.111962895147642
1647 1.71076363204416
1648 2.5398550600446703
1649 4.140127014500065
1650 4.50095743745155
1651 5.967313468371378
1652 8.281644340555728
1653 9.986165138851524
1654 9.917801417130647
1655 6.718627047708401
1656 7.0984558119953105
1657 7.618604256056782
1658 5.94625355556627
1659 6.975005644112036
1660 5.221756878995247
1661 2.774401483343096
1662 2.8523155026975964
1663 2.070660144071329
1664 0.0024991548430665124
1665 0.1342099069901381
1666 1.8040449216141934
1667 5.336285935896787
1668 7.099041220282355
1669 10.099087081485235
1670 11.915456285837186
1671 11.729590838661453
1672 12.320925068954987
1673 14.388063685039361
1674 15.278876759615452
1675 18.498208346572962
1676 26.87099992354584
1677 37.49478150633244
1678 47.726269233183125
1679 40.89094001696637
1680 31.394312157989777
1681 29.463227011066245
1682 30.794447965362156
1683 21.858060593492798
1684 16.98464373723625
1685 11.524111318122502
1686 7.112096273448491
1687 5.2814975035212015
1688 4.5693208262864164
1689 3.918331130182639
1690 2.4223928933287278
1691 1.846185228070332
1692 1.0835831711774135
1693 0.9247225958202556
1694 1.390938969884789
1695 2.1183559464751665
1696 3.1521784672463897
1697 3.121973572039209
1698 2.64304598351932
1699 2.826183047605179
1700 3.7414625992550277
1701 5.020819917539134
1702 7.328953834156166
1703 7.429370590557387
1704 5.6339629850759545
1705 2.6344579910107804
1706 1.2459178012013288
1707 0.06841059440903989
1708 0.02089908725858982
1709 0.6328827047696602
1710 1.122346339060985
1711 1.600478236891316
1712 3.045868439624072
1713 4.96269153019325
1714 6.755364380603799
1715 9.038262800075803
1716 10.608896799790136
1717 10.790944796676863
1718 10.740703235324634
1719 6.783982444083665
1720 4.649724159172915
1721 5.516399018438611
1722 5.815621278388553
1723 5.708101125752366
1724 5.446957344771192
1725 4.409182951815084
1726 3.4914185157969175
1727 3.0393919667480707
1728 0.14574638961137082
1729 0.2080563567510267
1730 1.1387439695959598
1731 4.686426057113452
1732 7.1856939510772655
1733 8.649471623628514
1734 10.588039754686465
1735 11.908555382063541
1736 12.530032640211507
1737 14.076658088464372
1738 15.366641919853823
1739 15.917487152322055
1740 23.948784950722533
1741 33.98383846815951
1742 36.98027633283546
1743 36.301045246994924
1744 33.66923169572276
1745 32.4613221332619
1746 32.21696987897711
1747 24.58169245769927
1748 19.65341241529418
1749 15.184425667026545
1750 8.014638277275628
1751 6.474144358249011
1752 4.911816942319033
1753 4.643571419263269
1754 4.332601852884635
1755 4.626967961661447
1756 3.5663276141825717
1757 3.023985068740541
1758 3.582581417430841
1759 5.127917718230982
1760 6.689037310099754
1761 4.404977071998245
1762 3.4593692226954715
1763 2.890521108359672
1764 3.6437260584989706
1765 3.5922238744760504
1766 4.064598374048924
1767 3.0129983013372144
1768 1.7287861712013728
1769 0.32496883734270376
1770 0.10830426879910938
1771 0.002153644244162778
1772 0.17733237547130098
1773 0.7877267860323038
1774 1.316077238573495
1775 2.3903070967810462
1776 3.511792763884169
1777 5.085429131267743
1778 7.165592227471168
1779 10.376093869751728
1780 11.135635804230798
1781 11.019809598857355
1782 7.236528003106322
1783 5.548782937297739
1784 3.108868241696354
1785 3.2770842168361454
1786 4.960625378141486
1787 5.6460453185002235
1788 7.692653584566286
1789 6.765222075171763
1790 5.313360107053058
1791 3.0599629735745295
1792 0.8199941196275523
1793 1.0058766372867096
1794 1.368986532948891
1795 3.377249599652582
1796 5.816368080245487
1797 7.093493295256427
1798 9.270342053611257
1799 11.324463273643083
1800 13.56313183162647
1801 14.878456770162652
1802 14.694978348670592
1803 14.735398161541406
1804 22.05242640519602
1805 29.892411707334208
1806 29.73756375744993
1807 28.476859295750895
1808 34.94325421631659
1809 35.48890968792748
1810 29.809577403212025
1811 28.436322869710132
1812 22.243871760103445
1813 16.55339698918122
1814 10.096814216407365
1815 7.580383026409856
1816 6.759735144770604
1817 6.001476352429617
1818 5.020438349138087
1819 6.332169697833323
1820 4.450691981938436
1821 5.640735556962378
1822 5.714778877848733
1823 7.026689719741485
1824 8.18571777635214
1825 4.928422774030431
1826 3.946960849810734
1827 3.0547778519199835
1828 2.957976466518735
1829 2.2418246130351145
1830 1.0960440502730113
1831 0.28082247589471443
1832 0.0661736482802999
1833 0.2635952835114414
1834 0.507705786121726
1835 0.6985240102474467
1836 1.2399017817353977
1837 1.516939543394766
1838 1.663566216754668
1839 2.3620843906900264
1840 4.36210494228327
1841 4.817329755324042
1842 5.697744461984563
1843 7.373241946770946
1844 7.051028824345863
1845 7.382739022911603
1846 6.649516682832223
1847 3.7060978405524456
1848 2.298015807853948
1849 2.896034331125497
1850 4.506297955912666
1851 6.417025276228871
1852 8.553909683461422
1853 9.297268359621576
1854 5.501621405409288
1855 2.6310949807602624
1856 1.014728338085921
1857 1.149335329706352
1858 1.4123510309372131
1859 3.052979796515893
1860 4.90631005721974
1861 6.543519911365564
1862 8.983396746090035
1863 11.4423213385443
1864 15.192932025257178
1865 16.35931389910815
1866 15.730247821037636
1867 17.931898600964864
1868 22.979096538966797
1869 31.847219947101244
1870 31.27821159790201
1871 30.57506642697923
1872 31.208666848621494
1873 31.694757442851657
1874 30.25031813537651
1875 29.040932285358416
1876 25.441998871047037
1877 16.84967472447603
1878 10.892543572986515
1879 9.946793714019458
1880 10.23180626512357
1881 8.86428751096277
1882 9.198022756524518
1883 7.476690033423613
1884 7.823989609425161
1885 8.551333942429471
1886 8.383705091107329
1887 8.84275234381239
1888 10.256897345691177
1889 7.642617906684836
1890 4.067514429732414
1891 1.471294062247212
1892 0.6837596770975972
1893 0.1969104595270235
1894 0.0013394576255550245
1895 0.23640519372038682
1896 0.8204521787416448
1897 2.1891203437112856
1898 2.4502520377823473
1899 3.480680877476177
1900 4.583678052038029
1901 4.560279745179403
1902 4.711193480504267
1903 5.857101855166024
1904 7.80011345704143
1905 6.746053066503373
1906 6.108836684558672
1907 5.9018237612286795
1908 6.169839959331151
1909 5.1425954103339055
1910 4.0944748082927145
1911 3.152594149485534
1912 3.382039974945192
1913 3.3706777790996236
1914 4.583659087036257
1915 8.41158980732966
1916 9.202941321176521
1917 11.771669037370957
1918 8.55408263758764
1919 3.6991701822568435
1920 0.5333223357288598
1921 0.8255341507414978
1922 1.6534751774414904
1923 3.7296703220089067
1924 5.460624356527203
1925 6.930566755810941
1926 9.694679060470177
1927 13.551114036531125
1928 16.72051243368052
1929 16.35886801461609
1930 15.159848742351434
1931 18.816916455012866
1932 23.244608778651994
1933 30.928716911955583
1934 33.6215682160821
1935 34.46786307688366
1936 35.90109434763135
1937 40.03938914628604
1938 36.21703541018496
1939 30.126272931829746
1940 26.29970784388116
1941 18.29086523889543
1942 14.347327903158044
1943 13.552325948631065
1944 13.697831289471226
1945 11.96030055772009
1946 12.621046444732803
1947 10.80129781165362
1948 9.818478590716017
1949 9.187751348561235
1950 9.529143671681624
1951 9.987273627137649
1952 9.500318965133474
1953 6.642547101718632
1954 3.20266355704114
1955 1.196313003862002
1956 0.47031496303340803
1957 0.0038225583806622003
1958 0.15754680213867855
1959 1.0595098806612562
1960 2.2532018970702605
1961 4.130997184368752
1962 4.652377521531344
1963 6.517162819338546
1964 7.67353646316941
1965 7.450501566059389
1966 7.885902120132169
1967 8.153722461562968
1968 9.069982136834222
1969 7.0012059104316045
1970 4.769217790686761
1971 4.544971392885048
1972 4.597487336097751
1973 6.072086066457816
1974 3.634022243493194
1975 1.5463198165015548
1976 2.8500947804995156
1977 5.112445769805688
1978 7.220652972147042
1979 7.912364034716573
1980 8.212048049635005
1981 13.017180419522921
1982 11.972209634868598
1983 5.69571084968417
1984 0.9040990142997798
1985 1.008386547363179
1986 1.9705005020901918
1987 4.168459879118976
1988 5.40596404206284
1989 6.908806175646054
1990 9.971589467314052
1991 13.882132029689542
1992 16.483169204141962
1993 16.5087616601399
1994 14.80241572127986
1995 18.595214038014202
1996 21.598263934266576
1997 29.002505019779548
1998 33.77538796392034
1999 29.850084264193676
2000 32.61413073489596
2001 36.44764894263263
2002 36.969236020272255
2003 31.312386760863173
2004 24.34503957521299
2005 19.24012888651771
2006 15.884722238811579
2007 14.305569359177971
2008 14.776465954599198
2009 15.826567755223932
2010 14.560183670495029
2011 12.002412103781367
2012 11.160792966895754
2013 8.935778081231023
2014 8.631121380490844
2015 7.4710281803347955
2016 6.785290741150993
2017 5.971746484070865
2018 2.597495938996852
2019 0.4880627637495766
2020 0.35756907683328487
2021 0.19542633951404093
2022 0.06880126487916294
2023 0.748654669631659
2024 2.520822831638327
2025 4.382413976857984
2026 5.537152543703208
2027 6.8555810213475
2028 8.443949207817223
2029 10.40357028215715
2030 12.157847454329028
2031 10.157116170061387
2032 9.266942139394505
2033 7.0573987251111525
2034 4.39347268103201
2035 4.090086978445127
2036 5.00072053883626
2037 8.665216074958312
2038 5.65202754962446
2039 1.4758723669952476
2040 3.3950425598427216
2041 5.317611858659456
2042 6.274833672608336
2043 5.936680133342698
2044 8.18465194704969
2045 13.11324822813508
2046 14.436988087157685
2047 6.573952976247367
2048 0.6955075072102485
2049 0.7540482991710569
2050 2.136696893190568
2051 4.448860545717653
2052 5.246879298760641
2053 7.824694061490304
2054 10.514079769632286
2055 13.329385013079419
2056 14.385363782250261
2057 13.022111787122277
2058 12.290479102688934
2059 15.716049164442486
2060 18.466990735809016
2061 26.802610475670992
2062 28.440343050750382
2063 24.991300658440693
2064 30.585514638973432
2065 34.002822818015616
2066 29.484950898088027
2067 23.622604852650458
2068 21.568711463855546
2069 18.176846618075285
2070 14.650995690181047
2071 12.37733888568227
2072 14.479092700708623
2073 20.289341113862466
2074 20.749249358913946
2075 17.374164808605073
2076 11.220611415250712
2077 9.01107745204907
2078 7.920451997560542
2079 6.806123947910245
2080 6.262046118503348
2081 4.95374784236799
2082 2.917366398214783
2083 0.8174416082412234
2084 0.39499568746791286
2085 0.06827558124686386
2086 0.07017254977903825
2087 0.0037822549546768307
2088 0.730033003979195
2089 2.224068655396981
2090 3.610726518570707
2091 3.8171395544645716
2092 5.912016610902081
2093 12.09674915939616
2094 13.348955771976273
2095 11.876956471045697
2096 9.967190637088855
2097 6.431355532210665
2098 6.4933453374789005
2099 7.359174782605418
2100 4.923971315435275
2101 5.985700104566675
2102 6.173339679989569
2103 5.621300630228457
2104 5.137251500842097
2105 4.1987281915957695
2106 3.8032915084746173
2107 4.034529958182344
2108 6.576461790951309
2109 13.604625444027969
2110 14.456975297119815
2111 6.50177569212978
2112 0.7543667967439465
2113 0.7507337737460643
2114 1.7902277922249692
2115 3.5204675427245395
2116 5.885168822048949
2117 8.549388932918644
2118 11.335037880359089
2119 14.384602581286483
2120 13.343773023560345
2121 12.826991024323304
2122 11.549644358041231
2123 14.178490091304802
2124 19.483221148659315
2125 28.95438103255732
2126 29.137362661234025
2127 25.338582997764647
2128 30.970106276184822
2129 36.53438669268672
2130 35.10035045134815
2131 28.100674788618292
2132 21.255488113896877
2133 21.02943024904988
2134 22.86182549678368
2135 23.029282922911655
2136 20.80839805218898
2137 21.359427119999513
2138 19.51154609254433
2139 15.02420707346299
2140 12.403493304487627
2141 10.312638031405989
2142 8.966612645483664
2143 7.492070750542401
2144 6.255595095397637
2145 5.284534241082142
2146 3.372007510689814
2147 1.701376928561685
2148 1.5304752117439895
2149 0.7198508224259872
2150 0.3364008520943797
2151 0.07804740261464889
2152 0.10807936223490591
2153 1.0036209283233728
2154 2.61049581492778
2155 3.45212546407321
2156 5.221326128155802
2157 9.509386623751972
2158 11.045282386336956
2159 11.406053599680522
2160 10.684157345341369
2161 7.706168358274855
2162 7.459137817115615
2163 8.85481749685327
2164 5.891409266053322
2165 4.331431928301901
2166 7.68944542853759
2167 8.645553767048034
2168 8.869139062808468
2169 4.518253309992219
2170 3.782919498765709
2171 3.144918438030008
2172 6.377271167590822
2173 13.045661340786848
2174 12.110348657310183
2175 6.205580016633587
2176 0.922643582895928
2177 0.42676402201825087
2178 1.1687377692870957
2179 3.379221288572049
2180 5.867369856817456
2181 8.819715400436905
2182 12.589364847496563
2183 15.41723995437726
2184 12.72400124760816
2185 12.533673677220492
2186 11.919173816057278
2187 13.938420467152708
2188 19.816792767333702
2189 30.570879754701966
2190 30.91730766257113
2191 28.308227719486478
2192 33.725600064710775
2193 38.83704365178718
2194 38.10512738892058
2195 31.564476023046005
2196 23.37397609562099
2197 21.310500182992048
2198 22.206907012585276
2199 26.80648930032431
2200 23.281620685111662
2201 17.943660414743686
2202 15.159718551958795
2203 14.095364529796463
2204 12.725925550675175
2205 9.9581237972808
2206 6.935443044861188
2207 5.686682183088442
2208 4.272345130797
2209 4.737775036409537
2210 4.100487983559364
2211 2.3131960996650194
2212 1.2979840686367348
2213 0.9515491795740527
2214 0.3872202495032705
2215 0.026830353109717958
2216 0.7100297828844392
2217 2.12440332063688
2218 3.278079646930539
2219 5.616740482515157
2220 6.39716389294498
2221 10.341757990824638
2222 9.489614691481894
2223 8.749338215006837
2224 9.254062279736509
2225 8.463039230460456
2226 9.447901152310877
2227 11.005964993402666
2228 9.690077866193914
2229 9.598695019962864
2230 8.691526915606614
2231 8.101468709301713
2232 7.821669023768499
2233 4.946732470956932
2234 5.289955401949076
2235 4.6116086916888985
2236 8.547758977226556
2237 13.245048284547185
2238 8.703104890619638
2239 4.267938321218091
2240 0.6621451417261697
2241 0.7793323938179649
2242 1.3489721589241574
2243 3.1250958042856625
2244 6.02695066310448
2245 8.938605549995014
2246 13.510865223319694
2247 14.495436559796865
2248 13.688314425771273
2249 12.857265919419945
2250 11.380007374775975
2251 13.474597802865224
2252 19.079204558968655
2253 29.668096935754523
2254 32.755985049518145
2255 30.178620364334986
2256 32.13146571677317
2257 35.361094493479484
2258 40.17310337925409
2259 34.055819874410005
2260 29.031461997162403
2261 25.025015507535166
2262 23.678853413787486
2263 21.6918150746113
2264 18.0814368895396
2265 14.855528068684535
2266 10.961292244101855
2267 10.756781229028425
2268 9.82564726105339
2269 6.946693115726499
2270 3.6521661683397553
2271 2.831372355987363
2272 3.000749050916097
2273 3.5006711505908497
2274 3.2374815568648505
2275 1.607247429175881
2276 0.8228207476647046
2277 0.32275106747188054
2278 0.13583325147265024
2279 0.014803633995155432
2280 0.5403306519152773
2281 1.9878127641002932
2282 2.712760299922501
2283 4.237714150546633
2284 5.705795043023925
2285 7.4777447795832845
2286 7.620279377153874
2287 5.996425038053618
2288 7.914742808796711
2289 8.185023593113382
2290 9.630072423413662
2291 11.817695252271308
2292 13.90627650284562
2293 17.965255122607847
2294 13.664115432825648
2295 9.543637875234475
2296 8.288806738467546
2297 6.199190123320219
2298 7.694294956982464
2299 6.967960032121462
2300 8.479424569627591
2301 11.931319736938384
2302 8.376676321326322
2303 4.4143033720439
2304 0.6556102416255295
2305 1.4081155166550419
2306 1.743872566047929
2307 2.8481730835792196
2308 5.0504497902080026
2309 7.488651733645692
2310 12.247590498813308
2311 13.878525680281541
2312 12.752702151000062
2313 11.234556688458694
2314 9.6877969030931
2315 13.039980873690583
2316 18.692443424192025
2317 29.03988314612687
2318 33.12533039049574
2319 33.61060071268021
2320 37.33885879413416
2321 41.11101808777654
2322 46.21065112868994
2323 40.60968472588682
2324 35.72840235557734
2325 27.494471039927483
2326 19.94369566208089
2327 18.375038551177948
2328 14.681299738921519
2329 12.501252912401878
2330 9.264645578549299
2331 7.209019929340995
2332 5.8736162425273895
2333 5.4458442554230535
2334 4.5485443407715795
2335 2.60898815760782
2336 2.4332045206918718
2337 3.439271598157029
2338 1.956686395067226
2339 0.7850346221388671
2340 0.5155171894608055
2341 0.4070103144231178
2342 0.32066062149492097
2343 0.03891772859480101
2344 0.41037241411668457
2345 1.5188091097012015
2346 3.0946402555815204
2347 6.052579494870924
2348 8.276851182452154
2349 8.065550438287561
2350 9.16475601043971
2351 9.55531055078871
2352 9.181957071377928
2353 9.756696961425554
2354 12.584758676029614
2355 19.27177510203571
2356 23.081344727060436
2357 25.220912781474766
2358 17.142254286845677
2359 12.582636326438347
2360 8.619123311400692
2361 9.451897721923201
2362 12.00631072610969
2363 10.09778340733357
2364 11.168889672528332
2365 9.690084432406602
2366 6.271880561825773
2367 3.738076701517675
2368 0.6602704358740998
2369 1.3854639415999686
2370 2.6254685148930235
2371 3.167053216586382
2372 5.342937549023302
2373 7.46699495209225
2374 11.130815173129312
2375 12.91631160642374
2376 12.82417147259133
2377 11.7236277457559
2378 10.48374513968044
2379 12.380216495354446
2380 18.1033422145539
2381 28.855237766402425
2382 35.55426663335334
2383 35.51003695655839
2384 36.22122759906249
2385 40.48305292881811
2386 49.23388658661072
2387 43.028171443966784
2388 37.63738720385548
2389 26.19175941325897
2390 16.004296673798628
2391 12.770284470726834
2392 11.216432232496816
2393 9.723249196419271
2394 7.608591382768531
2395 6.990725380699662
2396 6.622157658108367
2397 5.7788648186525124
2398 4.115725286483746
2399 3.2716097102815875
2400 2.2635583122636036
2401 2.485910263129925
2402 2.7185045417964147
2403 1.323172841899545
2404 1.1063564261224874
2405 1.2928810585495003
2406 0.73253625971467
2407 0.20322900488276308
2408 0.07277237978055014
2409 0.5939184597226211
2410 2.125075727569795
2411 4.480873995717553
2412 8.145968505024449
2413 8.874146051136975
2414 10.110720041434218
2415 11.646487950625072
2416 12.268434677325025
2417 11.350291054341604
2418 17.53332569158895
2419 27.821442993574834
2420 29.843915986989103
2421 25.964270263548737
2422 19.671975000436806
2423 16.151371012673668
2424 14.467547618442412
2425 15.311963415102223
2426 13.630426879761398
2427 12.68729991842731
2428 12.130484199781819
2429 9.042337833540909
2430 6.037825018283244
2431 2.833203461563853
2432 0.19403740769724379
2433 1.2526380840426707
2434 2.686607468731058
2435 3.4543789414024437
2436 5.907343559489682
2437 8.364540333155356
2438 11.765142303018468
2439 13.256838013657767
2440 13.43657779673338
2441 13.083137969710698
2442 12.773537063228622
2443 12.288517109660187
2444 19.186899003169792
2445 26.934448586232268
2446 32.528309168539494
2447 35.598085708095105
2448 36.03471176535862
2449 34.95607151897299
2450 42.34885992354476
2451 38.812762221880305
2452 32.93448118589492
2453 23.25675075920553
2454 14.594100634087079
2455 11.572601847588722
2456 8.714917257773626
2457 8.11651759351683
2458 7.106096564766252
2459 6.518345227340992
2460 4.446642621011394
2461 3.3181859325689285
2462 2.4567047336177685
2463 2.7702334992862214
2464 2.128027837495117
2465 2.1565513785095756
2466 2.394880868811017
2467 3.468683444251769
2468 3.090929666255094
2469 2.2923148725103073
2470 1.0438269136550937
2471 0.10135762658600853
2472 0.02192921511035614
2473 0.5299230821596826
2474 0.8691393027828473
2475 3.168676996999242
2476 7.090246555135304
2477 8.891044408670716
2478 10.405238773533108
2479 11.838258852329263
2480 13.41090807375844
2481 19.220229393307886
2482 29.185542217242627
2483 31.748675144765162
2484 26.520061877204515
2485 28.97187823204675
2486 23.931825512182616
2487 22.00925488038346
2488 17.77884151427617
2489 16.83886222478641
2490 15.589170787588731
2491 14.367128707975253
2492 13.866513919169664
2493 8.813774764531354
2494 4.079672286309058
2495 1.6609550132236264
2496 0.05065649072808233
2497 1.2031699630376267
2498 3.2679207377967336
2499 4.185629985667662
2500 7.192761183773642
2501 10.166281768744925
2502 13.494728535367107
2503 13.75274348002951
2504 14.357245667307241
2505 15.182364167653716
2506 15.141884180218685
2507 14.087796379446441
2508 20.788124239356762
2509 23.90173395166802
2510 31.681400554604743
2511 33.21412569277694
2512 34.761064633117584
2513 36.91485641274786
2514 39.91927603068039
2515 35.8694413261382
2516 31.825918345723117
2517 22.59361550864173
2518 14.6092028621009
2519 10.572302967002592
2520 8.10250262077251
2521 7.484431828129953
2522 5.981934310399554
2523 4.980449559364735
2524 3.2186403634660903
2525 2.5310657278189055
2526 3.343882312390083
2527 2.7207278059106264
2528 3.1514947753232105
2529 2.7882649117961362
2530 4.582729104712734
2531 5.204126887227428
2532 6.925679480339555
2533 5.10768247016756
2534 4.297982590875387
2535 2.601651501057188
2536 0.173415704899699
2537 0.04348573191726454
2538 0.2326455347148909
2539 3.617507272703601
2540 8.234033509613221
2541 8.680069813982914
2542 11.656068348088272
2543 12.828893615118673
2544 16.616179732281825
2545 26.05941042457713
2546 30.506362832158132
2547 29.385099521652318
2548 25.35299870945455
2549 29.401234163447022
2550 30.19774265295842
2551 24.494144467429216
2552 25.276367764496793
2553 17.519162124104103
2554 14.806072735751618
2555 13.825255047233378
2556 13.368787947555367
2557 8.179230907162719
2558 4.461612190801291
2559 1.5519263700924433
2560 0.1565057465446419
2561 0.3925792387673341
2562 3.006430802687063
2563 4.111233691074043
2564 6.39817344588436
2565 10.310549337732027
2566 15.462296657813956
2567 15.054264930586816
2568 14.829200302653046
2569 17.034585357573192
2570 16.364196680999317
2571 16.12110266775833
2572 20.01140276152392
2573 23.90891764716822
2574 33.279662083043675
2575 32.00213938826614
2576 30.597923681988696
2577 37.67854850158729
2578 41.629877576758
2579 37.183112995764375
2580 29.513679929961523
2581 21.048041012143187
2582 13.071411479760632
2583 9.630204079115547
2584 5.5431472621997475
2585 4.4546483227948155
2586 3.6879873797674807
2587 3.54002298445826
2588 3.252384967828577
2589 2.4454792135852053
2590 3.5711340972383474
2591 3.467827862629727
2592 2.1288718206829214
2593 4.742904427039821
2594 6.282094005523271
2595 6.847705847217755
2596 10.679097531703333
2597 8.248890924437546
2598 6.684558408412926
2599 6.364711578585025
2600 1.028379648685347
2601 0.22112143099939383
2602 0.25345700857497255
2603 2.71305044305797
2604 8.520803360318688
2605 7.615647133584203
2606 9.238018500718038
2607 14.2303337066975
2608 17.554322118927786
2609 22.65213903696435
2610 21.33996284331556
2611 27.122997851290936
2612 22.113375479773467
2613 22.667865718692426
2614 21.571802079240218
2615 16.628586991725307
2616 23.036910015529028
2617 21.704584898554202
2618 16.4063213449557
2619 15.483324741524282
2620 11.982636901273112
2621 7.279971939252065
2622 4.406320097822012
2623 1.4251629427886525
2624 0.1621668389176795
2625 0.11435979635712275
2626 1.4510456482116398
2627 3.4152062069534255
2628 6.278654117803826
2629 9.759694158567342
2630 13.76605784056587
2631 15.409564275355466
2632 15.548009397442033
2633 15.747922685415793
2634 16.057884962504325
2635 18.01841610601968
2636 19.0576575154772
2637 26.648486340355458
2638 31.89733839118066
2639 30.623982512787236
2640 28.80423729343111
2641 33.184018311603836
2642 37.00828386317157
2643 33.41307703500095
2644 26.592680722326314
2645 16.7295099734218
2646 10.160127063351347
2647 7.55626274965245
2648 4.320628095207616
2649 3.013451094209934
2650 1.9308184763848115
2651 1.4995801783903056
2652 1.3616688673843358
2653 1.7085875814071194
2654 3.3141809898182077
2655 3.3592734303353846
2656 3.93309571951233
2657 6.811583023791598
2658 8.643716396233193
2659 10.894662880645955
2660 10.2692199657781
2661 8.096951548929752
2662 5.888991648536288
2663 5.258212973441026
2664 1.8401893909607672
2665 0.0017425122252153274
2666 0.05811951341774481
2667 0.8692021365584042
2668 4.707838894846378
2669 5.5354943369472265
2670 8.16730619527555
2671 11.694974035119943
2672 14.304269575667584
2673 14.681958910587912
2674 14.120304616036725
2675 16.772838640825224
2676 14.011549392358992
2677 16.638088032520223
2678 18.104973254173185
2679 16.797696111927248
2680 20.522320172682843
2681 23.48942751675441
2682 18.66585097001028
2683 16.681469527234245
2684 8.570767400602746
2685 4.970658488612792
2686 4.454564541977855
2687 2.5819502991489762
2688 0.6023623237318377
2689 0.027276083981912797
2690 0.5421246479642574
2691 2.7407105591200396
2692 6.365807306256603
2693 8.089543592907726
2694 10.36962517090197
2695 11.685441317990328
2696 11.609001845682641
2697 13.707355432590195
2698 14.119534191822359
2699 16.007105434161268
2700 18.531468585919797
2701 21.026975528076008
2702 25.80879424970045
2703 26.949968741796418
2704 26.000325874406226
2705 28.43238388472017
2706 27.471719831827933
2707 24.548187422566123
2708 23.216558195371487
2709 14.90014076782652
2710 8.263786207765799
2711 4.108729993117533
2712 1.8990753667460951
2713 1.2917748183450641
2714 1.1038784574373892
2715 0.5227145295851905
2716 1.0177164588553171
2717 1.6820886991800073
2718 3.1723530126988777
2719 3.0770114366998316
2720 2.885886793500371
2721 6.279552900145152
2722 11.75162026200507
2723 15.05881562694313
2724 11.788147607643184
2725 11.25995185414867
2726 7.326816898159758
2727 3.445064394355251
2728 1.6305226203054086
2729 0.2091150717862124
2730 0.10915697945226414
2731 0.9894499400602483
2732 3.814494401250398
2733 5.805627814350539
2734 6.729916802210969
2735 8.523591076445348
2736 9.1821383541114
2737 8.983968301452135
2738 8.630969119970162
2739 10.028383585619885
2740 12.57792150091478
2741 13.420906902417407
2742 15.367521958729025
2743 15.625189738186155
2744 15.043783171557479
2745 16.188041358926757
2746 13.911088945215987
2747 11.054210903170146
2748 6.194476971183126
2749 5.185791808342585
2750 4.661021350394914
2751 2.978984136362116
2752 1.0030187920875229
2753 0.31462980405853935
2754 0.04192814374959183
2755 1.496937938390654
2756 5.067987038534542
2757 6.012867580799697
2758 6.576164223781186
2759 9.041326211623046
2760 10.267086886760177
2761 10.135261619014436
2762 10.777176166762231
2763 12.88591681929587
2764 14.861331892637283
2765 17.379260840867445
2766 21.00655695873298
2767 21.59999781128602
2768 21.997095945772877
2769 25.503022546844676
2770 23.128314680279253
2771 18.00318441057471
2772 14.791551614352128
2773 10.802822256754238
2774 6.144650397963677
2775 2.201761879298385
2776 0.5849576929168305
2777 0.22242562331114027
2778 0.5253920049372908
2779 0.4045214052329758
2780 0.5473855352527509
2781 1.2628343557546213
2782 2.3662088195681017
2783 4.14424522492381
2784 4.705732570862222
2785 7.119288134586885
2786 15.812187884877412
2787 18.103694134698696
2788 16.609839794877292
2789 10.506855827053379
2790 9.296077547698768
2791 5.164755633040249
2792 3.478470795626115
2793 0.5922181187451662
2794 0.029175215124456866
2795 0.59732566165715
2796 1.9385845839989866
2797 3.9297888259641374
2798 4.451564753398759
2799 5.816680753217861
2800 5.143575568735641
2801 4.862213616422716
2802 5.472569790847136
2803 6.80397588663993
2804 7.736735712983696
2805 8.802137239386402
2806 12.22199461374507
2807 13.430215824310963
2808 12.636858466408452
2809 11.740658556171637
2810 10.511382027299913
2811 7.908406006082975
2812 5.21028748229745
2813 5.182282177033487
2814 3.9942277587141337
2815 2.2872061486190027
2816 1.2482785790735706
2817 0.8551647288180244
2818 0.002000328471098033
2819 1.0761976133739235
2820 3.754557244795958
2821 5.079335045916945
2822 4.546723184101721
2823 5.592870116490163
2824 6.403611798624425
2825 6.339916787983732
2826 6.154121646285875
2827 7.662307396642379
2828 12.034538823176915
2829 15.395111310697903
2830 20.24286929103329
2831 20.44704990032305
2832 21.972733117779566
2833 25.079003113597068
2834 19.81572638593534
2835 15.23191108287632
2836 11.458365056108015
2837 7.867125313382662
2838 4.477680962573002
2839 1.2498038198844468
2840 0.2528299380874351
2841 0.006161129241384646
2842 0.17312363061302916
2843 1.0324710384035127
2844 0.41135352635881317
2845 1.3497351101908228
2846 2.7357118081485274
2847 5.616483291009656
2848 8.035513577099847
2849 11.570744922527053
2850 18.227267951385585
2851 18.672193821600345
2852 15.868123117391086
2853 9.62959934985924
2854 6.717604705045821
2855 3.939822276636875
2856 3.1416937165127226
2857 0.4265518756021614
2858 0.07305552592393622
2859 0.1768964073703641
2860 1.363076829692768
2861 2.0610384583582984
2862 2.9019758868888093
2863 3.586869180703275
2864 3.5670562186121164
2865 5.2491063617250555
2866 5.138155373380525
2867 6.94716927607665
2868 7.688707984322858
2869 7.269534935888232
2870 10.429277927406138
2871 12.291113514165477
2872 12.105056700989465
2873 12.472797812865002
2874 9.571926817661193
2875 6.809342795141796
2876 4.824774894055318
2877 4.557183122077396
2878 3.39267562533601
2879 2.7795935897047612
2880 1.4002825198119906
2881 0.6941752648648575
2882 0.010694863261235412
2883 0.5551188372430123
2884 2.5653349834294876
2885 3.802944347529602
2886 3.4661408920117633
2887 3.800408689206945
2888 3.647800706473474
2889 3.1503832494890887
2890 3.0247629954283917
2891 5.398059990744945
2892 12.784245141972578
2893 12.90641161682972
2894 16.861906692056877
2895 18.32120314693285
2896 21.26134303970394
2897 23.02609736182944
2898 19.292300252762367
2899 14.481943345100849
2900 11.769886599766817
2901 7.156559037905334
2902 3.1877554026992763
2903 0.9815254079021536
2904 0.00988557649280234
2905 0.062030707003896256
2906 0.7807404118591837
2907 0.9724668415400541
2908 1.451928718880555
2909 2.9887429093194284
2910 3.4793440785114913
2911 4.913405062632463
2912 6.620023597848603
2913 11.718141898258805
2914 15.080084351530578
2915 10.834607352635809
2916 12.778223311844432
2917 7.455844987975679
2918 3.517756261983307
2919 2.0922425405889418
2920 1.5106468808012277
2921 0.012847864194887187
2922 0.292052250650468
2923 0.34239645234719474
2924 0.9046705590027756
2925 0.7021845463964631
2926 1.278785583458207
2927 2.6449700598275663
2928 2.5492897680720192
2929 4.509926693725242
2930 5.781509801171809
2931 8.09612056019996
2932 8.249453125700537
2933 8.71315502465367
2934 12.175872793385023
2935 15.084117452695473
2936 11.045665293026657
2937 13.818928191247387
2938 8.96993774350204
2939 6.125917386146409
2940 4.7177765271304475
2941 4.298144318155243
2942 3.5745971270775896
2943 3.2921373941824985
2944 0.4412363843695857
2945 0.048721043201107095
2946 0.10065891461614201
2947 0.5358174871957636
2948 1.6368082397849881
2949 2.1709835255525634
2950 2.1618979026014147
2951 3.1235630098481058
2952 2.8896034956611945
2953 2.322921666423807
2954 3.393438151620805
2955 5.04195640158382
2956 9.527729043304912
2957 10.869913238834021
2958 14.634473766389132
2959 16.926037636726093
2960 14.583898530713473
2961 18.193551776768736
2962 16.235953277041297
2963 15.113001823984261
2964 10.086446762636529
2965 5.435251099973845
2966 3.9932084947081687
2967 1.193778192198654
2968 0.21689432058173588
2969 0.22116713106169336
2970 0.397342748508236
2971 1.2534092555745118
2972 3.8358869911761166
2973 4.254794591664158
2974 2.4646144833560855
2975 2.4945539563232098
2976 4.089460075259118
2977 8.96453032374735
2978 9.598150409125331
2979 8.049960152751101
2980 8.132358079603963
2981 9.44326460158292
2982 4.097727921069958
2983 1.2944973084526212
2984 0.278231443395349
2985 0.2875319712572055
2986 0.8272113870793205
2987 1.135764610875538
2988 1.780828552591944
2989 1.1933658066820256
2990 1.6004289418785869
2991 1.8682814770757838
2992 3.1994744245384386
2993 5.7410676949036406
2994 6.804350869471857
2995 9.995447561080452
2996 13.702692025864842
2997 14.081988995748864
2998 13.906010679472185
2999 20.59156384478937
3000 18.09361043433038
3001 13.625207351311655
3002 10.81679321728536
3003 5.565154417370534
3004 5.780915676276864
3005 4.909376553741611
3006 4.299181170533582
3007 4.216874903464533
3008 0.126000762418013
3009 0.004378176133706946
3010 0.07230994871465687
3011 0.6658382895423502
3012 0.78474397520908
3013 1.1271063794573302
3014 1.316350204936229
3015 2.604693057646549
3016 2.0096247550273083
3017 3.4806173050781855
3018 4.710393203224691
3019 5.491911082021646
3020 8.142521548789265
3021 10.12439874192149
3022 11.958186145155832
3023 10.943022424959324
3024 11.001149057659704
3025 10.69404945208817
3026 10.068578108050534
3027 10.890216491675481
3028 6.185155683983575
3029 3.2301334259889516
3030 2.706912199181798
3031 0.9057609670382399
3032 0.7216225035449076
3033 0.0035857158500664185
3034 0.002260395712688734
3035 0.8345876305790791
3036 2.3984791616114833
3037 2.1257110607882055
3038 0.9863798537882617
3039 1.4097041923918918
3040 3.876674556291178
3041 7.121915723339218
3042 6.456889804919226
3043 5.6021476180579715
3044 4.190892786880039
3045 5.182774721982242
3046 1.9452787779213878
3047 1.4501131886809944
3048 0.3250129388206645
3049 0.2966332599022411
3050 0.00024008151490478662
3051 0.17006108624968883
3052 0.40907619990526745
3053 1.0501402977547842
3054 2.1289007902666786
3055 3.01439967196474
3056 4.6850193925678125
3057 7.447290452149189
3058 9.406563908741456
3059 13.904179408694207
3060 14.071075453265001
3061 19.152747111073385
3062 17.572317561547028
3063 20.171901043229116
3064 20.863877517200606
3065 15.609233321797655
3066 9.723634009941694
3067 8.241189458206103
3068 7.223253763070185
3069 6.799811419285469
3070 7.570617507090816
3071 5.112520953664623
3072 0.14752890380794212
3073 0.009906257586303648
3074 0.010624541574309547
3075 0.3956695058780774
3076 0.8030854737696205
3077 0.9982981624299032
3078 0.9575188354525551
3079 1.838411774472405
3080 2.422025438292867
3081 5.492776935632558
3082 6.794055368759206
3083 7.979881798786417
3084 8.126747674902749
3085 6.627077960064033
3086 4.814408075269996
3087 3.825426516700437
3088 4.995032446361879
3089 5.734697216079833
3090 6.971524838406008
3091 4.74496143588348
3092 2.6720899509456415
3093 1.6822916005438004
3094 1.60071421021416
3095 1.7778953274909988
3096 1.3467442130598029
3097 0.12251365369500357
3098 0.2260497957640226
3099 0.3925043041827164
3100 0.5772529060801581
3101 0.4317790056811434
3102 0.1447874909302576
3103 0.1932196182825952
3104 1.0917126794046772
3105 2.1429975723952293
3106 2.1757046233991084
3107 1.8894717424841154
3108 2.4301558203286806
3109 1.6048570472773633
3110 1.0548942572698978
3111 0.4773902497046526
3112 0.20305628745487736
3113 0.10407320443302491
3114 0.01839665109223801
3115 0.16791669775631307
3116 0.3848384181715321
3117 1.184631311915912
3118 2.3811903677702406
3119 4.223659401350889
3120 7.395479026428046
3121 8.879594128301799
3122 13.117207098022268
3123 18.645348444749363
3124 17.86631589429864
3125 23.529624260006596
3126 19.172497518946575
3127 20.364603538096084
3128 15.462527676958258
3129 12.250931933844475
3130 8.872561621184671
3131 7.670757336508934
3132 7.410152087811677
3133 5.375253909974246
3134 6.156134218697129
3135 5.16050788179314
3136 0.26183092519958157
3137 0.10637201776542428
3138 0.0018090228685168571
3139 0.39467614160078607
3140 0.43289081847233835
3141 0.5679244186902106
3142 0.8461158881141126
3143 1.3686971971728217
3144 3.2992107494809146
3145 6.097633801763164
3146 8.534307938481458
3147 9.478142037146918
3148 5.876033533146149
3149 3.9425903462918335
3150 2.6241651875963763
3151 2.2019210358080574
3152 1.665969404487665
3153 4.33848778340029
3154 5.363900974901865
3155 3.1383610669543134
3156 1.3593535239920538
3157 1.167296585929351
3158 1.4616899448602918
3159 2.7425214832085842
3160 1.4708158262168456
3161 0.5768061632089314
3162 0.2222471709858779
3163 0.13783693663622515
3164 0.03576604835642923
3165 0.147835159953867
3166 0.13914813744926033
3167 0.36693162033600235
3168 1.5895485789860475
3169 2.112194585159518
3170 2.0041157828601124
3171 2.0109628666006767
3172 1.1875731891111585
3173 0.46257764101044535
3174 0.5626900576580265
3175 0.1471557485144408
3176 0.05092125090494611
3177 3.8359729417853554e-05
3178 0.03303844932060538
3179 0.18876702438256432
3180 0.3601343386988385
3181 1.3100165138109305
3182 2.9402853605771413
3183 4.361993479591158
3184 5.934074130039264
3185 6.1512869201494995
3186 10.133353695421112
3187 16.249401576738908
3188 18.335215735654945
3189 20.965395320141045
3190 20.42691281808012
3191 18.187924839667627
3192 10.215563359288117
3193 8.211974133133497
3194 8.83006819894075
3195 6.018513225581941
3196 5.281745588568275
3197 4.020903743437855
3198 4.458101564292954
3199 3.4864740357534854
3200 0.17770387915939237
3201 0.12342374700693229
3202 0.010994961790031817
3203 0.12274136776135734
3204 0.012306369695595693
3205 0.20122385988712085
3206 1.3818102827574998
3207 1.9676889462570897
3208 3.192212473828423
3209 6.953039860916809
3210 7.935334296200896
3211 6.016995230851411
3212 4.045977743600675
3213 2.284358434364355
3214 1.0738706984093565
3215 0.24817002001297123
3216 0.085653980776818
3217 0.7789703434711386
3218 1.517899330995221
3219 0.9343458723738884
3220 0.5446929933634445
3221 0.39209166966263426
3222 1.0251982429827189
3223 0.6633674126583287
3224 1.3409646598600264
3225 1.1447474323944256
3226 0.2856740774948299
3227 0.17396429220937557
3228 0.3818767118539376
3229 0.29142765490520683
3230 0.46819766996518786
3231 0.2672026893866017
3232 0.4902147952349946
3233 1.0441957511515514
3234 1.2948236544558442
3235 1.415146375460454
3236 0.8850217440752753
3237 0.023918537689050782
3238 0.0032689237006517245
3239 0.009636452319372976
3240 0.009526544168862753
3241 0.016021677282415273
3242 0.009156724726439393
3243 0.1290498571430807
3244 0.4541146643064775
3245 1.064783704996599
3246 2.4028534088356706
3247 3.4254051719358034
3248 3.471415210798238
3249 3.98058311088039
3250 7.052206719151681
3251 11.067912758675323
3252 11.88852199180649
3253 12.019743544158517
3254 15.283539241131164
3255 10.989620481815566
3256 8.275456048525784
3257 8.579599507786376
3258 5.9044040078231195
3259 6.197855811387895
3260 5.3790392083397185
3261 4.469182708686919
3262 4.410908620283237
3263 4.268899312126817
3264 0.26215447223374483
3265 0.09298899898409214
3266 0.10106218652321627
3267 0.09877020531905634
3268 0.006213978485983425
3269 0.33143245951105976
3270 1.7944954448569124
3271 2.7903292830958315
3272 4.73404406204196
3273 9.389001439990468
3274 6.036040939813563
3275 4.5071582964517445
3276 2.2246038749468386
3277 0.8027230986235685
3278 0.3352931255480356
3279 0.01920522351069039
3280 0.05883810949239252
3281 0.08674943848642194
3282 0.00011660947177909917
3283 0.00675432028195955
3284 0.02823365626411883
3285 0.17489750338503868
3286 0.0043901953649223245
3287 0.023479750245845143
3288 0.34413792826775474
3289 0.4664609863167027
3290 0.1497923243708927
3291 0.6034785131440099
3292 0.606208723777087
3293 0.6319720895256089
3294 0.9303437082965669
3295 1.1638968156619829
3296 2.2711348951904107
3297 2.223325833367729
3298 1.9434561230054601
3299 1.5908434979237878
3300 0.5404070469120433
3301 0.03782311272465636
3302 0.07079948249700109
3303 0.03843486561517881
3304 0.0003187879546091949
3305 0.01815438193131807
3306 0.02733700126518119
3307 0.047109520054366284
3308 0.07414055398078553
3309 0.3696235607790594
3310 0.8459288591641473
3311 2.0113576875986223
3312 1.9083583578906107
3313 2.5399510175992437
3314 4.177659692229959
3315 6.993884014249139
3316 8.753681662647178
3317 8.767821690629212
3318 12.941761153976753
3319 10.759388513275558
3320 11.072203345230594
3321 9.155394462453566
3322 6.986806416023228
3323 6.4559161156949205
3324 9.160971864237654
3325 6.359148564089436
3326 5.235522291480754
3327 4.058726801296569
3328 0.43663881543822614
3329 0.29193638341413625
3330 0.3460762847318942
3331 0.3561493185715763
3332 0.0037448652095797286
3333 0.5996700437201088
3334 1.7859011833889449
3335 3.7873195584926074
3336 5.712717222692908
3337 4.223270155532512
3338 4.131660592205723
3339 3.8516910210121917
3340 1.3646592216952274
3341 0.37743829512760035
3342 0.2370423548572356
3343 0.044699845044692516
3344 0.2869743280843816
3345 0.555386105153097
3346 0.36576754853637977
3347 0.4558392695594258
3348 0.19084113902665517
3349 0.08730096441941018
3350 0.2821843745554692
3351 0.13991043334717185
3352 0.14445650279844657
3353 0.05938124841823025
3354 0.043123601952270926
3355 0.37164762333324197
3356 0.10881020658475118
3357 0.7208517594230104
3358 1.0114306168064495
3359 2.242070120467394
3360 2.2571872330801432
3361 2.3145573081263526
3362 2.146037610735429
3363 1.922349749394907
3364 0.571834492184794
3365 0.048200634936086804
3366 0.07975538019191693
3367 0.00030401658125354795
3368 0.0068549663169251585
3369 0.15577896836223562
3370 0.5015122295913774
3371 0.3202219673179324
3372 0.3631046474581051
3373 0.2833243679552254
3374 0.5388583941614742
3375 1.9684101565429468
3376 1.392329967355007
3377 2.435475195129069
3378 3.788170976003319
3379 5.934353369126011
3380 7.494694913698148
3381 7.500874704538193
3382 9.376412012375066
3383 9.715004483616026
3384 11.79504276760346
3385 10.521156281010962
3386 8.123623986029846
3387 4.980394491760791
3388 5.880826051365011
3389 8.062194560403022
3390 7.734278593373969
3391 4.301987993285191
3392 0.5941482455633912
3393 0.3177631657923324
3394 0.27825853268233414
3395 0.20574794886273956
3396 0.029185980135533078
3397 0.43140786093096944
3398 1.4985631586961892
3399 3.815328217662746
3400 1.7127408587465636
3401 1.1227839376135171
3402 1.7697630822861121
3403 1.9261824884866094
3404 1.674736276748351
3405 0.6043644170852657
3406 0.23516008681185713
3407 0.02916271696667761
3408 0.3114294571751732
3409 0.3755815436004069
3410 0.649335232085639
3411 0.29014666491990476
3412 0.028252128018331574
3413 0.0621314474536334
3414 0.10000914731924279
3415 0.029211220573021765
3416 0.09449804365097561
3417 0.06498040936777047
3418 0.09573498664078331
3419 0.5633461337337379
3420 2.134226388058576
3421 1.8539176079414015
3422 1.2060238214763688
3423 0.7616343017131795
3424 0.7207023752539815
3425 1.3811023930765485
3426 1.526111273900596
3427 1.316306408332171
3428 0.41659936366041755
3429 0.1407414154024184
3430 0.25655995989474867
3431 0.1902868945528585
3432 0.40815260217412047
3433 0.0425619650233144
3434 0.037054416056728906
3435 0.14144309642287944
3436 0.23730874255092776
3437 0.32048012116702335
3438 0.7110780961196524
3439 1.9938000535658902
3440 2.0785215730591844
3441 3.260629785765808
3442 4.728778408939693
3443 4.6356359241651415
3444 6.6900912601565885
3445 7.796730420880921
3446 8.844807415471708
3447 10.450350510333216
3448 11.783911962527084
3449 9.958483776579211
3450 8.706082614494639
3451 6.662379510843294
3452 6.348468814048318
3453 8.376012203646757
3454 9.408716548446517
3455 5.478402125575278
3456 0.5634778979406802
3457 0.42380720821432794
3458 0.08043100728165539
3459 0.10458686965127234
3460 0.015199646984829588
3461 0.5542579995510714
3462 2.4206693235210417
3463 2.427856398558787
3464 0.8558027695048712
3465 0.35197248249157304
3466 0.5711216852582262
3467 1.26061270684235
3468 1.0629674243428582
3469 0.5587419688298935
3470 0.22581131395785534
3471 0.07092069050537293
3472 0.05193387140010091
3473 0.05762732230859485
3474 0.18224180840149537
3475 0.06200259817509123
3476 0.01758123063543444
3477 0.1446600894082804
3478 0.0058730291505442
3479 0.5665201857019498
3480 0.49371384323185513
3481 0.46703309997504866
3482 0.8739981580647158
3483 1.9089731058271615
3484 3.187268190457553
3485 2.3352335386079974
3486 1.8628305014784137
3487 1.1368118887446068
3488 0.6984096958455557
3489 0.6079005125191389
3490 1.07327990895923
3491 1.1763380059959192
3492 1.3699576871925245
3493 1.6960872400772338
3494 1.4339649224345958
3495 1.2397282006713433
3496 1.4175229019322557
3497 1.5523904574296896
3498 1.0487447422833143
3499 0.3078152664369427
3500 0.008340303695041736
3501 0.029230634672212163
3502 0.37714507434084027
3503 1.5583106193022986
3504 2.740156490193738
3505 2.8206502069570623
3506 3.6706540215474175
3507 3.5576791152496803
3508 6.050852581766942
3509 7.914004848654024
3510 9.319006529200738
3511 12.68261351618653
3512 10.689419140583679
3513 11.674085677019116
3514 9.339210880771446
3515 8.394042496879846
3516 5.984718366454829
3517 7.33082499473674
3518 9.93886678287174
3519 5.771774367377737
3520 0.8105849413218712
3521 0.6052001703707343
3522 0.40133166701369205
3523 0.08679946727990853
3524 0.007562886930433096
3525 0.8965239934246723
3526 1.7248504936174274
3527 0.9533865466191155
3528 0.48421907750984383
3529 0.2734342125313415
3530 0.39130638479687097
3531 0.25763517296456284
3532 0.4595839209757518
3533 0.4367807109342343
3534 0.24024667576227263
3535 0.0027231800380294797
3536 0.11976708956273295
3537 0.08165210088513787
3538 0.053938637842513626
3539 0.06118668150092941
3540 0.009219530651375086
3541 0.052202227061925593
3542 0.03613223260993743
3543 0.5854949448704826
3544 0.4445113396849557
3545 0.7068572429769616
3546 1.197316576120335
3547 2.1002630516537826
3548 3.1712865542388307
3549 2.8906810290798397
3550 3.341134672579742
3551 1.8064062568558223
3552 0.7253236701531085
3553 0.6125236838248138
3554 0.7865122210344715
3555 1.0492364602642583
3556 2.5721438231643843
3557 2.792995418875804
3558 3.251393869490687
3559 1.9158598967621574
3560 1.817566493343022
3561 2.398177807639529
3562 1.574248241808203
3563 0.8586241512182822
3564 0.18084331956710897
3565 0.005579479986675997
3566 0.16845007526791145
3567 1.0929935376492432
3568 2.3485256734529325
3569 2.758424884795404
3570 4.192925401589229
3571 3.8924712034796425
3572 5.497623068509645
3573 8.54740708214791
3574 8.99139482938791
3575 8.908974493149858
3576 6.685495487294034
3577 10.5576143578386
3578 8.375528655873175
3579 8.102726556620473
3580 6.9321025606561815
3581 6.3711928424241115
3582 7.295228795847757
3583 4.0416865798969885
3584 0.5939662595940008
3585 0.7534962592284924
3586 0.5413351253351744
3587 0.09545403302802986
3588 0.21266654777606236
3589 0.8344998026184637
3590 1.4391652620406221
3591 0.5127429423961969
3592 0.4337113171854946
3593 0.35396605959256744
3594 0.32988829735647046
3595 0.14969841855457175
3596 0.1807308572665372
3597 0.1268460775942239
3598 0.30731392619369763
3599 0.09437825061444374
3600 0.0033268346053630174
3601 0.0006885178575866287
3602 0.021437544718480014
3603 0.06413675244636298
3604 0.0001922566225748546
3605 0.02503634740519036
3606 0.00909090540253974
3607 0.12146881072214208
3608 0.48557928938179346
3609 1.3913216850567667
3610 1.4932675519032153
3611 3.0559224428488467
3612 4.111739842907916
3613 3.263454501482443
3614 2.762477422485164
3615 2.319186161613571
3616 0.8937136365219261
3617 1.0653639148159417
3618 1.0418619568358507
3619 1.2908991097990776
3620 1.3935909951358638
3621 2.823686925820198
3622 3.549538030171221
3623 3.6563655595546583
3624 3.3573916096843073
3625 2.0687207744090315
3626 1.0461046951982074
3627 0.5209793849571164
3628 0.3257760422822264
3629 0.0020836560515399196
3630 0.4525394778639419
3631 1.412516456195309
3632 2.645639059357222
3633 3.908629722476024
3634 5.298755622531693
3635 4.184676470812762
3636 7.7901110311150745
3637 9.68174159410357
3638 6.304501410438643
3639 5.086195873153831
3640 4.669629517274748
3641 6.016182448969138
3642 8.870786894108594
3643 6.044262829383036
3644 6.433994473437042
3645 5.240448017978092
3646 3.7887138052503575
3647 3.5212610804921094
3648 0.6387440876518067
3649 0.5686893439628693
3650 0.3135697951232967
3651 0.034785371344470566
3652 0.6034439709824844
3653 1.1859263881176996
3654 1.0900600494454025
3655 0.38017697574147474
3656 0.2668397366788311
3657 0.01920503347159104
3658 0.02235778711416166
3659 0.003236312495571654
3660 0.1195372412174185
3661 0.14415389152989183
3662 0.2316510034303381
3663 0.5617894451949615
3664 0.07323936804589716
3665 0.10842553222745889
3666 0.09847839624573965
3667 0.016450850809964085
3668 0.197799507121876
3669 0.13920497470335041
3670 0.11544137952407543
3671 0.382792479294904
3672 0.6437961223244325
3673 2.15912304655345
3674 3.0328935206321606
3675 3.366985760271964
3676 3.7204494883961177
3677 2.468599912597398
3678 2.340912935374485
3679 2.345687094779171
3680 1.3497280446041169
3681 0.9306827322395878
3682 2.2602188880328558
3683 2.4824460232733774
3684 3.283474283235116
3685 3.6554055393981573
3686 3.3290236144441008
3687 4.3096536092371
3688 4.369325995528465
3689 3.6573779960503487
3690 1.8627422447747155
3691 0.6436433765939681
3692 0.10019359854314834
3693 0.06038069304328071
3694 0.627018348205097
3695 2.018470252869224
3696 3.3024933283626647
3697 4.279497011342284
3698 5.811050762344968
3699 4.027341501836997
3700 5.4080718684319935
3701 5.202274324120531
3702 4.269631791695864
3703 4.808887128647933
3704 4.31695273067385
3705 3.8980667154348834
3706 6.988235306929551
3707 6.590434046660022
3708 5.8177747143819305
3709 4.76119900785474
3710 4.305547329785416
3711 3.525984813070467
3712 0.4377212057113268
3713 0.2305305200808969
3714 0.09332627694978521
3715 0.37611990883542784
3716 1.760921989262846
3717 1.510762839484881
3718 0.6985156141665186
3719 0.8451741726632347
3720 0.46530420732769007
3721 0.31727254134022903
3722 0.1970494178183245
3723 0.005085944162965893
3724 0.0163044333545828
3725 0.14255252577788913
3726 0.183050567409194
3727 0.14626012556429294
3728 0.22240343940512433
3729 0.726889373132722
3730 0.7892212468096593
3731 0.9358531170519765
3732 0.8574664713832136
3733 0.8144185441427584
3734 0.7511873401019461
3735 1.436792657029352
3736 1.9496472045283388
3737 3.266644119729766
3738 3.9787678547730767
3739 3.3605709381971263
3740 2.966055738865227
3741 1.6500763482240073
3742 2.011928156692257
3743 1.2263930808435886
3744 0.725116178773943
3745 0.7261820620976202
3746 1.3590757924254024
3747 2.1169534393286455
3748 1.6733223424395964
3749 1.2940767815701513
3750 1.6688521202105855
3751 2.5011087271841674
3752 2.886104814645051
3753 1.6401820279185102
3754 0.7848835861142724
3755 0.25130142007806544
3756 0.00037627921949405795
3757 0.16342721392049123
3758 0.3947085018706367
3759 1.0435597064138162
3760 1.7240313789500044
3761 2.625257610575936
3762 4.730893485503821
3763 3.9764588691075575
3764 3.569935288533037
3765 4.646581847849354
3766 3.8596515787418504
3767 4.614545532533516
3768 4.017973279107163
3769 3.8249957298582613
3770 4.355834191409051
3771 5.132769898166978
3772 5.499363115203483
3773 5.012255844039934
3774 6.3129437976155565
3775 4.25240983987543
3776 0.24596952048258686
3777 0.23545526290884444
3778 0.08396717542664854
3779 0.5662842988488785
3780 2.0432074542894734
3781 2.7360196948391198
3782 2.397814514405303
3783 1.642748966489839
3784 0.9401259493514519
3785 0.328352013746824
3786 0.41425880591399455
3787 0.10937848728479448
3788 0.12266472346359679
3789 0.1512775485663788
3790 0.3728058110490247
3791 0.41709878189792526
3792 0.059654915879070555
3793 0.08894932699682792
3794 0.0033635292017939224
3795 0.0390199327449721
3796 0.07164198867623896
3797 1.7479465362312776
3798 0.964458964141583
3799 0.8202197898946391
3800 1.430020463190734
3801 2.713264570174498
3802 4.282345246289865
3803 1.8806774859421338
3804 1.7674509511868637
3805 0.9757784903124623
3806 0.8754453841325553
3807 0.5024821237083275
3808 0.12271661632538822
3809 0.07991701782622482
3810 0.22063543191544557
3811 0.49487656600213153
3812 0.9292769919477838
3813 1.1105993369579266
3814 1.6099182574799464
3815 1.397719877196116
3816 1.1410220918693297
3817 0.40329648794918244
3818 0.4546582929861536
3819 0.037768027107906145
3820 0.223170172803669
3821 0.32812556788263736
3822 0.7379618615694562
3823 0.8767829277144209
3824 0.3711118139204302
3825 0.9660966264991014
3826 1.8109996907943602
3827 1.6274091072551553
3828 2.774877680541021
3829 4.557014017059535
3830 3.9881340867462476
3831 3.5067469693100595
3832 2.6596047318150293
3833 3.387260680803621
3834 3.9948747395145388
3835 4.6447105316946145
3836 4.832993890688289
3837 5.004709932718548
3838 6.160825586716704
3839 4.713861720499408
3840 0.3834782513224844
3841 0.41950123362922653
3842 0.11276160257332718
3843 0.19052606635848027
3844 0.6837568052647537
3845 2.1111792460252063
3846 3.369808945442258
3847 3.831862507771371
3848 2.867360515727758
3849 2.0930150432385357
3850 1.3271842552289628
3851 0.4424292733160585
3852 0.39400758258059754
3853 0.07849442633680156
3854 0.0015615302732351927
3855 0.0001334634482261607
3856 0.05723796987458325
3857 0.022311498822889925
3858 0.037926470319770006
3859 0.25956650734310716
3860 0.010224454410650388
3861 1.3712427703246668
3862 1.9892406626558794
3863 1.9466351952623835
3864 1.9289504508168307
3865 2.2792474877618
3866 3.215346050181668
3867 2.6602175466886733
3868 2.1378492187512164
3869 0.6050132237973403
3870 0.6463920286901945
3871 0.7334913130932198
3872 0.5558178464676087
3873 0.6583097182697227
3874 0.5113738841286001
3875 0.5181380757383102
3876 0.4771694136996835
3877 0.7657740524532595
3878 0.6315396100530973
3879 1.05696335803132
3880 0.5246605370150752
3881 0.448362892526253
3882 0.5262697608198383
3883 0.22520444769420722
3884 0.04599964925954263
3885 0.1339641257537763
3886 0.3011880810512843
3887 0.3163557303595209
3888 0.11456897139542231
3889 0.07958621959762564
3890 0.9911627809511654
3891 2.3824151839922125
3892 2.932407685249984
3893 2.8489224800836097
3894 2.200304985944427
3895 1.9175411548792007
3896 1.5783988889722882
3897 2.0994161242545246
3898 2.3742664227909334
3899 2.3085722818660352
3900 2.7565405092224458
3901 2.4896009018516683
3902 3.7896642004870165
3903 3.0120358637693725
3904 0.6478294311908959
3905 0.45173102787465863
3906 0.06534801816570696
3907 0.14382890019744937
3908 0.13856222017223033
3909 1.0482396530123756
3910 3.5256654379585775
3911 4.82326350959898
3912 7.051868827101668
3913 5.473205158652067
3914 3.63494354590482
3915 1.746982369432098
3916 0.7635812965292288
3917 0.07650245116847948
3918 0.0002640112312611852
3919 0.13799318806683242
3920 0.27949556517081026
3921 0.5440578111058939
3922 0.031209209474025
3923 0.06426992425573799
3924 0.009903157600089042
3925 0.22828025213690503
3926 0.8267191334765233
3927 1.069881531003585
3928 1.7407242435718993
3929 2.0504714144389857
3930 4.076892690921518
3931 4.1226776894277055
3932 2.429348882999431
3933 1.760016420610767
3934 1.9470981288783336
3935 1.1075179246417688
3936 0.560588076556278
3937 1.0393209532654324
3938 1.098482510962695
3939 0.7983341427004843
3940 1.1436353746809185
3941 1.5002535514197872
3942 1.0210629965369045
3943 0.696214330255387
3944 0.7630525767599842
3945 0.31787550320409214
3946 0.4443599321691268
3947 0.1339757913435324
3948 0.002516438192714799
3949 0.00826152800234538
3950 0.0038151906409454235
3951 0.004205177783731089
3952 0.020230763084890437
3953 0.12685990697812866
3954 0.6894060641946343
3955 1.5611984345294923
3956 1.5295421843388965
3957 1.4362034642428054
3958 2.1093429806843043
3959 1.5925566034019403
3960 1.096614306364709
3961 1.2954464335792015
3962 1.2583232945094405
3963 1.105055665276998
3964 1.6620659774631705
3965 2.7015564238283916
3966 3.722412802956569
3967 4.555473404195741
3968 1.2995237644593887
3969 0.8125541444776258
3970 0.17025911950374573
3971 0.0012362503353733573
3972 0.28369163373201584
3973 0.4550222053418789
3974 1.3183482760120646
3975 2.167275281967783
3976 3.52706129927585
3977 2.5201125012223686
3978 1.2742673863245466
3979 0.7639170032839863
3980 0.08472587404714121
3981 0.0007131514272348935
3982 0.04802668815115886
3983 0.14867666828593443
3984 0.22025770766966057
3985 0.1991353368948662
3986 0.11379113646622833
3987 9.67213482498813e-06
3988 0.18034726137733545
3989 0.5489184237483544
3990 0.9362659848714474
3991 0.8962426611905668
3992 0.9748532146724299
3993 1.9003412584554797
3994 3.4895351179755196
3995 2.931035607584518
3996 2.413021511498037
3997 2.8810766231538922
3998 2.162582020420743
3999 2.1159490198664495
4000 3.1448205837327685
4001 2.6548685299541184
4002 3.1646086016593094
4003 2.0581357359878933
4004 1.6507766327890474
4005 2.2486336955098225
4006 1.3602985330275819
4007 1.3062515295002937
4008 1.1168606682625957
4009 0.7545757271647869
4010 0.6447848096095088
4011 0.6901487168690618
4012 0.24621411803736126
4013 0.17841276599544492
4014 0.028456692512402994
4015 0.004502614871245369
4016 0.2231688766079936
4017 0.4751402460606782
4018 1.5068816123845798
4019 1.9235455889972222
4020 1.7439715071046267
4021 1.7331992484630414
4022 1.3897850784287573
4023 1.7513002920295135
4024 1.9109400303948758
4025 2.0971445975392906
4026 1.4416822076686304
4027 1.5073967941900928
4028 2.624277464911088
4029 3.9030109331704845
4030 4.531368566505129
4031 5.293200600209268
4032 2.3104332152900375
4033 1.7161354532164954
4034 0.7921758651107763
4035 0.06158745615770706
4036 0.013624801703575745
4037 0.07314102599107315
4038 0.01022216507938342
4039 0.22524270489490475
4040 0.31952658377655707
4041 0.2694220333521381
4042 0.4681819932448962
4043 0.2554201938902544
4044 0.047591550514894596
4045 0.40678193571926013
4046 0.35748201464172646
4047 0.07331527833856027
4048 0.021840980629094668
4049 0.00023630397145135481
4050 0.008977669216487925
4051 0.04487746149157203
4052 0.19127047857013219
4053 0.316498401898811
4054 0.4066639884034069
4055 0.4405248881452489
4056 0.8406861607743699
4057 1.402968717864016
4058 1.975501864279299
4059 2.330375602481903
4060 1.5833135198123673
4061 1.8433377795879964
4062 2.8027189873299236
4063 3.17251500199413
4064 3.696765788065578
4065 3.7489815863473037
4066 2.546100871776021
4067 1.4529984117748902
4068 1.335155594314806
4069 1.8669775156580544
4070 1.378770193022286
4071 1.6606267497917637
4072 1.2840610881182304
4073 0.8032475035768831
4074 0.7657590220036582
4075 0.6005787129698912
4076 0.3094528994591685
4077 0.07051439336418439
4078 0.0013500087318749508
4079 0.0017960902467525428
4080 0.2393810995354284
4081 0.9579223000895879
4082 1.6645930854297535
4083 2.9281129090767215
4084 1.9765142141845096
4085 1.8374271288570776
4086 1.2301696312069237
4087 1.694225908192742
4088 2.15393604195722
4089 2.110082211261381
4090 2.0154991785987355
4091 1.7668052708007496
4092 2.5493280301801864
4093 2.524361029706308
4094 2.837952020481926
4095 2.768813083837575
