 0
0 0.0
1 -0.0006239324500845353
2 -0.0018845773430558955
3 -0.0017566563948817387
4 -0.0018254628224686307
5 0.0
6 0.0
7 0.0
8 0.0
9 0.0
10 0.0
11 0.0
12 0.0
13 0.0
14 0.0
15 0.0
16 0.0
17 0.0
18 0.0
19 0.0
20 -0.0005673118278730333
21 -0.0015331955911758424
22 -2.4521334896438886e-05
23 0.0
24 0.0
25 0.0
26 -0.0002696501925388871
27 0.0
28 0.0
29 0.0
30 0.0
31 0.0
32 0.0
33 0.0
34 0.0
35 0.0
36 0.0
37 0.0
38 0.0
39 0.0
40 0.0
41 0.0
42 0.0
43 0.0
44 0.0
45 0.0
46 0.0
47 0.0007878837964383108
48 0.0
49 0.00038897970519054346
50 0.0
51 0.0
52 0.0
53 0.0
54 0.0013206090752988983
55 0.00046356345479102093
56 0.0
57 0.00034544782103713257
58 0.0
59 0.0
60 0.0
61 0.0
62 0.0
63 0.0
64 -6.868870073035161e-06
65 0.0
66 0.0
67 0.0
68 0.0
69 0.0
70 0.0
71 0.0
72 0.0
73 0.0010172264951514654
74 0.0022344707385060325
75 0.0010298402831662291
76 0.0
77 0.0
78 0.0
79 -0.00047104172622812224
80 -0.0001573696822320635
81 0.0
82 0.0
83 0.0
84 -0.0012118472972247188
85 -0.0018978301924158112
86 -0.0001904135642804013
87 0.0
88 0.0
89 0.0
90 0.0
91 0.0
92 0.0
93 0.0
94 0.0
95 0.0
96 0.0
97 0.0
98 0.0
99 0.0
100 0.0
101 0.0
102 0.0
103 0.0
104 0.0
105 0.0
106 0.0
107 0.0
108 0.0
109 0.0
110 0.0
111 0.0
112 0.0
113 0.0
114 0.0
115 0.0
116 0.0
117 0.0
118 0.0014703723440118303
119 0.0
120 0.0
121 0.0006572265833888804
122 0.0
123 0.0
124 0.0
125 0.0
126 0.0
127 0.0
128 -0.0010454754718482251
129 0.0
130 0.0
131 0.0
132 0.0
133 0.0
134 0.0
135 0.0008560917940423224
136 0.0
137 0.0
138 0.001162291457595789
139 0.00042590387082065413
140 0.0004529445049946107
141 0.0
142 0.0
143 0.0
144 0.0
145 0.0
146 0.0
147 0.0
148 -0.0003553273055835124
149 -0.0004973027781469967
150 0.0
151 0.0
152 0.0
153 0.0
154 0.0
155 0.0
156 0.0
157 0.0
158 0.0
159 0.0
160 0.0
161 0.0
162 0.0
163 0.0
164 0.0
165 0.0
166 0.0
167 0.0
168 0.0
169 0.0
170 -0.0013252259707559428
171 0.0
172 0.0
173 -0.0007426212507120183
174 0.0
175 0.0
176 0.0
177 -0.0005102507404545302
178 0.0
179 0.0
180 0.0
181 0.0
182 0.0
183 0.0
184 0.0
185 0.00018162269106716805
186 0.0
187 0.0
188 0.0
189 0.0
190 0.0
191 0.0
192 -7.713920761757352e-05
193 0.0
194 0.0
195 0.0
196 0.0013424520468728286
197 0.0
198 0.0
199 0.0
200 0.0
201 0.0
202 0.0
203 0.0
204 0.0
205 0.0
206 0.0
207 0.0
208 0.0
209 0.0
210 0.0
211 0.0
212 0.0
213 0.0
214 0.0
215 0.0
216 0.0
217 0.0
218 0.0
219 0.0
220 0.0
221 0.0
222 0.0
223 0.0
224 0.0
225 0.0
226 0.0
227 0.0
228 0.0
229 0.0
230 0.0
231 0.0
232 0.0
233 0.0
234 0.0
235 0.0
236 0.0
237 0.0
238 0.0
239 0.0
240 0.0
241 0.0
242 -0.0013802044498339952
243 0.0
244 0.0
245 0.0
246 0.0
247 0.0
248 0.0
249 0.0
250 0.0
251 0.0
252 0.0
253 0.0
254 0.0
255 0.0
256 0.0
257 0.0
258 0.0
259 0.00021740151951058905
260 0.00515434473729153
261 0.0
262 0.0
263 0.0
264 0.0
265 0.0
266 0.0
267 0.0
268 0.0
269 0.0
270 0.0
271 0.0
272 0.0
273 0.0
274 0.0
275 0.0012557312203635505
276 0.001363183659900299
277 0.002295617120972937
278 0.0
279 0.0
280 0.0
281 0.0
282 0.0
283 0.0
284 0.0
285 0.0
286 0.0
287 0.0007042138136244571
288 0.0017646819703960662
289 0.0
290 0.0
291 0.0
292 0.0
293 0.0
294 0.0
295 0.0
296 0.0
297 0.0
298 0.0
299 0.0
300 0.0
301 0.0
302 0.0
303 0.0
304 0.0
305 0.0
306 0.0
307 0.0
308 0.0
309 0.0
310 0.0
311 0.0
312 0.0
313 0.0
314 0.0
315 0.0
316 0.0
317 0.0
318 0.0
319 0.0
320 -3.2959869861262306e-05
321 0.0
322 0.0
323 0.0
324 0.0
325 0.0
326 0.0
327 0.0
328 0.0
329 0.0
330 0.0
331 0.0
332 0.0
333 0.0
334 0.0
335 0.0
336 0.0
337 0.0
338 0.0
339 0.0
340 0.0
341 0.0
342 0.0
343 0.0
344 0.0009103865749722597
345 0.0007689111493668723
346 0.0
347 0.0
348 0.000532635451380091
349 0.0
350 0.0
351 0.0
352 0.0
353 0.0
354 0.0
355 0.0
356 0.0
357 0.0
358 0.0
359 0.0
360 0.0
361 0.0
362 0.0005417547174015453
363 0.0
364 0.0
365 0.0
366 0.0
367 0.0
368 0.0
369 0.0
370 -0.0009937877133902452
371 -0.0010504526914878953
372 -0.0007909405541945476
373 0.0
374 0.0
375 0.0
376 0.0
377 0.0
378 0.0
379 0.0
380 0.0
381 0.0
382 0.0
383 0.0
384 0.0
385 0.0
386 0.0
387 0.0
388 0.0
389 0.0
390 0.0
391 0.0
392 0.0
393 -0.0009583950216137776
394 0.0
395 0.0
396 0.0
397 0.0
398 0.0
399 0.0
400 0.0
401 0.0
402 0.0
403 0.0
404 0.0
405 0.0
406 0.0
407 0.0
408 0.0
409 0.0
410 0.0
411 0.0
412 0.002922792170496541
413 0.0017736575463161142
414 0.0
415 0.0
416 0.0
417 0.0
418 0.0
419 0.0
420 0.0
421 0.0
422 0.0
423 0.0
424 0.00039030056087747744
425 0.0016183290049675916
426 0.0012534700117989097
427 0.0
428 0.0
429 0.0
430 0.0
431 0.0
432 0.0
433 0.0
434 -0.0007759651612337397
435 0.0
436 0.0
437 -0.0008847770272689406
438 0.0
439 0.0
440 0.0
441 0.0
442 0.0
443 0.0
444 0.0
445 0.0001339806511914762
446 0.0006828152136230957
447 0.0
448 -0.0004797703971101632
449 0.0
450 0.0
451 0.0
452 0.0
453 0.0
454 0.0
455 0.0
456 0.0
457 0.0
458 0.0
459 0.0
460 0.0
461 0.0
462 0.0
463 0.0
464 0.0
465 0.0
466 0.0
467 0.0
468 0.0
469 0.00017781763516414874
470 0.0
471 0.0
472 0.0001373865711647002
473 0.0
474 0.0
475 0.0
476 0.0
477 0.0
478 0.0
479 0.0
480 0.0
481 0.0
482 0.0
483 0.0
484 0.0
485 0.0
486 0.0
487 0.0
488 0.0
489 0.0
490 0.0
491 0.0
492 0.0
493 0.0
494 0.0
495 0.0
496 0.0
497 0.0
498 0.0
499 0.0
500 0.0
501 0.0
502 0.0
503 0.0
504 0.0
505 0.0
506 0.0
507 0.0
508 0.0001830023177470796
509 0.0
510 0.0
511 0.0
512 -4.9996240538273685e-06
513 0.0
514 0.0
515 -0.000741051834725753
516 0.0
517 0.0
518 0.0002081452704615836
519 0.0
520 0.0
521 0.0
522 0.0
523 0.0
524 0.0
525 0.0
526 -9.284396708763414e-05
527 0.0
528 0.0
529 0.0
530 0.0
531 0.0
532 0.0
533 0.0
534 0.0
535 0.0
536 0.0
537 0.0
538 0.0
539 0.0
540 0.0
541 0.0
542 0.0
543 0.0
544 0.0
545 0.0
546 0.0
547 0.0
548 0.0
549 0.0
550 0.0
551 0.0
552 0.0
553 0.0
554 0.0
555 0.0
556 0.0
557 0.0
558 0.0
559 0.0
560 0.0
561 0.0
562 0.0
563 0.0
564 0.0
565 0.0
566 0.0
567 0.0
568 0.0
569 0.0
570 0.0
571 0.0
572 0.0
573 0.0
574 0.0
575 0.0
576 0.0
577 0.0
578 -0.0003081079088285266
579 -0.0035265706811027793
580 -6.764341852504889e-05
581 0.0
582 0.001427513433930823
583 0.0011067450502997673
584 0.0
585 0.0
586 0.0
587 0.0
588 0.0
589 -0.0007349656440805815
590 -0.002222769069551093
591 -0.0011558407099256734
592 -0.0007124588227497311
593 0.0
594 0.0
595 0.0
596 0.0
597 0.0
598 0.0
599 0.0
600 0.0
601 0.0
602 0.0
603 0.0
604 0.0
605 0.0
606 0.0
607 0.0
608 0.0
609 0.0
610 0.0
611 0.0
612 0.0
613 0.0
614 0.0
615 0.0
616 0.0
617 0.0
618 0.0
619 0.0
620 0.0
621 0.0
622 0.0
623 0.0
624 0.0
625 0.0
626 0.0
627 0.0
628 0.0
629 0.0
630 0.0
631 0.0
632 0.0
633 0.0
634 0.0
635 0.0
636 0.0
637 0.0
638 0.0
639 0.0
640 0.0
641 0.0
642 0.0
643 -0.0007494529035235708
644 0.0
645 0.0
646 0.0
647 0.0005629390980728221
648 0.0
649 0.0
650 0.0
651 0.0
652 0.0
653 0.0
654 0.0
655 -0.000659586353289916
656 0.0
657 0.0
658 -0.00029778768607023387
659 0.0
660 0.0
661 0.0
662 0.0
663 -8.216405067944704e-05
664 0.0
665 0.0
666 0.0
667 0.0
668 0.0
669 0.0
670 0.0
671 0.0
672 0.0
673 0.0
674 0.0
675 0.0
676 0.0
677 0.0
678 0.0
679 0.0
680 0.0
681 0.0
682 0.0
683 0.0
684 0.0
685 0.0
686 0.0
687 0.0
688 0.0
689 0.0
690 0.0
691 0.0
692 0.0
693 0.0
694 0.0
695 0.0
696 0.0
697 0.0
698 0.0
699 0.0
700 0.0
701 0.0
702 0.0
703 0.0
704 0.0
705 0.0
706 0.0
707 0.0
708 -0.000518068657883762
709 0.0
710 0.0
711 0.0
712 0.0
713 0.0
714 0.0
715 0.0
716 0.0
717 0.0
718 0.0
719 0.0
720 0.0
721 -0.0002642961745740777
722 0.0
723 0.0
724 0.0
725 0.0
726 0.0
727 0.0
728 0.0
729 0.0
730 0.0
731 0.0
732 0.0
733 0.0
734 0.0
735 0.0
736 0.0
737 0.0
738 0.0
739 0.0
740 0.0
741 0.0
742 0.0
743 0.0
744 0.0
745 0.0
746 0.0
747 0.0
748 0.0
749 0.0
750 0.0
751 0.0
752 0.0
753 0.0
754 0.0
755 0.0
756 0.0
757 0.0
758 0.0
759 0.0
760 0.0
761 0.0
762 0.0
763 0.0
764 0.0
765 0.0
766 0.0
767 0.0
768 0.0
769 0.0
770 0.0
771 0.0
772 -0.00027948188105214134
773 0.0
774 0.0
775 0.0
776 0.00021383325647361882
777 0.00010513716239823137
778 0.0
779 0.0
780 0.0
781 0.0
782 0.0
783 0.0
784 0.0
785 0.0
786 0.0
787 0.0
788 0.0
789 -0.0003949972190068312
790 -0.0028494384897223297
791 -0.0020556785928808837
792 0.0
793 0.0
794 0.0
795 0.0
796 0.0
797 0.0
798 0.0
799 0.0
800 0.0
801 0.0
802 0.0
803 0.0
804 0.0
805 0.0
806 0.0
807 0.0
808 0.0
809 0.0
810 0.0
811 0.0
812 0.0
813 0.0
814 0.0
815 0.0
816 0.0
817 0.0
818 0.0
819 0.0
820 0.0
821 0.0
822 0.0
823 0.0
824 0.0
825 0.0
826 0.0
827 0.0
828 0.0
829 0.0
830 0.0
831 0.0
832 -0.0011833667757835899
833 0.0
834 0.0
835 0.0
836 0.0
837 0.0
838 0.0
839 0.0
840 0.00012606026459816515
841 0.0004831281647545304
842 0.0003602718488430395
843 0.0
844 0.0
845 0.0
846 0.0
847 0.0
848 0.0
849 0.0
850 -2.3127399918268624e-05
851 0.0
852 -0.00010739889041973253
853 -0.0001234244094516549
854 -0.002367891703790031
855 -0.00012806901262367657
856 -0.0006219060215147596
857 0.0
858 0.0
859 0.0
860 0.0
861 0.0
862 0.0
863 0.0
864 0.0
865 0.0
866 0.0
867 -0.0002748267926069943
868 0.0
869 0.0
870 0.0
871 0.0
872 0.0
873 0.0
874 0.0
875 0.0
876 0.0
877 0.0
878 0.0
879 0.0
880 0.0
881 0.0
882 0.0
883 0.0
884 0.0
885 0.0
886 0.0
887 0.0
888 0.0
889 0.0
890 0.0
891 0.0
892 0.0
893 0.0
894 -0.00020586392602022223
895 0.0
896 -0.00140977738001471
897 0.0
898 0.0
899 0.0
900 0.0
901 0.0
902 0.0
903 0.0
904 0.00015095628052003412
905 2.383587667102894e-05
906 0.0004202620638228419
907 0.0
908 0.0
909 0.0
910 0.0
911 0.0
912 0.0
913 0.0
914 0.0
915 -0.0002608155709478716
916 -0.0013824644528315046
917 -0.0022705377626015006
918 -0.0023719363494197837
919 -0.00031300910289069726
920 0.0
921 0.0
922 0.0
923 0.0
924 0.0
925 0.0
926 0.0
927 0.0
928 0.0
929 0.0
930 0.0
931 0.0
932 0.0
933 0.0
934 -0.00012478876480111474
935 0.0
936 0.0
937 0.0
938 0.0
939 0.0
940 0.0
941 0.0
942 0.0
943 0.0
944 0.0
945 0.0
946 0.0
947 0.0
948 0.0
949 0.0
950 0.0
951 0.0
952 0.0
953 0.0
954 0.0
955 0.0
956 0.0
957 0.0
958 0.0
959 0.0
960 -0.0019947027650641
961 -8.020025619488617e-05
962 0.0
963 0.0
964 0.0
965 0.0
966 0.0
967 0.0
968 0.0
969 0.0
970 0.0
971 0.0
972 0.0
973 0.0
974 0.0
975 0.0
976 0.0
977 0.0
978 0.0
979 -0.000556368039798203
980 -0.00027341439475630906
981 -0.0007519860618346777
982 -0.0019380929441288033
983 -0.0008924579714005509
984 0.0
985 0.0
986 0.0
987 0.0
988 0.0
989 0.0
990 0.0
991 0.0
992 0.0
993 0.0
994 0.0
995 0.0
996 0.0
997 0.0
998 0.0
999 -1.668851857269598e-05
1000 0.0
1001 0.0
1002 0.0
1003 0.0
1004 0.0
1005 0.0
1006 0.0
1007 0.0
1008 0.0
1009 0.0
1010 0.0
1011 0.0
1012 0.0
1013 0.0
1014 0.0
1015 0.0
1016 0.0
1017 0.0
1018 0.0
1019 0.0
1020 0.0
1021 0.0
1022 0.0
1023 0.0
1024 -0.0008326330042260871
1025 -3.3357161397435035e-05
1026 0.0
1027 0.0
1028 0.00038831393015354056
1029 0.0
1030 0.0
1031 0.0
1032 0.0
1033 0.0
1034 0.0
1035 0.0
1036 0.00018827075566762676
1037 0.0
1038 0.0
1039 0.0
1040 0.0
1041 0.0
1042 0.0
1043 0.0
1044 -0.0005803347323261334
1045 -0.0005357131834679122
1046 -0.0029033399551429487
1047 -0.0021376070387665556
1048 -0.00041362357558143316
1049 0.0
1050 0.0
1051 0.0
1052 -0.0006781036332222851
1053 -0.0013937388227204912
1054 -0.0017176602660395914
1055 0.0
1056 0.0
1057 0.0
1058 0.0
1059 0.0
1060 0.0
1061 0.0
1062 0.0
1063 0.0
1064 0.0
1065 0.0
1066 0.0
1067 0.0
1068 0.0
1069 0.0
1070 0.0
1071 0.0
1072 0.0
1073 0.0
1074 0.0
1075 0.0
1076 0.0
1077 0.0
1078 -3.110807597775042e-05
1079 -0.0004398086240275061
1080 0.0
1081 -0.0005848327734341182
1082 0.0
1083 0.0
1084 0.0
1085 0.0
1086 0.0
1087 0.0
1088 -0.00021763193587992025
1089 -0.00037194023385366746
1090 0.0
1091 0.0
1092 3.516559465195488e-05
1093 0.0
1094 0.0
1095 0.0
1096 0.0
1097 0.0
1098 0.0
1099 0.0
1100 0.0
1101 0.0
1102 0.0
1103 0.0
1104 0.0
1105 0.0
1106 0.0
1107 0.0
1108 0.0
1109 -0.0006373205481775333
1110 0.0
1111 0.0
1112 0.0
1113 0.0
1114 0.0
1115 0.0
1116 -0.0010339919174139449
1117 -0.0009277701735632802
1118 -0.0012674552309834659
1119 0.0
1120 0.0
1121 0.0
1122 0.0
1123 0.0
1124 0.0
1125 0.0
1126 0.0
1127 0.0
1128 0.0
1129 0.0
1130 0.0
1131 0.0
1132 0.0
1133 0.0
1134 0.0
1135 0.0
1136 0.0
1137 0.0
1138 -3.019776060356852e-05
1139 0.0
1140 0.0
1141 -0.0013478813907917917
1142 -0.0012635571865758268
1143 -0.00023165480653573376
1144 0.0
1145 0.0
1146 0.0
1147 0.0
1148 0.0
1149 0.0
1150 0.0
1151 0.0
1152 0.0
1153 0.0
1154 0.0
1155 0.0
1156 0.0
1157 0.0
1158 0.0
1159 0.0
1160 0.0
1161 0.0
1162 0.0
1163 0.0
1164 0.0
1165 0.0
1166 0.0
1167 0.0
1168 0.0
1169 0.0
1170 0.0
1171 0.0
1172 0.0
1173 0.0
1174 0.0
1175 0.0
1176 0.0
1177 0.0
1178 0.0
1179 0.0
1180 0.0
1181 -0.0006535724416353748
1182 0.0
1183 0.0
1184 0.0
1185 0.0
1186 0.0
1187 0.0001288516458384072
1188 6.118646038935605e-06
1189 0.0
1190 0.0
1191 0.0
1192 0.0
1193 0.0
1194 0.0
1195 0.0
1196 0.0
1197 0.0
1198 0.0
1199 0.0
1200 0.0
1201 0.0
1202 -0.0009739187061936265
1203 -0.0004281403472555019
1204 -0.0005971040180639439
1205 -0.0005267374832157562
1206 -0.0018278984661667845
1207 -0.001426490367351645
1208 -0.00033917955518453024
1209 0.0
1210 0.0
1211 0.0
1212 0.0
1213 0.0
1214 0.0
1215 0.0
1216 0.0
1217 0.0
1218 0.0
1219 0.0
1220 0.0
1221 0.0
1222 0.0
1223 0.0
1224 0.0
1225 0.0
1226 0.0
1227 0.0
1228 0.0
1229 0.0
1230 0.0
1231 0.0
1232 0.0
1233 0.0
1234 0.0
1235 0.0
1236 0.0
1237 0.0
1238 0.0
1239 0.0
1240 0.0
1241 -0.00020106378727537656
1242 0.0
1243 -0.000745630708771276
1244 -0.0005758836466504855
1245 0.0
1246 0.0
1247 0.0
1248 0.0
1249 0.0
1250 0.0
1251 0.0
1252 0.0
1253 0.0
1254 0.0
1255 0.0
1256 -0.0007152069699201988
1257 -0.00014106829848120332
1258 -0.0004998254338085428
1259 0.0
1260 0.0
1261 0.0
1262 0.0
1263 0.0
1264 0.0
1265 -0.0004273741137209952
1266 -0.001578169881388881
1267 -0.0007778930867043763
1268 -0.002078701775700292
1269 -0.0008168409438994566
1270 -0.0012421334855911394
1271 -0.001784738156125482
1272 -0.0014778567360190994
1273 -0.0005375761339050624
1274 0.0
1275 -0.0002029914484798996
1276 0.0
1277 0.0
1278 0.0
1279 0.0
1280 0.0
1281 0.0
1282 0.0
1283 0.0
1284 0.0
1285 0.0
1286 0.0
1287 0.0
1288 0.0
1289 0.0
1290 0.0
1291 0.0
1292 0.0
1293 0.0
1294 0.0
1295 0.0
1296 0.0
1297 0.0
1298 0.0
1299 0.0
1300 0.0
1301 0.0
1302 0.0
1303 0.0
1304 0.0
1305 -0.0017444092870770723
1306 -0.002019203829490757
1307 -0.0035987337948433056
1308 -0.0007511030125627988
1309 0.0
1310 0.0
1311 0.0
1312 0.0
1313 0.0
1314 0.002607859295793312
1315 0.0015796172512797032
1316 0.0
1317 0.0
1318 0.0
1319 0.0
1320 0.0
1321 -0.00026085667041041643
1322 0.0
1323 0.0
1324 0.0
1325 0.0
1326 0.0
1327 0.0
1328 0.0
1329 -7.81650527631493e-06
1330 0.0
1331 0.0
1332 -0.0015487002495491748
1333 -0.00015928953223670264
1334 -0.0009257193909442056
1335 0.0
1336 0.0
1337 0.0
1338 0.0
1339 0.0
1340 0.0
1341 0.0
1342 0.0
1343 0.0
1344 0.0
1345 0.0
1346 0.0
1347 0.0
1348 0.0
1349 0.0
1350 0.0
1351 0.0
1352 0.0
1353 0.0
1354 0.0
1355 0.0
1356 0.0
1357 0.0
1358 0.0
1359 0.0
1360 0.0
1361 0.0
1362 0.0
1363 0.0
1364 0.0
1365 0.0
1366 0.0
1367 0.0
1368 0.0
1369 0.0
1370 -0.00234992019479006
1371 -0.0025890865926346887
1372 -0.0012985370317909295
1373 0.0
1374 0.0
1375 0.0
1376 0.0
1377 0.0
1378 0.0048847230713315115
1379 0.0017213393387717577
1380 0.0
1381 0.0
1382 0.0
1383 0.0
1384 0.0
1385 0.0
1386 0.0
1387 0.0
1388 0.0
1389 0.0
1390 0.0
1391 0.0
1392 0.0
1393 0.0
1394 0.0
1395 -0.00047459880785275497
1396 0.0
1397 0.0
1398 -0.002072661552276167
1399 -0.002430405483690384
1400 0.0
1401 0.0
1402 0.0
1403 0.0
1404 0.0
1405 0.0
1406 0.0
1407 0.0
1408 0.0
1409 0.0
1410 0.0
1411 0.0
1412 0.0
1413 0.0
1414 0.0
1415 0.0
1416 0.0
1417 0.0
1418 0.0
1419 0.0
1420 0.0
1421 0.0
1422 0.0006367898973361258
1423 0.0
1424 0.0
1425 0.0
1426 0.0
1427 0.0
1428 0.0
1429 0.0
1430 0.0007576707371559855
1431 0.0008384865070271571
1432 0.0
1433 0.0
1434 0.0
1435 0.0
1436 0.0
1437 0.0
1438 0.0
1439 0.0
1440 0.0
1441 0.0
1442 0.0014567244264713328
1443 0.00038358237231290966
1444 0.0
1445 0.0
1446 0.00014928922669192233
1447 0.0
1448 0.0
1449 0.0
1450 0.0
1451 0.0
1452 0.0
1453 0.0
1454 0.0
1455 0.0
1456 0.0
1457 0.0
1458 0.0
1459 0.0
1460 0.0
1461 0.0
1462 -0.001450850993872598
1463 -0.0016412605323879311
1464 -0.0013244843240650193
1465 0.0
1466 0.0
1467 0.0
1468 0.0
1469 0.0
1470 0.0
1471 0.0
1472 0.0
1473 0.0
1474 0.0
1475 0.0
1476 0.0
1477 0.0
1478 0.0
1479 0.0
1480 0.0
1481 0.0
1482 0.0
1483 0.0
1484 0.0
1485 0.0
1486 0.0014830251855157035
1487 0.0
1488 0.0
1489 0.0
1490 0.0
1491 0.0
1492 0.0
1493 0.0
1494 2.0312518526252763e-05
1495 0.0006160231045543485
1496 0.0
1497 0.0
1498 0.0
1499 0.0
1500 -0.0008210279673282512
1501 0.0
1502 0.0
1503 0.0
1504 0.0
1505 0.0
1506 0.0
1507 0.0
1508 0.000887586152810027
1509 0.004198941759519594
1510 0.002294889236445428
1511 0.0004133254331712621
1512 0.0006181775650572215
1513 0.0
1514 0.0
1515 0.0
1516 0.0
1517 0.0
1518 0.0
1519 0.0
1520 0.0
1521 0.0
1522 0.0
1523 0.0
1524 0.0
1525 0.0
1526 0.0
1527 0.0
1528 0.0
1529 0.0
1530 0.0
1531 0.0
1532 0.0
1533 0.0
1534 0.0
1535 0.0
1536 0.0
1537 0.0
1538 0.0
1539 0.0
1540 0.0
1541 0.0
1542 0.0
1543 0.0
1544 0.0
1545 0.0
1546 0.0
1547 0.0
1548 0.0
1549 0.0
1550 0.0018464782668429177
1551 0.00017672162617816614
1552 0.0
1553 7.494818994304294e-05
1554 0.0
1555 0.0
1556 0.0
1557 0.0
1558 0.0
1559 0.0
1560 0.0
1561 0.0
1562 0.0
1563 0.0
1564 0.0
1565 -0.0005292252060607207
1566 0.0
1567 0.0
1568 0.0
1569 0.0
1570 0.0016627438864003537
1571 0.0018822977452702006
1572 0.002629732830720113
1573 0.002900680462870594
1574 0.0019229019657255072
1575 0.0009688705268945518
1576 0.0023438185763912257
1577 0.0008126370747919878
1578 0.0
1579 0.0
1580 0.0
1581 0.0
1582 0.0
1583 0.0
1584 0.0
1585 0.0
1586 0.0
1587 0.0
1588 0.0
1589 0.0
1590 0.0
1591 0.0
1592 0.0
1593 0.0
1594 0.0
1595 0.0
1596 0.0
1597 0.0
1598 0.0
1599 0.0
1600 0.0
1601 0.0
1602 0.0
1603 0.0
1604 0.0
1605 0.0
1606 0.0
1607 0.0
1608 0.0
1609 0.0
1610 0.0
1611 0.0
1612 0.0
1613 0.0
1614 0.0018871159804413346
1615 0.0010445259708148392
1616 0.0
1617 0.00015950493369135035
1618 0.0007534682754354971
1619 0.00026712293402475333
1620 0.0
1621 0.0
1622 0.0
1623 0.00045468821873997716
1624 0.0
1625 0.0
1626 0.0
1627 0.0
1628 0.0
1629 0.0
1630 0.0
1631 0.0
1632 0.0
1633 0.0
1634 0.0
1635 0.0021557388552119923
1636 0.001743502621902274
1637 0.002274890862463948
1638 0.002221820176535115
1639 0.003134022248993992
1640 0.0025896517453447773
1641 0.00067655810656861
1642 0.0
1643 0.0
1644 0.0
1645 0.0
1646 0.0
1647 0.0
1648 0.0
1649 0.0
1650 0.0
1651 0.0
1652 0.0
1653 -0.000570869640913104
1654 -0.00044818466113385645
1655 0.0
1656 0.0
1657 0.0
1658 0.0
1659 0.0
1660 0.0
1661 0.0
1662 0.0
1663 0.0
1664 0.0
1665 0.0
1666 0.0
1667 0.0
1668 0.0
1669 0.0
1670 0.0
1671 0.0
1672 0.0
1673 0.0
1674 0.0
1675 0.0
1676 0.0
1677 0.0008987487589182286
1678 0.0024068682518354383
1679 0.0
1680 0.0
1681 0.0
1682 0.002039220599609277
1683 0.001858115617573216
1684 0.00039998111104371913
1685 0.0018485654546333467
1686 0.0009557880660325466
1687 0.0029377367805576986
1688 0.0009891712004959986
1689 0.0
1690 0.0
1691 0.0
1692 0.0
1693 0.0
1694 0.0
1695 0.0
1696 0.0
1697 0.0
1698 0.0
1699 0.0
1700 0.0
1701 0.0
1702 0.0006825981725720844
1703 0.0002492963329434209
1704 0.0005493647875384055
1705 0.001184542958360571
1706 0.0003207911171785417
1707 0.0
1708 0.0
1709 0.0
1710 0.0
1711 0.0
1712 0.0
1713 -0.0002867971592947551
1714 -0.0017739352314324259
1715 -0.0013533452677242492
1716 -0.000885145802353617
1717 -0.0025177183259976685
1718 -0.000235796915843096
1719 0.0
1720 0.0
1721 0.0
1722 0.0
1723 0.0
1724 0.0
1725 0.0
1726 0.0
1727 0.0
1728 0.0
1729 -5.437872115390901e-05
1730 0.0
1731 0.0
1732 0.0
1733 0.0
1734 0.0
1735 0.0
1736 0.0
1737 0.0
1738 0.0
1739 0.0
1740 0.0
1741 0.0
1742 0.0
1743 0.0
1744 0.0
1745 0.0029996276246018983
1746 0.0008024805837386102
1747 0.0
1748 0.0
1749 0.0005514587231716766
1750 0.0005305072746427332
1751 0.0019904583073921127
1752 0.0005390736118401309
1753 0.0
1754 0.0
1755 0.0
1756 0.0
1757 0.0
1758 0.0
1759 0.0
1760 0.0
1761 0.0
1762 0.0
1763 0.0
1764 0.0
1765 0.0
1766 0.0
1767 0.0
1768 0.0004334761015391784
1769 0.0
1770 0.0
1771 0.0
1772 0.0
1773 0.0
1774 0.0
1775 0.0
1776 0.0
1777 -0.0003214102688980228
1778 -0.001083364644355455
1779 -0.0016077027937867099
1780 -0.0002702194739761741
1781 -0.00014134694829400873
1782 0.0
1783 0.0
1784 0.0
1785 0.0
1786 0.0
1787 0.0
1788 0.0
1789 0.0
1790 0.0
1791 0.0
1792 0.0
1793 0.0
1794 0.0
1795 -5.3014982605112976e-05
1796 -0.0008940909583708986
1797 -0.0003014567906545773
1798 0.0
1799 0.0
1800 0.0
1801 0.0
1802 0.0
1803 0.0
1804 0.0
1805 0.0
1806 0.0
1807 0.0
1808 0.0001926965563762196
1809 0.0009792600755750708
1810 0.0005341566877299126
1811 0.0020811434269697973
1812 0.0
1813 0.0
1814 0.0
1815 0.0
1816 0.0
1817 0.00026583333151685914
1818 0.0
1819 0.0026056740206325604
1820 0.0029556577859344607
1821 0.0007175830129085068
1822 0.0
1823 0.0
1824 0.0
1825 0.0
1826 0.0
1827 0.0
1828 0.0
1829 0.0
1830 0.0
1831 0.0
1832 0.0
1833 0.0
1834 0.0
1835 0.0
1836 0.0
1837 0.0
1838 0.0
1839 0.0
1840 0.0
1841 0.0
1842 -0.0008141188205714241
1843 -0.001022347409697809
1844 0.0
1845 0.0
1846 0.0
1847 0.0
1848 0.0
1849 0.0
1850 0.0
1851 0.0
1852 0.0
1853 0.0
1854 0.0
1855 0.0
1856 0.0
1857 0.0
1858 0.0
1859 0.0
1860 0.0
1861 0.0
1862 0.0
1863 0.0
1864 0.0
1865 0.0
1866 0.0
1867 0.0
1868 0.0
1869 0.0
1870 0.0
1871 0.0
1872 0.00138280557038635
1873 0.00030118259257328796
1874 0.0008887477901752483
1875 0.0003479689730000625
1876 0.0003535893278356589
1877 0.0
1878 0.0004357330929321414
1879 0.0007091407882703258
1880 0.0016632138902143972
1881 0.0008675902398501221
1882 0.0012337965846751092
1883 0.001813598406815734
1884 0.0033433773152728758
1885 0.002653245283690103
1886 0.0
1887 0.0
1888 0.0
1889 0.0
1890 0.0
1891 0.0
1892 0.0
1893 0.0
1894 0.0
1895 0.0
1896 0.0
1897 0.0
1898 0.0
1899 0.0
1900 0.0
1901 0.0
1902 0.0
1903 0.0
1904 -0.0004414831139556637
1905 -0.00019611880970082712
1906 0.0
1907 0.0
1908 0.0
1909 0.0
1910 0.0
1911 0.0
1912 0.0
1913 0.0
1914 0.0
1915 0.0
1916 0.0
1917 0.0
1918 0.0
1919 0.0
1920 0.0
1921 0.0
1922 0.0
1923 0.0
1924 0.0
1925 0.0
1926 0.0
1927 0.0
1928 0.0
1929 0.0
1930 0.0
1931 0.0
1932 0.0
1933 0.0
1934 0.00014528553357166397
1935 0.0010224364462489922
1936 0.0008958763100149705
1937 0.0010074320550437252
1938 0.0002220452448878516
1939 0.0
1940 0.0
1941 0.0
1942 0.0
1943 0.00042906758389357346
1944 0.0004837451427445955
1945 0.00033198726377907395
1946 0.001339703820286865
1947 0.0011601866268236623
1948 0.0014197419187124201
1949 0.0016501963848310356
1950 0.001107132162740614
1951 0.0008725266073588158
1952 0.0
1953 0.0
1954 0.0
1955 0.0
1956 0.0
1957 0.0
1958 0.0
1959 0.0
1960 0.0
1961 -0.0011707356838196873
1962 0.0
1963 0.0
1964 -0.000496548310269983
1965 -0.0017075334237868713
1966 0.0
1967 0.0
1968 0.0
1969 0.0
1970 -9.598356657731429e-05
1971 -0.0020400234104146647
1972 0.0
1973 0.0
1974 -0.000378701528083161
1975 0.0
1976 0.0
1977 0.0
1978 0.0
1979 0.0
1980 0.0
1981 0.0
1982 0.0
1983 0.0
1984 0.0
1985 0.0
1986 0.0
1987 0.0
1988 -0.0006760317763836156
1989 0.0
1990 0.0
1991 0.0
1992 0.0
1993 0.0
1994 0.0
1995 0.0
1996 0.0
1997 0.0
1998 0.0
1999 0.0
2000 0.0
2001 0.0
2002 2.7306914234314988e-06
2003 0.0
2004 0.0
2005 0.0
2006 0.0
2007 0.0
2008 0.0
2009 0.0
2010 0.00021084231026151105
2011 0.0006842598512854491
2012 0.0010975497667377488
2013 0.0004588343888906802
2014 0.0004840240773982087
2015 0.0
2016 0.0
2017 0.0
2018 0.0
2019 0.0
2020 0.0
2021 -0.0007318060868900728
2022 -0.0009736404224575312
2023 -0.0033402694028697387
2024 -0.0027957802312179843
2025 -0.0024402402797648924
2026 -0.0008063784788236326
2027 -0.00014704048717408962
2028 -0.0017187869918000931
2029 -0.0024489725658199558
2030 -0.0005905897377477608
2031 0.0
2032 0.0
2033 0.0
2034 -4.692161269300742e-05
2035 -0.0008455111661618828
2036 0.0
2037 -0.006055108868350742
2038 -0.0014729489950075015
2039 0.0
2040 0.0
2041 0.0
2042 0.0
2043 0.0
2044 0.0
2045 0.0
2046 0.0
2047 0.0
2048 0.0
2049 0.0
2050 0.0
2051 -0.0012550425579151776
2052 -0.0013279744036418437
2053 0.0
2054 0.0
2055 0.0
2056 0.0
2057 0.0
2058 0.0
2059 0.0
2060 0.0
2061 0.0
2062 0.0
2063 0.0
2064 0.0
2065 0.0
2066 0.0
2067 0.0
2068 0.0
2069 0.0
2070 0.0
2071 0.0
2072 0.0
2073 0.0018841630021460604
2074 0.0
2075 0.0004109366593771744
2076 0.0
2077 0.0010676027906916757
2078 0.0
2079 0.0
2080 0.0
2081 0.0
2082 0.0
2083 0.0
2084 0.0
2085 0.0
2086 0.0
2087 -0.0017085015697169714
2088 -0.0010658115247755688
2089 -0.0015140859205560252
2090 -0.0008195013969727303
2091 0.0
2092 -0.0007116283772239865
2093 -0.0018771607685472774
2094 -0.001006657285898262
2095 0.0
2096 0.0
2097 0.0
2098 -0.0017134284070208638
2099 -8.717466102475707e-05
2100 0.0
2101 -0.0007366965192616929
2102 -0.001162331377446869
2103 0.0
2104 -0.0004296299588973416
2105 0.0
2106 0.0
2107 0.0
2108 0.0
2109 0.0
2110 0.0
2111 0.0
2112 0.0
2113 0.0
2114 0.0
2115 0.0
2116 0.0
2117 0.0
2118 0.0
2119 0.0
2120 0.0
2121 0.0
2122 0.0
2123 0.0
2124 0.0
2125 0.0
2126 0.0
2127 0.0
2128 0.0
2129 0.0
2130 0.0
2131 0.0
2132 0.0
2133 0.0
2134 0.0
2135 0.0
2136 0.0
2137 0.00023638534550740175
2138 0.0006750135819731664
2139 0.0
2140 0.00022025771387582563
2141 0.0006288582439391029
2142 0.00020786246939222806
2143 0.0
2144 0.0002247451947003772
2145 0.00045312199755475756
2146 0.0
2147 0.0
2148 0.0
2149 0.0
2150 0.0
2151 0.0
2152 0.0
2153 0.0
2154 0.0
2155 0.0
2156 0.0
2157 -0.00031544833693574587
2158 0.0
2159 0.0
2160 0.0
2161 0.0
2162 0.0
2163 0.0
2164 0.0
2165 0.0
2166 -0.0023452224847431784
2167 -0.0014478830368395517
2168 -0.00258580119922669
2169 0.0
2170 0.0
2171 0.0
2172 0.0
2173 0.0
2174 0.0
2175 0.0
2176 0.0
2177 0.0
2178 0.0
2179 0.0
2180 0.0
2181 0.0
2182 0.0
2183 0.0
2184 0.0
2185 0.0
2186 0.0
2187 0.0
2188 0.0
2189 0.0
2190 0.0
2191 0.0
2192 0.0
2193 0.0
2194 8.559340582546612e-05
2195 0.0
2196 0.0
2197 0.0
2198 0.0
2199 0.0
2200 0.0
2201 0.0
2202 0.0002916100736286846
2203 0.002427417901659503
2204 0.0012269380710096753
2205 0.0013171520818432538
2206 0.0
2207 0.0
2208 0.0
2209 0.002406771992504309
2210 0.000909217701558497
2211 0.0
2212 0.0
2213 0.0
2214 0.0
2215 0.0
2216 0.0
2217 0.0
2218 0.0
2219 0.0
2220 0.0
2221 0.0
2222 0.0
2223 0.0
2224 0.0
2225 0.0
2226 0.0
2227 0.0
2228 0.0
2229 0.0
2230 0.0
2231 -0.0009889332668078065
2232 -0.0013575015569822853
2233 0.0
2234 0.0
2235 0.0
2236 0.0
2237 0.0
2238 0.0
2239 0.0
2240 0.0
2241 0.0
2242 0.0
2243 0.0
2244 0.0
2245 0.0
2246 0.0
2247 0.0
2248 0.0
2249 0.0
2250 0.0
2251 0.0
2252 0.0
2253 1.4491166871716526e-05
2254 0.0
2255 0.0
2256 0.0
2257 0.0
2258 0.0
2259 0.0
2260 0.0
2261 0.0
2262 0.0
2263 0.0
2264 0.0
2265 0.0
2266 0.0
2267 0.0004994813641984935
2268 0.0008461870490512545
2269 0.0
2270 0.0
2271 0.0
2272 0.00026111601975369297
2273 0.003038073973936452
2274 0.0023245854169364135
2275 6.003640611678768e-05
2276 0.0
2277 0.0
2278 0.0
2279 0.0
2280 0.0
2281 0.0
2282 0.0
2283 0.0
2284 0.0
2285 0.0
2286 0.0
2287 0.0
2288 0.0
2289 0.0
2290 0.0
2291 0.0
2292 0.0
2293 0.0
2294 0.0
2295 0.0
2296 -0.0009810191924867933
2297 0.0
2298 0.0
2299 0.0
2300 0.0
2301 0.0
2302 0.0
2303 0.0
2304 0.0
2305 0.0
2306 0.0
2307 0.0
2308 0.0
2309 0.0
2310 0.0
2311 0.0
2312 0.0
2313 0.0
2314 0.0
2315 0.0
2316 0.0
2317 0.000969226859534665
2318 0.0006223811135520894
2319 0.0
2320 8.480419865963342e-05
2321 0.0007811497396708546
2322 0.0
2323 0.0
2324 0.0
2325 0.0
2326 0.0
2327 0.0
2328 0.0
2329 0.0
2330 0.0
2331 0.0
2332 0.0
2333 0.0
2334 0.0
2335 0.0
2336 0.0
2337 0.0002751718715158058
2338 0.0002987062383329333
2339 8.285481892199474e-05
2340 4.912586860880088e-05
2341 0.0
2342 0.0
2343 0.0
2344 0.0
2345 0.0
2346 0.0
2347 0.0
2348 -2.338484596341397e-05
2349 0.0
2350 -5.689344649066157e-06
2351 -7.651670971153694e-06
2352 0.0
2353 0.0
2354 0.0
2355 0.0
2356 0.0
2357 0.0
2358 0.0
2359 0.0
2360 0.0
2361 0.0
2362 0.0
2363 0.0
2364 0.0
2365 0.0
2366 0.0
2367 0.0
2368 0.0
2369 0.0
2370 0.0
2371 0.0
2372 0.0
2373 0.0
2374 0.0
2375 0.0
2376 0.0
2377 0.0
2378 0.0
2379 0.0
2380 0.0
2381 0.0005519289125811554
2382 0.0
2383 0.0
2384 0.0
2385 0.001227548513594661
2386 0.0022633809998062384
2387 0.00011341526392956983
2388 0.001261068163359826
2389 0.0
2390 0.0
2391 0.0
2392 0.0
2393 0.0
2394 0.0
2395 0.0
2396 0.0
2397 -0.00047290040887799554
2398 0.0
2399 0.0
2400 0.0
2401 0.0
2402 0.0
2403 0.0
2404 0.0
2405 0.0
2406 4.38931788381536e-05
2407 0.0011450330512086026
2408 0.0
2409 0.0
2410 0.0
2411 0.0
2412 0.0
2413 0.0
2414 -0.001426401965526872
2415 -0.0011402215074829177
2416 0.0
2417 0.0
2418 0.0
2419 -0.00016405414312623426
2420 0.0
2421 0.0
2422 0.0
2423 0.0
2424 0.0
2425 0.0
2426 0.0
2427 0.0
2428 0.0
2429 0.0
2430 0.0
2431 0.0
2432 0.0
2433 0.0
2434 0.0
2435 0.0
2436 0.0
2437 0.0
2438 0.0
2439 0.0
2440 0.0
2441 0.0
2442 0.0
2443 0.0
2444 0.0
2445 0.0
2446 0.0
2447 0.0
2448 0.0
2449 0.0
2450 0.0008310846970803404
2451 0.0012353602440187696
2452 0.0
2453 0.0
2454 0.0
2455 0.0
2456 0.0
2457 0.0
2458 0.0
2459 -0.0004968374565396501
2460 -0.0013696467817405464
2461 0.0
2462 0.0
2463 0.0
2464 0.0
2465 0.0
2466 0.0
2467 0.0
2468 0.0
2469 0.0
2470 0.0
2471 0.00017589465926473819
2472 0.0015471888143733894
2473 0.0
2474 0.0
2475 0.0
2476 0.0
2477 0.0
2478 0.0
2479 0.0
2480 0.0
2481 -0.0005706777907898372
2482 -0.0001243974299386223
2483 0.0
2484 0.0
2485 0.0
2486 -0.0004608702523548581
2487 -0.0009979558648579648
2488 0.0
2489 0.0
2490 0.0
2491 0.0
2492 0.0
2493 0.0
2494 0.0
2495 0.0006438993088210704
2496 0.0
2497 0.0
2498 0.0
2499 0.0
2500 0.0
2501 0.0
2502 0.0
2503 0.0
2504 0.0
2505 0.0
2506 0.0
2507 -8.044506638640876e-05
2508 0.0
2509 0.0
2510 0.0
2511 0.0
2512 0.0
2513 0.0005255677450937309
2514 0.0
2515 0.0
2516 0.0
2517 0.0
2518 0.0
2519 0.0
2520 0.0
2521 0.0
2522 0.0
2523 -0.0008596526670035473
2524 0.0
2525 0.0
2526 0.0
2527 0.0
2528 0.0
2529 0.0
2530 0.0
2531 0.0006525945782287666
2532 0.0
2533 0.0
2534 0.00020817139199674506
2535 0.0
2536 0.0
2537 0.0
2538 0.0
2539 0.0
2540 0.0
2541 0.0
2542 0.0
2543 0.0
2544 0.0
2545 -0.003205212188980084
2546 -0.005120091662302667
2547 0.0
2548 0.0
2549 0.0
2550 -0.0032819932863225446
2551 -0.0028516606570283902
2552 -0.0007210113847675874
2553 0.0
2554 0.0
2555 0.0
2556 0.0
2557 0.0
2558 0.0
2559 0.00029038008655217306
2560 0.0
2561 0.0
2562 0.0
2563 0.000998798238990975
2564 0.00010781443102758986
2565 0.0
2566 0.0
2567 0.0
2568 0.0
2569 0.0
2570 0.0
2571 0.0
2572 0.0
2573 0.0
2574 0.0
2575 0.0
2576 0.0
2577 0.0
2578 0.0
2579 1.6639246786343003e-05
2580 0.0
2581 0.0
2582 0.0
2583 0.0
2584 0.0
2585 0.0
2586 0.0
2587 0.0
2588 0.0
2589 0.0
2590 0.0
2591 0.0
2592 0.0
2593 0.0
2594 0.0
2595 0.000592966739182628
2596 0.001331598956856264
2597 0.0
2598 8.941729275724976e-05
2599 0.0012698399994755566
2600 0.0
2601 0.0
2602 0.0
2603 0.0
2604 0.0
2605 0.0
2606 0.0
2607 0.0
2608 0.0
2609 -0.004000281385046204
2610 -0.004641875377981106
2611 -0.0026098414044792464
2612 0.0
2613 0.0
2614 -0.0015806579197495483
2615 -0.0008730067817214632
2616 0.0
2617 0.0
2618 0.0
2619 0.0
2620 0.0
2621 0.0
2622 0.0
2623 0.0006811819280018134
2624 0.0
2625 0.0
2626 0.0
2627 0.000606655104843941
2628 0.0006034810140156559
2629 0.0
2630 0.0
2631 0.0
2632 0.0
2633 0.0
2634 0.0
2635 0.0
2636 0.0
2637 0.0
2638 0.0
2639 0.0
2640 0.0
2641 0.0
2642 0.0
2643 0.0
2644 0.0
2645 0.0
2646 0.0
2647 0.0
2648 0.0
2649 0.0
2650 -0.0006322052407208434
2651 -0.0016197474282331802
2652 0.0
2653 0.0
2654 0.0
2655 0.0
2656 0.0
2657 0.00024293663347128548
2658 0.00010114486009193579
2659 0.0
2660 0.0
2661 1.091501945461262e-05
2662 0.0
2663 0.0009092956985171471
2664 0.0
2665 0.0
2666 0.0
2667 0.0
2668 0.0
2669 0.0
2670 -0.00020265067169236787
2671 -0.0012113179561164598
2672 -0.00022824736730263454
2673 -0.0006651170003441377
2674 -0.002652631753225998
2675 -0.0012609995602361772
2676 0.0
2677 0.0
2678 -0.001881861163692141
2679 0.0
2680 0.0
2681 0.0
2682 0.0
2683 0.0
2684 0.0
2685 0.0003935164753063251
2686 0.0
2687 0.0
2688 0.0
2689 0.0
2690 0.0
2691 0.0
2692 0.0014362289467790917
2693 0.0
2694 0.0
2695 0.0
2696 0.0
2697 0.0
2698 0.0
2699 0.0
2700 0.0
2701 0.0
2702 0.0
2703 0.0
2704 0.0
2705 0.0
2706 0.0
2707 0.0
2708 0.0
2709 0.0
2710 0.0
2711 0.0
2712 0.0
2713 0.0
2714 -0.0002945120491495902
2715 -0.0011461200220309338
2716 0.0
2717 0.0
2718 0.0
2719 0.0
2720 0.0
2721 0.0
2722 0.00034471922624827516
2723 0.0
2724 0.0007889778339667319
2725 0.0
2726 0.0007400410429383025
2727 0.0
2728 0.0005025911830750254
2729 0.0
2730 0.0
2731 0.0
2732 -5.454848028751e-05
2733 -9.345192204077757e-05
2734 -0.0005558853609557103
2735 -0.0010462494520089276
2736 0.0
2737 0.0
2738 -1.6317084111832936e-05
2739 0.0
2740 0.0
2741 0.0
2742 0.0
2743 -0.0002713713586214548
2744 0.0
2745 0.0
2746 0.0
2747 0.0
2748 0.0
2749 0.0
2750 0.0
2751 0.0
2752 -7.912050512406698e-05
2753 -0.0004682984722872946
2754 0.0
2755 0.0
2756 0.0013039611183145888
2757 0.0
2758 0.0
2759 0.0
2760 0.0
2761 0.0
2762 0.0
2763 0.0
2764 0.0
2765 0.0
2766 0.0
2767 0.0
2768 0.0
2769 0.0
2770 0.0
2771 0.0
2772 0.0
2773 0.0
2774 0.0
2775 0.0
2776 0.0
2777 0.0
2778 0.0
2779 0.0
2780 0.0
2781 0.0
2782 -0.00045410034938352746
2783 0.0
2784 0.0
2785 0.0
2786 0.0016411489104600832
2787 0.001255865508072934
2788 0.0001596577251996045
2789 0.0
2790 0.0
2791 0.001993642701412178
2792 0.0
2793 0.0
2794 0.0
2795 0.0
2796 -0.0006317605288587721
2797 -0.00152113122854344
2798 -0.0017491796788622895
2799 -0.001199509466852237
2800 0.0
2801 0.0
2802 0.0
2803 0.0
2804 0.0
2805 0.0
2806 0.0
2807 0.0
2808 0.0
2809 0.0
2810 0.0
2811 0.0
2812 0.0
2813 0.0
2814 0.0
2815 0.0
2816 0.0
2817 -0.0003767064410863092
2818 0.0
2819 0.0
2820 0.0
2821 0.0
2822 0.0
2823 0.0
2824 0.0
2825 0.0
2826 0.0
2827 0.0
2828 0.0
2829 0.0
2830 0.0
2831 0.0
2832 0.0
2833 0.00018831610773942215
2834 0.00034165632994921077
2835 0.0
2836 0.0
2837 0.0
2838 0.0
2839 0.0
2840 0.0
2841 0.0
2842 0.0
2843 0.0
2844 0.0
2845 0.0
2846 -0.00017184064453674763
2847 0.0
2848 0.0
2849 0.0
2850 0.0034178356889214482
2851 0.0014242066245909115
2852 0.0018870200765170875
2853 0.0
2854 0.0
2855 0.00034236365993290047
2856 0.0
2857 0.0
2858 0.0
2859 0.0
2860 -2.1853384907683585e-05
2861 -0.0005209817357321914
2862 0.0
2863 0.0
2864 0.0
2865 0.0
2866 0.0
2867 0.0
2868 0.0
2869 0.0
2870 0.0
2871 0.0
2872 0.0
2873 0.0
2874 0.0
2875 0.0
2876 0.0
2877 0.0
2878 0.0
2879 0.0
2880 0.0
2881 -0.0005109441760325935
2882 0.0
2883 0.0
2884 0.0
2885 0.0
2886 0.0
2887 0.0
2888 0.0
2889 0.0
2890 -0.00012617495259578524
2891 -0.0010913765424932344
2892 0.0
2893 0.0
2894 4.9434871889164004e-05
2895 0.0
2896 0.0017191095018623689
2897 0.001474742669188222
2898 1.0727675825356324e-05
2899 0.00014515490001856457
2900 0.0
2901 0.0
2902 0.0
2903 0.0
2904 0.0
2905 0.0
2906 0.0
2907 0.0
2908 0.0
2909 0.0
2910 0.0
2911 0.0
2912 0.0
2913 0.0008577545807585227
2914 0.003032691400660347
2915 0.003860118697792971
2916 0.005176991076828739
2917 0.0
2918 0.0
2919 0.0
2920 0.0
2921 0.0
2922 -0.00010375875271125992
2923 -0.0019277410997590595
2924 0.0
2925 -0.0008184140157957737
2926 0.0
2927 0.0
2928 -7.858918571539853e-05
2929 0.0
2930 0.0
2931 0.0
2932 0.0
2933 0.0
2934 0.0
2935 0.0
2936 0.0
2937 -0.0006437277414499312
2938 0.0
2939 0.0
2940 0.0
2941 0.0
2942 0.0
2943 0.0
2944 0.0
2945 0.0
2946 0.0
2947 0.0
2948 0.0
2949 0.0
2950 0.0
2951 0.0
2952 0.0
2953 0.0
2954 -0.000430657443412231
2955 -0.0005990344461352991
2956 0.0
2957 0.0
2958 0.0
2959 0.0
2960 0.0014648178187069644
2961 0.0028418916685121194
2962 0.0023204786285385094
2963 0.0
2964 0.0
2965 0.0
2966 0.0
2967 0.0
2968 0.0
2969 0.0
2970 0.0
2971 0.0
2972 0.0
2973 0.0
2974 0.0
2975 0.0
2976 0.0
2977 0.0
2978 0.0020282761206232695
2979 0.001103851900207624
2980 0.0
2981 0.0
2982 0.0
2983 0.0
2984 0.0
2985 0.0
2986 -0.0019356977214807357
2987 -0.0006169494754354302
2988 0.0
2989 0.0
2990 0.0
2991 0.0
2992 0.0
2993 -0.00020623647847178397
2994 0.0
2995 0.0
2996 -4.738757901638455e-05
2997 -0.00011563277556190725
2998 0.0
2999 -0.0014068830171005196
3000 -2.13740160586057e-05
3001 -0.0014754570154976996
3002 0.0
3003 0.0
3004 0.0
3005 0.0
3006 0.0
3007 0.0
3008 0.0
3009 0.0
3010 0.0
3011 0.0
3012 0.0
3013 0.0
3014 0.0
3015 0.0
3016 -0.0004252715673123594
3017 0.0
3018 0.0
3019 -0.0005832260865117134
3020 0.0
3021 0.0
3022 0.0
3023 0.0
3024 0.0016710893548049707
3025 0.0007503048903561799
3026 0.0007797156937145014
3027 0.0
3028 0.0
3029 0.0
3030 0.0
3031 0.0
3032 0.0
3033 0.0
3034 0.0
3035 0.0
3036 0.0
3037 0.0
3038 0.0
3039 0.0
3040 0.0
3041 0.0
3042 0.0
3043 0.0
3044 0.0
3045 0.0
3046 0.0
3047 0.0
3048 0.0
3049 0.0
3050 0.0
3051 0.0
3052 0.0
3053 0.0
3054 0.0
3055 0.0
3056 -0.0003235808533648071
3057 -0.00040365815494616196
3058 0.0
3059 -0.0027099953643800476
3060 -0.0006333344082798194
3061 -0.0021060292376629385
3062 -0.0005323983360194496
3063 -0.0019156635936477188
3064 -0.0018080157590288286
3065 -0.0014316176420027047
3066 0.0
3067 0.0
3068 0.0
3069 0.0
3070 0.0
3071 0.0
3072 0.0
3073 0.0
3074 0.0
3075 0.0
3076 0.0
3077 0.0
3078 0.0
3079 0.0
3080 0.0
3081 0.0
3082 0.0
3083 0.0
3084 0.0
3085 0.0
3086 0.0
3087 0.0
3088 0.0
3089 0.0
3090 0.0
3091 0.0
3092 0.0
3093 0.0
3094 0.0
3095 0.0
3096 0.0
3097 0.0
3098 0.0
3099 0.0
3100 0.0
3101 0.0
3102 0.0
3103 0.0
3104 0.0
3105 0.0
3106 0.0
3107 0.0
3108 0.0
3109 0.0
3110 0.0
3111 0.0
3112 0.0
3113 0.0
3114 0.0
3115 0.0
3116 0.0
3117 0.0
3118 0.0
3119 0.0
3120 0.0
3121 0.0
3122 0.0
3123 0.0
3124 -0.000139267445271905
3125 -0.0012501113922228908
3126 0.0
3127 0.0
3128 0.0
3129 0.0
3130 0.0
3131 0.0
3132 0.0
3133 0.0
3134 0.0
3135 0.0
3136 0.0
3137 0.0
3138 0.0
3139 0.0
3140 0.0
3141 0.0
3142 0.0
3143 0.0
3144 0.0
3145 0.0
3146 0.0
3147 0.0
3148 0.0
3149 0.0
3150 0.0
3151 0.0
3152 0.0
3153 0.0
3154 0.0
3155 0.0
3156 0.0
3157 0.0
3158 0.0
3159 0.0
3160 0.0
3161 0.0
3162 0.0
3163 0.0
3164 0.0
3165 0.0
3166 0.0
3167 0.0
3168 0.0
3169 0.0
3170 0.0
3171 0.0
3172 0.0
3173 0.0
3174 0.0
3175 -0.000508492907652187
3176 0.0
3177 0.0
3178 0.0
3179 0.0
3180 0.0
3181 0.0
3182 0.0
3183 0.0
3184 0.0
3185 0.0
3186 0.0
3187 0.0
3188 0.0
3189 -0.00010614957118670174
3190 0.0
3191 0.0
3192 0.0
3193 0.0
3194 0.0
3195 0.0
3196 0.0
3197 0.0
3198 0.0
3199 0.0
3200 0.0
3201 0.0
3202 0.0
3203 0.0
3204 -6.515607034762247e-06
3205 0.0
3206 0.0
3207 0.0
3208 0.0
3209 0.0
3210 0.0
3211 0.0
3212 0.0
3213 0.0
3214 0.0
3215 0.0
3216 0.0
3217 0.0
3218 0.0
3219 0.0
3220 0.0
3221 0.0
3222 0.0
3223 0.0
3224 0.0
3225 0.0
3226 0.0
3227 0.0
3228 0.0
3229 0.0
3230 0.0
3231 0.0
3232 0.0
3233 0.0
3234 0.0
3235 0.0
3236 0.0
3237 0.0
3238 -0.0019258708075107266
3239 -0.0021112980334966887
3240 -0.0006907087430269579
3241 0.0
3242 0.0
3243 0.0
3244 0.0
3245 0.0
3246 0.0
3247 0.0
3248 0.0
3249 0.0
3250 0.0
3251 0.0
3252 0.0
3253 0.0
3254 0.0
3255 0.0
3256 0.0
3257 0.0
3258 0.0
3259 0.0
3260 0.0
3261 0.0
3262 0.0
3263 0.0
3264 0.0
3265 0.0
3266 0.0
3267 0.0
3268 0.0
3269 0.0
3270 0.0
3271 0.00028071951003073284
3272 0.0
3273 0.0
3274 0.0
3275 0.0
3276 0.0
3277 0.0
3278 0.0
3279 0.0
3280 0.0
3281 0.0
3282 0.0
3283 0.0
3284 0.0
3285 0.0
3286 0.0
3287 0.0
3288 0.0
3289 0.0
3290 0.0
3291 0.0
3292 0.0
3293 0.0
3294 0.0
3295 0.0
3296 0.0
3297 0.0
3298 0.0
3299 0.0
3300 0.0
3301 0.0
3302 0.0
3303 -0.000540164854993467
3304 0.0
3305 0.0
3306 -0.00025721682042099833
3307 0.0
3308 0.0
3309 0.0
3310 0.0
3311 0.0
3312 0.0
3313 0.0
3314 0.0
3315 0.0
3316 0.0
3317 0.0
3318 0.0
3319 0.0
3320 0.0
3321 0.0
3322 0.0
3323 0.0
3324 0.0
3325 0.0
3326 0.0
3327 0.0
3328 0.0
3329 0.0
3330 0.0
3331 -0.00026062534461703695
3332 -0.000557050514614882
3333 0.0
3334 0.0
3335 0.00017876241265282327
3336 0.001114039271499052
3337 0.0
3338 0.0
3339 0.0019156682903716273
3340 0.0
3341 0.0
3342 0.0
3343 0.0
3344 0.0
3345 0.0
3346 0.0
3347 0.0
3348 0.0
3349 0.0
3350 0.0
3351 -0.00024224438063799152
3352 0.0
3353 -0.0009366955413825266
3354 -0.00023018377035591427
3355 0.0
3356 0.0
3357 0.0
3358 0.0
3359 0.0
3360 0.0
3361 0.0
3362 0.0
3363 0.0
3364 0.0
3365 0.0
3366 0.0
3367 0.0
3368 0.0
3369 0.0
3370 0.0
3371 0.0
3372 0.0
3373 0.0
3374 0.0
3375 0.0
3376 0.0
3377 0.0
3378 0.0
3379 0.0
3380 0.0
3381 0.0
3382 0.0
3383 0.0
3384 0.0
3385 0.0
3386 0.0
3387 0.0
3388 0.0
3389 0.0
3390 0.0
3391 0.0
3392 0.0
3393 0.0
3394 -0.0005245798704518617
3395 -0.0013123144209539251
3396 -0.0007116085822597947
3397 0.0
3398 0.0
3399 0.0
3400 0.0
3401 0.0
3402 0.0
3403 0.0
3404 0.0
3405 0.0
3406 0.0
3407 0.0
3408 0.0
3409 0.0
3410 0.0
3411 0.0
3412 0.0
3413 0.0
3414 0.0
3415 0.0
3416 0.0
3417 0.0
3418 -4.570522763674306e-05
3419 0.0
3420 0.0
3421 0.0
3422 0.0
3423 0.0
3424 0.0
3425 0.0
3426 0.0
3427 0.0
3428 0.0
3429 0.0
3430 0.0
3431 0.0
3432 0.0
3433 0.0
3434 0.0
3435 0.0
3436 0.0
3437 0.0
3438 0.0
3439 0.0
3440 0.0
3441 0.0
3442 0.0
3443 0.0
3444 0.0
3445 0.0
3446 0.0
3447 0.0
3448 0.0
3449 0.0
3450 -0.00010216983650300726
3451 0.0
3452 0.0
3453 0.0
3454 0.0
3455 0.0
3456 0.0
3457 -0.0009549843852817916
3458 -0.00013871986204726236
3459 0.0
3460 0.0
3461 0.0
3462 0.0
3463 0.0
3464 0.0
3465 0.0
3466 0.0
3467 0.0
3468 0.0
3469 0.0
3470 0.0
3471 0.0
3472 0.0
3473 0.0
3474 -0.0005552595924035817
3475 0.0
3476 0.0
3477 0.0
3478 0.0
3479 0.0
3480 0.0
3481 0.0
3482 0.0
3483 0.0
3484 0.0
3485 0.0
3486 0.0
3487 0.0
3488 0.0
3489 0.0
3490 -0.00016199065925878467
3491 0.0
3492 0.0
3493 0.0
3494 0.0
3495 0.0
3496 0.0
3497 0.0
3498 0.0
3499 0.0
3500 0.0
3501 0.0
3502 0.0
3503 0.0
3504 0.0
3505 0.0
3506 0.0
3507 0.0
3508 0.0
3509 0.0
3510 0.0
3511 -0.000503054021234895
3512 -0.0011792648583203531
3513 0.0
3514 0.0
3515 0.0
3516 0.0
3517 0.0
3518 0.0
3519 0.0
3520 0.0
3521 0.0
3522 -4.0022496166341e-05
3523 0.0
3524 0.0
3525 0.0
3526 0.0
3527 0.0
3528 0.0
3529 0.0
3530 0.0
3531 0.0
3532 0.0
3533 0.0
3534 0.0
3535 0.0
3536 -5.5022129560761834e-05
3537 -0.0006894606743713736
3538 0.0
3539 0.0
3540 0.0
3541 0.0
3542 0.0
3543 0.0
3544 0.0
3545 0.0
3546 0.0
3547 0.0
3548 0.0
3549 0.0
3550 0.0
3551 -3.0463165185223623e-05
3552 -0.0022235914991568543
3553 0.0
3554 0.0
3555 0.0
3556 0.0
3557 0.0
3558 0.0
3559 0.0
3560 0.0
3561 0.0
3562 0.0
3563 0.0
3564 0.0
3565 0.0
3566 0.0
3567 0.0
3568 0.0
3569 0.0
3570 0.0
3571 0.0
3572 0.0
3573 -0.00023666448883204492
3574 -0.00014251023300175357
3575 0.0
3576 0.0
3577 -0.0007536294531472313
3578 0.0
3579 0.0
3580 0.0
3581 0.0
3582 0.0
3583 0.0
3584 0.0
3585 0.0
3586 -1.8117623955566063e-06
3587 0.0
3588 0.0
3589 0.0
3590 0.0
3591 0.0
3592 0.0
3593 0.0
3594 0.0
3595 0.0
3596 0.0
3597 0.0
3598 0.0
3599 0.0
3600 0.0
3601 -0.0010797555922811206
3602 -0.0021103052372111594
3603 -0.00027871173925755524
3604 0.0
3605 0.0
3606 0.0
3607 0.0
3608 0.0
3609 0.0
3610 0.0
3611 0.0
3612 0.0
3613 0.0
3614 0.0
3615 -0.00099702105858249
3616 -0.0013854112367501607
3617 -0.0023495121395555756
3618 0.0
3619 0.0
3620 0.0
3621 0.0
3622 0.0
3623 0.00025827461481092555
3624 0.0008117076463189238
3625 0.0
3626 0.0
3627 0.0
3628 4.209157491485105e-05
3629 0.0
3630 0.0
3631 0.0
3632 0.0
3633 0.0
3634 0.0
3635 0.0
3636 -0.0005429563757940711
3637 -0.0007466680899681096
3638 0.0
3639 0.0
3640 0.0
3641 0.0
3642 -7.394813922696289e-05
3643 0.0
3644 0.0
3645 0.0
3646 0.0005208218255233875
3647 0.0
3648 0.0
3649 0.0
3650 0.0
3651 0.0
3652 0.0
3653 0.0
3654 0.0
3655 0.0
3656 0.0
3657 0.0
3658 0.0
3659 0.0
3660 0.0
3661 0.0
3662 0.0
3663 0.0
3664 0.0
3665 0.0
3666 -0.0038363987670079463
3667 -0.0017234885610265913
3668 -0.0007286861001299486
3669 0.0
3670 0.0
3671 0.0
3672 0.0
3673 0.0
3674 0.0
3675 0.0
3676 0.0
3677 0.0
3678 0.0
3679 -4.508904906217265e-05
3680 -0.0004486819802001965
3681 -0.001137581580660243
3682 0.0
3683 0.0
3684 0.0
3685 0.0
3686 0.0
3687 0.0
3688 0.0005600322915189227
3689 0.0008580348296792976
3690 0.002678191149265434
3691 0.0
3692 0.0
3693 0.0
3694 0.0
3695 0.0
3696 0.0
3697 0.0
3698 -0.0005255791088480617
3699 -0.0005215999652198211
3700 -0.0009857658010542763
3701 -0.0005585018339843205
3702 -0.00042135439789360926
3703 -0.0003256879324374666
3704 0.0
3705 0.0
3706 0.0
3707 0.0
3708 0.0
3709 0.0
3710 0.0
3711 0.0
3712 0.0
3713 0.0
3714 0.0
3715 0.0017142942990790236
3716 0.0017581761022385895
3717 0.0
3718 0.0
3719 0.0
3720 0.0
3721 0.0
3722 0.0
3723 0.0
3724 0.0
3725 0.0
3726 0.0
3727 0.0
3728 0.0
3729 0.0
3730 0.0
3731 -0.0005573622244996589
3732 -0.00033340503331596104
3733 -0.0017737064267113662
3734 0.0
3735 0.0
3736 0.0
3737 0.0
3738 0.0
3739 0.0
3740 0.0
3741 0.0
3742 0.0
3743 0.0
3744 -1.1494471771149417e-05
3745 0.0
3746 0.0
3747 0.0
3748 0.0
3749 0.0
3750 0.0
3751 0.0
3752 0.0016024490318123663
3753 0.00011747209843360841
3754 0.0
3755 0.0
3756 0.0
3757 0.0
3758 0.0
3759 0.0
3760 0.0
3761 0.0
3762 0.0
3763 -0.0004891259823539819
3764 0.0
3765 0.0
3766 -0.00046263200399233694
3767 -0.0014581852026614294
3768 0.0
3769 0.0
3770 0.0
3771 0.0
3772 0.0
3773 0.0
3774 0.0
3775 0.0
3776 0.0
3777 0.0
3778 3.690065561510038e-06
3779 0.0028601502589067664
3780 0.0038580562165430815
3781 0.004163772154338666
3782 0.0011575941974123216
3783 0.0
3784 0.0
3785 0.0
3786 0.0
3787 0.0
3788 0.0
3789 0.0
3790 0.0
3791 0.0
3792 0.0
3793 0.0
3794 0.0
3795 0.0
3796 0.0
3797 0.0
3798 0.0
3799 -0.00014392179507638326
3800 0.0
3801 0.0
3802 0.0
3803 0.0
3804 0.0
3805 0.0
3806 0.0
3807 0.0
3808 0.0
3809 0.0
3810 0.0
3811 0.0
3812 0.0
3813 0.0
3814 0.0
3815 0.0
3816 0.0
3817 0.0
3818 0.0
3819 0.0
3820 0.0
3821 0.0
3822 0.0
3823 0.0
3824 0.0
3825 0.0
3826 0.0
3827 0.0
3828 -0.0008268301206093612
3829 -0.0008856294562067866
3830 0.0
3831 0.0
3832 0.0
3833 0.0
3834 -0.00021842583317362876
3835 0.0
3836 0.0
3837 0.0
3838 0.0
3839 0.0
3840 0.0
3841 0.0
3842 0.0
3843 0.0014833450817108495
3844 0.002840662055531328
3845 0.004756353522736778
3846 0.004661479586500453
3847 0.004715295676632666
3848 0.0007298801733060137
3849 0.0
3850 0.0
3851 0.0
3852 0.0
3853 0.0
3854 0.0
3855 0.0
3856 0.0
3857 0.0
3858 0.0
3859 0.0
3860 0.0
3861 0.0
3862 0.0
3863 0.0
3864 0.0
3865 0.0
3866 0.0
3867 0.0
3868 0.0
3869 0.0
3870 0.0
3871 0.0
3872 0.0
3873 0.0
3874 0.0
3875 0.0
3876 0.0
3877 0.0006450647117342127
3878 0.0
3879 0.0
3880 0.0
3881 0.0
3882 0.0005540557955306811
3883 0.0013577617254552983
3884 0.0
3885 0.0
3886 0.0
3887 8.58460893058793e-05
3888 0.0014700333128839233
3889 0.0
3890 0.0
3891 0.0
3892 -3.337595500351919e-05
3893 0.0
3894 0.0
3895 0.0
3896 0.0
3897 0.0
3898 -0.0006470828412379129
3899 0.0
3900 0.0
3901 0.0
3902 0.0
3903 0.0
3904 0.0
3905 0.0
3906 0.0
3907 0.0
3908 0.0
3909 0.0
3910 0.0014463620766268217
3911 0.0024020030129682417
3912 0.0030537363412860845
3913 0.00399909101893574
3914 0.0024031860859993035
3915 3.740854555244697e-05
3916 0.0
3917 0.0
3918 0.0
3919 0.0
3920 0.0
3921 0.0
3922 0.0
3923 0.0
3924 0.0
3925 0.0
3926 0.0
3927 0.0
3928 0.0
3929 0.0
3930 0.0
3931 4.89853550121363e-05
3932 0.0
3933 0.0
3934 0.0015316261683645865
3935 0.0007790504829193162
3936 0.0
3937 0.0
3938 0.0010705726059947772
3939 0.00032548403448462063
3940 1.9042941491925544e-05
3941 0.0
3942 0.0
3943 0.0
3944 0.0
3945 0.0
3946 0.0012148807837262488
3947 0.0002023421628547527
3948 0.0
3949 0.0
3950 0.0
3951 0.0
3952 0.0003223882158430144
3953 0.0
3954 0.0
3955 0.0
3956 0.0
3957 0.0
3958 0.0
3959 0.0
3960 0.0
3961 0.0
3962 0.0
3963 0.0
3964 0.0
3965 0.0
3966 0.0
3967 0.0
3968 -2.1671305200596424e-05
3969 0.0
3970 0.0
3971 0.0
3972 0.0
3973 0.0
3974 0.0
3975 0.0
3976 0.0
3977 0.0
3978 0.0
3979 0.0
3980 0.0
3981 0.0
3982 0.0
3983 0.0
3984 0.0
3985 0.0
3986 0.0
3987 0.0
3988 0.0
3989 0.0
3990 0.0
3991 0.0
3992 0.0
3993 0.0
3994 0.0
3995 0.0
3996 0.0
3997 0.0028237053598106675
3998 0.0028290415401115133
3999 0.0030536832852164695
4000 0.0009339186695107373
4001 5.4854392760743274e-05
4002 1.621587075538582e-05
4003 0.00016906401924137888
4004 0.0
4005 0.0
4006 0.0006925986075077266
4007 0.0007815417117753196
4008 0.0005538023878122475
4009 0.0012731972616455498
4010 0.0006834184450742967
4011 0.0
4012 0.0
4013 0.0
4014 0.0
4015 0.0
4016 0.0
4017 0.0
4018 0.0
4019 0.0
4020 0.0
4021 0.0
4022 0.0
4023 0.0
4024 0.0
4025 0.0
4026 0.0
4027 0.0
4028 -5.315556287518472e-05
4029 -0.002372420975601198
4030 -0.0035123851811004222
4031 -0.0003427816773837192
4032 -0.0031389882881267097
4033 -0.0029997820530586537
4034 -0.002680381389655471
4035 -0.0008565371961334406
4036 -0.0014465711031009874
4037 0.0
4038 -0.0012191680667104823
4039 -0.0008171436080938759
4040 -2.0390668682173285e-05
4041 0.0
4042 0.0
4043 0.0
4044 -0.0002934419194685209
4045 0.0
4046 0.0
4047 0.0
4048 0.0
4049 0.0
4050 0.0
4051 0.0
4052 0.0
4053 0.0
4054 0.0
4055 0.0
4056 0.0
4057 0.0
4058 0.0
4059 0.0
4060 0.0
4061 0.0
4062 0.0
4063 0.0006071340654041846
4064 0.0
4065 2.0272010874871396e-05
4066 0.0
4067 0.00016948567092275524
4068 0.0
4069 0.0
4070 0.0
4071 0.0
4072 0.0
4073 0.0
4074 0.0
4075 0.0
4076 0.0
4077 0.0
4078 0.0
4079 0.0
4080 -0.0007570695699533178
4081 -0.0014909220620284006
4082 0.0
4083 -0.0010705749317386551
4084 0.0
4085 0.0
4086 -0.0002672879050283284
4087 0.0
4088 0.0
4089 0.0
4090 0.0
4091 0.0
4092 -0.0006602182234341754
4093 -0.0005243772089815128
4094 -0.0005904490217562648
4095 0.0
