 0
0 0.0
1 0.0
2 0.0
3 0.0
4 0.0
5 0.0
6 0.0
7 0.0
8 0.0
9 0.0
10 0.0
11 0.0
12 0.0
13 0.0
14 0.0
15 0.0
16 -0.0007655923663641102
17 0.0
18 0.0
19 0.0
20 -0.0002539850699713499
21 0.0
22 0.0
23 0.0
24 0.0
25 0.0
26 0.0
27 0.0
28 0.0
29 0.0
30 0.0
31 0.0
32 0.0
33 0.00026851871229546456
34 0.0
35 0.0
36 0.0
37 0.0
38 0.0
39 0.0
40 0.0
41 0.0
42 0.0
43 0.0
44 0.0
45 0.0
46 0.0
47 0.0
48 0.0
49 0.0
50 0.0
51 0.0
52 0.0
53 0.0013080205063591209
54 0.0021089059157732163
55 0.0012346985279574581
56 0.0
57 0.0
58 0.0
59 0.0
60 0.0
61 0.0
62 0.0
63 0.0
64 0.0
65 0.0
66 0.0
67 0.0
68 0.0
69 0.0
70 0.0
71 0.0005400224213559898
72 0.0011272774369497421
73 0.00024367906102732684
74 0.0007987007262076115
75 0.00024060240208247
76 0.0
77 0.0
78 0.0
79 -0.0009955393518203477
80 0.0
81 0.0
82 0.0
83 0.0
84 0.0
85 0.0
86 0.0
87 0.0
88 0.0
89 0.0
90 0.0
91 0.0
92 0.0
93 0.0
94 0.0
95 0.0
96 0.0
97 0.0
98 0.0
99 0.0
100 0.0
101 0.0
102 0.0
103 0.0
104 0.0
105 0.0
106 0.0
107 0.0
108 0.0
109 0.0
110 0.0
111 0.0
112 0.0
113 0.0
114 0.0
115 0.0
116 0.0
117 0.0
118 0.0
119 0.0
120 0.0
121 0.0
122 0.0
123 0.0
124 0.0
125 0.0
126 0.0
127 0.0
128 -0.0005099010405189336
129 0.0
130 0.0
131 0.0
132 0.0
133 0.0
134 0.0
135 0.0
136 0.0
137 0.0
138 0.0
139 0.0
140 0.0
141 0.0
142 0.0
143 0.0
144 0.0
145 0.0
146 0.0
147 0.0
148 0.0
149 0.0
150 0.0
151 0.0
152 0.0
153 0.0
154 0.0
155 0.0
156 0.0
157 0.0
158 0.0
159 0.0
160 0.0
161 0.0
162 0.0
163 0.0
164 0.0
165 0.0
166 0.0
167 0.0
168 0.0
169 0.0
170 0.0
171 0.0
172 0.0
173 -0.0008673818184295999
174 0.0
175 0.0
176 0.0
177 0.0
178 0.0
179 0.0
180 0.0
181 0.0
182 0.0
183 0.0
184 0.0
185 0.0
186 0.0
187 0.0
188 0.0
189 0.0
190 0.0
191 0.0
192 -0.00015398097952239257
193 0.0
194 0.0
195 0.0
196 0.003312981151117458
197 0.00032051529645822955
198 0.0
199 0.0
200 0.0
201 0.0
202 0.0
203 0.0
204 0.0
205 0.0
206 0.0
207 0.0
208 0.0
209 0.0
210 0.0
211 0.0
212 0.0
213 0.0
214 0.0
215 0.0
216 0.0
217 0.0
218 0.0
219 0.0
220 0.0
221 0.0
222 0.0
223 0.0
224 0.0
225 0.0
226 0.0
227 0.0
228 0.0
229 0.0
230 0.0
231 0.0
232 0.0
233 0.0
234 0.0
235 0.0
236 0.0
237 0.0
238 0.0
239 0.0
240 0.0
241 -0.000258240881483575
242 0.0
243 0.0
244 0.0
245 0.0
246 0.0
247 0.0
248 0.0009143682248639295
249 0.0008298743988741392
250 0.0
251 0.0
252 0.0
253 0.0
254 0.0
255 0.00013224558672583368
256 0.0
257 0.0
258 0.0
259 0.0008972030949888644
260 0.0027401771981435427
261 0.0
262 0.0
263 0.0
264 0.0
265 0.0
266 0.0
267 0.0
268 0.0
269 0.0
270 0.0
271 0.0
272 0.0
273 0.0
274 0.0
275 0.00031085984925568615
276 0.0012183642925786037
277 0.0
278 0.0
279 0.0
280 0.0
281 0.0
282 0.0
283 0.0
284 0.0016230126430857974
285 0.0025536678522103977
286 0.0009658984739161541
287 0.0
288 0.0
289 0.0
290 0.0
291 0.0
292 0.0
293 0.0
294 0.0
295 0.0
296 0.0
297 0.0
298 0.0
299 0.0
300 0.0
301 0.0
302 0.0
303 0.0
304 0.0
305 -0.0003168284782652142
306 0.0
307 0.0
308 0.0
309 0.0
310 0.0
311 0.0
312 0.0002665583599299041
313 0.0009329118223980725
314 0.00012902808492809957
315 0.0
316 2.3440759028426557e-06
317 0.0
318 0.0
319 0.00029025196251194444
320 0.0
321 0.0
322 0.0
323 0.0
324 0.0
325 0.0
326 0.0
327 0.0
328 -5.099039469714953e-05
329 -0.0020056923565652178
330 0.0
331 -0.0003754144548337664
332 -0.00031906046944955824
333 -0.002054800445541977
334 -0.0018483228567298168
335 0.0
336 0.0
337 0.0
338 0.0
339 0.0
340 0.0
341 0.0
342 0.0
343 0.0
344 0.0
345 0.0
346 0.0
347 0.0
348 0.0007342776776786047
349 0.0
350 0.0
351 0.0
352 0.0
353 0.0
354 0.0
355 0.0
356 0.0
357 0.0
358 0.0
359 0.0
360 0.0
361 0.0
362 0.0
363 0.0
364 0.0
365 0.0
366 0.0
367 0.0
368 0.0
369 0.0
370 0.0
371 0.0
372 0.0
373 0.0
374 0.0
375 0.0
376 0.0
377 0.0010246915558793747
378 0.001191295906470821
379 0.0
380 0.0
381 0.0007298659254185861
382 0.0004903927800433904
383 0.0006731424516515877
384 0.0
385 0.0
386 0.0
387 0.0
388 0.0
389 0.0
390 0.0
391 0.0
392 -0.00033213500141328773
393 -0.0016315189567505733
394 -0.0002843849181453774
395 -0.0008554513432610994
396 -0.0012679188697861622
397 -0.004157368487901176
398 -0.0019369694892479492
399 0.0
400 0.0
401 0.0
402 0.0
403 0.0
404 0.0
405 0.0
406 0.0
407 0.0
408 0.0
409 0.0
410 0.0
411 0.0
412 0.0
413 0.0
414 0.0
415 0.0
416 0.0
417 0.0
418 0.0
419 0.0
420 0.0
421 0.0
422 0.0
423 0.0
424 0.0
425 0.0
426 0.0
427 0.0
428 0.0
429 0.0
430 0.0
431 0.0
432 0.0
433 0.0
434 0.0
435 0.0
436 0.0
437 0.0
438 0.0
439 0.0
440 0.0
441 0.0
442 0.0
443 0.0
444 0.0
445 0.0
446 0.0
447 0.0
448 0.0
449 0.0
450 0.0
451 0.0
452 0.0
453 0.0
454 0.0
455 0.0
456 -1.8493460295528134e-05
457 -0.0006799596723061903
458 0.0
459 0.0
460 -0.0013873001991056512
461 -0.000615110835360999
462 -0.0015963465770838755
463 0.0
464 0.0
465 0.0
466 0.0
467 0.0
468 0.0
469 0.0
470 0.0
471 0.0
472 0.0
473 0.0
474 0.0
475 0.0
476 0.0
477 0.0
478 -0.00036560307001044274
479 0.0
480 0.0
481 0.0
482 0.0
483 0.0
484 0.0
485 0.0
486 0.0
487 0.0
488 0.0
489 0.0
490 0.0
491 -0.0003970911913648881
492 0.0
493 0.0
494 0.0
495 0.0
496 0.0
497 0.0
498 0.0
499 0.0
500 0.0
501 0.0
502 0.0
503 0.0
504 0.0
505 0.0
506 0.0
507 0.0
508 0.0
509 0.0
510 0.0
511 0.0
512 0.0
513 0.0
514 -0.0006999368710233287
515 -0.0006310481078919692
516 0.0
517 0.0
518 0.0
519 0.0
520 0.0
521 0.0
522 0.0
523 0.0
524 0.0
525 -0.0010462630700041706
526 -0.000990277204927001
527 0.0
528 0.0
529 0.0
530 0.0
531 0.0
532 0.0
533 0.0
534 0.0
535 0.0
536 0.0
537 0.0
538 0.0
539 0.0
540 0.0
541 -0.0003666010267618111
542 -0.0013025492607840197
543 -0.0019275799757094913
544 -0.0008630539548558292
545 0.0
546 0.0
547 0.0
548 0.0
549 0.0
550 -0.00024622929579627164
551 0.0
552 0.0
553 0.0
554 0.0
555 0.0
556 0.0
557 0.0
558 0.0
559 0.0
560 0.0
561 0.0
562 0.0
563 0.0
564 0.0
565 0.0
566 0.0
567 0.0
568 0.0
569 0.0
570 0.0
571 0.0
572 0.0
573 0.0
574 0.0
575 0.0
576 0.0
577 0.0
578 0.0
579 -0.0016150837909250397
580 -0.0028615103814127883
581 0.0
582 0.0
583 0.0
584 0.0
585 0.0
586 0.0
587 0.0
588 0.0
589 0.0
590 0.0
591 -0.00017838645744859725
592 0.0
593 0.0
594 0.0
595 0.0
596 0.0
597 0.0
598 0.0
599 0.0
600 0.0
601 0.0
602 0.0
603 0.0
604 0.0
605 0.0
606 0.0
607 0.0
608 -0.000648120886172444
609 0.0
610 0.0
611 0.0
612 0.0
613 -0.00039114351461938724
614 -0.0007471696539458887
615 0.0
616 0.0
617 0.0
618 0.0
619 0.0
620 0.0
621 0.0
622 0.0
623 0.0
624 0.0
625 0.0
626 0.0
627 0.0
628 0.0
629 0.0
630 0.0
631 0.0
632 0.0
633 -6.43638708452318e-06
634 0.0
635 0.0
636 0.0
637 0.0
638 0.0
639 0.0
640 0.0
641 0.0
642 0.0
643 -0.00337355269712693
644 -0.0005006837847212384
645 0.0
646 0.0
647 0.0
648 0.0
649 0.0
650 0.0
651 0.0
652 0.0
653 0.0
654 0.0
655 0.0
656 0.0
657 0.0
658 0.0
659 0.0
660 0.0
661 0.0
662 -0.00034443530551332675
663 -0.00033274067906519404
664 -0.0032916514005689973
665 0.0
666 0.0
667 0.0
668 0.0
669 0.0
670 0.0
671 0.0
672 0.0
673 0.0
674 -0.0014177101829058673
675 0.0
676 0.0
677 -0.00026691171410557724
678 -3.3757127535256575e-05
679 0.0
680 0.0
681 0.0
682 0.0
683 0.0
684 0.0
685 0.0
686 0.0
687 0.0
688 0.0
689 0.0
690 0.0
691 0.0
692 0.0
693 0.0
694 0.0
695 0.0
696 0.0
697 0.0
698 0.0
699 0.0
700 0.0
701 0.0
702 0.0
703 0.0
704 0.0
705 0.0
706 0.0
707 0.0
708 -0.0019638931858835824
709 -1.6946217400534583e-06
710 0.0
711 0.0
712 0.0
713 0.00039552774477879756
714 0.0
715 0.0
716 0.0
717 0.0
718 0.0
719 0.0
720 0.0
721 0.0
722 0.0
723 0.0
724 0.0
725 0.0
726 -0.0006279170092088576
727 -0.0014165618276165326
728 -0.0029985129663399617
729 0.0
730 0.0
731 0.0
732 0.0
733 0.0
734 0.0
735 0.0
736 0.0
737 0.0
738 0.0
739 0.0
740 0.0
741 0.0
742 -7.085298222631782e-05
743 0.0
744 0.0
745 -2.440129500226872e-05
746 -0.00023556775760522368
747 -0.000738408436100192
748 0.0
749 0.0
750 0.0
751 0.0
752 0.0
753 0.0
754 0.0
755 0.0
756 0.0
757 0.0
758 0.0
759 -6.545538055151246e-05
760 -4.4094284967190316e-05
761 0.0
762 0.0
763 0.0
764 0.0
765 0.0
766 0.0
767 0.0
768 0.0
769 0.0
770 0.0
771 0.0
772 -0.0015178101259704835
773 -0.0012062143504878878
774 0.0
775 0.0
776 0.0
777 0.0012163596611205673
778 0.0
779 0.0
780 0.0
781 0.0
782 0.0
783 0.0
784 0.0
785 0.0
786 0.0
787 0.0
788 0.0
789 -0.0009930402832806257
790 -0.0021180609160743207
791 -0.002645021216454569
792 -0.0027016220611502046
793 -0.0010668783685321434
794 0.0
795 0.0
796 0.0
797 0.0
798 0.0
799 0.0
800 0.0
801 0.0
802 0.0
803 0.0
804 0.0
805 0.0
806 -0.00034549813463939877
807 0.0
808 0.0
809 0.0
810 -5.284774854157743e-05
811 0.0
812 0.0
813 0.0
814 0.0
815 0.0
816 0.0
817 0.0
818 0.0
819 0.0
820 0.0
821 0.0
822 0.0
823 -0.00012136312165405897
824 0.0
825 0.0
826 0.0
827 0.0
828 0.0
829 0.0
830 0.0
831 0.0
832 0.0
833 0.0
834 0.0
835 0.0
836 -0.0005557788799072313
837 -0.0006868342492311958
838 -0.00042133479137478936
839 0.0
840 0.0
841 0.0
842 0.0010054228804227267
843 0.0
844 0.0
845 0.0
846 0.0
847 0.0
848 0.0
849 0.0
850 0.0
851 0.0
852 -0.0006615824606838188
853 -0.0016899183274891735
854 -0.0034783717916237575
855 -0.0009516789792015312
856 -0.00037920145597797827
857 -0.001367657355528422
858 -0.0015233032307790924
859 -0.00045668085465650615
860 -0.0005352464341114743
861 0.0
862 0.0
863 0.0
864 0.0
865 0.0
866 0.0
867 0.0
868 0.0
869 0.0
870 -0.0011931340997043765
871 -0.00016585964492740166
872 0.0
873 0.0
874 0.0
875 0.0
876 0.0
877 0.0
878 0.0
879 0.0
880 0.0
881 0.0
882 0.0
883 0.0
884 0.0
885 0.0
886 0.0
887 0.0
888 0.0
889 -0.0005248077892830037
890 -0.0009729377964056257
891 -0.0001351228779472181
892 0.0
893 0.0
894 0.0
895 0.0
896 0.0
897 0.0
898 0.0
899 0.0
900 -1.666694376828234e-05
901 0.0
902 0.0
903 0.0
904 0.0
905 0.0
906 0.0
907 0.0
908 0.0
909 0.0
910 0.0
911 0.0
912 0.0
913 0.0
914 0.0
915 0.0
916 0.0
917 -5.603150143343216e-05
918 -0.0005004644980504618
919 -0.0015345528002019965
920 -0.0013055560926269172
921 -0.0004084858985368158
922 -2.4702016943640157e-05
923 0.0
924 -0.0007278248036595853
925 0.0
926 0.0
927 0.0
928 0.0
929 0.0
930 0.0
931 0.0
932 0.0
933 -0.0006542903025889021
934 -0.0011879979315144577
935 -0.0008524138987085308
936 -0.0005910416021209203
937 -0.000736561847444675
938 -4.791043818597976e-07
939 -0.0002160620929804247
940 -0.00021715118103476298
941 -0.0006073793644562086
942 0.0
943 0.0
944 0.0
945 0.0
946 -0.0009356076535213365
947 0.0
948 0.0
949 0.0
950 0.0
951 0.0
952 -0.0008426183949045403
953 -0.0005134747170932689
954 -0.0014630502990848045
955 -0.0009273624185979607
956 0.0
957 0.0
958 0.0
959 0.0
960 0.0
961 0.0
962 0.0
963 0.0
964 0.0
965 -0.0011147892557332188
966 -7.329147246109439e-05
967 0.0
968 0.0
969 0.0
970 0.0
971 0.0012777177752688682
972 0.0015348522213190848
973 0.0
974 0.0
975 0.0
976 0.0
977 0.0
978 0.0
979 0.0
980 0.0
981 0.0
982 -0.0009100029766168331
983 -0.0011103885905599385
984 -0.001331961419986465
985 -0.0012270962629129319
986 0.0
987 0.0
988 0.0
989 -0.0003803076757481859
990 0.0
991 0.0
992 0.0
993 0.0
994 0.0
995 0.0
996 0.0
997 0.0
998 0.0
999 -0.0005490840166051561
1000 -0.0004648699467017081
1001 0.0
1002 0.0
1003 0.0
1004 0.0
1005 -0.000585085770706893
1006 0.0
1007 0.0
1008 0.0
1009 0.0
1010 0.0
1011 0.0
1012 0.0
1013 0.0
1014 0.0
1015 0.0
1016 -0.00018139296585800477
1017 0.0
1018 0.0
1019 0.0
1020 0.0
1021 0.0
1022 0.0
1023 0.0
1024 0.0
1025 0.0
1026 0.0
1027 0.0
1028 0.0
1029 0.0
1030 -0.002002594851204984
1031 -0.0028349710253208825
1032 0.0
1033 0.0
1034 0.0
1035 0.0
1036 0.0009749780872732636
1037 0.0
1038 0.0
1039 0.0
1040 0.0
1041 0.0
1042 0.0
1043 0.0
1044 0.0
1045 0.0
1046 -2.6469226915767555e-05
1047 -0.0010635143252043127
1048 -0.0006863275214299613
1049 -7.16361055470228e-05
1050 0.0
1051 -0.0004857712260060413
1052 0.0
1053 0.0
1054 0.0
1055 0.0
1056 0.0
1057 0.0
1058 0.0
1059 0.0
1060 0.0
1061 0.0
1062 0.0
1063 -0.0015428702565027947
1064 0.0
1065 0.0
1066 -0.0003467800700562921
1067 0.0
1068 0.0
1069 -0.00048370563234151034
1070 0.0
1071 0.0
1072 0.0
1073 0.0
1074 0.0
1075 0.0
1076 0.0
1077 0.0
1078 -7.001296138835724e-05
1079 0.0
1080 0.0
1081 0.0
1082 0.0
1083 0.0
1084 0.0
1085 0.0
1086 0.0
1087 0.0
1088 0.0
1089 0.0
1090 0.0
1091 0.0
1092 0.0
1093 0.0
1094 -0.00032324123058349754
1095 -0.002204281822982293
1096 -0.0010386100074965454
1097 0.0
1098 0.0
1099 0.0
1100 0.0
1101 0.0002792863962655964
1102 0.0
1103 0.0
1104 0.0
1105 0.0
1106 0.0
1107 0.0
1108 0.0
1109 0.0
1110 0.0
1111 0.0
1112 -0.00033525617673179324
1113 0.0
1114 0.0
1115 0.0
1116 0.0
1117 -0.00021462426162941113
1118 0.0
1119 0.0
1120 0.0
1121 0.0
1122 0.0
1123 0.0
1124 0.000577273812732275
1125 0.0
1126 -0.00011365732027793899
1127 -0.00035430674399063644
1128 0.0
1129 0.0
1130 -3.3394882076700993e-05
1131 0.0
1132 0.0
1133 0.0
1134 0.0
1135 0.0
1136 0.0
1137 0.0
1138 0.0
1139 0.0
1140 0.0
1141 0.0
1142 0.0
1143 0.0
1144 0.0
1145 0.0
1146 0.0
1147 0.0
1148 0.0
1149 0.0
1150 0.0
1151 0.0
1152 0.0
1153 0.0
1154 0.0
1155 0.0
1156 0.0
1157 0.0
1158 0.0
1159 0.0
1160 0.0
1161 0.0
1162 0.0
1163 0.0
1164 0.0
1165 0.0013639084164497137
1166 0.0005563703755912696
1167 0.0
1168 0.00019765167193868207
1169 0.0
1170 0.0
1171 0.0
1172 0.0
1173 0.0
1174 0.0
1175 0.0
1176 0.0
1177 0.0
1178 0.0
1179 0.0
1180 0.0
1181 0.0
1182 0.0
1183 0.0
1184 0.0
1185 0.0
1186 0.0
1187 0.0
1188 0.0
1189 0.0
1190 -0.0019279603472885667
1191 -0.0016633702426974775
1192 -9.613556055018304e-06
1193 0.0
1194 0.0
1195 0.0
1196 0.0
1197 0.0
1198 0.0
1199 0.0
1200 0.0
1201 0.0
1202 -8.058276542293448e-05
1203 -0.0005183250411079705
1204 0.0
1205 0.0
1206 0.0
1207 0.0
1208 0.0
1209 0.0
1210 0.0
1211 0.0
1212 0.0
1213 0.0
1214 0.0
1215 0.0
1216 0.0
1217 0.0
1218 0.0
1219 0.0
1220 0.0
1221 0.0
1222 0.0
1223 0.0
1224 0.0
1225 0.0
1226 -0.00044207283434149195
1227 0.0
1228 0.0
1229 0.0
1230 0.0
1231 0.0
1232 0.0
1233 0.0006896791523485902
1234 0.0017275943545844157
1235 0.0008732593900598924
1236 0.0
1237 0.0
1238 0.0
1239 0.0
1240 0.0
1241 0.0
1242 0.0
1243 0.0
1244 0.0
1245 0.0
1246 0.0
1247 0.0
1248 0.0004963961860073061
1249 0.0006059212890441925
1250 0.004496431455457586
1251 0.0010995215346486342
1252 0.0
1253 0.0
1254 0.0
1255 0.0
1256 -0.001171215477033591
1257 0.0
1258 0.0
1259 0.0
1260 0.0
1261 0.0
1262 0.0
1263 0.0
1264 0.0
1265 -0.0009030419791521365
1266 -0.0005799964774259419
1267 -0.0013676463906102717
1268 -3.158573971049872e-05
1269 0.0
1270 0.0
1271 0.0
1272 0.0
1273 0.0
1274 0.0
1275 0.0
1276 0.0
1277 0.0
1278 0.0
1279 0.0
1280 0.0
1281 0.0
1282 0.0
1283 5.869553096009049e-05
1284 0.0
1285 0.0
1286 0.0
1287 0.0
1288 0.0
1289 0.0
1290 0.0
1291 -0.0009319745906824699
1292 0.0
1293 0.0
1294 0.0
1295 0.0
1296 0.0
1297 0.0
1298 0.0
1299 0.0
1300 0.0
1301 0.0
1302 0.0
1303 0.0
1304 0.0
1305 0.0
1306 0.0
1307 0.0
1308 0.0
1309 0.0
1310 0.0
1311 0.0
1312 0.0
1313 0.001271654362060032
1314 0.004956796650376463
1315 0.00207600566950268
1316 0.0
1317 0.0
1318 0.0
1319 -0.000968816102238286
1320 -0.0010450441661356473
1321 -7.373073739642218e-05
1322 0.0
1323 0.0
1324 0.0
1325 0.0
1326 0.0
1327 0.0
1328 0.0
1329 -0.0009575104225656738
1330 -0.0008359469129179323
1331 -0.0006714695872481158
1332 0.0
1333 -0.0007641299200622842
1334 0.0
1335 0.0
1336 0.0
1337 0.0
1338 0.0
1339 0.0
1340 0.0
1341 0.0
1342 0.0
1343 0.0
1344 0.0
1345 0.0
1346 0.0
1347 0.0
1348 0.00023773589349406434
1349 0.0
1350 0.0
1351 0.0
1352 0.0
1353 0.0
1354 0.0
1355 0.0
1356 0.0
1357 0.0
1358 0.0
1359 0.0
1360 0.0
1361 0.0
1362 0.0
1363 0.0
1364 0.0
1365 0.0
1366 0.0
1367 0.0
1368 0.0
1369 0.0
1370 0.0
1371 -0.0013547839325952046
1372 0.0
1373 0.0
1374 0.0
1375 0.0
1376 0.0
1377 0.001631925330668539
1378 0.004627380678945264
1379 0.0026111299296256536
1380 0.0
1381 0.0
1382 0.0
1383 0.0
1384 0.0
1385 0.0
1386 0.0
1387 0.0
1388 0.0
1389 0.0
1390 0.0
1391 0.0
1392 0.0
1393 -0.00029042796393499953
1394 0.0
1395 0.0
1396 0.0
1397 0.0
1398 0.0
1399 0.0
1400 0.0
1401 0.0
1402 0.0
1403 0.0
1404 0.0
1405 0.0
1406 0.0
1407 0.0
1408 0.0
1409 0.0
1410 0.0
1411 0.0005199528238211873
1412 0.0009016726756409194
1413 9.080128993213673e-05
1414 0.0
1415 0.0
1416 0.0
1417 0.0
1418 0.0
1419 0.0
1420 0.0
1421 0.0
1422 0.0
1423 0.0
1424 0.0
1425 0.0
1426 0.0
1427 0.0018497969948871968
1428 0.0
1429 0.0
1430 0.0
1431 0.0
1432 0.0
1433 0.0
1434 0.0
1435 0.0
1436 0.0
1437 0.0
1438 0.0
1439 0.0
1440 0.0
1441 0.0008719408617678703
1442 0.0036882609346183502
1443 0.002686974628115201
1444 0.0
1445 0.00010873063147589138
1446 0.0006069862993315642
1447 0.0
1448 0.0
1449 0.0
1450 0.0
1451 0.0
1452 0.0
1453 0.0
1454 0.0
1455 0.0
1456 -0.000940473102311787
1457 -7.629637709151171e-06
1458 -0.0003590006927517736
1459 -0.00023921423593079242
1460 0.0
1461 0.0
1462 0.0
1463 0.0
1464 0.0
1465 0.0
1466 0.0
1467 0.0
1468 0.0
1469 0.0
1470 0.0
1471 0.0
1472 0.0
1473 0.0
1474 0.0001361672033124877
1475 0.0
1476 0.00010439181244028132
1477 0.0
1478 0.0
1479 0.0
1480 0.0
1481 0.0
1482 0.0
1483 0.0
1484 0.0
1485 0.0
1486 0.00042197140242018744
1487 0.0010208381950566683
1488 0.0
1489 0.0
1490 0.0
1491 0.0
1492 0.0
1493 0.0
1494 0.0
1495 0.0
1496 0.0
1497 0.0
1498 0.0
1499 0.0
1500 0.0
1501 0.0
1502 0.0
1503 0.0
1504 0.0
1505 0.0
1506 0.0015838244934799465
1507 0.0
1508 0.0
1509 0.0
1510 0.002329668134146476
1511 0.000839519156134886
1512 0.00204298858711768
1513 0.0
1514 0.0
1515 0.0
1516 0.0
1517 0.0
1518 0.0
1519 -0.0003294992272677849
1520 -0.001445396184090045
1521 -0.0003283853223840296
1522 -5.1914285322299585e-05
1523 -0.000782481512609347
1524 0.0
1525 -0.0001694114721828727
1526 0.0
1527 0.0
1528 0.0
1529 0.0
1530 0.0
1531 0.0
1532 0.0
1533 0.0
1534 0.0
1535 0.0
1536 0.0011710215621114533
1537 0.0
1538 0.0
1539 0.0
1540 0.0007025805079776266
1541 0.0
1542 0.0
1543 0.0
1544 0.0
1545 0.0
1546 0.0
1547 0.0
1548 0.0
1549 0.0002855222055771313
1550 0.001137288581268735
1551 0.0010790225076772525
1552 0.0
1553 0.0
1554 0.0
1555 0.0
1556 0.0
1557 0.0
1558 0.0
1559 0.0
1560 0.0
1561 0.0
1562 0.0
1563 0.0
1564 0.0
1565 0.0
1566 0.0
1567 0.0
1568 0.0
1569 0.0
1570 0.00042134462965569486
1571 0.0
1572 0.0
1573 0.0
1574 0.0
1575 0.0005085130024502243
1576 0.002833214457753751
1577 0.0025705107761676083
1578 0.00113684808658736
1579 0.0
1580 0.0
1581 0.0
1582 0.0
1583 0.0
1584 0.0
1585 0.0
1586 0.0
1587 -0.00044405339221714605
1588 -0.0004021223700545325
1589 -0.0003164834177911429
1590 0.0
1591 0.0
1592 0.0
1593 0.0
1594 0.0
1595 0.0
1596 0.0
1597 0.0
1598 0.0
1599 0.0
1600 0.0
1601 0.0
1602 0.0
1603 0.0
1604 0.0
1605 0.0
1606 0.0
1607 0.0
1608 0.0
1609 0.0
1610 0.0
1611 0.0
1612 0.0
1613 0.0010669286649365468
1614 0.0024960134459349297
1615 0.0022168776866283825
1616 0.0
1617 0.0
1618 0.0008864052582907263
1619 3.340110488254293e-06
1620 0.0
1621 0.0
1622 0.0
1623 0.0
1624 0.0
1625 0.0
1626 0.0
1627 0.0
1628 0.0
1629 0.0
1630 0.0
1631 0.0
1632 0.0
1633 0.0
1634 0.0004470093871252288
1635 0.0017826565188945685
1636 0.0014482599198440804
1637 0.0011427320883011874
1638 0.0009017495409241226
1639 0.000342146365166046
1640 0.0
1641 0.0013040297223223343
1642 0.0007780165429721572
1643 0.0
1644 0.0
1645 0.0
1646 0.0
1647 0.0
1648 0.0
1649 0.0
1650 0.0
1651 -0.0002799469650122513
1652 -9.949875029621134e-05
1653 0.0
1654 -0.0011771357941667278
1655 0.0
1656 0.0
1657 0.0
1658 0.0
1659 0.0
1660 0.0
1661 0.0
1662 0.0
1663 0.0
1664 0.0
1665 0.0
1666 0.0
1667 0.0
1668 0.0
1669 0.0
1670 0.0
1671 0.0
1672 0.0
1673 0.0
1674 0.0
1675 0.0
1676 0.0
1677 0.0023536411466756283
1678 0.004031438651779501
1679 0.0015699206518133236
1680 0.0
1681 0.0
1682 0.0013332723164211178
1683 0.0
1684 0.0
1685 0.0
1686 0.0
1687 0.0006839980153437249
1688 0.0005813098527215961
1689 0.00015733529210033772
1690 0.0
1691 0.0
1692 0.0
1693 0.0
1694 0.0
1695 0.0
1696 0.0
1697 0.0009129259875321974
1698 0.0003463217051624947
1699 0.0006717947402323457
1700 0.0022878406156766405
1701 7.024168834104288e-05
1702 0.00047473388972293874
1703 0.0
1704 0.0
1705 0.0
1706 0.0
1707 0.0
1708 0.0
1709 0.0
1710 0.0
1711 0.0
1712 0.0
1713 -0.0001340268173586868
1714 -0.0013827716720942347
1715 -0.00023713716941563723
1716 0.0
1717 0.0
1718 0.0
1719 0.0
1720 0.0
1721 0.0
1722 0.0
1723 0.0
1724 0.0
1725 0.0
1726 0.0011649504197617467
1727 0.0
1728 0.0
1729 0.0
1730 0.0
1731 0.0
1732 0.0
1733 0.0
1734 0.0
1735 0.0
1736 0.0
1737 0.0
1738 0.0
1739 0.0
1740 0.0
1741 0.00160777527258697
1742 0.0024832294148871862
1743 0.0012304808144022986
1744 0.0004081908730636291
1745 0.0005732817600484614
1746 0.0013702834186931983
1747 0.0009552875013995513
1748 0.0
1749 0.0
1750 0.0
1751 0.0003824396820793116
1752 2.2529085128923754e-05
1753 0.00021145358614386127
1754 0.0
1755 0.0
1756 0.0
1757 0.0
1758 0.0
1759 7.80715720994168e-05
1760 0.002686031746554766
1761 0.0
1762 0.0
1763 0.0
1764 0.0
1765 0.0013446788376310068
1766 0.0
1767 0.0
1768 0.00015853880645728098
1769 0.0
1770 0.0
1771 0.0
1772 0.0
1773 0.0
1774 0.0
1775 0.0
1776 0.0
1777 -0.0008482123022194933
1778 -0.000834387613664102
1779 -0.0016795635174155507
1780 0.0
1781 -0.0008003278379068838
1782 0.0
1783 0.0
1784 0.0
1785 0.0
1786 0.0
1787 0.0
1788 0.0
1789 0.0
1790 0.0
1791 0.000661178199470025
1792 0.0
1793 0.0
1794 0.0
1795 0.0
1796 0.0
1797 0.0
1798 0.0
1799 0.0
1800 0.0
1801 0.0
1802 0.0
1803 0.0
1804 0.0
1805 0.0005646454472787711
1806 0.00022525607367522622
1807 0.0
1808 0.00038676335445220753
1809 3.803111428587436e-05
1810 0.0
1811 0.0007940226946164119
1812 0.0001912989426257503
1813 0.0
1814 0.0
1815 0.0
1816 0.0009200033615006561
1817 0.0007339751455028445
1818 0.0015071075936831213
1819 0.0010366953128556535
1820 0.0
1821 0.0
1822 0.0
1823 0.0009583732288545025
1824 0.00172414983861718
1825 0.0
1826 0.0
1827 0.0
1828 0.0
1829 0.0006405270159177621
1830 0.0
1831 0.0
1832 0.0
1833 0.0
1834 0.0
1835 0.0
1836 0.0
1837 0.0
1838 0.0
1839 0.0
1840 -8.430850094872631e-05
1841 -0.0007660118920703526
1842 0.0
1843 -0.001229771604418332
1844 0.0
1845 0.0
1846 0.0
1847 0.0
1848 0.0
1849 0.0
1850 0.0
1851 0.0
1852 0.0
1853 0.0
1854 0.0
1855 0.0016838119841174168
1856 0.0
1857 0.0
1858 0.0
1859 0.0
1860 0.0
1861 0.0
1862 0.0
1863 0.0
1864 0.0
1865 0.0
1866 0.0
1867 0.0
1868 0.0
1869 0.0006085381734170506
1870 0.0
1871 0.0
1872 0.0
1873 0.0
1874 0.0
1875 0.0
1876 0.0
1877 0.0
1878 0.0
1879 0.0005989591784107051
1880 0.0016507766987311466
1881 0.0021735946161047506
1882 0.001994968370433777
1883 0.0007018134683772563
1884 4.6394734006692676e-05
1885 0.0008083622546052958
1886 0.0
1887 0.0018912272646947406
1888 0.00032539119266493236
1889 0.0
1890 0.0
1891 0.0
1892 0.0
1893 0.0
1894 0.0
1895 0.0
1896 0.0
1897 0.0
1898 0.0
1899 0.0
1900 0.0
1901 0.0
1902 -0.0009149771198308498
1903 -0.0004646068196827917
1904 -0.0019055498380585022
1905 -0.0002798184410448153
1906 -0.0006518934907397622
1907 -0.0010679015490032402
1908 0.0
1909 0.0
1910 0.0
1911 0.0
1912 0.0
1913 0.0
1914 0.0001473769318489172
1915 0.0
1916 0.0
1917 0.0
1918 0.0
1919 0.0
1920 0.0
1921 0.0
1922 0.0
1923 0.0
1924 0.0
1925 0.0
1926 0.0
1927 0.0
1928 0.0
1929 0.0
1930 0.0
1931 0.0
1932 0.0
1933 0.0
1934 0.0
1935 0.00010904652969089359
1936 0.00043700921554479645
1937 0.0
1938 0.0
1939 0.0
1940 0.0
1941 0.0
1942 0.0
1943 0.0008150168143273792
1944 0.0007536126787749706
1945 0.00031752766459765573
1946 0.0007925148744956737
1947 9.476317445265518e-05
1948 0.00016205209450354213
1949 0.0
1950 0.0001746584307370285
1951 0.0017722180362497496
1952 0.002037233061465111
1953 0.0
1954 0.0
1955 0.0
1956 0.0
1957 0.0
1958 -0.001292109854098702
1959 -0.0009816876293811969
1960 0.0
1961 0.0
1962 0.0
1963 0.0
1964 0.0
1965 0.0
1966 -0.0004086418848296269
1967 -5.773982858993683e-06
1968 0.0
1969 -0.0008012038907610902
1970 -0.0018490077072397468
1971 -0.0030341847592396066
1972 0.0
1973 0.0
1974 0.0
1975 0.0
1976 0.0
1977 0.0
1978 0.0
1979 0.0
1980 0.0
1981 0.0
1982 0.0
1983 0.0
1984 0.0
1985 0.0
1986 0.0
1987 0.0
1988 0.0
1989 0.0
1990 0.0
1991 0.0
1992 0.0
1993 0.0
1994 0.0
1995 0.0
1996 0.0
1997 0.0
1998 0.0
1999 0.0
2000 0.0
2001 0.0
2002 0.0
2003 0.0
2004 0.0
2005 0.0
2006 0.0
2007 0.0
2008 0.0001743461728022366
2009 0.0021063600450260517
2010 0.002597356938471984
2011 0.0011097445680640393
2012 0.00023985753122757818
2013 0.0
2014 0.0
2015 0.0017702850449065294
2016 0.0004616328663134481
2017 0.0
2018 0.0
2019 0.0
2020 0.0
2021 0.0
2022 0.0
2023 -0.0018454921608800374
2024 -0.001605616684859143
2025 0.0
2026 -0.0013438452946301432
2027 -0.0006508613440581762
2028 -0.0008381266232069222
2029 -0.0014795929651986162
2030 -0.002414849683322557
2031 -0.00023190446824320455
2032 0.0
2033 0.0
2034 -0.0010937777579663813
2035 -0.0035565516052279045
2036 -0.001840020909286095
2037 -0.00250869264912829
2038 -0.000523842218506842
2039 0.0
2040 0.0
2041 0.0
2042 0.0
2043 0.0
2044 0.0
2045 0.0
2046 0.0
2047 0.0
2048 0.0
2049 0.0
2050 0.0
2051 0.0
2052 0.0
2053 0.0
2054 0.0
2055 0.0
2056 0.0
2057 0.0
2058 0.0
2059 0.0
2060 0.0
2061 0.0
2062 0.0
2063 0.0
2064 0.0
2065 0.0003414929373619526
2066 0.0
2067 0.0
2068 0.0
2069 0.0
2070 0.0
2071 0.0
2072 0.0
2073 0.0007642477368938258
2074 0.0023082422731955615
2075 0.0003956658128851681
2076 0.0
2077 0.0
2078 0.0
2079 0.0
2080 4.49849351009477e-05
2081 0.0
2082 0.0
2083 0.0
2084 0.0
2085 0.0
2086 0.0
2087 0.0
2088 0.0
2089 0.0
2090 0.0
2091 -0.0010770520231221004
2092 -8.54187533505414e-05
2093 -0.0017496694637975994
2094 -0.0016243981286090381
2095 -0.00021401575916079257
2096 0.0
2097 0.0
2098 -0.00041038881462526343
2099 -0.0007627874342633517
2100 -0.0004900559691412011
2101 -0.00032719462456791697
2102 -0.003346151667903873
2103 0.0
2104 0.0
2105 0.0
2106 0.0
2107 0.0005612939107309539
2108 0.0007393863764226067
2109 0.0
2110 0.0
2111 3.262928474568399e-05
2112 0.0
2113 0.0
2114 0.0
2115 0.0
2116 0.0
2117 0.0
2118 0.0
2119 0.0
2120 0.0
2121 0.0
2122 0.0
2123 0.0
2124 0.0
2125 0.0
2126 0.0
2127 0.0
2128 0.0
2129 1.2926754237524685e-05
2130 0.00028312819426375455
2131 0.0
2132 0.0
2133 0.0
2134 0.0
2135 0.0
2136 0.0
2137 0.0005984250496634254
2138 0.0
2139 0.0
2140 0.0
2141 0.0
2142 0.0
2143 0.0
2144 0.0
2145 0.00032853800707909606
2146 0.0
2147 0.0
2148 0.0
2149 0.0
2150 0.0
2151 0.0
2152 0.0
2153 0.0
2154 0.0
2155 0.0
2156 0.0
2157 0.0
2158 0.0
2159 0.0
2160 0.0
2161 0.0
2162 0.0
2163 -0.0005059281657337004
2164 0.0
2165 0.0
2166 -0.0024021695307561825
2167 0.0
2168 0.0
2169 0.0
2170 0.0
2171 0.0024552331831050977
2172 0.0007542303907517502
2173 0.0
2174 0.0
2175 0.0001072085285574634
2176 0.0
2177 0.0
2178 0.0
2179 0.0
2180 0.0
2181 0.0
2182 0.0
2183 0.0
2184 0.0
2185 0.0
2186 0.0
2187 0.0
2188 0.0
2189 0.0
2190 0.0
2191 0.0
2192 0.0
2193 0.0
2194 0.0
2195 0.0
2196 0.0
2197 0.0
2198 0.0
2199 0.0
2200 0.0
2201 0.0
2202 0.0
2203 0.0
2204 0.0
2205 0.0
2206 0.0
2207 0.0
2208 0.0006863337494832351
2209 0.0013235430692632604
2210 0.0004901382438665092
2211 0.0
2212 0.0
2213 0.0
2214 -0.0002406668166477568
2215 -0.0008401923961342024
2216 0.0
2217 0.0
2218 0.0
2219 0.0
2220 0.0
2221 0.0
2222 0.0
2223 0.0
2224 0.0
2225 0.0
2226 0.0
2227 0.0
2228 0.0
2229 -0.002112883698744825
2230 -0.0002480168514268029
2231 0.0
2232 0.0
2233 0.0
2234 0.0
2235 0.00204733209831299
2236 0.0004465780855852638
2237 0.0
2238 0.0
2239 0.0
2240 0.0
2241 0.0
2242 0.0
2243 0.0
2244 0.0
2245 0.0
2246 0.0
2247 0.0
2248 0.0
2249 0.0
2250 0.0
2251 0.0
2252 0.0
2253 0.0
2254 0.0
2255 0.0
2256 0.0
2257 0.0
2258 0.0
2259 0.0
2260 0.0
2261 0.0
2262 0.0
2263 0.0
2264 0.0
2265 0.0
2266 0.0
2267 0.0
2268 0.0
2269 0.0
2270 0.0
2271 0.0
2272 0.0
2273 1.855224826778764e-05
2274 0.00040253698152081655
2275 0.0
2276 0.0
2277 0.0
2278 0.0
2279 0.0
2280 -5.455931595573948e-05
2281 -0.000543375663897002
2282 0.0
2283 0.0
2284 0.0
2285 0.0
2286 0.0
2287 0.0
2288 0.0
2289 0.0
2290 0.0
2291 0.0
2292 -2.8455979485763154e-06
2293 -0.001235984254523061
2294 -0.0004475537170316471
2295 -2.7569487504858334e-05
2296 0.0
2297 0.0
2298 0.0
2299 0.0008623534202758054
2300 0.0
2301 0.0
2302 0.0
2303 0.0
2304 0.0
2305 0.0
2306 0.0
2307 0.0
2308 0.0
2309 0.0
2310 0.0
2311 0.0
2312 0.0
2313 0.0
2314 0.0
2315 0.0
2316 0.0
2317 0.0
2318 0.0
2319 0.0
2320 0.00022693254358254888
2321 6.835407540924277e-06
2322 6.0249956298697435e-05
2323 0.0
2324 9.731931957149501e-05
2325 0.0
2326 0.0
2327 0.0
2328 0.0
2329 0.0
2330 0.0
2331 0.0
2332 0.0
2333 0.0
2334 0.0
2335 0.0
2336 0.0
2337 0.0
2338 0.0
2339 0.0
2340 0.0
2341 0.0
2342 0.0
2343 -0.0009150518246383243
2344 -0.00021885737711230236
2345 0.0
2346 0.0
2347 0.0
2348 0.0
2349 0.0
2350 0.0
2351 0.0
2352 0.0
2353 0.0
2354 0.0
2355 0.0
2356 -0.00035558451303373565
2357 0.0
2358 0.0
2359 0.0
2360 0.0
2361 0.0
2362 0.0
2363 0.0009981125655151707
2364 0.0
2365 0.0
2366 0.0
2367 0.0
2368 0.0
2369 0.0
2370 0.0
2371 0.0
2372 0.0
2373 0.0
2374 0.0
2375 0.0
2376 0.0
2377 0.0
2378 0.0
2379 0.0
2380 0.0
2381 0.0
2382 0.0
2383 0.0
2384 0.0
2385 0.0
2386 0.0
2387 0.0003341508839448491
2388 0.0011493926489936784
2389 0.0
2390 0.0
2391 0.0
2392 0.0
2393 0.0
2394 0.0
2395 -0.00013308006217854407
2396 0.0
2397 0.0
2398 0.0
2399 0.0
2400 0.0
2401 0.0
2402 0.0
2403 0.0
2404 0.0
2405 0.0
2406 0.0
2407 0.0
2408 0.0
2409 0.0
2410 0.0
2411 0.0
2412 -0.00032843879262435294
2413 -0.0026602974737138735
2414 -0.0028512598550475663
2415 -0.001199492777983089
2416 -0.0004814185762421211
2417 -0.0010297707499960145
2418 -0.0012750889142769384
2419 -0.001570649820823844
2420 0.0
2421 0.0
2422 0.0
2423 0.0
2424 0.0
2425 0.0
2426 0.0
2427 0.0
2428 0.0
2429 0.0
2430 0.0
2431 0.0
2432 0.0
2433 0.0
2434 0.0
2435 0.0
2436 0.0
2437 0.0
2438 0.0
2439 0.0
2440 0.0
2441 0.0
2442 0.0
2443 0.0
2444 0.0
2445 0.0
2446 0.0
2447 0.0
2448 0.0
2449 0.0
2450 0.0007288170129003667
2451 0.0007587196849753899
2452 0.0009150938440660415
2453 0.0
2454 0.0
2455 0.0
2456 0.0
2457 0.0
2458 0.0
2459 0.0
2460 0.0
2461 0.0
2462 0.0
2463 0.0
2464 0.0
2465 0.0
2466 0.0
2467 0.0
2468 0.0
2469 0.0
2470 0.0
2471 0.0
2472 0.0
2473 0.0
2474 0.0
2475 0.0
2476 -0.00017980328602740475
2477 -0.0009943172035726355
2478 -0.0017228097519438013
2479 -0.0015046262338311465
2480 -0.00037817465196326956
2481 -0.0014652546369548617
2482 -0.0018746144582500687
2483 0.0
2484 0.0
2485 0.0
2486 0.0
2487 0.0
2488 0.0
2489 0.0
2490 0.0
2491 0.0
2492 0.0
2493 0.0
2494 0.0
2495 0.0005664722539993262
2496 0.0
2497 0.0
2498 0.0
2499 0.0
2500 0.0
2501 0.0
2502 0.0
2503 0.0
2504 0.0
2505 0.0
2506 0.0
2507 0.0
2508 0.0
2509 0.0
2510 0.0
2511 0.0
2512 0.0
2513 0.0
2514 0.0
2515 0.0
2516 0.0007674864934954638
2517 0.0
2518 0.0
2519 0.0
2520 0.0
2521 0.0
2522 0.0
2523 0.0
2524 0.0
2525 0.0
2526 0.0
2527 0.0
2528 0.0
2529 0.0
2530 0.0
2531 0.0
2532 0.0
2533 0.0
2534 0.0
2535 0.0
2536 0.0
2537 0.0
2538 0.0
2539 -7.459707928317375e-05
2540 -0.0007762873620582986
2541 0.0
2542 0.0
2543 0.0
2544 0.0
2545 -0.002911127158168893
2546 -0.002273732657828887
2547 -0.0011657119945317127
2548 0.0
2549 0.0
2550 0.0
2551 0.0
2552 0.0
2553 0.0
2554 0.0
2555 0.0
2556 0.0
2557 0.0
2558 0.0
2559 0.0002767915760556606
2560 0.0
2561 0.0
2562 0.0
2563 0.0
2564 0.0
2565 0.0
2566 0.0
2567 0.0
2568 0.0
2569 0.0
2570 0.0
2571 0.0
2572 0.0
2573 0.0
2574 7.103407975401626e-05
2575 0.0
2576 0.0
2577 0.0
2578 0.001130910332682506
2579 0.00011840360728939095
2580 0.0006365896067373751
2581 0.0009551052141010232
2582 0.0
2583 0.0
2584 0.0
2585 0.0
2586 0.0
2587 0.0
2588 0.0
2589 0.0
2590 0.0
2591 0.0
2592 0.0
2593 0.0
2594 0.0
2595 0.0
2596 0.001132694781230763
2597 0.0
2598 0.0
2599 0.0
2600 0.0
2601 0.0
2602 0.0
2603 0.0
2604 0.0
2605 0.0
2606 0.0
2607 0.0
2608 -0.0004051010874136653
2609 -0.0023169127716102904
2610 -0.002630978432774417
2611 -0.004330193088255397
2612 -0.0013893918407110273
2613 0.0
2614 0.0
2615 0.0
2616 0.0
2617 0.0
2618 0.0
2619 0.0
2620 0.0
2621 0.0
2622 0.0
2623 0.0016176092396519989
2624 0.0
2625 0.0
2626 0.0
2627 0.0
2628 0.0
2629 0.0
2630 0.0
2631 0.0
2632 0.0
2633 0.0
2634 0.0
2635 0.0004837744474992995
2636 0.0
2637 0.0
2638 0.0
2639 0.0
2640 0.0
2641 0.0
2642 0.00014583370395811998
2643 0.0002890087486798409
2644 0.0009817177313827276
2645 0.003325072871841676
2646 0.0
2647 0.0
2648 0.0
2649 0.0
2650 0.0
2651 0.0
2652 0.0
2653 0.0
2654 0.0
2655 0.0
2656 0.0
2657 0.0
2658 0.0005575865187115356
2659 0.0008447437532319023
2660 0.0
2661 0.0
2662 0.0
2663 0.0
2664 0.0
2665 0.0
2666 0.0
2667 0.0
2668 0.0
2669 0.0
2670 -0.0001690775525403207
2671 -0.0015616668104529283
2672 -0.0007900204958060454
2673 -0.0004508690099693183
2674 -0.0029964397453155073
2675 -0.002525144777017813
2676 -0.0015917324128448677
2677 -0.0007241868140365813
2678 0.0
2679 0.0
2680 0.0
2681 0.0
2682 0.0
2683 0.0
2684 0.0
2685 0.0
2686 0.0
2687 0.0
2688 0.0
2689 0.0
2690 0.0
2691 0.0
2692 0.00018577428956827313
2693 0.0
2694 0.0
2695 0.0
2696 0.0
2697 0.0
2698 0.0
2699 0.0
2700 0.0
2701 0.0
2702 0.0
2703 0.0002019928083016155
2704 0.0
2705 0.0
2706 0.0
2707 0.0
2708 3.8174729096856705e-05
2709 0.0010679212295882157
2710 0.0
2711 0.0
2712 0.0
2713 0.0
2714 0.0
2715 0.0
2716 0.0
2717 0.0
2718 0.0
2719 0.0
2720 0.0
2721 0.0
2722 0.0008058432857368607
2723 0.0007035018845153404
2724 0.0
2725 0.0
2726 0.0
2727 0.0
2728 0.0
2729 0.0
2730 0.0
2731 0.0
2732 0.0
2733 0.0
2734 0.0
2735 0.0
2736 0.0
2737 0.0
2738 -0.00036178059389914234
2739 0.0
2740 -0.00066869268310209
2741 -0.00027947583231238335
2742 0.0
2743 0.0
2744 0.0
2745 0.0
2746 0.0
2747 0.0
2748 0.0
2749 0.0
2750 0.0
2751 0.0
2752 0.0
2753 0.0
2754 0.0
2755 0.0
2756 0.0
2757 0.0
2758 0.0
2759 0.0
2760 0.0
2761 0.0
2762 0.0
2763 0.0
2764 0.0
2765 0.0
2766 0.0
2767 0.0005729325424304407
2768 0.0
2769 0.0
2770 0.0
2771 0.0
2772 0.00011992249087929553
2773 0.0010762742952225616
2774 0.0017851834696529319
2775 0.0006136841795478699
2776 0.0
2777 0.0
2778 0.0
2779 0.0
2780 0.0
2781 0.0
2782 0.0
2783 0.0
2784 0.0
2785 0.0
2786 6.218685909892059e-05
2787 0.000802907203109755
2788 0.0
2789 0.0
2790 0.0
2791 0.0
2792 0.0
2793 0.0
2794 0.0
2795 0.0
2796 0.0
2797 0.0
2798 0.0
2799 0.0
2800 0.0
2801 0.0
2802 0.0
2803 0.0
2804 0.0
2805 0.0
2806 0.0
2807 0.0
2808 0.0
2809 0.0
2810 0.0
2811 0.0
2812 0.0
2813 0.0
2814 0.0
2815 0.0
2816 0.0
2817 0.0
2818 0.0
2819 0.0
2820 0.0
2821 0.0
2822 0.0
2823 0.0
2824 0.0
2825 0.0
2826 0.0
2827 0.0
2828 0.0
2829 0.0
2830 0.0011246168660193955
2831 0.0
2832 0.0
2833 0.0
2834 0.0
2835 4.655519388053794e-05
2836 0.0
2837 0.0
2838 0.0018837663997268038
2839 0.0012531776904069875
2840 0.0
2841 0.0
2842 0.0
2843 0.0
2844 0.0
2845 0.0
2846 0.0
2847 0.0
2848 0.0
2849 0.0018917384000655937
2850 0.004462596089665566
2851 0.0019221394103566304
2852 0.0
2853 0.0
2854 0.0
2855 0.0
2856 0.0
2857 0.0
2858 0.0
2859 0.0
2860 0.0
2861 0.0
2862 0.0
2863 0.0
2864 0.0
2865 0.0
2866 0.0
2867 0.0
2868 0.0
2869 0.0
2870 0.0
2871 0.0
2872 0.0
2873 0.0
2874 0.0
2875 0.0
2876 0.0
2877 0.0
2878 0.0
2879 0.0
2880 0.0
2881 0.0
2882 0.0
2883 0.0
2884 0.0
2885 0.0
2886 0.0
2887 0.0
2888 0.0
2889 0.0
2890 0.0
2891 0.0
2892 0.0
2893 0.0
2894 0.0
2895 0.0
2896 4.197796871906572e-05
2897 0.0003201827808347209
2898 0.0012773393020787558
2899 0.0
2900 0.0
2901 0.0
2902 0.0
2903 0.0
2904 0.0
2905 0.0
2906 0.0
2907 0.0
2908 0.0
2909 0.0
2910 0.0
2911 0.0
2912 0.0
2913 0.002232892182691577
2914 0.0032447567221039787
2915 0.005832783649386804
2916 0.0021987787616380193
2917 0.0
2918 0.0
2919 0.0
2920 0.0
2921 -0.00044360442419289755
2922 0.0
2923 0.0
2924 0.0
2925 0.0
2926 0.0
2927 0.0
2928 0.0
2929 0.0
2930 0.0
2931 0.0
2932 0.0
2933 0.0
2934 -0.0012192962966875679
2935 -0.001921869141550753
2936 -0.00103357871686282
2937 -0.0004463751100910831
2938 0.0
2939 0.0
2940 0.0
2941 0.0
2942 0.0
2943 0.0
2944 0.0
2945 0.0
2946 0.0
2947 0.0
2948 0.0
2949 0.0
2950 0.0
2951 0.0
2952 0.0
2953 0.0
2954 0.0
2955 0.0
2956 0.0
2957 0.0009128235568172312
2958 0.00136253296828883
2959 0.0
2960 0.0
2961 0.0005010230005016594
2962 0.0010934864245071881
2963 0.0003714715437777579
2964 0.0
2965 0.0
2966 0.0
2967 0.0
2968 0.0
2969 0.0
2970 0.0
2971 0.0
2972 0.0
2973 0.0
2974 0.0
2975 0.0
2976 0.0
2977 0.0023221932002026584
2978 0.003704376207022274
2979 0.002445664503372553
2980 0.0
2981 0.0
2982 0.0
2983 0.0
2984 0.0
2985 -0.0013937192786436532
2986 0.0
2987 0.0
2988 0.0
2989 0.0
2990 0.0
2991 0.0
2992 0.0
2993 0.0
2994 -0.0005459536802104932
2995 -9.627770791566844e-05
2996 -0.0012374005710621041
2997 -0.0006234090100714482
2998 -1.3604285660920286e-05
2999 -0.0006939637149691483
3000 0.0
3001 0.0
3002 0.0
3003 0.0
3004 0.0
3005 0.0
3006 0.0
3007 0.0
3008 0.0
3009 0.0
3010 0.0
3011 0.0
3012 0.0
3013 0.0
3014 0.0
3015 0.0
3016 0.0
3017 0.0
3018 0.0
3019 0.0
3020 0.0
3021 0.0
3022 0.0013227585078055494
3023 0.0
3024 0.0016704402890865158
3025 0.0020166111226831295
3026 0.0020857906695473816
3027 0.0023605347549706134
3028 0.0
3029 0.0
3030 0.0
3031 0.0
3032 0.0
3033 0.0
3034 0.0
3035 0.0
3036 0.0
3037 0.0
3038 0.0
3039 0.0
3040 0.0
3041 0.0016555062497813737
3042 0.0
3043 0.0
3044 0.0
3045 0.0
3046 0.0
3047 0.0
3048 0.0
3049 0.0
3050 0.0
3051 0.0
3052 0.0
3053 0.0
3054 0.0
3055 0.0
3056 0.0
3057 0.0
3058 0.0
3059 -2.3094377863530568e-05
3060 0.0
3061 -0.0002697689148853172
3062 0.0
3063 0.0
3064 0.0
3065 0.0
3066 0.0
3067 0.0
3068 0.0
3069 0.0
3070 0.0
3071 0.0
3072 0.0
3073 0.0
3074 0.0
3075 0.0
3076 0.0
3077 0.0
3078 0.0
3079 0.0
3080 0.0
3081 0.0
3082 0.0
3083 0.0
3084 0.0
3085 0.0
3086 1.2515889739786036e-05
3087 0.0
3088 0.0
3089 7.463428754558704e-05
3090 0.0
3091 0.0
3092 0.0
3093 -0.0003756695453937629
3094 0.0
3095 0.0
3096 0.0
3097 0.0
3098 0.0
3099 0.0
3100 0.0
3101 0.0
3102 0.0
3103 0.0
3104 0.0
3105 0.0001118453642969373
3106 0.0
3107 0.0
3108 0.0
3109 0.0
3110 0.0
3111 0.0
3112 0.0
3113 0.0
3114 0.0
3115 0.0
3116 0.0
3117 0.0
3118 0.0
3119 0.0
3120 0.0
3121 -0.0006321906586075074
3122 -0.00224895167297764
3123 0.0
3124 0.0
3125 0.0
3126 0.0
3127 0.0
3128 0.0
3129 0.0
3130 0.0
3131 0.0
3132 0.0
3133 0.0
3134 0.0
3135 0.0
3136 0.0011201855407634
3137 0.0
3138 0.0
3139 0.0
3140 0.0
3141 0.0
3142 0.0
3143 0.0
3144 0.0
3145 0.0
3146 0.0
3147 0.0
3148 0.0
3149 0.0
3150 0.0
3151 0.0
3152 0.0
3153 0.0
3154 0.0
3155 0.0
3156 0.0
3157 0.0
3158 0.0
3159 0.0
3160 0.0
3161 0.0
3162 0.0
3163 0.0
3164 0.0
3165 0.0
3166 0.0
3167 0.0
3168 0.0
3169 0.001499052364758614
3170 0.0
3171 0.0
3172 0.0
3173 0.0
3174 0.0
3175 0.0
3176 0.0
3177 0.0
3178 0.0
3179 0.0
3180 0.0
3181 0.0
3182 0.0
3183 0.0
3184 0.0
3185 0.0
3186 0.0
3187 0.0
3188 0.0
3189 0.0
3190 0.0
3191 0.0
3192 0.0
3193 0.0
3194 0.0
3195 0.0
3196 0.0
3197 0.0
3198 0.0
3199 0.0
3200 0.0015309356166605635
3201 0.0
3202 0.0
3203 0.0
3204 0.0
3205 0.0
3206 0.0
3207 0.0
3208 0.0
3209 0.0
3210 0.0
3211 0.0
3212 0.0
3213 0.0
3214 0.0
3215 0.0
3216 0.0
3217 0.0
3218 0.0
3219 0.0
3220 0.0
3221 -0.00022392987309490127
3222 0.0
3223 0.0
3224 0.0
3225 0.0
3226 0.0
3227 0.0
3228 0.0
3229 0.0
3230 0.0
3231 -9.552912769245103e-06
3232 0.0
3233 0.0
3234 0.0
3235 0.0
3236 0.0
3237 0.0
3238 -0.0008266724958851152
3239 -0.0013505108852640867
3240 0.0
3241 0.0
3242 0.0
3243 0.0
3244 0.0
3245 0.0
3246 0.0
3247 0.0
3248 0.0
3249 0.0
3250 0.0
3251 0.0
3252 0.0
3253 0.0
3254 0.0
3255 0.0
3256 0.0
3257 0.0
3258 0.0
3259 0.0
3260 0.0
3261 0.0
3262 0.0
3263 0.0
3264 0.0009246217364428793
3265 0.00038831995127167664
3266 0.0
3267 0.0
3268 0.0
3269 0.0
3270 0.0
3271 0.0
3272 0.0
3273 0.0
3274 0.0
3275 0.0
3276 0.0
3277 0.0
3278 0.0
3279 0.0
3280 0.0
3281 0.0
3282 0.0
3283 0.0
3284 0.0
3285 0.0
3286 0.0
3287 -0.00021599895268547778
3288 0.0
3289 0.0
3290 0.0
3291 0.0
3292 0.0
3293 0.0
3294 0.0
3295 0.0
3296 0.0
3297 0.0
3298 0.0
3299 0.0
3300 0.0
3301 0.0
3302 -0.0015629257890098689
3303 0.0
3304 0.0
3305 0.0
3306 0.0
3307 0.0
3308 0.0
3309 0.0
3310 0.0
3311 0.0
3312 0.0
3313 0.0
3314 0.0
3315 0.0
3316 0.0
3317 0.0
3318 0.0
3319 0.0
3320 -0.00032800115795966756
3321 -0.000816166502518719
3322 0.0
3323 0.0
3324 -0.0003977454256377421
3325 0.0
3326 0.0
3327 0.0
3328 0.00037500373838087397
3329 0.0
3330 0.0
3331 0.0
3332 0.0
3333 0.0
3334 0.0
3335 0.0
3336 0.0
3337 0.0
3338 0.0
3339 0.0
3340 0.0
3341 0.0
3342 0.0
3343 0.0
3344 0.0
3345 0.0
3346 -0.00016753611595732393
3347 0.0
3348 0.0
3349 0.0
3350 -0.0016987466910564563
3351 -0.001266258101657213
3352 0.0
3353 0.0
3354 0.0
3355 0.0
3356 0.0
3357 0.0
3358 0.0
3359 0.0
3360 0.0
3361 0.0
3362 0.0
3363 0.0
3364 -0.0003135551908332205
3365 -0.000460753477789865
3366 -0.0012255740267758475
3367 -4.9288997708430914e-05
3368 -0.00029914116955397037
3369 -0.0012917442937712908
3370 -9.12624778933133e-05
3371 0.0
3372 0.0
3373 0.0
3374 0.0
3375 0.0
3376 0.0
3377 0.0
3378 0.0
3379 0.0
3380 0.0
3381 0.0
3382 0.0
3383 0.0
3384 -0.00018363592551600574
3385 -0.0016647097797371946
3386 0.0
3387 0.0
3388 0.0
3389 0.0
3390 0.0
3391 0.0
3392 0.0
3393 0.0
3394 0.0
3395 0.0
3396 0.0
3397 0.0
3398 0.0
3399 0.0
3400 0.0
3401 0.0
3402 0.0
3403 0.0
3404 0.0
3405 0.0
3406 -0.00016115001816333874
3407 0.0
3408 -8.344257393681082e-05
3409 0.0
3410 -0.0006316297141083329
3411 0.0
3412 0.0
3413 0.0
3414 0.0
3415 0.0
3416 0.0
3417 0.0
3418 0.0
3419 0.0
3420 0.0
3421 0.0
3422 0.0
3423 0.0
3424 0.0
3425 0.0
3426 0.0
3427 0.0
3428 0.0
3429 0.0
3430 0.0
3431 0.0
3432 0.0
3433 0.0
3434 0.0
3435 0.0
3436 0.0
3437 0.0
3438 0.0
3439 0.0
3440 0.0
3441 0.0
3442 0.0
3443 0.0
3444 0.0
3445 -0.00011784826330117305
3446 0.0
3447 0.0
3448 -0.0005709970131646334
3449 -0.0006515956830718042
3450 -0.0010973201012825663
3451 0.0
3452 0.0
3453 0.0
3454 0.0
3455 0.0
3456 0.0
3457 0.0
3458 0.0
3459 0.0
3460 0.0
3461 0.0
3462 0.0
3463 0.0
3464 0.0
3465 0.0
3466 0.0
3467 0.0
3468 0.0
3469 0.0
3470 0.0
3471 -0.0006473404606407675
3472 -0.0005341987417363237
3473 0.0
3474 -0.0008823226147348444
3475 -6.4459536161167805e-06
3476 0.0
3477 0.0
3478 0.0
3479 0.0
3480 0.0
3481 0.0
3482 0.0
3483 0.0
3484 0.0
3485 0.0
3486 0.0
3487 0.0
3488 0.0
3489 0.0
3490 0.0
3491 0.0
3492 0.0
3493 0.0
3494 0.0
3495 0.0
3496 0.0
3497 0.0
3498 0.0
3499 0.0
3500 0.0
3501 0.0
3502 0.0
3503 0.0
3504 0.0
3505 0.0
3506 0.0
3507 0.0
3508 0.0
3509 -0.0013531472135418219
3510 0.0
3511 0.0
3512 0.0
3513 0.0
3514 -0.00014670348804357374
3515 0.0
3516 0.0
3517 0.0
3518 0.0
3519 0.0
3520 0.0
3521 0.0
3522 0.0
3523 0.0
3524 0.0
3525 0.0
3526 0.0
3527 0.0
3528 0.0
3529 0.0
3530 0.0
3531 0.0
3532 0.0
3533 0.0
3534 0.0
3535 0.0
3536 -0.0007388086501084674
3537 0.0
3538 0.0
3539 -0.00021314272362055365
3540 0.0
3541 0.0
3542 0.0
3543 0.0
3544 0.0
3545 7.16245746928235e-05
3546 0.0
3547 0.0
3548 0.0
3549 0.0
3550 0.0
3551 0.0
3552 0.0
3553 0.0
3554 0.0
3555 0.0
3556 0.0
3557 0.0
3558 0.0
3559 0.0
3560 0.0
3561 0.0
3562 0.0
3563 0.0
3564 0.0
3565 0.0
3566 0.0
3567 0.0
3568 0.0
3569 0.0
3570 0.0
3571 0.0
3572 0.0
3573 -0.0010823111117196753
3574 0.0
3575 0.0
3576 0.0
3577 0.0
3578 -0.0004457215636566149
3579 0.0
3580 0.0
3581 0.0
3582 0.0
3583 0.0
3584 0.0
3585 0.0
3586 0.0
3587 0.0
3588 0.0005450617659946449
3589 0.0
3590 0.0
3591 0.0
3592 0.0
3593 0.0
3594 0.0
3595 0.0
3596 0.0
3597 0.0
3598 0.0
3599 0.0
3600 -0.00013048291339678167
3601 0.0
3602 -7.358626905868971e-05
3603 0.0
3604 0.0
3605 0.0
3606 0.0
3607 0.0
3608 0.0
3609 0.0
3610 0.0
3611 0.0
3612 0.0
3613 0.0
3614 0.0
3615 0.0
3616 0.0
3617 0.0
3618 0.0
3619 0.0
3620 0.0
3621 0.0
3622 0.0
3623 0.0
3624 0.0
3625 0.0
3626 0.0
3627 0.0
3628 0.0
3629 0.0
3630 0.0
3631 0.0
3632 0.0
3633 0.0
3634 0.0
3635 -0.0006941418879863851
3636 -0.0019806795073303665
3637 -0.0016239594135033328
3638 0.0
3639 0.0
3640 -1.74745902308811e-05
3641 -0.00010811565429615131
3642 0.0
3643 0.0
3644 0.0
3645 0.0
3646 0.0
3647 0.0
3648 0.0
3649 0.0
3650 0.0
3651 0.0
3652 0.0
3653 0.0
3654 0.0
3655 0.0
3656 0.0
3657 0.0
3658 0.0
3659 0.0
3660 0.0
3661 0.0
3662 0.0
3663 0.0
3664 0.0
3665 -0.0011779836012096245
3666 -0.0012257214921109676
3667 0.0
3668 0.0
3669 0.0
3670 0.0
3671 0.0
3672 0.0
3673 0.0
3674 0.0
3675 0.0
3676 0.0
3677 0.0
3678 0.0
3679 0.0
3680 0.0
3681 0.0
3682 0.0
3683 0.0
3684 0.0
3685 0.0
3686 0.0
3687 0.0
3688 0.0
3689 0.0
3690 0.0
3691 0.0
3692 0.0
3693 0.0
3694 0.0
3695 0.0
3696 0.0
3697 0.0
3698 0.0
3699 -0.0006876062192659296
3700 -0.0017053356947403845
3701 -9.383849027282141e-05
3702 -0.000421798599453055
3703 -0.0008950271597385677
3704 0.0
3705 0.0
3706 0.0
3707 0.0
3708 0.0
3709 0.0
3710 0.0
3711 0.0
3712 0.0
3713 0.0
3714 0.0
3715 0.0
3716 0.0015838300836384697
3717 0.0010733028383392964
3718 0.0
3719 0.0
3720 0.0
3721 0.0
3722 0.0
3723 0.0
3724 0.0
3725 0.0
3726 0.0
3727 0.0
3728 0.0
3729 -1.755374261234622e-05
3730 0.0
3731 0.0
3732 0.0
3733 0.0
3734 0.0
3735 0.0
3736 0.0
3737 0.0
3738 0.0
3739 0.0
3740 0.0
3741 0.0
3742 0.0
3743 0.0
3744 0.0
3745 0.0
3746 0.0
3747 0.0
3748 0.0
3749 0.0
3750 0.0
3751 0.0
3752 0.0
3753 0.0
3754 0.0
3755 0.0
3756 0.0
3757 0.0
3758 0.0
3759 0.0
3760 0.0
3761 0.0
3762 0.0
3763 0.0
3764 -3.499888130719411e-05
3765 -0.002134404716690943
3766 -0.0012082232652417012
3767 -0.0012748386887437033
3768 -0.0007124334009395288
3769 0.0
3770 0.0
3771 0.0
3772 0.0
3773 0.0
3774 0.0
3775 0.0
3776 0.0
3777 0.0
3778 0.0
3779 6.298434339550796e-05
3780 0.003028608530589418
3781 0.00377535557739636
3782 0.0018104238151028852
3783 0.001906783832036716
3784 0.0
3785 0.0
3786 0.0
3787 0.0
3788 0.0
3789 0.0
3790 -0.0003137695227097323
3791 0.0
3792 0.0
3793 0.0
3794 0.0
3795 0.0
3796 -0.001436953060256857
3797 0.0
3798 0.0
3799 0.0
3800 0.0
3801 0.0
3802 0.0
3803 0.0
3804 0.0
3805 -0.0002705692435506579
3806 0.0
3807 0.0
3808 0.0
3809 -0.0011147063842065087
3810 -0.0003860039395990624
3811 0.0
3812 0.0
3813 0.0
3814 0.0
3815 0.0
3816 0.0
3817 0.0
3818 0.0
3819 0.0
3820 0.0
3821 0.0
3822 0.0
3823 0.0
3824 0.0
3825 0.0
3826 0.0
3827 0.0
3828 0.0
3829 -0.00022130736553739748
3830 -0.0011899319322569819
3831 -9.702615220664543e-05
3832 0.0
3833 0.0
3834 -0.0002536665730238273
3835 0.0
3836 -0.00017609433632271603
3837 -0.0008869730308584973
3838 0.0
3839 0.0
3840 0.0
3841 0.0
3842 0.0
3843 0.0
3844 0.0011461214996448589
3845 0.003733488685337293
3846 0.0041555223816558415
3847 0.003366098931465502
3848 0.0025834020244912413
3849 0.0010107469257783271
3850 0.00030851423710861396
3851 0.0
3852 0.0
3853 0.0
3854 0.0
3855 0.0
3856 0.0
3857 0.0
3858 0.0
3859 -0.0016650679731105473
3860 -0.0005605079282827844
3861 0.0
3862 0.0
3863 0.0
3864 0.0
3865 0.0
3866 0.0
3867 0.0
3868 0.0
3869 0.0
3870 0.0
3871 0.0
3872 0.0
3873 0.0
3874 0.0
3875 0.0
3876 0.0
3877 0.0
3878 0.0
3879 0.0
3880 0.0
3881 0.0
3882 0.0
3883 0.0
3884 0.0
3885 0.0
3886 0.0
3887 0.0
3888 0.00012342591777575004
3889 0.0
3890 0.0
3891 0.0
3892 0.0
3893 0.0
3894 0.0
3895 0.0
3896 0.0
3897 0.0
3898 -0.002158805747350699
3899 -0.0016642477430670012
3900 0.0
3901 0.0
3902 -0.0013872404945061173
3903 0.0
3904 -0.0017355254163541353
3905 -0.001033325937733483
3906 0.0
3907 0.0
3908 0.0
3909 0.0
3910 0.0009413641350390389
3911 0.002257640169346182
3912 0.004158075614531709
3913 0.0034927760987266076
3914 0.0010619119830222032
3915 0.0
3916 0.0
3917 0.0
3918 0.0
3919 0.0
3920 0.0
3921 0.0
3922 0.0
3923 -0.0008185028941721958
3924 0.0
3925 0.0
3926 0.0
3927 0.0
3928 0.0
3929 0.0
3930 0.0001540695545491177
3931 0.0
3932 0.0
3933 0.0
3934 0.0
3935 0.0
3936 0.0
3937 0.0
3938 0.0
3939 0.0
3940 0.0
3941 0.0010363664586082104
3942 0.0
3943 0.0
3944 0.0
3945 0.0
3946 4.855910705631268e-05
3947 0.0
3948 0.0
3949 0.0
3950 0.0
3951 0.0
3952 0.0
3953 0.0
3954 0.0
3955 0.0
3956 0.0
3957 0.0
3958 0.0
3959 0.0
3960 0.0
3961 -0.0005000397216756046
3962 0.0
3963 0.0
3964 0.0
3965 0.0
3966 -0.0001211701314595199
3967 -0.001316430561156761
3968 -0.0020636927875549394
3969 -0.0025787653245080188
3970 -0.0013449012360994322
3971 0.0
3972 0.0
3973 0.0
3974 0.0
3975 0.0
3976 0.0
3977 0.0
3978 0.0
3979 0.0
3980 0.0
3981 0.0
3982 0.0
3983 0.0
3984 0.0
3985 0.0
3986 -0.0001615622715864863
3987 -0.00040133613027631493
3988 0.0
3989 0.0
3990 0.0
3991 0.0
3992 0.0
3993 0.0
3994 0.0
3995 0.0
3996 0.0
3997 0.00035129995980105245
3998 0.0020410936249121046
3999 0.0020129230570527577
4000 0.00028502167701471566
4001 0.0
4002 0.0
4003 0.0
4004 0.0010000217964643576
4005 0.0007618677935348032
4006 0.0003360508913934948
4007 0.0
4008 1.4106569767066357e-05
4009 0.00023315844296709252
4010 0.0006657030194862158
4011 0.0
4012 0.0
4013 0.0
4014 0.0
4015 0.0
4016 0.0
4017 0.0
4018 0.0
4019 0.0
4020 0.0
4021 0.0
4022 0.0
4023 0.0
4024 0.0
4025 0.0
4026 0.0
4027 0.0
4028 0.0
4029 -0.0009131654344688892
4030 -0.0017890623186062424
4031 -0.002371222122759395
4032 -0.002536113945113898
4033 -0.002753979574818317
4034 -0.0025361785376469027
4035 -0.0017868004168921361
4036 -0.0005590156271801988
4037 -0.0008922270569047888
4038 -0.0011384110735622299
4039 -0.000549107098965925
4040 -0.0004653116193150777
4041 -0.0005722757667655415
4042 0.0
4043 0.0
4044 0.0
4045 0.0
4046 0.0
4047 0.0
4048 0.0
4049 0.0
4050 0.0
4051 0.0
4052 0.0
4053 0.0
4054 0.0
4055 0.0
4056 0.0
4057 0.0
4058 0.0
4059 0.0007521533647216603
4060 0.0
4061 0.0
4062 0.0011758783263597975
4063 0.0012791698764488988
4064 0.00047335797915662887
4065 0.0
4066 0.0002446754276549188
4067 0.00022002288181712618
4068 0.00041699762000332766
4069 0.001190267920652538
4070 0.0012513292801667171
4071 0.0014377634922963906
4072 0.0003752451622909625
4073 0.0009315913898927192
4074 0.00031052791222995645
4075 0.0013755850803446488
4076 0.0
4077 0.0
4078 0.0
4079 0.0
4080 0.0
4081 0.0
4082 0.0
4083 0.0
4084 0.0
4085 0.0
4086 0.0
4087 0.0
4088 0.0
4089 0.0
4090 0.0
4091 0.0
4092 0.0
4093 0.0
4094 0.0
4095 0.0
