 0
0 2.158525706875368
1 1.1484776740478595
2 1.0373468684972413
3 1.2038218695508347
4 1.4103919292603049
5 0.3890714623061837
6 0.7402596723845252
7 0.45775953577022965
8 0.6387278203668281
9 1.0307017434101071
10 0.6324633399199492
11 0.7776298788384869
12 0.621456553779847
13 0.672869523367178
14 0.4073464262594993
15 0.3992562154513571
16 0.31092214461802353
17 0.09566075394967244
18 0.021898259230428558
19 0.0694921995542392
20 0.14814283354048405
21 0.09607117888865634
22 0.1643469532878602
23 0.5998798768480003
24 0.879230249003964
25 0.6689701682924186
26 0.5144419037122052
27 0.15830637275243245
28 0.5504088624171161
29 0.6552666014976586
30 0.666228691280417
31 0.9744969132840849
32 1.3971202607849986
33 2.468373512152598
34 2.0842440192583243
35 1.0286500030860737
36 1.3453453394806665
37 2.5253223612766202
38 3.0875594839396103
39 2.2706522443233386
40 1.4502386811230004
41 1.0362732009941285
42 0.8358221551753483
43 0.42991668797095983
44 0.4618882095842875
45 0.45710830503159083
46 0.8217092699723109
47 1.1647955382203932
48 0.7543744535132842
49 0.20813823551092336
50 0.32105211223680125
51 0.21382346673713926
52 0.14367353403632255
53 0.19245742233400132
54 0.26732921149322353
55 0.01715295195390643
56 0.16544545092652374
57 0.3986447115931363
58 0.32158022170705874
59 0.4788916809234961
60 0.40498891685734123
61 0.7073262686272694
62 0.5767399308086176
63 0.6110200658542673
64 1.1596615998695181
65 0.7289420529685753
66 0.9142280383455678
67 0.8768196773922101
68 0.4152158477677919
69 0.036858767095234786
70 0.2139013075500396
71 0.21779182493037785
72 0.28282644595242046
73 0.2089242658077536
74 5.137805966920837e-08
75 0.02772839327153898
76 0.17930667187594554
77 0.572489388602046
78 0.9178919198450268
79 1.0392426407772417
80 0.49177102115394294
81 0.2870527431528007
82 0.30344933105994426
83 0.22455085853633644
84 0.18117520694407907
85 0.007137777148701284
86 0.4149568405844889
87 0.6981462092363484
88 0.7232066694745867
89 0.6802568114404658
90 0.9367375057522476
91 0.8975591902915664
92 1.269176989908045
93 1.613917888656124
94 1.6781878728292872
95 1.8473378143344736
96 2.885050191724185
97 3.8662305114206528
98 3.569917304006223
99 2.636885678326865
100 2.894940907100425
101 3.801833292856665
102 3.477837040781153
103 2.6526748000871407
104 0.9141042087848528
105 0.4255003203651106
106 0.28241131280636056
107 0.13220027686629135
108 0.1070064733151107
109 0.03462086135057754
110 0.15460965525494477
111 0.21057967170926412
112 0.26774143073010703
113 0.03199464024577397
114 0.12931426027097154
115 0.28778540206046777
116 0.19845376593357725
117 0.21658462199374034
118 0.262522526123617
119 0.1509272850286311
120 0.3624288438156704
121 0.7044463311078011
122 0.3614747607638916
123 0.5220151677591157
124 0.2870124938118881
125 0.3466814774778155
126 0.1454070556745813
127 0.2867043203872996
128 1.0050687030859689
129 0.7476565230237164
130 1.0069097857234701
131 0.7322072983110239
132 0.4281985896877282
133 0.012483185493419792
134 0.07826721048893152
135 0.06155416369830203
136 0.1498714108841104
137 0.308629199680661
138 0.03580564790463288
139 0.08224447790298231
140 0.08073071082274687
141 0.33051344633319957
142 0.43908052930190433
143 0.7999853879143812
144 0.5484227815832146
145 0.45660623570485476
146 0.624094706575129
147 0.38522729152935126
148 0.14488763622499595
149 0.004286221080521878
150 0.09980435178000338
151 0.9106445864930904
152 1.1175916576168583
153 1.027081688299346
154 0.9989295834546928
155 1.0353860175100225
156 1.893236095192617
157 2.034705789256207
158 2.9796414679676047
159 3.5224020920750583
160 5.504676683306627
161 6.12493016549966
162 4.8856707331019855
163 4.49885121796612
164 4.066070346256969
165 3.2623737360691765
166 3.137727900100815
167 2.6719227432252213
168 0.7320208460795593
169 0.3808565029200773
170 0.24148939870933586
171 0.13849419375712352
172 0.0011199560190858903
173 0.012067014242462728
174 0.015713595902723893
175 0.011600071325629051
176 0.015384999439764504
177 0.10075728026087337
178 0.01607942818282095
179 0.14961113139845522
180 0.11121030192964348
181 0.033194709170025934
182 0.024916437654546472
183 0.0640258361128082
184 0.2191983442232048
185 0.6380376251789802
186 0.28471675552948367
187 0.030908344347613033
188 0.03260203951990811
189 0.19841276196502808
190 0.30604761970859784
191 0.2654823436591634
192 1.1455484244418677
193 0.27238865479702234
194 0.5266536690204662
195 0.09790011133697153
196 0.040897420697689243
197 0.28005179115512113
198 0.4298810460708047
199 0.3393417338345011
200 0.3537392666095461
201 0.7158377583588655
202 0.4039692330542709
203 1.274424075296381
204 1.6974950329097385
205 2.1947767521418746
206 1.71119494175594
207 1.4724115756458964
208 0.956735266589843
209 1.0157602015307483
210 0.646095536755448
211 0.10831967481718983
212 0.054743910926884395
213 0.02376500127033264
214 0.3256191605947389
215 0.7744616042376606
216 1.0070728245992078
217 1.250021575679838
218 1.2401735033046684
219 0.937051504375236
220 2.2139284497673586
221 3.3408657452989123
222 4.0464040626465545
223 4.844177550569127
224 5.375492865015379
225 2.6216824001961685
226 2.0396052272044285
227 2.183011931865211
228 1.3640635645426442
229 1.9916601772910465
230 2.9200278790425522
231 2.8517873668261533
232 1.4111441698782674
233 0.592604038346428
234 0.9481168200370726
235 0.9367057941262131
236 0.25178977862978025
237 0.07456028993884127
238 0.01268182344137611
239 0.0031983110722483303
240 0.04295652925113855
241 0.4344479426820284
242 0.3774198166954482
243 0.13946499692000125
244 0.0878645034006192
245 0.2160656503503688
246 0.04551343732993773
247 0.00010287340012768846
248 0.18284145441787664
249 0.19647182573882066
250 0.03605052476753584
251 0.013054587197174953
252 0.06813979507692797
253 0.22771615422180846
254 0.7665487827561968
255 0.9978045162430884
256 0.9502176661672372
257 0.0532674992899178
258 0.027865263383994688
259 0.22222390316511106
260 0.19954540735655898
261 1.2666688261200858
262 1.7597389368421816
263 1.6863737895714423
264 2.371207799453646
265 2.7644226498010545
266 1.9714979736776523
267 3.557032360700319
268 3.9836431038563
269 4.547030652826684
270 3.7928023302953213
271 2.5529057431894984
272 1.4489497248592602
273 1.0231759916148058
274 0.8762791927415479
275 0.5133899656934126
276 0.07031434752038639
277 0.08231880855806603
278 0.4080610975943933
279 0.35060355284231687
280 0.3847243915475568
281 1.2881020664154101
282 1.529119507809597
283 1.6977357209552957
284 2.8595295957987914
285 3.3689451759490163
286 3.011907468956074
287 3.66055261987862
288 3.3210024173036774
289 1.5045617982540878
290 0.8582138450905394
291 1.1097121402441532
292 1.4379850855130372
293 2.607720386499916
294 3.516968133339214
295 3.638587809571889
296 3.381385403634363
297 2.322261444374174
298 1.8722408011016358
299 2.156752136769553
300 0.6663686470263432
301 0.7004888751997794
302 0.102002315752185
303 0.026106465648544217
304 0.0568540719345838
305 0.27227980397244395
306 0.28017223786758183
307 0.1904902242626584
308 0.24658209826797017
309 0.6301651096274578
310 0.06145941732105106
311 8.252609213923623e-05
312 0.3159725367050084
313 0.32844952815926615
314 0.1506469375051492
315 0.65350451793745
316 1.0273546088835266
317 0.8175010391042006
318 1.137562897775346
319 0.9151483040957347
320 1.15834299074204
321 0.6128489279216968
322 0.11854940673734932
323 0.7498412121648061
324 0.8819241767225293
325 2.656307089502379
326 3.3400957208065987
327 4.7259684760001655
328 4.7720842576213744
329 6.96856952662113
330 6.6254623724501025
331 7.285903192725854
332 5.56326030741597
333 7.888208009540282
334 7.160314976213127
335 5.455090882059252
336 3.347737789759692
337 1.6332532190547233
338 0.9320076836512156
339 1.8373480728227976
340 1.6108414539177538
341 0.21534032204649353
342 0.00013865020695858008
343 0.07815663918317545
344 0.1256509982953467
345 0.2908038639833858
346 0.22879671949397906
347 1.3452061255572199
348 2.313967414616522
349 1.8760264255842551
350 0.7695605665823294
351 0.6041115507677992
352 0.46348543667525544
353 0.6533627358073189
354 0.5808322169451999
355 0.8834870047448921
356 1.1383888709048926
357 1.8854639329064105
358 3.2778310410059475
359 4.192550420618894
360 5.982532907560978
361 3.4815896512577043
362 2.10999638032058
363 1.5946315837497238
364 1.392195128761563
365 1.4586530349608549
366 0.8028818295159433
367 0.4829949642132681
368 0.25417974401142
369 0.02741758245294112
370 0.006936269123734893
371 0.11132627810364416
372 0.1874152850026629
373 0.4422813100541567
374 0.00013825534491518148
375 0.18146903072843432
376 0.2396745563858659
377 0.38914914563952613
378 0.7957161633658401
379 0.8795416601774666
380 1.1573061988228812
381 1.2650258739958669
382 1.5618086267895646
383 1.3336403134720656
384 0.9190795074603031
385 0.8452048336443021
386 0.061618902191292256
387 0.14371951155307078
388 0.8665583077187481
389 2.061240396194511
390 4.95136253504607
391 6.110618634144796
392 7.164896209557982
393 9.094214281802646
394 9.812872768772179
395 8.597181332927283
396 6.054716474023117
397 8.765188904957883
398 7.832386999418603
399 4.507199575522261
400 2.212901123050828
401 1.8747754247478772
402 1.8037363064459664
403 2.1444724544558604
404 0.9901104333188504
405 0.603554106409464
406 0.17536096779716345
407 0.03989938492325415
408 0.0035554879534151888
409 0.004988293083398354
410 0.09411182392830256
411 0.7268791574098759
412 1.3078614470732783
413 0.5458247967377265
414 0.06584666283466915
415 0.02753396180155501
416 0.1583486213139394
417 0.025582796243905165
418 0.04941756724898511
419 0.10901816182199264
420 0.3358824206268598
421 0.38443118952578814
422 0.7155311602764908
423 1.2307938230181539
424 1.8520511314647263
425 1.2898538990539432
426 1.0075930363537122
427 0.38258743069021445
428 0.29066867377863026
429 0.6199275414160201
430 0.6291504316734096
431 1.0767840186439197
432 0.705155034281625
433 0.22437584153337323
434 5.137957921197771e-08
435 0.04447169355312738
436 0.16293159211255387
437 0.05675770542066686
438 0.0003743709047080823
439 0.0037608323518541187
440 0.03792756161520559
441 0.01985948965333567
442 0.3192606550232414
443 0.46754949400018736
444 0.5988218380619248
445 0.6688392156908751
446 0.6220301745128148
447 0.8248873664632254
448 0.6447872713705421
449 0.5683136964890471
450 0.6398986699815102
451 0.09812144638899861
452 0.5188337946346198
453 2.272533576859913
454 2.9946891317999027
455 5.523538154221888
456 7.7274429529681266
457 8.66378814443112
458 8.907336674508814
459 8.428219147383157
460 7.257450391324709
461 6.942603066930617
462 5.668003006365432
463 4.3469338471167465
464 4.513465305199546
465 4.185133726512117
466 2.2890989453773822
467 1.1048370254153033
468 0.04899951442765234
469 0.032552998568698914
470 0.0005923904139348098
471 0.0319803316337235
472 0.0002628355680476022
473 0.0065659630195642514
474 0.0892215611752779
475 0.4552542508491908
476 0.20507774329308343
477 0.09519264585066226
478 0.13353309344923012
479 0.3415705979484039
480 0.4979776277577403
481 0.433676588536192
482 0.3506797083245952
483 0.08206284980408812
484 0.004136485033821076
485 0.08066488889098948
486 0.09955564799693584
487 0.050667681378530144
488 0.007963360414247528
489 0.01968399450577819
490 0.00014303471788075227
491 0.05710693656847266
492 0.105788687295755
493 0.008493656565398638
494 0.4764776044985925
495 1.245741785681736
496 1.517034101471128
497 0.3912010283351374
498 0.04759147157190036
499 0.018615790915269693
500 0.2654072514972065
501 0.009860163097724363
502 0.011117086250482596
503 0.023897518982657094
504 0.11732559763369829
505 0.0006199155330330725
506 0.0009178391395016498
507 0.07605183725069282
508 0.48406947026561564
509 0.5602026111791881
510 0.26656326899232874
511 0.39073903088226847
512 0.2749208076842258
513 0.33059361764670536
514 0.5857707799091624
515 0.6995556231980735
516 0.18466782410523608
517 1.566428135248116
518 1.7767208076388732
519 4.082125145580386
520 6.00230935916138
521 6.150713828146297
522 5.394684965756589
523 6.60800883764941
524 6.404576386902284
525 4.604178619896756
526 4.543363227516012
527 5.347696557460455
528 5.100317086262943
529 4.9876589123372375
530 3.2333294956033383
531 0.9578237057176372
532 0.11410557134740737
533 0.00925413118158464
534 0.004855128575822302
535 9.171002267925964e-05
536 0.010036802088235177
537 0.05536925407025209
538 0.02052755293706385
539 0.002931333614024426
540 0.052303239637749466
541 0.0016170517748097756
542 0.44586551874658464
543 0.6792965710507279
544 0.9436728452939738
545 1.228352983715272
546 0.7611779427778527
547 0.32464982160278333
548 0.01113768301693093
549 0.003994867773475575
550 0.10873221280235859
551 0.2695624558896172
552 0.02918145505594782
553 0.1979335006649759
554 0.1857675961942252
555 0.7384326455870368
556 1.2262860328086713
557 0.33734269126718824
558 0.00042477620676455966
559 0.4294830441806794
560 0.6901417059878542
561 0.09452136299963791
562 0.04281277114157868
563 0.05335972247581818
564 0.0738057508890118
565 0.005273796144851296
566 8.917599749357052e-05
567 0.15968078530123916
568 0.3690980305131812
569 0.12459388007701484
570 0.10461051439547009
571 0.0006185384742052786
572 0.3236492443615278
573 0.33715868789174
574 0.2498565768972945
575 0.13921062480860977
576 0.07753971449210283
577 0.1594719040543562
578 0.36424618704973394
579 0.6239607007735952
580 0.20710516391190353
581 0.0006100009921767963
582 0.40967286200068526
583 0.4107640123803119
584 2.0095712176125655
585 2.2591357626756747
586 2.2065362290198656
587 2.7370630413587507
588 2.645354396272464
589 2.5186163968499966
590 3.3558791647294823
591 4.721806189075569
592 4.792248432671831
593 3.9001169639679905
594 1.3093661852533927
595 0.8532110150092702
596 0.3769645503198417
597 0.2905411411373299
598 0.3259499381404777
599 0.5279262275903505
600 1.02165344544031
601 0.586526112061603
602 0.09208512041496497
603 0.16101332721366285
604 0.19673165506348886
605 0.16382692623215986
606 0.15642766490344437
607 0.48182837885937196
608 1.055571614138708
609 0.8675901193964456
610 1.0743789502987364
611 0.965579191014243
612 0.8525074754321079
613 0.792713545798146
614 0.5433790010339442
615 0.19670672676593154
616 0.36314796161075924
617 0.881867884601947
618 1.134503676238731
619 2.196863990532279
620 1.5835098534398881
621 1.416180755178097
622 0.525130275167132
623 0.0037442538363027028
624 0.003349387038372039
625 0.035478639777195155
626 0.20266904554131068
627 0.08762033147667003
628 0.19844897579740756
629 0.009083721931327136
630 0.1545482458339881
631 0.5167900169714095
632 0.3463882379693651
633 0.18707194715609635
634 0.04009302311259957
635 0.007646696009654496
636 0.20070064275944605
637 0.11479751089257151
638 0.12255181091843513
639 0.06437157096768904
640 0.03218623137056316
641 0.07117656999169188
642 0.11772680717436534
643 0.23808931557115273
644 0.008242216347895705
645 0.03497512925765661
646 0.021666293672095514
647 0.0141752847570756
648 0.06016610617729796
649 0.040251800618011487
650 0.09473660533786415
651 0.35785615803215753
652 0.4285601803473976
653 0.5188690660041206
654 1.153259406448114
655 3.3191353769764396
656 3.317517562212471
657 3.37872085516643
658 1.423933636593823
659 1.0893924812184237
660 0.9555527600228133
661 0.5964514795114838
662 0.6761961608326498
663 0.5680845935222347
664 0.2904159748668342
665 0.12348788448467597
666 0.0016220120925564416
667 0.20706092949026375
668 0.007888609104649155
669 0.015685691952717146
670 0.10336159476687527
671 0.3527176953451521
672 0.9510530919209956
673 1.6222903086614096
674 1.6602904725938987
675 1.8079009313295116
676 1.8496896516707562
677 1.2280062688170783
678 0.7968292751383735
679 0.5415678219975814
680 0.5194296934855073
681 0.42561529854464863
682 0.8112135458225846
683 1.7131244061502364
684 2.336886777092491
685 2.174695771481041
686 1.1142769869478084
687 0.3022025725915515
688 0.2960484820399103
689 0.5310684344765125
690 1.535109044170879
691 1.2670182585646097
692 1.6074813542315343
693 1.0817127953171524
694 0.34331726623489484
695 1.1638803829617705
696 0.3182503363630863
697 0.4729487183493813
698 0.17363392687528073
699 0.017571406348810405
700 0.12285723882518604
701 0.021273053137039113
702 0.11189128897518832
703 0.06386085294140255
704 0.5889231237993293
705 0.4227461524840401
706 0.16608415703416005
707 0.3777016270403872
708 0.011012035305638001
709 0.06423241640063482
710 0.013864052172380828
711 0.07251124168101242
712 0.2975774456143565
713 0.9906410069685666
714 0.39740726897898515
715 0.28566514188955
716 0.11662930316042612
717 0.00035246796223864106
718 0.24393013421490642
719 1.3957174104854309
720 1.7528863513813087
721 1.411136517809358
722 0.5436727149781129
723 0.3837145469159615
724 0.3801409002612795
725 0.3529870160754909
726 1.1550424785328104
727 0.8728487714968656
728 0.6170760122794312
729 0.0765095246243937
730 0.0029617673572471855
731 0.13603125648573186
732 0.0030881048232057674
733 0.004542938029692086
734 0.20855600485738882
735 0.6880628493698928
736 1.091513590193472
737 1.4319498669277253
738 0.6351226524927948
739 1.1387629419176422
740 1.2632482811696295
741 0.400770746783744
742 0.31913463414041243
743 0.5479311742671512
744 1.2328233323575324
745 1.2919375950750824
746 1.545383060282227
747 2.346049801408267
748 2.2634638888585275
749 4.039793929325338
750 4.504542780953784
751 2.7555702453957807
752 2.092064322232541
753 3.2147300507475225
754 3.8602876358755167
755 4.168913807749521
756 2.9619668068218123
757 1.5790193972500206
758 0.9342112403691788
759 1.6456329429795304
760 1.0866127310977922
761 1.9801517721088193
762 1.1394453669664313
763 0.4742069395687571
764 0.19446230018447236
765 0.010086716414997475
766 0.014238344085124123
767 0.0008753590068304376
768 0.891677923527959
769 0.4946372480984549
770 0.19482662227019276
771 0.3530589012163979
772 0.0016685467070845516
773 0.14777099320876386
774 0.09594187562947026
775 0.08073016226919517
776 1.648020617026135
777 2.7614547873565187
778 2.334582717857318
779 1.3851218278987392
780 0.9900692055304144
781 0.38508996796549017
782 0.0010364441061436805
783 0.2528341597875888
784 0.4052898782984302
785 0.5885215490162033
786 0.21413845162786055
787 0.3776652428044944
788 0.7361854274300612
789 2.0126772786514637
790 2.9860245130265737
791 2.279992635371297
792 1.325463112961896
793 0.6910147856438411
794 0.7525187706662628
795 1.2740554610612556
796 0.4500441357778588
797 0.3320333292448053
798 0.9279412909559883
799 0.46469719134327037
800 0.23355177110798947
801 0.5165290088368727
802 0.16881785324062296
803 0.4971729719331721
804 0.37403374439250087
805 0.2728759809960785
806 0.7843958079057077
807 0.7767265145349633
808 1.1350143392806569
809 1.3605981582565576
810 1.786228667319172
811 1.0664213402180227
812 1.1412322641947952
813 3.184026130824232
814 3.9077579060293655
815 3.2422371136663517
816 2.4360658216553923
817 3.143262808352861
818 4.509591158462001
819 4.754573152488421
820 4.072507030028866
821 2.1970181738901613
822 2.339545950637787
823 2.1532974833770404
824 2.1300114264350607
825 2.5250096602003484
826 2.64912812497923
827 1.5521375403979873
828 1.0839190961887946
829 0.48885503403239877
830 0.16503364749995322
831 0.30538340337906666
832 1.004271557085914
833 0.1963789703739314
834 0.013122112551416543
835 0.0005300106836736175
836 0.29814653541013036
837 0.7834066871617873
838 0.8243591344346967
839 1.3434425585739362
840 4.23505661780978
841 5.654272374435371
842 8.022310440287052
843 5.265864569434408
844 2.9233731592899446
845 1.34407742470396
846 0.17417151883051363
847 0.04423943087734737
848 0.07536651493502891
849 0.34904301421454
850 0.28401127735520737
851 0.5200999335622629
852 1.87284415850075
853 2.5782652571423847
854 2.730494157250107
855 1.327076056201536
856 0.7621244139276407
857 0.36652710220988305
858 0.7953927968216866
859 1.2419349878055799
860 0.7057696863824658
861 0.5293217791711905
862 0.6840164781389704
863 0.9483189247993787
864 0.984924990052674
865 1.226229253606974
866 0.6895832077876676
867 0.4174608878987121
868 0.38256123541871206
869 0.9974999159246503
870 2.8513969467224696
871 2.792437991742348
872 1.830940908806895
873 1.3062824211370312
874 1.5573331578859473
875 2.206270098065244
876 2.052429877953572
877 3.5123680504707844
878 4.677334932972245
879 5.745427230997273
880 5.2108469509202955
881 7.668605135224685
882 7.561102075064176
883 6.849130430912737
884 6.6208159249273155
885 4.7243283309105975
886 7.283959740401705
887 4.904632957229342
888 3.506340342449909
889 4.360987906167606
890 4.036713563116156
891 3.2075529025823055
892 2.3306671229251497
893 2.6625719443997435
894 2.3775100831194256
895 1.781938099492962
896 0.3258491305237595
897 0.006392864385307219
898 0.054383119114817226
899 0.24318897094795067
900 0.6774917997457445
901 1.199763972296716
902 2.3971335517890187
903 5.395669658448661
904 6.0025856292153055
905 6.822572206420868
906 11.554613092831818
907 10.712659867785096
908 5.3327045552955745
909 2.9956907470050402
910 1.4011949667802035
911 0.6148336759269719
912 0.04724058164360263
913 0.06286227384971302
914 0.18490433117508356
915 0.8422722489198438
916 1.6763716487775244
917 2.2434010825832993
918 1.9653730188866214
919 0.9201251800996608
920 0.2250018207390766
921 0.2721319952757834
922 0.44103847732643864
923 0.7969677564272784
924 1.3959972537364786
925 0.835037190143113
926 1.086327600459085
927 1.320412526084149
928 1.7834208681517172
929 1.1394227604081357
930 0.6990442677109917
931 1.3663127321211603
932 0.8998742339000766
933 1.5109476371521289
934 5.278020716768891
935 5.716073721063834
936 5.90599308745288
937 4.28047950288132
938 3.0116869432490265
939 4.661596290430817
940 4.806139910647886
941 7.32647807432782
942 8.959118607020683
943 8.826970574876963
944 10.293334979241301
945 13.602066023803408
946 13.15561485688872
947 11.006583867706604
948 9.983335240702171
949 7.210480246731981
950 7.099620182330455
951 5.92155466366887
952 9.208276730127276
953 7.656780758472899
954 6.2685953412142235
955 3.5355324413678764
956 2.454520132541932
957 3.257688534277243
958 3.5810223045131897
959 2.1271157597965193
960 0.29463357538487756
961 0.061553079522638346
962 0.09728254094982702
963 0.4377108010816203
964 0.7464162364489385
965 1.4046935799868887
966 4.405015653906343
967 6.005409581631845
968 5.621686527777171
969 6.7874262632537645
970 8.499625955456494
971 13.475317917434957
972 9.637848590920164
973 5.881343613109704
974 5.018621967818915
975 3.70263354027965
976 1.5106622995712722
977 0.49160767541820316
978 0.0016298825769650094
979 0.25639687759559016
980 0.5950557532920332
981 0.9288425002574764
982 0.4809461381558167
983 0.19380861983047767
984 0.20731417276769074
985 0.27430424866638625
986 0.2758942395571983
987 0.15039292648764396
988 0.30164800763060323
989 0.5243990713209317
990 0.7173781923010392
991 0.46473890186761146
992 0.17441289371833804
993 0.0876335546883703
994 0.007025361186677983
995 0.12948254352845048
996 0.053584097476601034
997 0.845719531112421
998 4.459079730071966
999 6.302910937892451
1000 6.893788776767708
1001 5.440513175323851
1002 4.289796512344455
1003 5.656785242314605
1004 4.416379099997541
1005 7.3087647260138535
1006 7.652336793497414
1007 6.1226260673669755
1008 6.95387932863672
1009 9.825601290569939
1010 9.554303739049274
1011 8.767515838297223
1012 9.444627367365648
1013 8.794669557787646
1014 7.405797892853742
1015 8.851334689476493
1016 12.109751947154647
1017 8.36000366382116
1018 5.045621637443971
1019 2.9681712395433455
1020 2.350080915401616
1021 4.221902780238251
1022 3.9767428365435133
1023 2.2992659115057688
1024 0.032848888306666026
1025 0.0001435328982300682
1026 0.4112379333806558
1027 0.636650161973409
1028 1.9270431868593554
1029 3.0826505083908127
1030 3.685212258365618
1031 4.269259198870635
1032 6.0510897151563405
1033 6.437526378624908
1034 8.225800648581576
1035 11.094762193615232
1036 14.55066865039378
1037 11.762269491375875
1038 9.320941854515862
1039 5.8171983385070245
1040 3.137359318637263
1041 1.8185060472242067
1042 0.5237172631750124
1043 0.004063027899249967
1044 0.137331799448794
1045 0.07287399067388471
1046 0.1919311921138345
1047 0.4090592153699166
1048 0.6049905140564631
1049 1.3091382264287865
1050 1.0382080637137334
1051 1.1822023168509592
1052 1.2828367083713494
1053 0.9420439877498741
1054 0.33486299755770954
1055 4.054776837298881e-05
1056 0.007274210096828842
1057 0.0006853195896380216
1058 0.08201888733982138
1059 0.0891325467753402
1060 0.0019220313523098387
1061 0.38573059466053905
1062 3.410037592795307
1063 5.238049641420995
1064 4.282082262065574
1065 4.130693265283382
1066 5.033074694952344
1067 5.176841760800375
1068 4.319897909887732
1069 7.063706154781793
1070 8.510217735060573
1071 6.22250743626831
1072 7.1024044425381
1073 7.935241526975706
1074 6.510091190677077
1075 7.283942474354659
1076 8.166953794388112
1077 11.02878794579006
1078 9.057325299744797
1079 8.6782277050183
1080 9.648021969038714
1081 7.958067209769733
1082 6.381741431223334
1083 3.817271297265289
1084 2.8054200083013456
1085 3.0702620896956723
1086 2.9192029753677042
1087 2.045184859565925
1088 0.00022849966281143126
1089 0.0009769819648589965
1090 0.418266790821809
1091 0.6837057947498512
1092 2.8388035666541875
1093 5.2797640409447375
1094 5.204331518561815
1095 3.2276903960661487
1096 5.109415004977591
1097 11.10867778654765
1098 10.80064441373866
1099 11.868154882468271
1100 17.79249316189851
1101 19.11568066555032
1102 11.325309013621286
1103 7.953182454006477
1104 5.904194409123452
1105 4.878383289775427
1106 1.9943755582973208
1107 0.4344138557813232
1108 0.08612694708394383
1109 0.06767477903740879
1110 0.05082629252420105
1111 0.00039286741720983426
1112 0.08962464405994239
1113 0.2986770154164864
1114 0.28486553114883817
1115 0.5283476310424325
1116 0.6067318706657022
1117 0.4627418900124502
1118 0.11991783755279876
1119 0.2612836884956459
1120 0.1862188985060195
1121 0.512408706344811
1122 1.8877044332603738
1123 3.8587506795215782
1124 2.67809445657401
1125 0.49925409689460204
1126 0.4298547128526266
1127 2.317398920963423
1128 2.2480061991768436
1129 4.755268662641569
1130 7.852278977675881
1131 7.504014166452083
1132 5.897568576545595
1133 7.196149553862638
1134 8.170651736052525
1135 7.806618570604312
1136 8.13036528501926
1137 10.101366216449081
1138 10.549404657273836
1139 11.127760096857651
1140 11.881433661863067
1141 11.6389039001187
1142 9.062722782520925
1143 8.064407922896532
1144 7.2027644997866185
1145 6.403453098534144
1146 4.887348146497016
1147 3.210307204875218
1148 4.395206774119929
1149 2.9053936167932863
1150 1.8797379530792087
1151 1.5644515948370472
1152 0.05857328846742947
1153 1.235479702447355e-06
1154 0.3547193762131527
1155 1.1454151278548388
1156 2.8115334910431
1157 5.157748009278738
1158 6.695132669883683
1159 6.247345725284314
1160 8.038515954049034
1161 10.56848992048414
1162 12.183743055471588
1163 13.408807777029155
1164 17.695381219150093
1165 21.068086573285452
1166 19.154858205779377
1167 12.573794102404843
1168 11.766521268347946
1169 9.414254180522653
1170 5.930248302531823
1171 2.873862881903538
1172 1.8693352794413685
1173 1.4417179278704475
1174 0.7397218632402968
1175 0.19959013423000782
1176 0.0187664068610689
1177 0.020364376820137652
1178 0.0012103120524329096
1179 0.002024246072914096
1180 0.001534486438205309
1181 0.16104779022814242
1182 0.001326028755790309
1183 0.37803623891330324
1184 1.4955931288753976
1185 2.9765675002128824
1186 6.555824158495537
1187 8.46266351097301
1188 6.239747344055983
1189 4.237841353371884
1190 0.30470510329254413
1191 0.4659341870785935
1192 1.4890969062019135
1193 2.6602000046779697
1194 5.21192586104839
1195 7.353527020199049
1196 6.8555964734421035
1197 5.756585480868436
1198 7.136191124348418
1199 6.381548371842085
1200 7.326245461581
1201 9.838514124055528
1202 11.480457673447741
1203 13.595032991378469
1204 17.564540990770602
1205 16.02738188747817
1206 12.896055709476922
1207 11.475401903488692
1208 7.414568365689776
1209 4.851735877888013
1210 3.1962512016239844
1211 3.0735111097015886
1212 3.157130847136091
1213 1.4764028279098182
1214 1.3583634131664533
1215 0.8197950425106127
1216 0.023500263698220877
1217 0.002064058006743138
1218 0.17797935197058487
1219 1.4346247746181737
1220 4.06791962232239
1221 5.019364842594485
1222 8.072571771305855
1223 10.95408765658855
1224 13.016414808637936
1225 13.783776287051348
1226 14.37813244063048
1227 13.778219064514026
1228 14.82067672890114
1229 17.601497893663336
1230 20.11882470612561
1231 17.701708060419108
1232 12.199875750151092
1233 10.78521210350877
1234 8.621411843588257
1235 5.902102455534675
1236 4.545677904400093
1237 2.1802613197260206
1238 0.6965250644595711
1239 0.12596191821772396
1240 0.0064660492502966235
1241 0.18721807576371616
1242 0.14842830424145986
1243 0.0008761576053624303
1244 0.24644688457678818
1245 0.5806903980256856
1246 0.2882291623516639
1247 0.5835108549982146
1248 4.843772678558336
1249 9.062200700381156
1250 13.472786528792039
1251 12.249975972572315
1252 8.074294616992837
1253 5.390664271029866
1254 2.3470411960519297
1255 0.09540733413731445
1256 0.3899587307437233
1257 2.1115568087441963
1258 3.7930636984355406
1259 8.243664120853207
1260 8.283242966233736
1261 6.255363554229028
1262 8.93935332115803
1263 11.880578183555825
1264 11.075541362195665
1265 15.206464619261178
1266 14.4209183775311
1267 16.851241291727955
1268 18.940312501188444
1269 18.59723284482603
1270 16.33990331523147
1271 15.523405036879385
1272 9.979481831557807
1273 6.414838420442245
1274 5.072220385838897
1275 4.453141417113046
1276 3.5014094763313226
1277 0.8275791108975878
1278 0.4249394983164027
1279 0.17447173799038315
1280 0.0007263108375409036
1281 0.08841224346498198
1282 0.5190040288752393
1283 1.5332462533949582
1284 4.411267627495724
1285 6.00032220857389
1286 9.535967272662052
1287 14.336483624214347
1288 15.669853031583786
1289 13.983182187913801
1290 12.339293201520993
1291 11.169241489769005
1292 12.56831744749955
1293 15.193127005956852
1294 19.755375408310023
1295 18.26276875593836
1296 17.3859860164004
1297 15.789385607890273
1298 13.464913399150127
1299 8.825662985819003
1300 6.958425630971666
1301 4.720736172778951
1302 2.3421276610840054
1303 1.0553554930498477
1304 0.09190440632258756
1305 0.12486893222893387
1306 0.7851621358566673
1307 0.8494025553049624
1308 0.11064821992338322
1309 0.32473100296359136
1310 0.31202335028577033
1311 1.0247276379918515
1312 6.1825652928117725
1313 15.194629992830583
1314 22.26237934453012
1315 17.626686242946374
1316 12.25099771837435
1317 6.446658169344178
1318 3.6570507204744005
1319 0.23385538406402212
1320 0.06473099987858673
1321 2.3394379968224297
1322 3.7302822244504066
1323 7.047807197223433
1324 8.002162650563626
1325 6.8142029275162646
1326 8.959248850499252
1327 11.084996099620906
1328 12.38289800995125
1329 12.457962355402541
1330 12.026009964068566
1331 14.778560908914779
1332 15.398802124367556
1333 18.04131237092571
1334 17.934064473079182
1335 14.69475684064014
1336 9.392010543584044
1337 9.194767161212543
1338 7.952506055121097
1339 7.139085846188258
1340 4.731750531499009
1341 1.7082958780938615
1342 0.2875972424433609
1343 0.24956822369289197
1344 0.0025928480214279528
1345 0.3943562447064222
1346 0.7806895283572649
1347 2.0273616528866274
1348 5.366596264105737
1349 7.19366001253426
1350 11.331820261314933
1351 14.763582473531056
1352 15.47345079500369
1353 14.129563215855105
1354 15.718810883233072
1355 12.250473931242682
1356 14.83376236463784
1357 20.195238104515525
1358 19.590096990068762
1359 20.559722482023705
1360 23.350236085359498
1361 23.72139720542213
1362 16.96709851904031
1363 13.685809814641372
1364 9.937619048034543
1365 7.624858100763884
1366 5.936997508534812
1367 3.708830899352527
1368 0.1934688328045678
1369 0.24987656983873904
1370 0.623339928048847
1371 1.4789827166592862
1372 0.9205104481831436
1373 0.004353357983158298
1374 0.3316192688848491
1375 0.4896984579191994
1376 3.807686997183728
1377 11.75887587509612
1378 21.989671854805408
1379 18.321060777827224
1380 11.971331780467015
1381 8.30326812238787
1382 4.8925644246695095
1383 0.7834435886573887
1384 0.06251942427099626
1385 1.2543570280645242
1386 4.117797279377008
1387 4.093607428856012
1388 6.764034349603406
1389 6.590368439189629
1390 7.892201607713023
1391 9.855250687227828
1392 10.97468535947556
1393 12.370986775139581
1394 10.653401422361569
1395 13.71647297034748
1396 13.255982912657531
1397 15.307579460104906
1398 19.28718643407054
1399 16.270104689222393
1400 6.8403852384858075
1401 7.309995923867657
1402 5.960919624162625
1403 8.674078818090583
1404 5.933921126432484
1405 3.2905389717406033
1406 0.8891143562498214
1407 0.6999707371114249
1408 0.005906497938531061
1409 0.36549014603712315
1410 1.1994548170018289
1411 3.07584281928305
1412 7.443439936935844
1413 9.753018308728343
1414 9.668770648615068
1415 15.044048523496961
1416 15.08949864515113
1417 15.519443457780621
1418 16.655986447100794
1419 15.508951160131737
1420 16.848746901771605
1421 23.60821332212278
1422 22.912959321853762
1423 21.054843520457155
1424 25.892308101376
1425 27.40009493269267
1426 19.81394107187057
1427 15.783155339750202
1428 11.196592971440198
1429 8.023721222724042
1430 5.968492814611648
1431 3.213232061480246
1432 0.5046663058919559
1433 0.010041323586542495
1434 0.11778604745386356
1435 0.324077697842789
1436 0.6021257253594373
1437 0.019833187300867576
1438 0.8465803434376201
1439 1.2708632834237208
1440 3.3936931406771613
1441 8.824852295175608
1442 12.560145462680598
1443 12.600733095963152
1444 8.386810279912686
1445 6.295315157328842
1446 5.02655265738672
1447 1.2644340415313045
1448 0.7153823426626307
1449 0.4045674800044294
1450 3.0617357243411347
1451 3.0183506146211125
1452 4.129130172350074
1453 6.391402873772099
1454 6.284758586849926
1455 6.441548868424315
1456 7.926118506794959
1457 9.368801794754624
1458 10.165687714591034
1459 12.14169167723676
1460 13.28528669240236
1461 14.864011946552365
1462 16.473535953456487
1463 13.583488591157783
1464 8.685583994478401
1465 7.518064219054599
1466 6.320887349337717
1467 5.3343945978287035
1468 5.562590705376607
1469 5.782056381076019
1470 2.0659559868870705
1471 0.8567971121997893
1472 0.3013859355910376
1473 0.7105660332904525
1474 2.7154594439363224
1475 5.127930669797425
1476 9.274650927504059
1477 11.461297604574304
1478 11.184143964586372
1479 16.91008894047385
1480 15.362723166236645
1481 15.898556229102422
1482 16.65103010220383
1483 20.39680760361077
1484 21.194242694560206
1485 24.763510334386666
1486 29.11813035632642
1487 29.805224454279273
1488 27.78566674594127
1489 27.42640076979628
1490 18.464626929671006
1491 16.690459463091205
1492 11.141024627141892
1493 5.89187746214682
1494 2.8612196535021224
1495 1.5226685479032434
1496 0.6871780385473442
1497 0.840757596207078
1498 0.9233664281508946
1499 0.05082063005117011
1500 0.4852603887314049
1501 0.00010070079906141813
1502 0.673268490190374
1503 1.65593394295925
1504 2.5234856045827243
1505 5.071013859960793
1506 7.601546907192008
1507 6.335341254533539
1508 5.871978104882285
1509 5.559590254686647
1510 5.560767463200502
1511 3.224772510000913
1512 1.7097484037432589
1513 0.026568915054678892
1514 1.6451777221165238
1515 2.6213112994477967
1516 4.868985497404952
1517 6.333063149898268
1518 5.650931032475452
1519 7.726924558640978
1520 8.664123490820367
1521 9.344030872970448
1522 11.397070989827537
1523 13.662418827824553
1524 12.998820252429269
1525 11.982383381174047
1526 12.363405208086457
1527 10.270986308635715
1528 8.154654680492913
1529 7.472195654253121
1530 7.252652532571378
1531 7.6505809577187485
1532 6.226337936837129
1533 5.677927388062767
1534 3.2590182813223705
1535 2.488111679047989
1536 1.0703799097546722
1537 1.5108997250042566
1538 3.8254230273983203
1539 6.4477965836853794
1540 10.6869647605815
1541 11.33210686386328
1542 12.275769261236842
1543 16.484075720733866
1544 17.088479932596446
1545 17.186223708213717
1546 16.23629271680307
1547 21.668971735276422
1548 24.358575372293235
1549 29.945570134809127
1550 34.15563253941965
1551 34.15229020957624
1552 29.927036493199118
1553 27.797672498181026
1554 24.016506540893154
1555 17.144686430462897
1556 10.550100637160535
1557 7.055820286530226
1558 4.235256551242792
1559 2.021435771272121
1560 1.374510257933172
1561 0.9362027004039376
1562 1.412981051139031
1563 0.4333302732008145
1564 0.3069958324883084
1565 0.5627891423673383
1566 0.039547078015614155
1567 0.2722170776886669
1568 0.8968302631518155
1569 2.928849521565445
1570 4.131597142152073
1571 3.781976702253839
1572 7.531662271096029
1573 6.920373461974412
1574 4.345603611366818
1575 3.4062421719747507
1576 2.2764049596997835
1577 0.3206639477574908
1578 0.29223978573952686
1579 1.4267665019288678
1580 2.8336177171935173
1581 3.185060365036131
1582 4.996309680969871
1583 7.563170351552812
1584 8.55875597915223
1585 10.304188678423191
1586 12.892132754865495
1587 15.08924545407985
1588 14.164847645320277
1589 14.10020788051767
1590 14.309772582087056
1591 10.106242581883984
1592 8.421453103122245
1593 7.160099127193077
1594 5.478410794501933
1595 6.21180981888659
1596 6.7013312336396975
1597 6.913813171871734
1598 3.8331629208038898
1599 2.6994057041781776
1600 1.4690090546264325
1601 2.5809838729287544
1602 4.622040875605552
1603 6.479434351878962
1604 9.931264263439568
1605 10.885525434898543
1606 13.475615548433561
1607 16.094863139812396
1608 18.04395738320919
1609 21.720977553619463
1610 18.082815423221657
1611 22.56159681654023
1612 28.27013533835022
1613 35.2168614008249
1614 45.71910742426932
1615 42.66983589403676
1616 31.900814711513874
1617 29.81364891563278
1618 28.821610405370578
1619 20.96973824848762
1620 13.267812852552572
1621 8.463563507855742
1622 5.758250029231112
1623 3.4370126815119084
1624 2.778327582963745
1625 1.4996041411097305
1626 0.8865666896320603
1627 0.08738534281017893
1628 0.10677999053577253
1629 0.5156590426085313
1630 7.487172526033705e-06
1631 0.29364477160755215
1632 1.0734380219899489
1633 1.3347052788590863
1634 1.2792861872949965
1635 1.5710199946407868
1636 3.4994268647274507
1637 6.636187067893462
1638 7.169776187173941
1639 4.758392338231537
1640 2.020566423276606
1641 0.3499351845479393
1642 0.015670300158820337
1643 1.1474032930920028
1644 2.491424634328898
1645 3.6445231658578927
1646 8.363711639681835
1647 10.587493507376935
1648 12.859373496703602
1649 15.765876801255489
1650 14.626718005383522
1651 16.744950337536963
1652 16.24676742913389
1653 18.676404977610137
1654 20.046611799175245
1655 13.94698566537865
1656 11.892911242371726
1657 9.027170216665404
1658 4.608214758080236
1659 7.212396263291361
1660 9.554304602524319
1661 7.305054670964024
1662 6.416058238377173
1663 3.645320573763491
1664 1.3478324117903622
1665 2.2731859279326905
1666 4.783921832453344
1667 5.901644387728394
1668 8.22633917396483
1669 11.226354217269451
1670 15.33798727861312
1671 17.187172347491657
1672 16.84074357437354
1673 18.682196255688726
1674 19.80609966216889
1675 23.838004309486962
1676 33.47000530455066
1677 41.14480568797743
1678 52.86916204317615
1679 46.247246689280324
1680 36.765387380218115
1681 34.077765485849184
1682 33.36031464002925
1683 21.288448595460952
1684 15.771705935315897
1685 13.195490441432073
1686 10.32688013373025
1687 7.918296351933057
1688 5.156822903870268
1689 3.5260886568909764
1690 1.3740908386715556
1691 0.4782147226580696
1692 0.06919501023479434
1693 0.0018305623135821615
1694 0.2385990087325393
1695 1.2503232657572767
1696 2.695341028262173
1697 2.5238280673954834
1698 1.26836030684164
1699 1.044786638325374
1700 1.549577360843206
1701 3.444846990023113
1702 4.718889021803284
1703 2.272346022175899
1704 0.6773420889079546
1705 0.22302953942109785
1706 0.002050204437250773
1707 0.6234091114140546
1708 2.352204005807223
1709 6.77963563556255
1710 9.009615032222905
1711 10.238207560297871
1712 13.410951259449348
1713 16.688451236686934
1714 18.24632335865433
1715 21.10375565882022
1716 22.831356059912185
1717 23.68660443903319
1718 23.023807118830938
1719 15.965735472753824
1720 13.261380389809963
1721 9.476847329749923
1722 9.18855334127074
1723 10.043080561827503
1724 11.575920380215186
1725 10.129557533654827
1726 7.732832595350445
1727 5.918649630210934
1728 2.20588938335916
1729 2.0030682288374564
1730 3.0363979515244286
1731 5.576411627428714
1732 7.792624145488128
1733 10.008051753513897
1734 13.00567780494148
1735 15.762816671946961
1736 16.581601949328793
1737 17.893935008846938
1738 19.797086964628736
1739 22.027528369688326
1740 31.007402185935167
1741 41.67520685579908
1742 45.84329207321619
1743 43.57773418109875
1744 38.378342262930786
1745 37.47836030356419
1746 34.57443725660644
1747 22.509810304677725
1748 16.93292219928941
1749 14.985080266159379
1750 12.074181555891446
1751 11.22564991304484
1752 7.09957265444988
1753 3.6095610509967755
1754 2.4985298051985922
1755 2.4377989134742744
1756 1.4001713944831162
1757 0.9868990090832002
1758 1.1919370350269454
1759 1.7917408663121486
1760 2.9969758348301596
1761 2.922021847740687
1762 2.3827957618155473
1763 1.0159525210751033
1764 0.9388558890742446
1765 0.8095978444996015
1766 0.9861963634480805
1767 0.19937355223808712
1768 0.01620031080715835
1769 0.025094493203588034
1770 0.4261907764639998
1771 1.6463293091740627
1772 4.0256266606562505
1773 7.2336737555640065
1774 9.590350374495603
1775 10.69242259884927
1776 12.048050228253762
1777 13.294787319065518
1778 18.946819474136497
1779 22.548558461022623
1780 23.476243374432027
1781 25.78817322481088
1782 21.55071081180934
1783 18.539898782545375
1784 12.227928846581253
1785 7.930690027632481
1786 10.31446946575274
1787 12.532845733448996
1788 16.63179467665397
1789 14.187716957181905
1790 10.085991062076738
1791 6.5699319156205425
1792 3.3124814605228257
1793 3.156419500571167
1794 3.5357955334460245
1795 4.61550996629081
1796 6.159513450818522
1797 8.13068748902264
1798 10.994367260324951
1799 13.596420273452267
1800 15.12137330320458
1801 17.682637171264815
1802 18.34879717280656
1803 20.90949785340068
1804 28.343181487603868
1805 38.02962347129891
1806 38.31714941337176
1807 36.0582098203108
1808 40.816220923998394
1809 39.31683421389963
1810 31.848988394512027
1811 26.137698890964426
1812 20.48544238025713
1813 16.810573176432793
1814 11.476513578971813
1815 8.866623548259428
1816 8.544069548004964
1817 7.205239814206572
1818 4.338244587453549
1819 4.833531867444515
1820 2.9120324085243814
1821 2.895178708084894
1822 2.6228876635859444
1823 2.831511430570655
1824 3.738727013970707
1825 2.1577302327352608
1826 1.6323997978228848
1827 0.39140973499610493
1828 0.13916482985268908
1829 0.00043594285048369517
1830 0.3118069440812742
1831 0.4965097264364358
1832 0.6387864911328872
1833 1.5015944127456078
1834 3.1290940659183044
1835 5.186722291982856
1836 7.373615943638392
1837 8.397282226279922
1838 8.749908350204327
1839 9.578868292330265
1840 13.134211146769967
1841 12.27204112498357
1842 14.994280108492813
1843 17.53335277760102
1844 14.792417876542336
1845 18.372516929208373
1846 20.515416756386287
1847 15.906361698754173
1848 10.953796271986851
1849 11.017196957789269
1850 12.462082799650842
1851 14.075848354479024
1852 19.183991527220517
1853 18.137196694744144
1854 9.332231397944701
1855 5.636622828660683
1856 3.678555355674856
1857 3.9491368203336243
1858 3.9763359447893727
1859 4.014022577575376
1860 6.0766008225922485
1861 7.892164532053804
1862 11.204990612462671
1863 13.082944364062671
1864 17.17372736587142
1865 19.910009519782943
1866 20.70127890448918
1867 23.09634831695154
1868 29.073279006822194
1869 40.83191275200769
1870 42.96409479772803
1871 39.629790198150836
1872 38.64659656296672
1873 34.988801263529965
1874 32.17477960435423
1875 28.932799869155186
1876 25.35064600212816
1877 18.719584929242632
1878 14.400469781534474
1879 12.176939785433555
1880 11.954711787701076
1881 8.956041416387237
1882 8.95697585588225
1883 7.905162134939115
1884 7.743650933046187
1885 6.6810819142725775
1886 4.790470057465242
1887 4.773786482339586
1888 3.681619064485994
1889 1.8104007076335997
1890 0.7898273869420955
1891 0.0029211569419484796
1892 0.22672005250995167
1893 0.8333621647512728
1894 1.254064679707838
1895 1.8033975334914465
1896 2.9058601567795166
1897 5.280840325209768
1898 5.681471050264468
1899 7.803012082545533
1900 11.871712715083454
1901 9.715202268779207
1902 9.368201122032247
1903 12.068217647183848
1904 16.00139206196801
1905 14.548865063500598
1906 13.685718621296765
1907 11.33546956317518
1908 10.815573559245081
1909 14.107965701780847
1910 17.93720663735527
1911 14.216633538316993
1912 10.788009194820194
1913 12.331732180633626
1914 14.65658433743269
1915 17.12353174832628
1916 19.421540764346833
1917 23.556583232153624
1918 12.701023621023548
1919 6.1379603920162555
1920 4.170825852557148
1921 4.242295298142725
1922 5.17801802393174
1923 5.267368548641731
1924 7.138182011093256
1925 8.918354535397112
1926 12.357563411601923
1927 17.412541897293245
1928 20.820918822596994
1929 20.90452092012845
1930 19.938335238770954
1931 24.27460748270764
1932 29.853785041427958
1933 39.76877864852568
1934 43.36567233045334
1935 42.03023395763228
1936 43.388928364958986
1937 44.74908165335216
1938 37.75445554592314
1939 31.65297165572042
1940 29.050276310535875
1941 23.357861874063154
1942 18.28697136066307
1943 16.67287686275113
1944 14.26632754859248
1945 12.013333698326987
1946 12.018010072224882
1947 10.47281569649251
1948 8.743778231980308
1949 8.192438876701667
1950 7.979783463986864
1951 5.935600657533602
1952 3.535362516153041
1953 1.6523718933365128
1954 0.3405169174219474
1955 0.006074591673955597
1956 0.07522618768346932
1957 0.6642641551418531
1958 1.3066482108193445
1959 2.859452652070631
1960 3.920344856092373
1961 5.690711484021577
1962 6.971119200078685
1963 10.577235996437567
1964 12.347481111039285
1965 11.95917575535207
1966 11.21775445395969
1967 14.696038085867503
1968 13.733821636793317
1969 10.95092161802329
1970 9.599134526404658
1971 8.366826871002559
1972 8.533728008115574
1973 13.20393138944794
1974 16.228045116304294
1975 11.708988414836918
1976 9.919128584313235
1977 13.723794722732357
1978 18.696786791530826
1979 20.031006938336876
1980 18.887416893813786
1981 24.81721468101847
1982 15.863224150044353
1983 7.499577105696915
1984 5.136372472570318
1985 4.640983122500313
1986 5.452492957124041
1987 5.9661572731194905
1988 7.488926680293777
1989 9.886551913276858
1990 13.560741567828117
1991 18.79229165103324
1992 23.00934426158388
1993 22.878269384245556
1994 20.298484241938368
1995 24.583297509002268
1996 27.852231584301478
1997 37.60337542214727
1998 45.00176938383924
1999 36.766973462913015
2000 39.024986298690386
2001 41.604004120238294
2002 38.622663898458846
2003 31.103787964089978
2004 25.450063040822027
2005 20.163015334031392
2006 15.394247835059772
2007 14.234733728305812
2008 13.439892328771014
2009 13.936153942191615
2010 13.52005971061413
2011 12.649106881766114
2012 10.085558236653133
2013 8.396066168763955
2014 7.300592250754522
2015 4.841878787837796
2016 2.4592165738724403
2017 1.1351832074079997
2018 0.28078379649578505
2019 0.01564802544078176
2020 0.21298327876373263
2021 0.22021573188738078
2022 0.8339796759093883
2023 2.1288840539833607
2024 3.847450913324192
2025 4.7242179474066175
2026 6.652226917288254
2027 10.284732880779682
2028 12.314104310468647
2029 14.584817515741104
2030 16.023330074009923
2031 14.78594885354594
2032 12.17046634277263
2033 9.577175131205717
2034 8.27010331942651
2035 5.931376655220111
2036 6.923589561802426
2037 11.09454825407536
2038 12.47940470733977
2039 8.405151951725376
2040 11.299117718018728
2041 13.566156144708936
2042 16.515580561844402
2043 12.703672372593115
2044 16.597430203205807
2045 23.18043479592484
2046 18.52222929308225
2047 8.513940241325834
2048 3.3215760356081394
2049 3.200734038328403
2050 5.6600702749790885
2051 6.489999105320868
2052 8.004522293571101
2053 11.737163134210139
2054 16.466294984849018
2055 20.001435118828244
2056 21.22831868476836
2057 19.883575408915267
2058 17.831134072250716
2059 20.283189039179568
2060 24.66933859806622
2061 38.604714037014276
2062 41.62652114389607
2063 31.591036972775267
2064 36.608976030162
2065 37.76564489416656
2066 34.28428983006525
2067 26.860361246924363
2068 24.601804494894186
2069 19.56881947504715
2070 17.724691453456035
2071 15.02189338626678
2072 15.16894915946355
2073 19.949697838434904
2074 17.464895636251214
2075 14.908316328013983
2076 9.755838375885647
2077 8.71273618402101
2078 7.230559883824929
2079 3.996579652878106
2080 2.764736791877877
2081 1.4383101900718265
2082 0.338272884967723
2083 0.00450376512395841
2084 0.10745477764173463
2085 0.17402642769484353
2086 0.23856546793080782
2087 0.7307481370632651
2088 2.218029440777074
2089 3.522780217455091
2090 5.473427443759299
2091 7.596724667312852
2092 10.920602572580107
2093 16.730195450943388
2094 20.008949444822395
2095 17.031822725405203
2096 13.92225451363734
2097 10.246388392496018
2098 7.977821789171704
2099 6.990400320670489
2100 5.419399314680243
2101 6.741126798257025
2102 10.841938019280816
2103 12.079183788480254
2104 10.736009043018864
2105 9.826434405665886
2106 10.309083923017766
2107 10.821936092397287
2108 13.03099483125204
2109 21.161528248511818
2110 20.642593407695813
2111 10.261064724226392
2112 4.033859439383739
2113 2.87523628378644
2114 4.0762685424854626
2115 5.526337852970017
2116 8.624534510358702
2117 12.40869463476695
2118 15.883731021492617
2119 19.411073779473163
2120 19.420434486491704
2121 18.630341230128533
2122 17.177067869641245
2123 20.296370963202204
2124 25.24297694383778
2125 37.477947794706125
2126 39.67834418802343
2127 33.09351658042991
2128 38.02120321741771
2129 42.24595141756412
2130 38.154970004311885
2131 31.45872138797154
2132 26.402316253814824
2133 23.54517097803523
2134 24.72284446900783
2135 23.774564714113787
2136 19.95366884586404
2137 18.990454445731245
2138 16.902145544559644
2139 12.310514628965906
2140 10.417126305491955
2141 9.169095425342126
2142 7.803899275995678
2143 6.009492099811015
2144 4.20469950657564
2145 3.0249076209553145
2146 0.9860425518874453
2147 0.11460940707167858
2148 0.04414331523251211
2149 0.009205932169220997
2150 0.029099493479232626
2151 0.3046068499099728
2152 1.2451635894417805
2153 1.9556225601436796
2154 3.89979779132674
2155 5.615256443214114
2156 8.695682198136977
2157 14.176234101887905
2158 16.122892032056107
2159 16.18950905824628
2160 15.429904865015565
2161 11.05951385125179
2162 8.484125328289569
2163 7.445390307060585
2164 4.873416398651338
2165 4.909972123844871
2166 10.374698668800297
2167 12.214814710904161
2168 12.834371197940863
2169 8.095814906888336
2170 9.346085574265343
2171 8.037734273531438
2172 11.285426311092198
2173 18.885717931203924
2174 16.048775257214434
2175 9.656810191061767
2176 3.7363235480879142
2177 2.249017211131137
2178 3.1233242942166797
2179 4.605155617610659
2180 8.172131187674813
2181 11.695012899497698
2182 16.481305014902027
2183 21.014555406721087
2184 19.2638124543093
2185 19.817436041147083
2186 19.894800475783363
2187 24.246842942080782
2188 27.84074023045048
2189 41.59817477383776
2190 41.45173831927993
2191 36.10860082164542
2192 39.05152865869506
2193 42.511755290575884
2194 40.66171714840883
2195 33.320664568241625
2196 27.065496423277985
2197 22.000342491464135
2198 21.449304453743807
2199 24.06296521333385
2200 20.17875220340915
2201 16.189728381148033
2202 12.877566688487157
2203 12.197903579335657
2204 12.061399687462494
2205 10.279839930937413
2206 8.428952347860827
2207 6.670076945354273
2208 4.7234954664180355
2209 4.686820719623276
2210 3.619182111237798
2211 1.1593209004810756
2212 0.28336133070552844
2213 0.048039529735215115
2214 0.002052045908044079
2215 0.4745667969973049
2216 1.387688015482812
2217 2.4233112441505034
2218 4.077533140245028
2219 6.641193509535939
2220 8.941291751210896
2221 12.912592713791039
2222 13.769804039356298
2223 12.698435089930605
2224 13.649628865356712
2225 12.14844870238488
2226 8.099712225714889
2227 9.336781440347085
2228 7.1856415596151
2229 8.966782989814948
2230 10.1858893474935
2231 11.256887404237396
2232 11.745706425272338
2233 6.859683568638983
2234 7.568096494704179
2235 6.5649235968681126
2236 12.738047936139138
2237 18.237762442124858
2238 9.073697467411309
2239 6.649113752247293
2240 2.0380341121484
2241 2.7403916624358535
2242 3.217040782739812
2243 4.230993556361981
2244 7.80765580077421
2245 10.980889468412013
2246 15.771226854533836
2247 19.269353087065195
2248 19.65609915959571
2249 19.422761115626326
2250 18.190657842111957
2251 23.68546195471827
2252 29.42622123415857
2253 42.43212067595945
2254 44.53225137209011
2255 39.765187148710176
2256 38.91330727994192
2257 38.3219281696028
2258 40.19999199166293
2259 33.52975109382292
2260 30.181581140392893
2261 24.78635694497325
2262 20.457627340668065
2263 18.571134517117695
2264 15.869498568859134
2265 13.178944042613425
2266 10.253487741419601
2267 10.310125588920672
2268 8.582507353555652
2269 7.021124827360111
2270 5.436386338378358
2271 5.026348651007476
2272 4.18780185581766
2273 4.48522654255087
2274 4.197567043434917
2275 1.536123235441352
2276 0.6122860035313881
2277 0.06734255590916022
2278 0.004614280859137306
2279 0.06462841702408244
2280 0.41944822931771136
2281 1.473992333177107
2282 2.9933702036837047
2283 4.603573974343782
2284 6.8648468737038435
2285 10.086441317635401
2286 11.602532094088957
2287 10.82682199124289
2288 13.744026307652442
2289 12.043847830612371
2290 9.494967526684755
2291 10.806982751484862
2292 12.200274426769084
2293 15.622730415668586
2294 12.755913770589627
2295 11.002826592220424
2296 8.565457134754949
2297 5.677612634102325
2298 5.771481968095745
2299 7.05825378622503
2300 11.209123335297402
2301 14.360160189542096
2302 6.613804355910388
2303 5.153700692829107
2304 2.061325190359895
2305 2.8042180589726917
2306 2.9736524151702577
2307 3.270502194548517
2308 5.053745004119332
2309 8.643636315991248
2310 14.621989288383203
2311 18.10348639027068
2312 17.531863800351847
2313 16.477191914517483
2314 16.039945943941785
2315 22.329791106775673
2316 28.457613040805036
2317 41.175128269171914
2318 43.18551635008423
2319 40.10414142517678
2320 44.31671931892566
2321 44.03063383195659
2322 42.97161263761185
2323 36.106129407664426
2324 30.558990868724397
2325 25.249393305365942
2326 16.58846676568547
2327 14.991245222585114
2328 13.188002516798484
2329 12.25718265231473
2330 8.71017669349003
2331 6.079870714522332
2332 4.722287597223989
2333 5.457695436747805
2334 4.875362730148535
2335 2.9230784539692345
2336 2.9643038687367844
2337 4.704354770937275
2338 3.56976982235607
2339 1.7833653370828229
2340 1.269087759316269
2341 0.6881128278814339
2342 0.5772267739638004
2343 0.09046716736372315
2344 0.16042178464002282
2345 0.7284438245572455
2346 2.025520451684968
2347 4.650650447227763
2348 8.052646049671305
2349 8.756949737604101
2350 11.950914615530444
2351 13.175976467808914
2352 13.920866247457734
2353 11.868604345675454
2354 11.4760522822682
2355 14.828400865140873
2356 17.768325048401884
2357 17.554279265278456
2358 12.429113000654775
2359 8.905414165924105
2360 5.811882708728504
2361 6.901162868253292
2362 8.757017131350068
2363 9.905057902011603
2364 13.408855604441726
2365 10.995833956288056
2366 6.274059991293165
2367 4.318820932229627
2368 2.1277668932267537
2369 2.68946071606923
2370 3.700743668599749
2371 3.5516485346294755
2372 5.34925951517569
2373 8.679571323895965
2374 13.948897344416512
2375 16.442684135721276
2376 17.847707072717412
2377 17.098487520730245
2378 16.3430052285946
2379 19.625991258384072
2380 28.511015598454424
2381 42.72166157947297
2382 46.40658608176933
2383 42.35589931039581
2384 43.59252684989476
2385 44.34692541309051
2386 44.984116258427406
2387 33.52216103326838
2388 30.867629193816352
2389 23.17159176620845
2390 14.879893338901063
2391 11.404632829230142
2392 9.553232869784889
2393 7.4619239980086975
2394 5.224950782295906
2395 4.650295655925054
2396 3.9082262826946153
2397 4.950750718583517
2398 5.934724261520257
2399 3.9217489553381952
2400 2.6043621282081575
2401 3.2146491917686433
2402 3.9046980328539314
2403 2.0215842086615368
2404 1.8109237317792712
2405 2.2380105606038225
2406 1.0681887792374436
2407 0.20687829160827986
2408 0.009878057967576757
2409 0.042517526060439376
2410 1.2353768987089926
2411 2.9054587540235493
2412 7.743929254159518
2413 9.651980348020723
2414 12.502680638823808
2415 14.49193034694868
2416 15.495468591418197
2417 12.330999165317282
2418 13.067241373603196
2419 17.844441255126416
2420 19.567907921975248
2421 19.06770334112481
2422 13.776826053278992
2423 10.643176248636147
2424 8.043559608538905
2425 11.096960447148266
2426 11.560175716477405
2427 12.279707500941639
2428 13.436043715844498
2429 8.62691570829468
2430 5.175386499675686
2431 2.9264117381915273
2432 1.1887892245681484
2433 1.9274436305931772
2434 3.259522605532188
2435 3.9932682940232613
2436 7.0279887699649
2437 10.170629356840728
2438 15.506410022393673
2439 18.471938965912116
2440 19.409654466150208
2441 19.04303323035493
2442 17.85489817934384
2443 19.01433302413067
2444 28.06711549517717
2445 36.15490097096754
2446 38.277022604886795
2447 39.35595779524002
2448 39.9059898183418
2449 37.51460612482177
2450 38.89758214628185
2451 30.87680327602795
2452 27.617897788067275
2453 17.586285259015536
2454 11.501855828712134
2455 9.229102396265686
2456 6.5029844035955175
2457 5.68226236791865
2458 5.060621723294002
2459 4.45072856318695
2460 2.911731470116141
2461 2.6336466859462995
2462 4.039484488757407
2463 4.608974480142577
2464 2.8839210493484586
2465 2.5104292577779055
2466 2.5095774612587576
2467 3.9605450133484683
2468 2.96278422567609
2469 3.1834524037338983
2470 1.4836727869489421
2471 0.18884007583120077
2472 0.00030605747667765957
2473 0.08877176175816416
2474 0.7383588169808845
2475 3.016287082198314
2476 7.238145024142579
2477 9.797995993642992
2478 12.088902966595796
2479 13.117913851966433
2480 13.394764929937866
2481 18.046713080701775
2482 19.084002468254223
2483 19.69083383929057
2484 19.511860459400836
2485 23.209314683622253
2486 17.77438890879563
2487 17.365305456086382
2488 9.682145251221424
2489 10.634027822735094
2490 9.868161038837714
2491 9.947324070489374
2492 11.473945227675904
2493 8.025337952777706
2494 2.8700426323984267
2495 1.1538754135623124
2496 1.17768849307675
2497 1.945454020184518
2498 4.242374855003739
2499 4.675199684626292
2500 8.291722416985323
2501 11.77317682655891
2502 16.339091774135966
2503 17.80983540032758
2504 18.2204097315316
2505 19.087297963702778
2506 18.97160755958069
2507 18.389080623088986
2508 26.555775532553138
2509 28.186168131886763
2510 39.4969345395035
2511 38.39919569636832
2512 38.768720208014194
2513 41.43677479123684
2514 34.03458363820431
2515 25.473106628917073
2516 25.32272269743326
2517 17.024293293121257
2518 10.217814176046772
2519 7.6785086450342375
2520 6.0471030447870415
2521 5.373135441496001
2522 4.1403609620386215
2523 2.395687967375757
2524 1.7449144924128812
2525 2.567353404218531
2526 5.287568683600818
2527 5.433580250868345
2528 4.738459694170355
2529 3.4087091983146705
2530 4.78322442944245
2531 6.001995304093792
2532 6.780821811272578
2533 6.623839093945806
2534 5.6706450776564425
2535 4.198493944592592
2536 0.7604957412521246
2537 0.00014982092875966924
2538 0.37321399886502726
2539 3.8858234115456147
2540 8.175087556763513
2541 7.813621415262008
2542 11.076073088690677
2543 12.467767569908368
2544 13.672199868169576
2545 18.844758726266125
2546 18.595161189288415
2547 20.442115816441863
2548 19.473552596463666
2549 22.212220525925527
2550 20.13726825170809
2551 16.6030194562209
2552 14.987289145295392
2553 10.18227866414955
2554 10.515454495903471
2555 10.316480027677024
2556 11.348916808590698
2557 7.857862738319284
2558 3.1617344917526244
2559 1.3342820782939184
2560 0.413514691675061
2561 1.204990652184896
2562 4.427355452874812
2563 5.199231695225309
2564 7.403831063215255
2565 11.176195731866438
2566 17.090661989477557
2567 18.452130767999858
2568 18.419846112708523
2569 20.614163962550652
2570 18.134582352398507
2571 18.859854170025535
2572 24.14352894029445
2573 28.28121635597355
2574 42.52846463974589
2575 40.3566181705885
2576 35.51874832105569
2577 35.45853098374407
2578 30.167804229106736
2579 24.70770789033943
2580 22.081656171437523
2581 16.85537866822839
2582 10.083258614190342
2583 7.536836765973633
2584 4.412440144808978
2585 3.7503890208078254
2586 3.0513111826984165
2587 2.0444206393636972
2588 2.2581656495589866
2589 2.813063443076996
2590 5.645314364515086
2591 6.389237959780867
2592 4.439843374057096
2593 5.90862647393776
2594 6.612689049864989
2595 6.766588432530258
2596 7.811872250941275
2597 10.199412263666225
2598 11.169181407795177
2599 8.797200283647456
2600 3.129323475471756
2601 0.007080377277471625
2602 0.1664300481857331
2603 2.183269621076831
2604 6.828440573443065
2605 6.407240700421692
2606 8.802882904285447
2607 11.997328885700773
2608 13.157588698095516
2609 17.702959875832395
2610 15.551079855089975
2611 20.88371409846167
2612 16.999608930049614
2613 15.356426092599278
2614 14.400950523096803
2615 11.555370959619768
2616 14.746599438110483
2617 13.733135872329136
2618 12.219958369673545
2619 12.368175165414875
2620 12.160839642824108
2621 7.504051036290093
2622 3.264963807953949
2623 1.142751728443855
2624 0.2393966825708096
2625 0.7371035566809098
2626 3.4442318848840165
2627 5.97230415794619
2628 8.806838700225335
2629 11.709408363218758
2630 15.215759709778318
2631 18.219073419714665
2632 19.776760333643228
2633 18.41553538548167
2634 16.66030342458809
2635 19.718534613221536
2636 21.58042205857028
2637 32.84805466618404
2638 39.38720484037196
2639 37.01848191503334
2640 33.4533600299945
2641 29.688840915629942
2642 26.380400685519756
2643 21.8596891417787
2644 18.84070940560842
2645 14.82971963154035
2646 7.805966510534497
2647 5.7429064689408
2648 2.8776167945460944
2649 2.512588818309091
2650 1.6790223680799667
2651 1.7981282192238264
2652 1.8049784825321515
2653 3.0464172103451888
2654 6.059077981457852
2655 6.293239180658106
2656 6.372743539403315
2657 9.86538127424913
2658 10.270967693134915
2659 7.708456563393613
2660 7.658503853064443
2661 9.113099936282227
2662 10.51838968893576
2663 6.751243191664306
2664 3.5591044768652083
2665 0.03754982478110094
2666 0.12621862467300232
2667 1.153919400337201
2668 4.190747327279652
2669 6.4671321121918455
2670 8.758585357965204
2671 11.568917073764197
2672 13.741943718627017
2673 14.000559514389826
2674 14.572707924092612
2675 15.757829231885934
2676 12.448566782462846
2677 12.50081461989024
2678 13.808979908161998
2679 13.353091258927822
2680 12.710483113505239
2681 14.963806134553788
2682 12.873356530638397
2683 14.977533341036185
2684 9.722821343588205
2685 4.414188344720612
2686 3.2518591144476043
2687 1.4635993665106026
2688 0.07000585358711409
2689 0.08492104862172489
2690 2.0698538992685522
2691 6.082801691550596
2692 9.74671637792945
2693 10.757282744571063
2694 12.337291589676926
2695 15.042945839735406
2696 14.641483691670548
2697 14.763828188665487
2698 13.322639843340951
2699 15.64355442187263
2700 20.84526044759705
2701 27.27630726923104
2702 31.82168379178587
2703 31.452587088992175
2704 28.993374616082924
2705 25.569896752175186
2706 20.03121527807156
2707 18.57892224422091
2708 17.70102454911135
2709 13.378341882224749
2710 7.139335591319248
2711 3.468907010390354
2712 1.638984444482855
2713 1.303474465250823
2714 0.5556792718042776
2715 0.4495813188799587
2716 1.2527466601642596
2717 2.821959047370735
2718 5.671506035034621
2719 5.819233562182762
2720 5.079196795139561
2721 8.585951410364503
2722 12.251385685657619
2723 11.729102580772132
2724 11.085690859376992
2725 10.823960331388191
2726 9.58029562257804
2727 6.186567689507065
2728 4.628818243636215
2729 0.4376473984667268
2730 0.10998369212374053
2731 1.2586065285923802
2732 3.7430070932483352
2733 6.103882234349703
2734 7.179609553690593
2735 8.878919856968546
2736 9.511042345319558
2737 8.82666361989999
2738 9.204392238134618
2739 10.169844397103937
2740 11.920667144494859
2741 11.153879823224342
2742 11.219765512355712
2743 12.571917327287517
2744 10.006291891923864
2745 12.219775673161347
2746 11.326662878591154
2747 10.13013005266318
2748 5.453438820561104
2749 3.0469556581992845
2750 1.8027385201065074
2751 0.9156840385549133
2752 0.3230415055864343
2753 0.022234476154575643
2754 0.6797936302898642
2755 4.160836352262548
2756 9.288673475405556
2757 9.142121190791618
2758 8.641549905182309
2759 11.381106775933189
2760 13.002764443443915
2761 11.353068978675807
2762 10.159495817007924
2763 12.881646169171859
2764 18.202241598997848
2765 23.27289456690179
2766 24.296679912629575
2767 26.800893549536873
2768 27.95435295715257
2769 23.625996887489862
2770 18.008750355035048
2771 18.34842444302472
2772 17.25387470754915
2773 13.370996471871097
2774 8.038662648146447
2775 4.043927833495744
2776 1.4655938770531423
2777 0.4242247424335031
2778 0.6915490776777566
2779 0.7325814766874726
2780 1.4368499377566886
2781 2.710654599067167
2782 4.398016023736633
2783 6.042544775559641
2784 7.142141222920231
2785 8.324083119800454
2786 14.763963437694335
2787 16.621940647473068
2788 16.1776667649816
2789 12.371827551073123
2790 9.428426630965856
2791 7.215704601668754
2792 3.669431257087141
2793 0.2219125445614704
2794 0.16017692176988874
2795 1.2000882977877587
2796 2.7269233735783547
2797 5.4664904058385995
2798 6.532313240004141
2799 5.851073174921045
2800 4.329487739376725
2801 4.546759793022686
2802 5.461460944623382
2803 7.158626628099309
2804 7.404212247869001
2805 7.061900628930838
2806 10.503947584768309
2807 12.115584564284632
2808 10.305349763132732
2809 11.943887824428312
2810 9.429160003247427
2811 5.919441649438567
2812 3.8097859393262987
2813 2.2853293532000376
2814 0.696905586974132
2815 0.18034974092314615
2816 0.31864322934991907
2817 0.22950215822410802
2818 0.1906768187048641
2819 2.2628112070069912
2820 6.491511897534405
2821 8.885061435459297
2822 7.802569747923989
2823 7.8817036127094395
2824 8.379827279770424
2825 6.650018833302947
2826 7.217253690641364
2827 8.733401512507452
2828 13.133186473479924
2829 17.00836859877635
2830 23.51027012270094
2831 24.955547491615082
2832 27.700270755501723
2833 27.448197861252332
2834 21.669328504599406
2835 19.77391629632229
2836 14.826346498037172
2837 10.993369648397017
2838 6.9622867184284845
2839 3.8457583492100906
2840 2.595922871134484
2841 0.47210092715945917
2842 0.6813776702438177
2843 1.4621186067161673
2844 0.9539456658981139
2845 2.462444030596048
2846 4.414520622246257
2847 7.326598782226723
2848 9.563378461189798
2849 11.748051495049397
2850 16.130283779187888
2851 16.332083738050652
2852 16.609023561798345
2853 8.639447260078205
2854 5.331178006247732
2855 3.7224304680923703
2856 0.9734778946073844
2857 0.005148453772600296
2858 0.09115384920889803
2859 0.13293876200309118
2860 0.44004871511678195
2861 1.363417972214145
2862 2.842877714852422
2863 2.7974506721359576
2864 2.1631091769699475
2865 4.6655894845163735
2866 3.9864341635377865
2867 5.221438581328061
2868 5.671413967154042
2869 4.758528650641232
2870 8.465445210848543
2871 10.240483204521485
2872 10.857208373215643
2873 11.02903366842996
2874 7.534481862198167
2875 4.149031177628698
2876 2.079322818290578
2877 1.6945474387060138
2878 0.38377523975042144
2879 0.24937121783551186
2880 0.48834265272420463
2881 0.032320263937241835
2882 0.45203780003532346
2883 1.2540480362953135
2884 4.844146100109094
2885 6.4576084376849945
2886 6.144658291105957
2887 5.661453451094571
2888 5.5175738664057095
2889 4.342881156398461
2890 4.397640384399522
2891 5.488839432659534
2892 11.322856163497256
2893 11.928019502531443
2894 16.23267856242594
2895 18.85543350480393
2896 24.767644066188097
2897 28.19808526389904
2898 23.645213224688188
2899 19.39549508404761
2900 16.06393739335931
2901 10.119376752072652
2902 5.117061906426668
2903 4.531520182850899
2904 1.928070158852497
2905 0.2561916999701382
2906 1.2538063413570801
2907 1.0984350019274711
2908 1.6992589375341869
2909 3.398536785344861
2910 5.308897452453061
2911 6.79578336865848
2912 9.224009673808034
2913 14.116259567291923
2914 16.79896815560677
2915 11.649117767545727
2916 11.991641509961063
2917 6.269748627978788
2918 3.724023483505975
2919 1.2289937125983308
2920 0.15010948965760093
2921 0.5976173509471275
2922 0.3640577443336682
2923 0.0007650275030525702
2924 0.14149512512208648
2925 0.6235982409335469
2926 1.4398765197930594
2927 1.9638790226134812
2928 1.6334517871097116
2929 3.333776572687728
2930 4.93282567110365
2931 6.345180082963797
2932 6.368818248563091
2933 5.953900273988048
2934 9.065569078157765
2935 12.220676757497408
2936 9.294391786765315
2937 9.76843033208115
2938 5.459765791314073
2939 1.814106689346098
2940 0.9874541696451363
2941 0.3104687230187552
2942 0.15934597355566898
2943 0.19045043743154158
2944 0.0694304229110479
2945 0.13028024856334208
2946 0.9525646261253564
2947 1.3417492765291665
2948 3.4714162363402794
2949 3.8733452525079493
2950 3.7160882404468905
2951 4.587381324726237
2952 5.018752281126666
2953 4.046602708175953
2954 4.143453068947023
2955 5.00864132849118
2956 9.011193643841244
2957 12.179808508129508
2958 13.187910189431568
2959 14.415970163348062
2960 14.571619634850203
2961 18.399316737863845
2962 18.97837305734552
2963 17.87698809177948
2964 13.047450157557087
2965 9.73119926551836
2966 7.5749589059149605
2967 3.710978086103463
2968 1.5541346672308431
2969 0.9798949976177579
2970 0.7841817923148418
2971 1.036792924807624
2972 3.575642645391529
2973 5.018187043953418
2974 4.02189118542828
2975 5.513052044956872
2976 8.204560533880167
2977 12.731438503817035
2978 11.80995103567064
2979 8.908827124151474
2980 7.249352798584775
2981 7.868632174186874
2982 3.149261494632963
2983 0.7613774205684616
2984 0.024680612919070206
2985 1.4706176129650568
2986 1.1493148323264868
2987 0.24310884172370334
2988 0.8573973233281159
2989 1.460434607363544
2990 1.5032525192660413
2991 1.8792062582648559
2992 2.1835393095288413
2993 3.9417929136774483
2994 5.2167176486810405
2995 7.9301824938702685
2996 10.797225009280154
2997 11.365390169957493
2998 9.489575522936638
2999 11.815668336351829
3000 8.80818658834706
3001 5.424222324905237
3002 3.381826299917384
3003 0.6228537641837288
3004 0.4637573488001773
3005 0.1600224991449494
3006 0.1260928241431026
3007 0.3865126237542413
3008 0.0009740584652912966
3009 0.20368018084761258
3010 0.7796091445019465
3011 1.2022876846985124
3012 1.716735059302827
3013 2.531891348345613
3014 2.638637912705332
3015 4.059196704763685
3016 3.2001134829038027
3017 3.488772580790826
3018 5.256562467600084
3019 5.363280983218271
3020 9.397195030246486
3021 10.789871036915258
3022 11.67564978789061
3023 9.585233082215849
3024 10.060659400359416
3025 9.373093997975396
3026 10.183669839874632
3027 9.913869461511183
3028 7.225980791446707
3029 5.3855638627943705
3030 5.256890373673123
3031 2.234241921222859
3032 2.557503485842001
3033 0.7328270030407654
3034 0.39786846035979423
3035 1.224184152505391
3036 3.143758977141845
3037 3.4850771033921144
3038 2.8064389867316595
3039 4.131291601833972
3040 9.608235768827265
3041 13.266486315094202
3042 11.477632765578017
3043 9.143243412011548
3044 7.221677576947114
3045 5.639113622680746
3046 1.267289844815415
3047 0.4739150374637213
3048 0.02319209054512214
3049 0.05591364170746554
3050 0.04056802871866481
3051 0.0020587809373841318
3052 0.3487213232224756
3053 1.0691777971974492
3054 1.4573707452582414
3055 2.450250320694719
3056 3.2835718616891274
3057 5.403028843826744
3058 5.808283484440314
3059 8.822698925391663
3060 7.439257689168189
3061 10.084491495834518
3062 8.320563689503606
3063 8.714776228721677
3064 7.175162245859249
3065 4.549033579190698
3066 1.5307650097837255
3067 1.7869351288680217
3068 0.9647853984656527
3069 0.6099349331006522
3070 1.2673343332498357
3071 0.7239241295737547
3072 0.0002511776939110565
3073 0.17692351427746586
3074 0.44089167334260193
3075 1.0947417116619813
3076 1.8075660034377485
3077 2.4335102767437213
3078 3.1183185284914043
3079 3.9345238592521627
3080 3.419869115654266
3081 5.336985548920411
3082 6.661779343063924
3083 7.126842363845397
3084 7.381801298692779
3085 5.979411954095422
3086 5.721845720360745
3087 4.468036557219983
3088 5.089581287491688
3089 4.200421266979319
3090 5.616749039396701
3091 4.528845894984166
3092 2.5490129197429594
3093 1.626663574327442
3094 1.8382685965085934
3095 1.794617013339436
3096 2.3357013129699986
3097 0.8385726072186207
3098 0.694465124772178
3099 0.5046108816120385
3100 0.7873604939027196
3101 0.9745048403039334
3102 0.6833300003406398
3103 1.2054843655644734
3104 3.2594266285330034
3105 5.858588982712797
3106 5.747798361563867
3107 5.372064296272115
3108 5.6416527069674975
3109 2.2250361995766914
3110 0.5963767296640172
3111 0.15723540522035653
3112 0.16579094261293859
3113 0.07112903029880667
3114 0.23788879536434107
3115 0.002081330309148143
3116 0.003079753491854607
3117 0.08086929740915438
3118 0.39739735417115135
3119 1.5402046999306587
3120 2.654831124423156
3121 3.603388976062686
3122 4.636810935496928
3123 5.794412670074746
3124 7.3534266149534995
3125 9.610488446412228
3126 6.70379932537152
3127 6.654068573043999
3128 4.925197752788667
3129 3.8254235343184493
3130 2.5840514594098223
3131 2.9279164765291186
3132 1.9153736771157033
3133 0.9404364292322344
3134 1.3588651703945382
3135 1.3624834317029755
3136 0.03196060792422909
3137 0.03292256181463659
3138 0.4153894350533684
3139 1.3551583659270248
3140 2.0092995022319866
3141 2.5529652530673603
3142 2.943054473506227
3143 3.539892747377163
3144 5.567595354101212
3145 7.049489910195938
3146 8.378312381496833
3147 8.678603856918574
3148 5.7611136756152215
3149 3.50868214980574
3150 2.4544335886095503
3151 2.6178805062198016
3152 2.494440782898509
3153 3.218985955272449
3154 3.3708174032088936
3155 2.904852255175784
3156 1.655789605023567
3157 1.132343745611316
3158 1.1341326725827694
3159 1.8762064612907983
3160 1.2440288677372437
3161 0.6553645800659044
3162 0.5869631499693857
3163 0.8679792353529149
3164 0.6157592909112789
3165 1.1143153665868137
3166 1.4341852231163525
3167 2.165829778165593
3168 4.188334564603647
3169 6.687352545766735
3170 5.475122667395983
3171 5.41594834338728
3172 2.5702860795436338
3173 1.116708562139755
3174 1.0306750273843976
3175 0.41227969527731834
3176 0.2177215765239279
3177 0.08043197374017362
3178 0.1471132912290029
3179 0.06627834420934046
3180 0.0781283503022398
3181 0.015394116337967419
3182 0.019957829193898782
3183 0.24377191122471215
3184 0.46838691538955024
3185 0.6190559385432463
3186 1.6437238363690074
3187 3.6439270100328547
3188 7.011679823329188
3189 8.788379517879532
3190 5.647786148317794
3191 4.430235517546687
3192 3.27670928392315
3193 3.0245589695262662
3194 4.1498599567473695
3195 2.304361839356884
3196 0.8776008518761458
3197 0.5685546426974629
3198 0.8007878622514609
3199 0.6660715686145274
3200 0.04638870833315111
3201 0.00014042510821762153
3202 0.2645646886065747
3203 1.0699022515609733
3204 1.0033869294886295
3205 2.0676208283427777
3206 4.17618042292926
3207 4.581818644131838
3208 5.829423151175821
3209 10.424860602377928
3210 8.151849921451989
3211 7.179356794308393
3212 4.539560021542388
3213 3.19566437464105
3214 1.5857126606616776
3215 0.7472060977380484
3216 0.872434227431811
3217 1.5347101528099825
3218 1.604060998097151
3219 0.9711930449680285
3220 0.29379578285686325
3221 0.31257073324130835
3222 0.6639674362166142
3223 0.7263108309197805
3224 1.3477001218051559
3225 1.3315890115302476
3226 0.8326832549805304
3227 1.3136465681521394
3228 1.6524626351515483
3229 1.475270455651481
3230 1.8989079429760514
3231 1.436160084509557
3232 1.6305186709221815
3233 3.3630284555543537
3234 3.756908535894246
3235 3.1402238250618693
3236 1.5834302472528656
3237 0.36255931361386834
3238 0.008482784424996085
3239 0.11225012476119635
3240 0.3341982626151101
3241 0.7811833448029681
3242 0.7788328235093702
3243 0.412895740116007
3244 0.12411360213835992
3245 0.0657867938162774
3246 1.6519453943139868e-06
3247 0.00020178699351536096
3248 0.03894570024922659
3249 0.0023198203627163884
3250 0.35901115059592703
3251 1.5782942254294468
3252 3.438647608924431
3253 4.288411785011814
3254 5.274019959526108
3255 4.732880471172341
3256 2.5048258427328656
3257 2.391395547816051
3258 1.6650736227440321
3259 1.7560072179233037
3260 1.1238762442823007
3261 0.6231742192988969
3262 0.7065218983308246
3263 1.0311824993568168
3264 0.07814690919193473
3265 0.0004061934340007063
3266 0.030886256126463698
3267 0.14685243390238353
3268 0.7295795591038703
3269 2.4520086709361433
3270 3.686120490932743
3271 5.644986223131593
3272 7.628596030849947
3273 11.588120309762648
3274 8.109586384743626
3275 6.577607243559197
3276 2.8839360872987
3277 1.6839938270174888
3278 1.2178133088813061
3279 0.5012111873458575
3280 0.44658958783020575
3281 0.04865081989238716
3282 0.0753627839549938
3283 0.027438445786192006
3284 0.02261811433589525
3285 0.01817294188283804
3286 0.014089709798545246
3287 0.25677683835285225
3288 0.8734316644927297
3289 1.006549109016061
3290 1.1813820835389264
3291 2.225968143402426
3292 1.961483636815096
3293 2.2716656456723427
3294 2.1931393782322326
3295 2.071873989875323
3296 3.060685866273002
3297 3.4438605762255743
3298 3.14485238678498
3299 2.303780355688251
3300 1.1887680198968054
3301 0.33071303064180796
3302 0.19190268064758542
3303 0.1546145181618734
3304 0.5337391840646718
3305 0.7792943550897897
3306 0.7773924205716579
3307 0.61771168118721
3308 0.5367927685097225
3309 0.5774851232498721
3310 0.5738233396530964
3311 0.366220424585585
3312 0.8267657227703343
3313 0.2589245904353876
3314 0.00990483353640974
3315 0.6352969241116986
3316 2.7215191271418195
3317 2.793612641849935
3318 3.871484921211609
3319 4.577196954021447
3320 3.1217732076887823
3321 2.1118566506721095
3322 1.0673622867652743
3323 1.104318999939461
3324 2.9358336414020414
3325 2.038646226539049
3326 1.1978022205543677
3327 1.222671548653581
3328 0.10602194430381671
3329 0.006954542923323328
3330 0.02717813327610139
3331 0.00027894345499456343
3332 0.547506613302705
3333 2.1991849740912484
3334 3.8925976104101268
3335 7.816156347460087
3336 8.03855662032781
3337 6.607530397428723
3338 6.556157106775675
3339 5.6279623669515155
3340 2.807033510904944
3341 1.028146354739631
3342 1.030761323856696
3343 0.39237312285140874
3344 0.22024608889919775
3345 0.038193067455980084
3346 0.01604367422054187
3347 0.03157089362703622
3348 0.009918035301870331
3349 0.06969591287931899
3350 0.02195024167840619
3351 0.020028172680765764
3352 0.7589971562151171
3353 0.8516230889551811
3354 1.5635636696511321
3355 3.367317395229614
3356 2.9159491354685882
3357 3.9758779905606847
3358 2.2544468293739732
3359 2.9597585581930703
3360 3.061953489976677
3361 3.4506516813509904
3362 2.995790507198447
3363 2.826719280572784
3364 1.2647648205810271
3365 0.7046811143865847
3366 0.5754828835061306
3367 0.6569635797981775
3368 0.4333623536604082
3369 0.09784831586466165
3370 0.09645597938828925
3371 0.23254575877511577
3372 0.08785548333478994
3373 0.6381726651475504
3374 0.7597523986279845
3375 0.3568756624576378
3376 1.2632426419839122
3377 0.2739735405392658
3378 0.0004942231118215875
3379 0.35721299900814757
3380 1.0805099078391294
3381 1.3801179593008188
3382 2.0027792443797297
3383 3.927212466406792
3384 4.001864064443734
3385 2.1434701389455153
3386 1.0420537284288647
3387 0.3540365835109302
3388 1.199953670178348
3389 2.3353108270211793
3390 2.617496022502488
3391 1.2246557947365266
3392 0.12268839176909335
3393 0.03997313180837769
3394 0.08857837615322643
3395 0.014169967960766411
3396 0.5234044620739727
3397 1.140128240756135
3398 3.0628117028763286
3399 5.490369895694358
3400 3.5721825072724873
3401 2.4602435583651503
3402 3.0608137592651485
3403 3.0420081488038484
3404 2.9949442370754724
3405 1.2698615113025475
3406 0.4324152278181235
3407 0.1937405511922286
3408 0.14491875999936274
3409 0.07961543960134179
3410 0.0025793673165802095
3411 0.19306488616681133
3412 0.31015169031266093
3413 0.22283459986339937
3414 0.14151164920343684
3415 0.5870800427926616
3416 1.166912765934844
3417 0.939309175158829
3418 1.7696273319349123
3419 3.3627918381460167
3420 5.26964952744834
3421 4.158605675146012
3422 2.788143238142677
3423 1.8894441533645379
3424 2.4718098754195497
3425 3.9518156503973842
3426 4.116881673248898
3427 3.246433762369716
3428 1.5173187110728459
3429 0.9965739065989255
3430 1.9232811489093313
3431 2.076895062477558
3432 1.5703688183522446
3433 0.8408444746128838
3434 0.554129817132546
3435 0.16218870405614547
3436 0.20047749187382793
3437 0.671271275247021
3438 0.6108736292203728
3439 0.16223262878047298
3440 0.08613900408919509
3441 0.0015658378859544333
3442 0.18833224910552088
3443 0.27363684985482883
3444 0.5601144557682807
3445 0.8190585517489286
3446 1.0159755414916904
3447 2.355045921792541
3448 2.418517027825493
3449 1.4566126075162855
3450 1.0802222444204346
3451 0.5635329580602855
3452 0.9021686962202871
3453 2.445555051655802
3454 3.353222299867283
3455 2.187547514999166
3456 0.11257474156738442
3457 0.05964462010038505
3458 0.02119860217009964
3459 0.05638787259429429
3460 0.3346727350858096
3461 0.5538317601418298
3462 2.306788456796375
3463 3.5686187114280328
3464 2.2854005639254438
3465 2.1013388812341685
3466 1.5932051842668695
3467 2.012388412045155
3468 2.0103429542623514
3469 1.5115452100985458
3470 0.4151535359905686
3471 0.011131195568031575
3472 0.2327818570689113
3473 0.2582499655525794
3474 0.05409514560482912
3475 0.23036324258434887
3476 0.7224452658818201
3477 1.1574837821443271
3478 0.5938362978816593
3479 1.688385909895764
3480 2.121764261464952
3481 3.547830042299
3482 3.2316505607401402
3483 4.230525788694235
3484 5.010296967896935
3485 3.926099760003248
3486 2.9231736460299196
3487 2.3412272162699033
3488 2.5622424719046353
3489 3.41295920345724
3490 5.1785738636390235
3491 3.8327263809160415
3492 4.09782255398763
3493 4.0910158643242385
3494 4.366863929321668
3495 3.7430154130735396
3496 2.4728473047815904
3497 2.7087302937753046
3498 2.271863925771769
3499 1.1289389211397642
3500 0.3809741572282293
3501 0.9895495595502245
3502 0.46625693895354225
3503 4.645496386497744e-05
3504 0.20605876722266614
3505 0.0818736890910638
3506 0.058525750504475456
3507 0.028958927173844563
3508 0.4592666998674082
3509 1.0717491755523831
3510 1.3205255268873517
3511 2.341558501736826
3512 1.0379690379453772
3513 1.4840282701019054
3514 0.9559651274788853
3515 0.8702026878197566
3516 0.6353876371787343
3517 1.460652766691616
3518 2.7073643174094277
3519 1.8307478008553568
3520 0.28882531515603843
3521 0.23319904337137676
3522 0.006928559589911712
3523 0.017092965258295956
3524 0.006086634034217285
3525 0.3243780764106881
3526 0.9017553088902893
3527 0.8897579468769811
3528 1.0070381160851625
3529 1.1992972939133144
3530 1.0774782872649096
3531 0.9606796596556678
3532 0.9871978161171433
3533 0.7227686799436719
3534 0.4153639742175493
3535 0.037299485527402046
3536 0.008007455923081412
3537 0.08475743121200088
3538 0.04532477494061393
3539 0.03939954684652852
3540 0.7489471073682992
3541 0.7142983034851029
3542 0.8483277661238797
3543 1.9695306781760977
3544 1.594623671291493
3545 2.9481113650826836
3546 3.349780459574018
3547 3.9470840572216175
3548 4.24345145862183
3549 3.8463323558706333
3550 3.189985592039351
3551 1.9255594865670018
3552 1.1201987897080323
3553 2.4195984464508724
3554 3.603409145311482
3555 4.291613988818526
3556 7.265951590150776
3557 8.322999792947728
3558 7.198829247244931
3559 4.012221104726597
3560 3.097057520817145
3561 3.334463539954319
3562 1.8367187298727472
3563 1.2015246868271645
3564 0.6324293655585788
3565 0.7884066616637282
3566 0.5367893439545413
3567 0.051775487323029154
3568 5.871709711906794e-05
3569 0.011076907739397342
3570 0.007686476990527004
3571 0.00029220849939495423
3572 0.25907002154764214
3573 1.126420647693009
3574 1.4293627535495506
3575 0.8863987681259882
3576 0.2365850337114509
3577 1.0005042135032338
3578 0.861662712693515
3579 0.7303173013562447
3580 0.7526017540100125
3581 0.7882181845685219
3582 1.4736749085815708
3583 0.75335676131782
3584 0.0741810357122402
3585 0.14598775273290293
3586 0.07127259192703438
3587 0.11901497930191231
3588 0.01989556766905189
3589 0.08756634554981878
3590 0.5853741435408891
3591 0.12703987223299845
3592 0.22939276656842458
3593 0.36875336746587967
3594 0.39542482092879677
3595 0.25049396276618635
3596 0.31727125430696945
3597 0.16662684322594426
3598 0.16620407821694133
3599 0.0499619516356991
3600 0.020205173493522046
3601 0.0029578814553047855
3602 0.0023567174637319646
3603 0.0107578075034415
3604 0.49668725066075564
3605 0.9605369975566481
3606 0.500475524448632
3607 0.9574309454831553
3608 2.0425328162941625
3609 3.8237547105486462
3610 3.142165999469795
3611 4.270830123317201
3612 4.349769698895019
3613 4.133462302546891
3614 3.0849956096714872
3615 2.203264182213511
3616 1.5320746644338497
3617 1.8562218820871172
3618 2.735708037674981
3619 3.2019318950743094
3620 4.165659232663508
3621 7.193216040741428
3622 7.213576015370753
3623 6.12575732504478
3624 4.6872417730613005
3625 2.8183476540216277
3626 1.59299082018168
3627 0.7537214094762255
3628 0.935622990497491
3629 0.5063752304135835
3630 0.12799660119231038
3631 0.0035888819030570076
3632 0.07474267385908774
3633 0.3632986274302545
3634 0.683419099278647
3635 0.16196937129994143
3636 1.2387013048137585
3637 2.6452838513319614
3638 1.090976443927511
3639 0.14288634840692188
3640 0.055114698507476516
3641 0.07892230147606097
3642 1.2439222332090398
3643 0.6527871519432121
3644 0.48204225075730417
3645 0.6324016986549871
3646 0.24474911299486485
3647 0.12285190622572446
3648 0.06943732091485391
3649 0.14298244714865052
3650 0.050264853861999303
3651 0.19982185526364654
3652 0.003654240006036364
3653 0.17682887591327331
3654 0.1456652696827944
3655 0.007560066037898949
3656 0.009552235697814201
3657 0.12748707121126043
3658 0.037745479726558506
3659 0.02723297244004259
3660 0.08888898974875875
3661 0.035422721038594486
3662 0.06788538128901819
3663 0.314271565699136
3664 0.0023416786093289595
3665 0.007229464059348411
3666 0.0180362973189648
3667 0.05867906090558076
3668 0.6322871496497938
3669 0.8958144864222394
3670 0.9126597199993526
3671 1.5110659160371305
3672 2.383934251623731
3673 5.639338027773391
3674 5.6212467175722125
3675 5.181964955010225
3676 5.374477199103024
3677 4.342953555674076
3678 3.734306263229656
3679 3.3971913699175214
3680 2.3423639604392057
3681 2.192992247821044
3682 3.627532057487847
3683 4.294143812004183
3684 6.596387583515931
3685 7.341220181599191
3686 7.161855689714576
3687 8.242472471760028
3688 7.252407112271981
3689 5.4539288628307405
3690 3.296770920757145
3691 1.4157859971549724
3692 0.5739957275044278
3693 0.19088575376639966
3694 0.0080128473230632
3695 0.12292566917535923
3696 0.4764112811158311
3697 1.0671972655587822
3698 1.8494293605208816
3699 0.6105342726962958
3700 0.6096398184489897
3701 0.45463798272169464
3702 0.0948619290823855
3703 0.06425799093673104
3704 0.004277842794231371
3705 0.012543356863020844
3706 0.2306342760182992
3707 0.6115559888263642
3708 0.2569129815996889
3709 0.318879543625328
3710 0.27586608908409477
3711 0.17760133897204375
3712 0.0047210540425770145
3713 0.016407699323667483
3714 0.07535880942762403
3715 0.01687511105063287
3716 0.29480653774481685
3717 0.3814048048058217
3718 0.002794678002191449
3719 0.0005796436817357957
3720 0.0019443796932621016
3721 0.02979876196978813
3722 0.07379289593844206
3723 0.24220141279334872
3724 0.007475688800989524
3725 0.033531259460411425
3726 0.21662267018207354
3727 0.23160302603787805
3728 0.07137544113664816
3729 0.3839509114395286
3730 0.4912180787642408
3731 0.5906152245796848
3732 1.241322334679863
3733 1.2475054454658792
3734 1.355840043015339
3735 1.8824387158951899
3736 2.579563461829573
3737 4.988465191538347
3738 6.063709146024111
3739 4.809082779705423
3740 5.8382674899164515
3741 4.343847232915264
3742 5.20342249170946
3743 3.655988498768942
3744 2.921589031006314
3745 3.2227446791148138
3746 3.9474087997981737
3747 5.4475223661876235
3748 5.608186650203635
3749 5.216261000643163
3750 4.865577417626075
3751 5.902947032884063
3752 6.09494205577762
3753 3.1302534394349855
3754 1.5466190878711243
3755 0.5759915033083175
3756 0.15387780347214985
3757 0.02802868199583813
3758 0.0385807271841506
3759 0.41344923245884874
3760 0.6907436804415931
3761 0.6305697365442694
3762 0.9455724407312243
3763 0.573847271455764
3764 0.15712410378509892
3765 0.28435364381221456
3766 0.010988645364100257
3767 0.04456230265959476
3768 0.052301258453441614
3769 0.004795809757291586
3770 0.036308187151726665
3771 0.4001564166892005
3772 0.2406793996199087
3773 0.11017916803325156
3774 0.2262924204527823
3775 0.06186226791034862
3776 0.011699317672916694
3777 0.06900428658174379
3778 0.23095490924996606
3779 0.032067322840333014
3780 0.40781606887703853
3781 0.5583563060895904
3782 0.10472812786214517
3783 0.06701100253465256
3784 0.004485228395324845
3785 0.1366250763913544
3786 0.06492983130116013
3787 0.263925736823092
3788 0.14289439447068272
3789 0.0013168027301291127
3790 0.32049051720365884
3791 0.48791458588918457
3792 0.03304572219544606
3793 0.17277600660476397
3794 0.19416673646300026
3795 0.46064212686616574
3796 0.5629143953912179
3797 2.1581722258437726
3798 2.2427392558668084
3799 1.8384655336664364
3800 2.5872222491459893
3801 4.825417534903324
3802 6.428127015251742
3803 4.105365590078713
3804 3.9901919901933316
3805 3.33545789182244
3806 4.175090717211079
3807 2.74630776312929
3808 1.614757528727966
3809 1.4937106947991996
3810 1.6867244539996413
3811 2.3516415473767065
3812 2.8610480938933778
3813 3.65085406697011
3814 3.967727559448493
3815 3.9034711189244615
3816 2.3748516528787507
3817 1.286309508882479
3818 1.442349431625904
3819 0.43241554992578235
3820 0.0015755382897736636
3821 0.018514962199480362
3822 0.08961456049465599
3823 0.28376173355095907
3824 0.041286446108957056
3825 0.10713191230113345
3826 0.23169427493221997
3827 0.2744994380356245
3828 0.36725060229678036
3829 0.4074834700427953
3830 0.15045237526142266
3831 0.05788534187034891
3832 0.031206750900744876
3833 0.0006229333768737427
3834 0.0400152798737557
3835 0.4296262492195715
3836 0.09641934779187819
3837 0.1347595525200045
3838 0.1631083487262901
3839 0.05198459146001001
3840 0.0025613957011226553
3841 0.04051699463444688
3842 0.05771732515620965
3843 0.023587613493864727
3844 0.14301333423988027
3845 0.30792524295378987
3846 0.16930800650252795
3847 0.31510332511751343
3848 0.17041264700797656
3849 0.04326839138745999
3850 2.1732971639260905e-08
3851 0.19808607889277885
3852 0.1767127749256941
3853 0.2698310479391957
3854 0.2447275327566097
3855 0.006576765085992772
3856 0.0010319515403293626
3857 0.06779746926579794
3858 0.3322938979439643
3859 0.20532699411028396
3860 1.0730817345943584
3861 3.1568961115067817
3862 3.8797262637459613
3863 3.6371759693936747
3864 3.2154727712240936
3865 4.334835878362296
3866 6.138505614259849
3867 6.155393472294248
3868 5.1380798945757
3869 2.7048614614077624
3870 2.7870693379895717
3871 2.333943628292499
3872 2.388918732276219
3873 2.871277514127019
3874 2.6963729484631487
3875 3.176593072750773
3876 2.4417151429846027
3877 2.3499362282994305
3878 1.9328756727403795
3879 3.183924885296752
3880 1.2130658809957888
3881 1.2304415264695447
3882 1.5279103188545515
3883 1.4380603591143457
3884 0.21527651904759118
3885 0.05994511954335106
3886 0.001364753545088282
3887 0.010371946700165505
3888 0.04586553076454906
3889 0.11728802362576209
3890 0.021702265996919122
3891 0.5308577950148139
3892 0.7559287727407453
3893 0.5081509936877079
3894 0.11376016930515687
3895 0.006800228082117927
3896 0.004451249703648673
3897 0.049238451589503705
3898 0.0016253934163166445
3899 0.02849643018697236
3900 0.06324730908192924
3901 0.0004473031329749387
3902 0.01694839472824726
3903 0.000967596739834268
3904 0.06381815831369106
3905 0.014135657647341995
3906 0.0007371354134738825
3907 0.16986014924937146
3908 0.35001358547883543
3909 0.7849478777618015
3910 1.10652703587059
3911 1.5155852902709293
3912 3.1418237790324395
3913 2.179533832046153
3914 0.8167636046392526
3915 0.1473326177260102
3916 0.02758344060891586
3917 0.19800924737688474
3918 0.40966249172747216
3919 0.2719308799310105
3920 0.25937274210378714
3921 0.21124441994846596
3922 0.08888061224379606
3923 0.2437929426093688
3924 0.4055316190327594
3925 1.7555303925997114
3926 3.2356891825681746
3927 3.9259877024687055
3928 3.6437455673781307
3929 4.16867641475484
3930 6.440187258004699
3931 8.245939255337799
3932 7.134992009414849
3933 6.160054634026773
3934 6.0256096974629845
3935 3.612759267390267
3936 3.1104060734814096
3937 3.969842669028356
3938 4.458875541823004
3939 3.8102236742168114
3940 2.880660749586095
3941 2.4602794761557205
3942 1.2652843263968334
3943 1.1780738276509373
3944 1.1254702246929185
3945 0.9877297901423605
3946 1.4219133672514068
3947 1.1537068836378968
3948 0.44918426372835246
3949 0.3088643966233016
3950 0.41092028026467436
3951 0.27845619962467155
3952 0.4823095565151756
3953 0.3862231006100239
3954 0.016664805310398816
3955 0.08496276407980119
3956 0.25328070133713115
3957 0.3659585798150419
3958 0.363139119388218
3959 0.06558554371177658
3960 0.0019569784883866435
3961 0.01185487656920069
3962 0.14345275632282828
3963 0.1669799720492348
3964 0.011670263321333231
3965 0.002853309412384728
3966 0.03836462464273636
3967 0.07100082952443096
3968 0.5110115447763153
3969 0.16418452170627496
3970 0.0054180506561481035
3971 0.20409506138942193
3972 1.0638740517240823
3973 1.148223960459151
3974 0.8958654039626794
3975 1.0756397009097038
3976 1.4688682954262686
3977 1.0270135910393667
3978 0.5105301428927193
3979 0.05336322031873546
3980 0.12088462573647571
3981 0.33470992396797955
3982 0.2761073720028005
3983 0.38030364429848895
3984 0.4125788534318814
3985 0.12959981629008388
3986 0.006749762453737259
3987 0.1854672910297498
3988 0.8883340168403869
3989 2.3914252940077003
3990 3.7685273945944173
3991 4.536603724876535
3992 4.194229083607286
3993 5.37384351698655
3994 8.54288226976494
3995 7.949732046568696
3996 8.109101080096403
3997 9.25066553595898
3998 8.311783847960205
3999 7.056070077974083
4000 7.38194419098854
4001 6.331823496847355
4002 5.290401387058698
4003 4.165115093790809
4004 3.1474098680687086
4005 3.032664244784435
4006 2.079153137661187
4007 1.8857583857396498
4008 1.7707669107258888
4009 2.094043937864617
4010 1.8602182403420544
4011 2.341981030114826
4012 1.1840600038846036
4013 0.8438269132296443
4014 0.6164528856837455
4015 0.3914904593949496
4016 0.2231836836550468
4017 0.07482741503268617
4018 0.046178061492087155
4019 0.20153351744835324
4020 0.194758132870576
4021 0.520299968926731
4022 0.44557387909279345
4023 0.60254943433367
4024 0.5757363186269693
4025 0.15809234597797484
4026 0.023123001799311232
4027 0.010384024960770732
4028 0.001055330216950709
4029 0.47099556308392454
4030 0.3794324898766952
4031 0.6490361653623945
4032 1.8392975614951905
4033 1.0931645820216984
4034 0.2854585816777755
4035 0.008996608448310323
4036 0.0002548619647104936
4037 0.026171420075143025
4038 0.1366678007058009
4039 0.1017397701547478
4040 0.03055585867004461
4041 0.09762327168024668
4042 0.001150840498766274
4043 0.0026404171094733322
4044 0.20080107746124565
4045 0.0822979136807073
4046 0.005766397372616608
4047 0.000866775464830534
4048 0.009149966580071585
4049 0.0072378001681495455
4050 0.008576495236271665
4051 0.0720430204536859
4052 0.4616018943645569
4053 0.9578987369399786
4054 1.1472280963619723
4055 1.7725998243857004
4056 2.6223029522493864
4057 2.6919679685683318
4058 4.792377409198455
4059 6.917713959553858
4060 5.699767867290439
4061 6.216873231687061
4062 7.396874619272844
4063 8.014179598787422
4064 8.11528548762678
4065 7.415468237240817
4066 4.9012053876273605
4067 3.3231584752302528
4068 2.648993804719042
4069 3.4929108172033105
4070 3.15998222640556
4071 3.7190612920747057
4072 2.8046917272281267
4073 2.7365630250485684
4074 2.5837117981189333
4075 2.3922300051477587
4076 1.1875571434101975
4077 0.653247443738169
4078 0.25973283562435373
4079 0.20862752139115928
4080 0.0007712133148785677
4081 0.17034549405376206
4082 0.38537174727632684
4083 0.9674651216359212
4084 0.7448445506610444
4085 0.9004405147002914
4086 0.8965561219825148
4087 1.3081442573401687
4088 1.2586502124069763
4089 0.5053905630496665
4090 0.14856318651642186
4091 0.05548274037236293
4092 0.08922272975170482
4093 0.2319848593805298
4094 0.3171786153780875
4095 0.26616731243978586
