 0
0 1.281444548686885
1 0.8759332742400562
2 0.9905205752251272
3 1.2139325807746237
4 1.2248019340439869
5 0.424908302351598
6 0.01753136851106506
7 0.017427074481138397
8 4.5272025086155554e-05
9 0.03940005716560869
10 0.0422013325507062
11 0.2540275330532713
12 0.4429113325212298
13 0.22801607718887698
14 0.1548778514435644
15 0.11859880417723152
16 0.12109263443184934
17 0.007082108605661275
18 0.06310092453388541
19 0.031052511703667723
20 0.007008400813666432
21 0.06790602773405087
22 0.40253747542866475
23 0.8373838726141525
24 0.7550519852345542
25 0.2803500694174569
26 0.2757330592585398
27 0.1191399776772137
28 1.3145258263814952
29 2.182051231434305
30 2.5716581692296248
31 3.510885608742222
32 3.8444703156314532
33 4.263842022814962
34 4.310482595696028
35 2.8680992290069383
36 3.3684158747343607
37 3.732977757950448
38 3.7051701106429706
39 3.0463444013147023
40 2.655725805132778
41 1.8174339957463086
42 1.515641364386218
43 0.8145552943715192
44 0.9525532654131026
45 0.6927158547115273
46 1.0337668027003997
47 1.3888991747157355
48 1.4514037011822667
49 0.8341787993266406
50 1.2710162553904965
51 1.336557240758138
52 1.612355614197962
53 1.4153001688725781
54 2.0190334201871933
55 0.9008227519649508
56 1.2107332356673535
57 1.6374499486998555
58 1.5099673416973483
59 1.620663774921323
60 0.8816595741360986
61 1.0929414388738072
62 0.9074637539902117
63 0.8675390305859135
64 0.8386189187447332
65 0.8336164312106242
66 1.3582069793136933
67 1.3673836347065196
68 0.6825905335261317
69 0.07640743915736313
70 0.07013507234807316
71 0.14451043095481944
72 0.11894505257250124
73 0.11307338329090913
74 0.2694683997517265
75 0.07962287155746552
76 0.01789921718073858
77 0.12738414410566634
78 0.23250211238220936
79 0.31094804202801246
80 0.09288666884018791
81 0.002290722462815685
82 0.0032826332017716372
83 0.0013717299951439767
84 0.005039723210703306
85 0.0330641123883048
86 0.4802714902893478
87 0.9850808023738474
88 0.6099865198709946
89 0.479592798246485
90 0.5976821757849206
91 0.7920431141388731
92 2.572831758667712
93 3.9421744304895725
94 4.194690694153774
95 5.168411168510287
96 6.42780373580643
97 5.675761507366453
98 4.885495068448437
99 3.815739032072826
100 4.489347301400489
101 4.985280623289753
102 3.593197117148226
103 2.8139403354818375
104 1.7860866068571002
105 1.4448319801719274
106 0.7386714777022719
107 0.28183947358618006
108 0.215525494096912
109 0.07741607019845503
110 0.19655279539506712
111 0.4236792217062364
112 0.6720729747201817
113 0.4579976893120269
114 0.9755224691692936
115 1.6327010960752177
116 1.7134817801118354
117 1.6330140870535665
118 1.5577705023140087
119 1.2519532613391906
120 1.6891306794282934
121 1.8530132121158782
122 1.0837574342343304
123 1.1368563465928647
124 0.3763914964992578
125 0.32775188966499597
126 0.22245359886752802
127 0.3375806977215319
128 0.6490332038758964
129 0.5561896332908748
130 0.6480801831149955
131 0.4312546995472285
132 0.24527300069867905
133 0.11992272691598052
134 0.613085803104746
135 0.9712649128446308
136 0.9907672985916747
137 0.34939592774019473
138 0.7973190729276202
139 0.6557122517509018
140 0.46393513759943467
141 0.2383835511230394
142 0.03755687871351697
143 0.0004275836788100857
144 0.00026844198457045404
145 0.009630418046708012
146 0.00610419474953112
147 0.005323976889775768
148 0.02931727087037263
149 0.3370628001617531
150 0.9451464059352468
151 2.098454797510068
152 1.5853093559136737
153 1.28409696722334
154 1.4898299424521337
155 2.6449399673514464
156 5.029142159568192
157 5.514338114511936
158 6.343213312621289
159 8.20090375810781
160 9.41411130045852
161 7.244796260033559
162 6.023371811458073
163 4.942116155611794
164 4.787288707312882
165 4.328684358372005
166 3.9452284099946966
167 3.0589503298904814
168 1.5208819952025252
169 1.2644769264448774
170 0.4526210874427649
171 0.16239122572112466
172 0.04533491035127976
173 0.0004721661121133907
174 0.06259472658780532
175 0.31371694214279283
176 0.6178600703729136
177 0.4793494061462499
178 1.339330904981713
179 2.1209197298237554
180 2.2343468120652346
181 1.7626403423900698
182 1.2865492060532266
183 1.7300071134541306
184 1.94177618295343
185 1.8187929193731533
186 0.6516461234459887
187 0.11855598053368245
188 0.035980244278664315
189 0.13960305128991693
190 0.21116911486309556
191 0.14734100283927717
192 0.250258806561757
193 0.03683052695819291
194 0.26222654366878284
195 0.041579838074050406
196 0.4465784371657196
197 0.21863853665193742
198 0.2763695765375357
199 0.6340706755249993
200 0.8924110611848927
201 0.35979139092546114
202 0.46605322761286244
203 0.27449536911321215
204 0.03090146898177923
205 0.0046264070461581736
206 0.01872111186098276
207 0.010474055775780873
208 0.08516769610474031
209 0.000531235900195427
210 0.03167925472879479
211 0.3350903340056631
212 0.13784234986202823
213 0.5036700851561685
214 1.8073988428093175
215 2.428281693958452
216 2.1335398217360146
217 2.362578116635106
218 3.8812661057381206
219 4.02655425879535
220 6.598420995939329
221 6.767173615794053
222 7.774968745986456
223 8.71569902285367
224 9.042941557544838
225 4.770062844508418
226 4.667788826036296
227 4.836782510540918
228 3.4831917534596184
229 4.204228004866026
230 4.631668542297578
231 4.200388304630431
232 2.338562955815995
233 1.579826488381367
234 1.489962459524372
235 1.0429699887608035
236 0.6264623238462319
237 0.3651861230373315
238 0.2805559642945406
239 0.3189581877234953
240 0.4424358601325021
241 0.39820482090779896
242 0.47396873628106445
243 1.2114411684360067
244 1.2593522874367342
245 0.9503347052302304
246 1.560720021521058
247 1.9223260920571001
248 1.97860425647089
249 1.2682254651840326
250 0.4581634480197866
251 0.25837847532764835
252 0.33388460315284213
253 0.20742046524751098
254 0.2675721558353638
255 0.5731292816664615
256 0.0468120152898639
257 0.09312407528102681
258 0.06678554400549518
259 0.12919443002489311
260 0.8545999594331626
261 0.08519189811838948
262 0.011236485321810213
263 0.10107693558484551
264 0.0022604919779055637
265 0.006896093145197808
266 0.0003245530188333691
267 0.1403692836371195
268 0.2872229700978977
269 0.4647980820408774
270 0.06252548420444509
271 0.022686454638343824
272 0.02928289502432876
273 0.12956708635342437
274 0.013136671194742358
275 0.0011634115874910888
276 0.6353292683193442
277 1.2213190817898312
278 2.4605152620102464
279 2.6044041054843703
280 2.137763074558475
281 2.957740499374704
282 3.6017447224652592
283 4.27228989579828
284 5.878941334251621
285 6.242163781709638
286 6.041686566598571
287 6.34671457210361
288 6.287223852517342
289 4.803110221324088
290 4.580985517970517
291 4.571053869173513
292 3.876149092655329
293 4.735725227958189
294 4.842242135163402
295 5.022466841650724
296 3.9577387689669288
297 2.601004183055797
298 2.426834273135134
299 2.1390031410645896
300 1.1172188538971615
301 0.9348762150122146
302 0.34692638182079005
303 0.38909241744552675
304 0.29713572163038754
305 0.13781493099921507
306 0.281411357162982
307 1.038061479791737
308 0.7024627445158155
309 0.36148766304031016
310 1.5126695401281023
311 1.956566894562437
312 1.9174877865024016
313 1.6440860513289512
314 0.7372603583795063
315 0.9018888076133282
316 0.9759241729912863
317 0.7559060012323298
318 0.7476968764458829
319 0.7998205586379266
320 0.1189562961440175
321 8.900490114029775e-05
322 0.22309175946624052
323 0.052609214692726385
324 0.3555456722461722
325 0.0018087783087731573
326 0.05525186778411405
327 0.13727223425535715
328 0.21735398820405716
329 0.6203716231830615
330 0.9427016135195639
331 1.3996622308194369
332 1.28669190189502
333 1.7063843451370864
334 0.8857790940269974
335 0.43784549227257186
336 0.09780178877888837
337 0.02830575078448145
338 0.01861078146202173
339 0.2833847774324565
340 0.06320437031042898
341 0.15119584705953495
342 0.5232820277605982
343 1.2200836541209066
344 1.932817715793247
345 2.721425719310848
346 3.234702471081414
347 7.404650064767352
348 7.583656181980821
349 5.833098625841975
350 3.7443984069512117
351 2.9780569529972336
352 2.791683291303406
353 3.757215088438688
354 3.2110684541716346
355 2.8930782628321983
356 2.566920041683071
357 3.0576119563766087
358 3.6627216751194838
359 4.3272197657319955
360 5.500634227768532
361 3.331579297613254
362 2.328978998436214
363 1.558141502899209
364 1.9237758458418752
365 1.5733897584317882
366 0.9496419321665078
367 0.6362034255622027
368 0.5843723865350755
369 0.30424125560141835
370 0.5183280906132253
371 0.5964886242712621
372 0.5192930784658686
373 0.23447305787283448
374 1.3416800131711997
375 1.874061231524622
376 1.9610236869816633
377 1.7880437348982068
378 1.3717564459588762
379 1.2111140117206078
380 1.2526848210685049
381 1.3273948661758357
382 1.221877860189457
383 0.7404832482120008
384 0.013659830539217164
385 0.045257627841722395
386 5.906185953244275e-08
387 0.22873785984374137
388 0.3737802381215259
389 0.16904741131280696
390 0.1643668907804176
391 0.39512746106613106
392 0.7808298261800651
393 1.319791032085112
394 1.5765914254366007
395 2.08079503623492
396 1.9172018768206982
397 2.9442534752820766
398 1.1205987745833224
399 0.3041938812124112
400 0.07111336705633922
401 0.010664390418340074
402 0.006222571152337305
403 0.0006094823515841987
404 0.08153707570256097
405 0.1226261627045726
406 0.41965808147174577
407 1.0648822490521752
408 0.8375718890999899
409 1.6420062333391203
410 3.2662032888761487
411 6.001325988021814
412 7.073804803867701
413 4.456336142582287
414 2.42114047513734
415 1.3729091843878105
416 0.9310819547684357
417 1.5274536293649004
418 1.2143017175912088
419 1.3208413120804574
420 1.5566769732979053
421 1.4370516889697862
422 1.6933951444663322
423 2.1415711268797146
424 2.5102034330851226
425 1.8142880751204458
426 1.5720618417989651
427 1.0788116469605828
428 0.9941250979780746
429 1.1998777897054342
430 0.8851998488178138
431 1.1608443041359477
432 0.743120528531327
433 0.6299769335967059
434 0.5120752218080945
435 0.3781918757901216
436 0.22829624823660194
437 0.7396752834404234
438 1.1074935853231125
439 1.120451528306526
440 1.7514251314335094
441 1.1180731349718214
442 1.2873459875089153
443 1.2094369128415776
444 0.9868093423260647
445 0.9211993267150766
446 1.1537450110117602
447 0.4392300237212825
448 0.05722209299838632
449 0.0056783061806265234
450 0.13740980728977323
451 0.050007414131935546
452 0.4763785200273585
453 0.429706050331898
454 2.8252271221585556e-07
455 0.27094144796453773
456 0.5694577826361195
457 0.9402868275959162
458 1.2564033265155787
459 2.3196852078859447
460 2.3787508516585696
461 2.991868936472554
462 1.035730933047755
463 0.7561946583047027
464 1.0706459602076344
465 0.6594309273835098
466 0.016038853282812827
467 0.03894056055606584
468 0.4980449775084994
469 0.4642481121897849
470 0.6273268537900712
471 0.9016388472876224
472 0.6928145662483043
473 1.011072997318925
474 2.0724360125431724
475 3.1044639170923016
476 3.4977812431520863
477 2.2693913276053617
478 0.920434368897803
479 0.997116891704134
480 0.5751924495519265
481 0.5113738681738822
482 0.38378240882449566
483 0.510787629962845
484 0.5181612930645163
485 1.039671052278605
486 1.3945053756500152
487 1.6389899787096858
488 1.3054582825730936
489 0.9471277411925515
490 0.7283680344188347
491 0.042657233998402364
492 0.05270019209741715
493 0.20731100152362347
494 0.6976734363934051
495 1.0657991000762972
496 1.4120793877670004
497 0.6619901683400483
498 0.37721123792638905
499 0.4237057824707213
500 0.1051825394312527
501 0.7019699271227041
502 0.5690196532254137
503 0.8184196592218804
504 0.33020166745753643
505 0.5582995991888403
506 0.36096020775606086
507 0.45079212045332173
508 0.736788007621404
509 0.6297080619518832
510 0.32158588938624466
511 0.4208014911208999
512 0.05098356966745205
513 0.0023384600604932524
514 0.19252692456909956
515 0.10321525995978521
516 0.2770374335309251
517 0.17534143706941804
518 0.045242103749516566
519 0.05110093414814866
520 0.2869678995866091
521 0.8618909069054153
522 1.0493496419970085
523 2.130006938271075
524 2.2737272279370133
525 1.8008697540329144
526 1.3127191770793751
527 1.41015402741888
528 1.021087921089284
529 0.5289143317266428
530 0.029138138632970583
531 1.9066683161559424e-05
532 0.0856563246797094
533 0.23491602584403062
534 0.4099645158343092
535 0.31789565322354973
536 0.23417963382453152
537 0.5770032861956557
538 1.3814222691284885
539 1.0422576055929482
540 1.6205027072352094
541 1.3146616624962781
542 0.8510380361388918
543 0.4810431454482238
544 0.11810010459489446
545 0.06933240935851412
546 0.12810287257815686
547 0.3062295184443065
548 0.6357747224090284
549 0.6074005340717552
550 0.6416807365549052
551 0.7257027032280265
552 1.2136040780188446
553 0.9694910617937952
554 0.9934949238403549
555 0.07752444636647389
556 0.012481836080279037
557 0.2404282386764411
558 0.7106875754877188
559 1.6482796497263847
560 1.6076628181366401
561 0.40283701811833034
562 0.10209115207709121
563 0.08580589071899455
564 0.02344669339131958
565 0.18438529127672498
566 0.38602660431767327
567 0.14584357106159404
568 0.031217803564037652
569 0.0034155452215684644
570 0.02727199354132843
571 0.038938595049116204
572 0.08904981000233415
573 0.10863059162623562
574 0.19459192548178667
575 0.09561750224318846
576 0.0394803437635182
577 5.270256084384631e-05
578 0.01905112318746104
579 0.0930586874672198
580 0.026597105351507735
581 0.5375197824322141
582 0.5907463800841133
583 0.6282131531891423
584 0.005625502740339886
585 0.20162778213570345
586 0.29632784302808657
587 0.7725100596213731
588 0.3874675387448253
589 0.41079422407681954
590 0.8732941658385193
591 1.0948846160938273
592 0.6066228547009871
593 0.3639065445100199
594 0.0003945749333768379
595 0.009527277419579774
596 0.005672079502545281
597 0.030981259797854196
598 0.05378671872436464
599 0.05961399169803804
600 0.0002840049953505545
601 0.0758496064408468
602 0.668998655945277
603 1.0775841692830022
604 0.6214485992322367
605 0.376695793343764
606 0.29691471518673834
607 0.17282092011718128
608 0.00023771310741643018
609 0.000929565107180189
610 0.09304895925924968
611 0.032374711035981066
612 0.003160619324556508
613 0.012302847013718374
614 0.19425465285618104
615 0.5806625178549122
616 0.45693214214938105
617 0.2840378532552567
618 0.14735478172873237
619 0.007873514595707887
620 7.241854520004982e-05
621 0.017169536012149007
622 0.2743979240849531
623 0.9231113077903031
624 0.5458934860186795
625 0.25844813875281863
626 0.049184081305886355
627 0.014741838730502273
628 0.0011308154987807926
629 0.016580891426862757
630 0.2576300748873222
631 0.003940670222362607
632 0.12750994100878624
633 0.09055185735565809
634 0.0006317306553067256
635 0.019706209979157556
636 0.15118292528565255
637 0.027198626331273595
638 0.011205628951406916
639 0.007378656548004641
640 0.030631608140563243
641 0.006590230874916651
642 0.01653889414720959
643 0.061243553981934803
644 0.00014175313161263891
645 0.11915481453539085
646 1.4815440895544032
647 2.6201082324415133
648 1.0584277527718062
649 0.28318710253734647
650 0.18244981984202585
651 0.1514787326849184
652 0.18408968100316903
653 0.004960413204418696
654 0.14758379356927467
655 0.8052425567162281
656 0.43157327357366837
657 0.4523147257264382
658 0.026520751122179942
659 0.012533901371998609
660 0.030338347916400138
661 0.20640538803183767
662 0.005847641150851399
663 0.03874687982254687
664 0.15146403198126068
665 0.10852696778976754
666 0.9947922404228045
667 0.7094853349118692
668 1.2004923501374503
669 0.9801956564759967
670 0.7957407550909456
671 0.20808759731787513
672 0.003239280719855723
673 0.05656208534461687
674 0.17220258090038318
675 0.11660061150664096
676 0.0016305852600400838
677 0.051638655372433694
678 0.1391454815589417
679 0.17975787855104639
680 0.11285563258635835
681 0.11446520916429667
682 0.02865776105249435
683 0.002952722322922073
684 0.015434092142163828
685 0.023087884941089657
686 0.09541471142691779
687 0.5140268681349904
688 0.1881171747727985
689 0.12720740402820468
690 0.007490697129614888
691 0.14161142083338277
692 0.1863979521603558
693 0.2105162826716632
694 0.08570172446582458
695 0.5298226942383739
696 0.13632544221202228
697 0.4152624529471363
698 0.5458920973294531
699 0.4497915879962991
700 0.0838481755555379
701 0.08816924363719073
702 0.2827501164387502
703 0.07476361463281962
704 0.0866843309137141
705 0.003097418933033009
706 0.0017111960485358723
707 6.4363156455709786e-06
708 0.08880693439166534
709 0.26509677690887407
710 0.7043269669497869
711 1.9579173542802393
712 3.611402039844509
713 3.036263888077132
714 2.046269928291901
715 1.8711931101211263
716 1.7382951961182227
717 0.7379371567958485
718 0.19645228709637044
719 0.06110007461805178
720 0.14182099226997189
721 0.09064146688149555
722 0.027374257197998332
723 0.10184039850629151
724 0.34251820618860646
725 0.4282953783946796
726 0.0038467781982895644
727 0.0003009473201074763
728 0.002384099137691603
729 0.46493301087467087
730 1.3862242009382932
731 0.8930880504329033
732 2.0038779587512145
733 2.2923065016005157
734 1.0836920819122258
735 0.505972462454849
736 0.029746822044393686
737 0.004846132983919361
738 0.1741784423593867
739 0.11830601993223219
740 0.13574396636988392
741 0.39946085110651663
742 0.25257398325132796
743 0.06317501861526484
744 0.005267454624070761
745 0.029149091929796627
746 0.05635444743503647
747 0.03004019182431707
748 0.009611822803155723
749 0.30017757098101705
750 0.2682365714698331
751 0.012778228086129356
752 1.1343934120767511e-05
753 0.11451732654191756
754 0.2890835422840766
755 0.35310935618143846
756 0.1629006674899187
757 0.14952677487826968
758 0.0004377807860739461
759 0.2517496639999065
760 0.2721443409767287
761 0.9694399531672615
762 1.1799810138511317
763 0.7896523339833769
764 0.3376344841702509
765 0.3622842502654937
766 0.14632934052650404
767 0.06883214195306377
768 0.002631272054765513
769 0.02209346514489922
770 0.12395176763179028
771 0.04872093251880028
772 0.5063397811261626
773 1.1152061329477765
774 0.964105919663551
775 1.2767350926160388
776 4.518412778153752
777 7.205533160776352
778 5.262343389240837
779 3.7721454397593455
780 2.953143241438572
781 1.6698025324440586
782 0.6261549259483942
783 0.1999384498029699
784 0.19824083343368562
785 0.07288758589988818
786 0.17220753153695204
787 0.2304605761768285
788 0.21329547626176398
789 0.035436903606963055
790 0.034445298787005495
791 0.005109297827065143
792 0.00027947393792090075
793 0.1824968775774838
794 0.2985817637910609
795 0.08218500455391647
796 0.38312786236317736
797 0.8529547312988804
798 0.2544238294862318
799 0.16439874226733645
800 1.1386511738599274e-05
801 0.07381389645305685
802 0.011172344825723475
803 0.033429197985036754
804 0.17264689224970536
805 0.11522459739648601
806 4.673408645556479e-05
807 0.12912746022231497
808 0.010629631129062468
809 0.00010254799216980904
810 0.0014505803934930412
811 0.051630273329267146
812 0.04169641574933287
813 0.2638559009294573
814 0.43042271242114
815 0.1473009792397307
816 0.09578711605107779
817 0.17731137355329524
818 0.5772310013676333
819 0.378383590245021
820 0.27841907668312854
821 0.16909340466624598
822 0.015031390754033161
823 0.21395183472265739
824 0.33139668085362806
825 1.1287356034432914
826 1.9925702076042524
827 0.9928634370065863
828 1.1633237169758182
829 0.6370913739688675
830 0.5051504194284855
831 0.9243775271513651
832 0.04562226839308398
833 0.12687577883247156
834 0.42126348216569415
835 0.805004622972362
836 1.804177064970601
837 2.6865657794800604
838 2.374392954079118
839 3.120397990478503
840 6.269046338206618
841 9.808096698414813
842 11.724152709914163
843 6.7379599884373365
844 4.9247106642139205
845 3.2682237992810923
846 1.5442921415678939
847 1.1565750277660762
848 1.095771860120162
849 0.49380279046941644
850 0.4167193110453896
851 0.6294816115312729
852 0.22194884036402734
853 0.0189770228394375
854 0.03411129283450156
855 0.01530858178267474
856 0.001254595093184736
857 0.24409053543693607
858 0.2420512041547629
859 0.06507738117719047
860 0.2706702804768037
861 0.5299458616384787
862 0.18841129614902058
863 0.03914775729428927
864 0.30090359839136605
865 0.6621391017108444
866 0.057364778207768544
867 0.0014091175326654878
868 0.1403428944142121
869 0.0019308357619463206
870 0.3215301921021542
871 0.08383537187785815
872 0.007138227500957764
873 0.008392609799706458
874 0.0010474305628400708
875 0.012872886618081033
876 0.1081293714122332
877 0.5293052435239831
878 0.8151275145295787
879 0.7326724966919874
880 0.9045221702455201
881 1.2489853925212344
882 1.6264581420431645
883 0.8136281793663054
884 0.6952892681979513
885 0.48061918070026344
886 0.837230329558128
887 0.9932732960345807
888 0.7775803704931413
889 1.719396248999801
890 1.787475988194663
891 1.7946137291134914
892 1.0731735526546962
893 1.263126208607904
894 1.8218185639323408
895 1.2506037275072637
896 0.04855055661901365
897 0.664361554015382
898 0.9207836198200218
899 1.5235959742522946
900 2.5467883131610676
901 3.8131831044078037
902 4.641933790831558
903 7.7700692978397505
904 6.867234067476669
905 9.53664612408337
906 11.429453446069031
907 10.578399744129243
908 8.2769172321027
909 6.329742270267816
910 4.361639768447596
911 3.297686923339423
912 1.9412670732532435
913 0.6667787393608474
914 0.8395540992878643
915 0.48363244154001894
916 0.18115669511988056
917 0.02849443647029646
918 0.0008301708180573474
919 0.06737948010319579
920 0.2002724640710094
921 0.43045645403416377
922 0.6378713399109999
923 0.27907370846864615
924 0.1500593862684585
925 0.5945441702366909
926 0.3464720006184362
927 0.13076186462769457
928 0.010478460432212181
929 0.0062637643695195545
930 0.11489108656272279
931 0.04914514258885826
932 0.4911389543347726
933 0.003989010195080167
934 1.0462563801003109
935 1.4283868666375237
936 1.523740351790874
937 1.3748703932618453
938 0.6131918074726427
939 1.3104868684991269
940 1.0833226041651713
941 1.7835542255821704
942 2.806923089182952
943 2.1186159396317334
944 3.0599269346582894
945 3.6256521634175605
946 4.3091239644195225
947 2.4990101027811003
948 1.673418583719084
949 1.2551287583324302
950 1.5715178723074372
951 2.1632210145772968
952 2.8074716622313733
953 2.5540746195849016
954 2.418996777312951
955 1.7159121029574995
956 1.5147381656329215
957 2.609636656698081
958 2.927886200230565
959 2.1790885459494804
960 0.018439714950705944
961 0.3751582499086095
962 0.9701106205038231
963 1.0299489418218297
964 1.8596261583234657
965 3.8927519907854
966 7.212757614646455
967 8.422480837864597
968 6.628043372445651
969 6.635352803778912
970 8.989532009803673
971 13.515233547985481
972 14.083510199621266
973 11.370751769013108
974 9.00521640033443
975 7.760662516321328
976 5.566710433007414
977 3.1092210981093285
978 1.8421271271799085
979 1.3272688779659003
980 0.8195278804260779
981 0.6378007404281811
982 0.4369210172965599
983 0.2697694540658226
984 0.49169591687549624
985 1.259133986453831
986 2.3666351250716566
987 1.705069534006155
988 0.8603607727554677
989 1.1302401425805049
990 0.9106147285796994
991 0.9248060678872617
992 0.9292518891951587
993 1.2869052436277881
994 1.9224313241876583
995 1.8373711083668527
996 2.1186941266745873
997 0.05563314505003024
998 1.1299410908303438
999 2.5136006927689123
1000 2.5217698150285335
1001 1.706565069050142
1002 1.0668534730734631
1003 2.116920630685529
1004 1.455476577213377
1005 2.774385044311561
1006 3.6412945848619445
1007 3.012583223372012
1008 3.274197015592753
1009 5.0995542552927455
1010 5.26886690534388
1011 3.4604981848530882
1012 2.742841968433949
1013 2.378112737085405
1014 2.6140349243194936
1015 3.6613113908259165
1016 5.613372880702897
1017 3.4204423612161636
1018 1.8635189112967132
1019 1.634585135523278
1020 1.9306102283130404
1021 3.749084009640235
1022 3.1930946621090057
1023 2.6442315134390455
1024 0.2213258008731677
1025 0.5590147123292654
1026 1.6808465150754417
1027 1.4176615063036953
1028 3.241261792622777
1029 5.915665549931452
1030 7.403497144966727
1031 6.995377289803628
1032 7.142551703532346
1033 6.772051885992148
1034 7.79654823167052
1035 13.809222111727918
1036 17.07311407998494
1037 16.052747687767194
1038 14.3054862773585
1039 12.314864939992292
1040 9.486496848474786
1041 6.527674464621536
1042 4.932687112405046
1043 2.535817435498798
1044 1.2628355220471914
1045 1.3035347280018523
1046 1.0743765036640647
1047 0.8934953866527701
1048 0.8004082867914057
1049 1.0566771457629562
1050 1.5427464631271859
1051 0.8965919720865447
1052 0.5247437983792973
1053 0.608100967788299
1054 0.7758748779168987
1055 1.3969945303514533
1056 1.4365370263165624
1057 1.666949497095034
1058 2.3146450572525734
1059 2.504608294508683
1060 2.140964031510968
1061 0.6033730019671001
1062 0.7779556377500819
1063 1.9073742834724685
1064 2.435645512452637
1065 1.633240032383496
1066 2.2842288865441387
1067 2.1589673673180756
1068 1.897603032396807
1069 3.354059112413429
1070 4.82800760395666
1071 3.319796233699297
1072 4.403192866015006
1073 5.774956274667899
1074 5.260739837992334
1075 5.081901123016949
1076 3.774849083175916
1077 4.699955065907175
1078 4.019606017963667
1079 3.9316882457363884
1080 3.9895910690030094
1081 2.8670519067891496
1082 1.8494632355985634
1083 1.7571653379841254
1084 2.7499488217887476
1085 2.945803222194022
1086 2.9461881032917248
1087 3.0356392714945044
1088 0.3836896863478867
1089 0.5240573662384355
1090 1.5698311795839461
1091 2.133173828768867
1092 5.690880750188317
1093 8.842810320647605
1094 9.216237876919987
1095 7.390679994943173
1096 8.93522468134622
1097 14.059824210198112
1098 11.99417086541628
1099 13.420434212123455
1100 18.689284127503242
1101 20.485760710794583
1102 16.961305421970486
1103 14.452887337631436
1104 11.23369141981908
1105 9.572851407111516
1106 6.212323153333415
1107 4.265409436852488
1108 3.2418956211862615
1109 3.453914506963708
1110 3.413026648980678
1111 2.6521483062951283
1112 2.185532993780321
1113 2.5402538704791175
1114 1.715083219817578
1115 0.8652793300490935
1116 0.565031250378573
1117 0.44074372281947927
1118 0.4751116826738996
1119 2.436637825201491
1120 1.6707731291763077
1121 1.41249863409663
1122 3.222348006603918
1123 7.2610099005207855
1124 6.1424893371875875
1125 1.4364104774701836
1126 0.30806624704373525
1127 1.3715873737675683
1128 1.05749807594545
1129 1.7890376654329148
1130 4.42144501637488
1131 3.544438607409023
1132 3.1115941478355578
1133 3.3467099782793457
1134 3.545488393970021
1135 4.4913478381583705
1136 4.946224957743524
1137 7.048824252661929
1138 6.294787838351413
1139 5.967458606249906
1140 5.838339991591299
1141 5.1085608415379795
1142 4.240378671147866
1143 3.267197528489459
1144 3.0570601159692545
1145 2.653077704491973
1146 1.4239698739488174
1147 1.1646728107945568
1148 2.1972518906579883
1149 2.3929368872050807
1150 1.683787679264437
1151 2.483135000970583
1152 0.32186057688045094
1153 0.6420931496662461
1154 1.3013713225378785
1155 3.08606595666138
1156 5.600137756532587
1157 9.352395069151925
1158 12.856333063253874
1159 11.251458843453392
1160 12.720245194946912
1161 15.470048109529007
1162 14.610488497850426
1163 13.964126868158292
1164 19.224067769740344
1165 22.111367996231216
1166 20.44904861696343
1167 17.427331984749713
1168 17.387651398937205
1169 15.449596105592589
1170 13.545408239576183
1171 10.873159792499653
1172 8.458866382042508
1173 6.250091059786273
1174 5.125797548851118
1175 3.7841765499197098
1176 2.765976821958429
1177 2.6020762562072477
1178 2.1715597738721537
1179 1.1539954471669274
1180 1.035714243404045
1181 0.35213469822734544
1182 0.9407570335652555
1183 3.5868574782150566
1184 3.8519770682715353
1185 3.603106652159059
1186 6.355440595281133
1187 9.058997454936042
1188 6.528584543805952
1189 3.740444051121163
1190 0.02754726571915453
1191 1.3257311229205577
1192 1.1041828276864436
1193 1.2415974509978644
1194 2.1965945619144813
1195 3.21577547575424
1196 2.2755955471312466
1197 2.3245810993782183
1198 2.769280741779938
1199 3.5460538734164557
1200 4.224837282902635
1201 7.322346616012597
1202 7.510629863605079
1203 8.142642332614042
1204 8.975836724575425
1205 8.084581804136201
1206 5.0476252022891295
1207 4.607355865031538
1208 3.3694817193439452
1209 2.249797305113346
1210 1.278269650646366
1211 0.5326671479427928
1212 1.1519348050342022
1213 1.0784288530730806
1214 1.3663539993788651
1215 1.1251307550387424
1216 0.5045194459963942
1217 0.7401142848065141
1218 0.9437002145235155
1219 2.185896720530374
1220 5.372717799527926
1221 8.793706049362019
1222 13.125678990446675
1223 15.079067043930001
1224 15.489368439613482
1225 16.015633967137397
1226 14.927208342831722
1227 14.546175224874249
1228 16.693442564696785
1229 22.392741467390675
1230 24.52729050596603
1231 20.480669341047644
1232 20.198252006075215
1233 23.99601841741512
1234 19.735787062509072
1235 13.868694066868878
1236 11.630891948461223
1237 7.175273698967993
1238 5.955095578960857
1239 3.9550751214075066
1240 3.1812448132538185
1241 1.7619070809963873
1242 1.8922049124968208
1243 1.479527761205547
1244 2.0121948037809094
1245 1.779303022625698
1246 1.5697346563893333
1247 2.216016231921623
1248 5.804928133540019
1249 9.279939394287217
1250 14.807689159309943
1251 11.852568000743528
1252 5.5925396483317735
1253 3.7998182987930624
1254 2.1106605764376303
1255 0.0001477778027954298
1256 0.5097772528454664
1257 1.1187869952754437
1258 1.561328347733326
1259 3.3458073654670963
1260 2.995219541413528
1261 2.6165265348867273
1262 3.6372903120032656
1263 5.12083848068152
1264 6.5536483162176005
1265 7.641166611489095
1266 8.349245622013603
1267 8.967278287855207
1268 9.746196543672184
1269 10.739052200054484
1270 7.96098738665041
1271 6.842891421184588
1272 5.1280999548137505
1273 2.968700861870423
1274 2.4301025952317157
1275 1.8756641156295593
1276 1.1089210905311346
1277 0.32427187120674955
1278 0.6223772962831398
1279 0.7257292742977239
1280 1.356067013167546
1281 1.3924495721371357
1282 1.3411171788133571
1283 2.8257430841383058
1284 6.202683755754109
1285 9.417317161708013
1286 13.296228089319014
1287 16.454034716507373
1288 16.767885930322
1289 16.429085327012814
1290 17.800663151769502
1291 17.223427258662422
1292 18.305407563786137
1293 21.327799244097726
1294 26.68331292659048
1295 27.998682322163113
1296 27.307410464043656
1297 27.82500205471036
1298 21.041299916787302
1299 13.756354490685847
1300 11.955575659018985
1301 10.388207223929202
1302 8.993903300864794
1303 6.053739763652005
1304 2.9471065443520708
1305 1.500204414293961
1306 1.2962200069724505
1307 1.267799034611432
1308 1.607009985451185
1309 1.2111224645542356
1310 1.3578830666231954
1311 2.0283621320016074
1312 7.1633471140772675
1313 14.776613555159598
1314 27.077212208957185
1315 19.520753394480867
1316 13.691013295117386
1317 6.614146432441839
1318 4.61050276313746
1319 1.0872333936075627
1320 0.021236994423226782
1321 0.9700732966198498
1322 1.5424645645843869
1323 3.2394914190110558
1324 3.366718415447538
1325 3.50980166190177
1326 4.891038230874504
1327 5.980620300808253
1328 6.726325206467646
1329 5.912211792074582
1330 8.416253851015885
1331 10.112035485117532
1332 11.043794632040886
1333 13.311751557607462
1334 10.807645191022608
1335 9.032699304209054
1336 7.208117323608702
1337 6.054407634071164
1338 4.862161196221516
1339 2.518539210018714
1340 1.2013819325198738
1341 0.20007760933589833
1342 0.22554208480152219
1343 0.3526879351910332
1344 1.3675780969595066
1345 2.182358583627328
1346 1.9030239211135744
1347 4.4945775374625505
1348 8.007446405678284
1349 11.394318960978035
1350 15.30652826491178
1351 16.0726679198122
1352 17.61506002404427
1353 19.67086702177429
1354 24.59376713960993
1355 19.809576992418503
1356 24.30163987665121
1357 34.20594686442946
1358 31.923081791528006
1359 29.240417299327163
1360 33.99228817493487
1361 30.804561311925973
1362 23.55252686076078
1363 18.386514815128912
1364 13.578070211208292
1365 13.641867626763977
1366 12.30140415223383
1367 8.34425979248344
1368 2.840303657312686
1369 0.8593393510053913
1370 1.1866769883131103
1371 0.8173339512129112
1372 0.8814895002624276
1373 1.1557682038752202
1374 1.9294167850252428
1375 2.668882446917559
1376 7.367517051990229
1377 15.771036763188457
1378 24.165420193423618
1379 22.634166606926673
1380 13.443755442436691
1381 8.321395220124026
1382 4.563324912992292
1383 3.0323646558122657
1384 0.8272785573028361
1385 0.19714908313766408
1386 1.8539783865620008
1387 1.0928637079608605
1388 2.163209236666373
1389 3.4443780004476747
1390 5.139603242077745
1391 7.056657383957725
1392 6.50405857186943
1393 7.399923269912947
1394 8.15065502813985
1395 11.30987105710456
1396 13.878746317323342
1397 15.813330051254365
1398 12.40682943778331
1399 12.91998195237217
1400 6.702710551444612
1401 7.314343030123514
1402 5.131437383088812
1403 4.393279733982065
1404 1.723019525765007
1405 0.5378895487704777
1406 0.21418755484405647
1407 0.33333543845316804
1408 1.3958084406472635
1409 2.0917332393629726
1410 2.3500875786737954
1411 5.0965306085279884
1412 10.053020589155071
1413 13.367637387194627
1414 13.26879178998167
1415 17.192017333245264
1416 18.300810802306337
1417 21.731406473002888
1418 26.743898337349478
1419 23.543111329014618
1420 25.954684958604716
1421 45.52612899477369
1422 46.03665241080036
1423 32.054702882571036
1424 29.753280186095292
1425 33.04805671653117
1426 27.059013600592333
1427 21.7590553108218
1428 15.931848351391324
1429 13.93320772378682
1430 12.913662976725378
1431 7.322989181658732
1432 3.21311997944515
1433 1.4674938995696483
1434 1.3555410018608185
1435 1.0031611605146822
1436 0.6534803016689495
1437 2.0084958663786865
1438 2.8877514190687266
1439 3.738166645072696
1440 7.644430261732711
1441 14.932878412806597
1442 19.98436091724803
1443 18.205566590965244
1444 13.052174254626001
1445 9.264575427512627
1446 6.013261034257883
1447 2.389734731486744
1448 2.4232882827400295
1449 0.11511626937536745
1450 0.9925432148372467
1451 0.9031958616171372
1452 0.9941290255802384
1453 3.455129968354497
1454 4.119992501717605
1455 5.273318825864714
1456 6.459086112293604
1457 8.666737484153147
1458 9.971557197975336
1459 10.106954588675293
1460 11.494726944802714
1461 14.769216749402142
1462 11.924347698303269
1463 9.438141649010113
1464 6.298219953209759
1465 6.025903925059148
1466 4.363182888528168
1467 4.247576313226225
1468 2.450946085548363
1469 1.1929882288042408
1470 0.24859809418672255
1471 0.12782809246291266
1472 1.6411481846282074
1473 2.2365542501092444
1474 3.167746729580394
1475 5.7967386118116275
1476 11.154153946275636
1477 14.642358142232311
1478 14.463341307373744
1479 18.744039608787716
1480 20.053441138608623
1481 22.610764553194347
1482 26.45927949598477
1483 27.77967904988414
1484 32.20333559970137
1485 46.45518664511214
1486 56.61810439135746
1487 43.57627917451766
1488 31.20483085376747
1489 32.33981612157406
1490 23.78768305716489
1491 19.58626854146481
1492 14.464441584071354
1493 10.162793206860512
1494 8.133421796086166
1495 4.981264256712207
1496 1.8267104428104137
1497 2.7035616720657965
1498 1.9482458703299472
1499 0.6114734562113816
1500 0.10402668558567799
1501 0.6293679288925356
1502 1.4036309555790798
1503 3.037628897699828
1504 4.022405175759526
1505 10.240153518571296
1506 14.836283396396537
1507 13.700739905293707
1508 10.531665046781372
1509 9.49554315995806
1510 8.868860752366952
1511 5.308237318070892
1512 4.132505452206159
1513 1.2931599392692419
1514 0.1271969566953504
1515 0.3860378835762776
1516 0.9494403938747048
1517 2.247103524451553
1518 2.5963205291875533
1519 4.240314045256853
1520 6.255885656392658
1521 8.14821135657326
1522 8.535488816569016
1523 9.675225583282073
1524 10.054307852052023
1525 12.711730088377992
1526 10.3229912744918
1527 8.781084313677193
1528 6.89791000712799
1529 6.3975152504644
1530 4.7230786195158085
1531 5.066975069757871
1532 3.154520890918564
1533 1.0831208496871243
1534 0.18860227347897754
1535 0.14732831161986537
1536 3.156378900055302
1537 2.6582009196362257
1538 3.672933472916363
1539 6.670065682663343
1540 10.44362381671357
1541 12.851474359361012
1542 15.920182861246344
1543 18.729920864544116
1544 19.5720430608723
1545 20.42672007155364
1546 22.41104948087246
1547 27.039176779086308
1548 34.12564692283155
1549 48.375172119192655
1550 52.18825239343912
1551 42.56276773986313
1552 37.35911421701674
1553 38.626315343943034
1554 31.00241621583835
1555 23.006974073053055
1556 15.479607350473248
1557 11.523698305567358
1558 7.961597247453309
1559 4.0594928297064925
1560 2.142244876647014
1561 1.4933205034682802
1562 1.4777659522838142
1563 0.5534525320191263
1564 0.00015435914567799792
1565 0.011156346716677305
1566 0.1630877476852548
1567 0.6766711667643006
1568 0.9977366636246994
1569 3.2771014466147634
1570 6.873278066341936
1571 8.952381341293068
1572 10.100204766562314
1573 8.896940239321571
1574 7.206741989918658
1575 7.453077090903523
1576 8.002062044188047
1577 5.252578879403756
1578 1.0336680958790505
1579 4.5999508355096575e-05
1580 0.474872525706523
1581 0.4904233914939027
1582 1.1531162686036367
1583 2.326412099803212
1584 3.1544293419457436
1585 5.177287986907946
1586 6.629332346335797
1587 7.281582679355122
1588 8.803503765911293
1589 11.891030045555915
1590 11.126926912372157
1591 8.814852334442516
1592 7.604366852754874
1593 7.135314405016747
1594 5.146069193421318
1595 5.091672726554543
1596 3.427948072667208
1597 1.7413270157807856
1598 0.19171236151093193
1599 0.11573622074695045
1600 2.672352873360069
1601 2.3124916182038486
1602 3.4810343645893784
1603 7.755588813681403
1604 11.798863727612957
1605 13.687053824701643
1606 16.940960661571125
1607 18.588215844266657
1608 19.74574211820701
1609 20.39225671624441
1610 19.643419215378888
1611 24.653914121043453
1612 32.70412589749682
1613 43.31888475412123
1614 55.67783035853092
1615 49.54726817698008
1616 39.49917271217095
1617 44.41598362403579
1618 42.20340146746083
1619 29.982161820355486
1620 22.190790341467622
1621 14.545780183599767
1622 9.823882972162666
1623 4.975272455734093
1624 2.6333343711475004
1625 1.349386408293918
1626 1.1530409269822466
1627 0.8336188022518447
1628 0.04500841613896291
1629 0.012740021677371512
1630 0.02291184727505211
1631 0.38775300843766225
1632 0.9892441829803111
1633 1.4911156418219433
1634 2.512258246594907
1635 3.8801448268844307
1636 4.283940269802319
1637 7.148486935032854
1638 7.89594719091655
1639 8.81919897896733
1640 7.9957213786181685
1641 4.4465694855655835
1642 1.6517630659810163
1643 0.051992435905727906
1644 0.18327781599997234
1645 0.29514204837614166
1646 1.5166381868232672
1647 1.8136009631653902
1648 2.7476204171960443
1649 5.954814042101911
1650 7.011382809335727
1651 8.48992980507204
1652 10.38729450310896
1653 12.15949255535231
1654 11.34144535602241
1655 9.013726109713158
1656 8.770208931414071
1657 9.048581395314558
1658 5.9384941401436
1659 6.7509045799638985
1660 5.351853727528506
1661 2.596909793567067
1662 1.093283849768536
1663 0.21678707947188164
1664 2.0769678082909984
1665 2.204118173803175
1666 4.238101199874778
1667 8.181459747002517
1668 9.35778548388407
1669 13.92346010535665
1670 16.748370933279272
1671 18.06862415410505
1672 18.51184873746894
1673 18.585080673675012
1674 21.376418971429427
1675 25.174277631267532
1676 31.454215454412637
1677 40.80450041165626
1678 53.31685404588085
1679 49.12543944910366
1680 44.49960065241669
1681 48.64710576047145
1682 49.5242773924689
1683 34.18555348817231
1684 27.202177191402953
1685 19.599997908285346
1686 13.715151999284068
1687 10.256059199639562
1688 6.101250178907507
1689 3.5911671210728535
1690 1.598630682884768
1691 0.8743096885872568
1692 0.22997021691629677
1693 0.22439460926441285
1694 0.32831308994377695
1695 0.9903131265329863
1696 2.289543155411967
1697 2.123653534130159
1698 1.6718322233591072
1699 1.6292108782488472
1700 2.483199393696596
1701 3.774243188203943
1702 4.832829838791677
1703 4.186426322302507
1704 2.7246951613975607
1705 1.573555523888391
1706 0.4860843111347791
1707 0.006879930643874222
1708 0.15500691204042366
1709 0.8564022163265886
1710 1.217179580895154
1711 1.3984751143253855
1712 2.709583851209981
1713 5.135785718865877
1714 7.505563085340124
1715 11.951747772452984
1716 14.256294093470004
1717 14.997645063110529
1718 12.474216694301536
1719 8.587845416665232
1720 7.2907716949068515
1721 7.3027426353241855
1722 6.2633462218322355
1723 7.659635417966285
1724 6.7661887638413205
1725 4.327901366599275
1726 1.5228694821325337
1727 0.6824156789443873
1728 3.0917002155925113
1729 2.297333256934306
1730 3.739295066680376
1731 8.13273152956087
1732 9.81854065251551
1733 11.827502034796728
1734 15.593334233535563
1735 18.693048536193654
1736 18.193480338120835
1737 18.621907380334196
1738 21.33865051019205
1739 22.768589846677582
1740 28.013537605698225
1741 36.569317571002756
1742 42.270401049568775
1743 41.97631810696364
1744 42.90838511015176
1745 48.44833324032807
1746 43.30918794031449
1747 28.43244990389871
1748 23.497480122414842
1749 19.792460162884826
1750 11.812397872363224
1751 9.72998958260303
1752 6.872809858483774
1753 4.391498675358593
1754 2.923552519750221
1755 1.6477822771992836
1756 1.1525960809896254
1757 1.1822755012563866
1758 1.4980218109954182
1759 2.359036118022913
1760 4.411629237774489
1761 3.277105505428316
1762 2.5428835065144937
1763 2.0202898676658614
1764 1.8888979655070677
1765 1.9602893881081096
1766 2.089014596206485
1767 1.4277644291809326
1768 0.6847352293000847
1769 0.08313889853175586
1770 0.0015526494857613948
1771 0.009390415078929962
1772 0.440198772715167
1773 1.378588342684116
1774 1.4659312460861305
1775 1.5938089300737868
1776 2.537498850911657
1777 3.4265152044602876
1778 6.584551179310223
1779 11.490977299465198
1780 14.045393730618441
1781 13.375302782270506
1782 10.346039690018726
1783 7.229409082274493
1784 4.909829352018306
1785 4.70105972261485
1786 6.050191276799915
1787 7.585959732825842
1788 8.727095895218719
1789 5.968697642769734
1790 2.7964177838528728
1791 1.762213393053567
1792 4.347871111895513
1793 3.7958418492199937
1794 4.398151404260617
1795 6.031605725467395
1796 7.8934900155974175
1797 10.807892231810033
1798 15.577834501324102
1799 19.182946889079282
1800 19.978975865551767
1801 19.919462006997623
1802 19.977117027621365
1803 19.98341849872151
1804 24.816068738326482
1805 30.775154984212755
1806 34.305370357383694
1807 37.56435275870733
1808 43.82693826062622
1809 44.66848926854241
1810 38.90641009585326
1811 28.617709510706277
1812 23.537967601878204
1813 18.114747220097385
1814 10.295077736749272
1815 7.481063167059023
1816 7.96317013321875
1817 7.733265185873021
1818 5.96587494444953
1819 5.123294248968814
1820 3.919987099506361
1821 4.1442834328590745
1822 4.529199512893617
1823 5.296298456452415
1824 6.132586623610164
1825 3.03932652299259
1826 1.8176591145138554
1827 0.9628827200901834
1828 0.8997821298538692
1829 0.49396920124998706
1830 0.11874150056423705
1831 0.0851514081194231
1832 0.0059126868258558615
1833 0.41701213835979156
1834 0.6630046068849497
1835 0.5318790161155885
1836 1.8116625730293583
1837 2.9379813472975207
1838 2.6716162885309176
1839 2.3123029802061086
1840 3.6287987270364574
1841 4.159477662632306
1842 5.345378748336569
1843 8.518267128138548
1844 9.627262356290322
1845 11.520576798258164
1846 11.6494346927856
1847 5.518440343157146
1848 4.18697182894523
1849 5.09323785145701
1850 7.178542115344985
1851 6.9045851799883815
1852 8.574920802289869
1853 8.619127495578619
1854 3.5069999068635513
1855 1.520750134329887
1856 5.3106600406549145
1857 5.49821013037532
1858 6.677041265381069
1859 7.296510614760429
1860 9.65753796512893
1861 10.650521699963198
1862 13.8886737637141
1863 17.305067875236368
1864 19.765471206813924
1865 20.629816757443297
1866 18.795144035667747
1867 19.19451149827311
1868 23.24092616820436
1869 31.557255816727483
1870 38.130794316515285
1871 43.18596016323471
1872 42.586958127657866
1873 36.16709159720531
1874 34.2105382774767
1875 27.921358639299708
1876 25.554272798485314
1877 19.259216663908642
1878 14.238964127671819
1879 11.737067275564522
1880 11.657375565858603
1881 10.393313813226213
1882 9.499829855267985
1883 7.449040860657254
1884 6.7481305129627716
1885 7.783093405320799
1886 7.851885750750872
1887 7.017402627129351
1888 6.414680990026733
1889 3.5923583765418114
1890 1.5844615092307472
1891 0.35020624981257015
1892 0.00014577553351195036
1893 0.18201783856811618
1894 0.4124764875802325
1895 0.46527160159001524
1896 0.9436276693557663
1897 2.759372726280675
1898 3.7557594378257355
1899 4.077919600421799
1900 7.585048904692389
1901 7.739960530340764
1902 6.045776431900671
1903 6.538644453764252
1904 7.470162110879454
1905 6.785115267376164
1906 7.437489506856746
1907 7.747400488785166
1908 7.061466524956726
1909 8.63760862624949
1910 8.02975159321458
1911 4.613854540483534
1912 4.5349481384816706
1913 5.383558050822821
1914 6.7109916641372225
1915 7.814426738343494
1916 7.514534529140199
1917 9.727067907436961
1918 5.985871652570486
1919 2.7003089500259434
1920 5.730476406722228
1921 5.653694850595139
1922 7.925460704650018
1923 8.854145385071071
1924 11.662572743939023
1925 11.56444749698593
1926 15.197056723217942
1927 19.09926593759728
1928 20.104968049082693
1929 18.93049093259474
1930 18.432036010407373
1931 20.120448125478216
1932 23.22852905472639
1933 32.74019021543527
1934 39.40185092762296
1935 47.55125744784685
1936 43.619812791161586
1937 43.86555401383699
1938 39.7138075415119
1939 30.77686143453692
1940 25.569347464867928
1941 20.157465295167196
1942 18.263606343028695
1943 17.714182422190383
1944 16.771152279352663
1945 15.922943003197739
1946 16.70652891447013
1947 13.65995393127581
1948 10.172987739345583
1949 10.169223104817407
1950 10.805116871765089
1951 8.953724150027675
1952 6.515107239619347
1953 3.4216337685424087
1954 1.1370555090189993
1955 0.24723261103334931
1956 0.016284605498210935
1957 0.5303635608817188
1958 0.9677779139960186
1959 1.5824268564373438
1960 3.2348950552441305
1961 6.421724138578406
1962 7.729516307122887
1963 9.505675715931416
1964 12.499394670166366
1965 12.44762535201795
1966 11.221193358066243
1967 11.506316463454661
1968 12.342878235136686
1969 10.022165037335236
1970 8.143469149045599
1971 6.611299623551755
1972 6.16109901738428
1973 8.913841027707614
1974 4.673734620185765
1975 1.7700506103555511
1976 3.524366415411794
1977 5.636399385196382
1978 8.498571466149496
1979 8.951732369153442
1980 6.984416340684146
1981 10.622663316624926
1982 7.984852810956245
1983 2.9408845054371966
1984 7.225685129241859
1985 6.405946900484622
1986 7.95380898183389
1987 9.143076213404527
1988 10.75976256380511
1989 12.886739759118221
1990 16.25007252510072
1991 19.08345444227574
1992 18.83154225963157
1993 19.88643755533952
1994 18.813122960657918
1995 20.41463108991682
1996 22.753634204396427
1997 30.030484984610773
1998 38.73080262951696
1999 43.45076969738866
2000 42.1068560352392
2001 41.71719910909062
2002 39.470544016038694
2003 32.580500605717006
2004 27.097773746698323
2005 23.03404362697554
2006 22.048911621436456
2007 19.014691990592848
2008 18.573157963479392
2009 20.6238964770298
2010 19.229215123393555
2011 16.281011132977344
2012 13.532709394615434
2013 10.8257337630729
2014 8.553612211682765
2015 6.364428693043843
2016 3.993640826044592
2017 2.4153291172584397
2018 0.9899545253327005
2019 0.13903739935486245
2020 0.04114348625919507
2021 0.2284401397289539
2022 1.07940103036518
2023 2.1083240571219304
2024 4.494448613811095
2025 7.372521443493727
2026 8.928180055854115
2027 10.105325091493684
2028 11.958372854982532
2029 14.86008964874427
2030 17.757914002155925
2031 15.9832760329384
2032 12.53362916287005
2033 10.225506976898206
2034 8.2873286711452
2035 6.247238907225814
2036 8.145929372509576
2037 9.789146704581333
2038 4.7361329827617835
2039 0.7378019769558605
2040 3.5781744585660005
2041 7.18916506528984
2042 10.418261125969899
2043 6.545972718574789
2044 7.095809801404555
2045 9.333484054537882
2046 7.449464760663739
2047 2.877545873271782
2048 6.134646146587761
2049 5.778521146636387
2050 8.470781700413102
2051 9.527738013571579
2052 10.645815892901034
2053 13.145459962001194
2054 17.17191504819886
2055 16.51959622740386
2056 15.828209992118472
2057 15.680400103624603
2058 17.21669884966785
2059 19.503370761554024
2060 21.434563044510053
2061 31.25349426937163
2062 34.3670593248746
2063 34.0620178619521
2064 40.63380159240227
2065 44.191432718952
2066 39.97983807129327
2067 30.168199260244055
2068 27.71748212593804
2069 21.723421162725217
2070 21.212036574635018
2071 19.353365515452616
2072 18.25511988050916
2073 21.727629743586842
2074 20.27787186924064
2075 17.920821396916253
2076 11.326356348953192
2077 9.023970226796044
2078 7.154047070780697
2079 5.339013655049215
2080 4.588842031545455
2081 3.340226939641988
2082 1.453926343922147
2083 0.3751846996936215
2084 0.07772734967378415
2085 0.10557844145158281
2086 0.3756127811532231
2087 0.8539939052493152
2088 2.1836164127114146
2089 4.428132051153306
2090 5.473346908111931
2091 5.436214705372
2092 8.208602992798719
2093 15.176794484084319
2094 18.002392341683386
2095 16.433787662552767
2096 11.775225010561146
2097 8.53651679774074
2098 9.445684361305585
2099 9.081215497986785
2100 7.0621589191916
2101 6.804579438170755
2102 7.310829398155027
2103 5.084910962700626
2104 4.644782143263694
2105 6.195312912838991
2106 8.05635717778476
2107 5.597979716786203
2108 6.440756941962875
2109 9.237190397126989
2110 7.482330020024134
2111 2.3379235989640677
2112 5.833432364050877
2113 5.47454222402696
2114 7.556282645851006
2115 9.089095435153581
2116 11.136175934054352
2117 13.711666257164973
2118 16.25298741682727
2119 16.748288101490477
2120 15.464967235499797
2121 15.843881589549735
2122 15.370119149355892
2123 18.418339791337782
2124 21.366708094442085
2125 31.217178039365795
2126 34.9065336295653
2127 34.911794732898485
2128 38.30950772974697
2129 43.48788570627607
2130 38.45175037547504
2131 29.025976455630662
2132 25.864643706768863
2133 24.11054669445139
2134 24.013336549075486
2135 22.653087894940693
2136 21.653387737111096
2137 22.849423273710343
2138 20.914058301781306
2139 16.98268694147094
2140 13.238207465289804
2141 9.725139853396799
2142 7.429350948304569
2143 7.131975640933544
2144 6.556288267817178
2145 4.969788060486497
2146 2.708297890771418
2147 0.9499200853204793
2148 0.4283539176282145
2149 0.08653643030998177
2150 0.009658128525029994
2151 0.011104174850482618
2152 0.5456890922759203
2153 1.697528528600114
2154 3.3669270828009275
2155 4.707049228100222
2156 8.076122072248788
2157 11.90449335500717
2158 14.699412548757753
2159 15.540479101586502
2160 12.490511614194647
2161 9.139877460922694
2162 9.117663470933769
2163 8.390275147603907
2164 4.905661387075184
2165 3.7902644420779072
2166 7.180284189969414
2167 8.159661974052561
2168 8.92076535708909
2169 7.448180162607631
2170 7.954036726478404
2171 3.7146584725318883
2172 4.3126348320795005
2173 7.222290374902479
2174 5.417926916292942
2175 2.793875906427888
2176 5.5564096269153955
2177 3.995865319333432
2178 5.343171437835001
2179 7.789892740129983
2180 10.770374639932218
2181 13.463519304662244
2182 17.489232690035774
2183 18.39433032182387
2184 15.583539499531481
2185 16.70707040756147
2186 17.575005041908074
2187 19.523641344920396
2188 22.037783656107717
2189 33.886689254126416
2190 35.315065871492855
2191 33.94401460614626
2192 38.71579728656522
2193 40.75351554189445
2194 36.75148344718141
2195 28.281905497602445
2196 25.00033858894377
2197 22.92200228393236
2198 23.656004463032907
2199 26.49461034229137
2200 22.547048063794453
2201 19.16970199401154
2202 17.564574958121398
2203 15.239407263665253
2204 12.459469166222053
2205 9.94646738007497
2206 7.380590308780872
2207 6.453575638015886
2208 4.820812929996304
2209 4.934496810097725
2210 3.8299334956082367
2211 2.0190787058546795
2212 0.9994970758031495
2213 0.3748044866971499
2214 0.12573456772634217
2215 0.020844004064478765
2216 0.44021900629925975
2217 1.5103826927313295
2218 2.671712499668116
2219 5.567140000246006
2220 8.01491087704241
2221 11.589253130098895
2222 11.53170501278648
2223 11.755493357468241
2224 11.324239826696758
2225 11.429564836294285
2226 11.791660989765864
2227 10.24892045795999
2228 7.79561987765175
2229 8.210159742445684
2230 7.606739394048813
2231 8.48054636003283
2232 8.982023746531484
2233 6.585807171078432
2234 6.14895813976644
2235 3.649951663144167
2236 4.602431195318451
2237 6.83861085903968
2238 3.4732710255973935
2239 1.6564889307355104
2240 3.975352976024162
2241 4.561968289719609
2242 6.078414505815784
2243 6.935399893351385
2244 10.378998234724682
2245 13.911812994420124
2246 17.505725933137402
2247 18.006532632252163
2248 15.856081520834309
2249 16.552569692891083
2250 16.658760965716496
2251 19.651764024931698
2252 22.077958554293883
2253 30.26563465589216
2254 33.348827204032055
2255 31.18251930799506
2256 32.87038814137784
2257 32.10539311931033
2258 32.42892964212434
2259 25.793655357036627
2260 24.71493205001566
2261 22.722940575293837
2262 23.46880660856738
2263 22.99895949579796
2264 18.221084634382738
2265 15.364004307513312
2266 12.736630549181077
2267 12.931701555811806
2268 10.662663690360766
2269 8.338497641795517
2270 4.899819841879338
2271 4.2660741633986055
2272 3.87940854618719
2273 3.668753319090081
2274 3.565236924554501
2275 2.565305432652142
2276 1.3584486673468104
2277 0.6025016303461315
2278 0.29496026189621444
2279 0.013284440038932862
2280 0.12411417209565051
2281 1.0539352204247876
2282 2.1645600783420242
2283 3.993609834989482
2284 6.577091874397495
2285 9.475187099849085
2286 8.722986957816993
2287 8.254437089466126
2288 11.46590200559439
2289 11.622843638864051
2290 13.840194485929967
2291 13.80668448010901
2292 12.758944234582431
2293 14.315323804255303
2294 10.631300180462462
2295 6.995230801439724
2296 6.574015458386536
2297 3.3783766069893564
2298 3.7787995937165793
2299 3.33072303497804
2300 4.476098763947224
2301 4.95919884438001
2302 2.2315615047153377
2303 1.1678520124832525
2304 3.366568520147985
2305 4.473301349214623
2306 5.918947873306131
2307 6.178520768716016
2308 8.333723859052473
2309 12.044038580266596
2310 16.440214193816914
2311 18.132622844252815
2312 16.811144851855627
2313 16.951323942785095
2314 16.65448408077084
2315 19.53699172402836
2316 22.187036264532633
2317 26.929742628423153
2318 30.35230611660202
2319 33.355065194738614
2320 37.38054196581403
2321 39.904268986106636
2322 36.681703371137154
2323 31.15874873302801
2324 31.17426235989084
2325 26.05137892128313
2326 19.494769017280813
2327 19.28598280481585
2328 17.01539713739966
2329 15.615543308131357
2330 14.583964456223601
2331 10.989192912470955
2332 8.93356678751229
2333 8.674688469778582
2334 6.531935573705837
2335 4.536151320200963
2336 3.716355635407953
2337 3.805330844080556
2338 3.1771777994359645
2339 2.7239237880912253
2340 2.290484100871546
2341 2.2272052243654605
2342 1.8736706509673822
2343 0.5175062586954505
2344 0.0012050047256783243
2345 0.4233555903005498
2346 1.567666816649433
2347 4.6605413495284935
2348 8.642268903363265
2349 8.42298690012769
2350 8.786888688081687
2351 10.744455248709329
2352 12.234417809993541
2353 13.256774950639024
2354 14.003101048162579
2355 16.739793774544548
2356 19.066896031339837
2357 16.424088855891675
2358 12.368826696476013
2359 8.055270576846432
2360 5.0145312440949255
2361 4.068946710284879
2362 5.224368721391817
2363 4.223293560935167
2364 4.564466728774098
2365 2.352961174074606
2366 0.7749151331591054
2367 0.41927774407594803
2368 2.82904374668405
2369 4.086968285869894
2370 6.807892820056027
2371 6.350084123756109
2372 8.583110160368912
2373 12.646837967563368
2374 16.362789636058242
2375 18.320679258413392
2376 18.256707550589912
2377 18.065167111997958
2378 17.590653121222697
2379 17.80964543344432
2380 21.48995752033757
2381 29.675903046708704
2382 33.43141620688622
2383 33.39576306159447
2384 38.35525691153759
2385 42.78360836616837
2386 43.86078900021201
2387 33.120850593062904
2388 31.635619852071244
2389 24.255278967990293
2390 15.248954146658356
2391 13.39925690914734
2392 12.970312444210958
2393 11.964593205899224
2394 11.16318240601413
2395 10.671711170384736
2396 10.855414808647657
2397 10.686656406183502
2398 8.178421063764011
2399 6.114447062466448
2400 4.303592460415296
2401 3.7203717150366287
2402 4.36249317147875
2403 3.368115672695895
2404 3.7383974211672175
2405 5.1249101045461165
2406 3.1428188642742225
2407 1.9610037063260166
2408 0.3998723682366348
2409 0.04026620932493958
2410 0.76039677176756
2411 3.1133967454531333
2412 7.647352692742121
2413 9.542286321504207
2414 11.349085986731726
2415 12.546488193809902
2416 14.123224303034217
2417 16.231381415169633
2418 19.193706146307537
2419 23.185842808338283
2420 23.97627614535525
2421 19.009416031308074
2422 13.096583246191615
2423 9.726556565967696
2424 6.729813361220121
2425 6.1112813049957335
2426 4.084823080629666
2427 3.9414719978971537
2428 3.4712553624316627
2429 0.8825029079306287
2430 0.20918865033600878
2431 0.024427478668086273
2432 1.2627698907837417
2433 3.1861251308334615
2434 6.329695420066292
2435 7.414364894231134
2436 9.733835252917093
2437 12.86435889317466
2438 16.93100667889993
2439 19.253685576177926
2440 19.34983146413828
2441 19.93270734885544
2442 19.09094562127708
2443 17.37782480921789
2444 24.813015625039196
2445 29.86513008481389
2446 32.114916889635325
2447 35.02373494777144
2448 36.91127632554334
2449 36.1791272022151
2450 37.62750862424867
2451 31.81093562121405
2452 28.427306038627712
2453 21.14881449075197
2454 14.022044738281714
2455 12.70422339529241
2456 10.817181614906914
2457 10.445133596775344
2458 10.423734685156527
2459 9.466082975462028
2460 8.004651173753814
2461 7.324304115064465
2462 5.618155336901474
2463 6.555500800678016
2464 5.857935355141323
2465 5.148436099189664
2466 4.951054431628632
2467 5.618492669004928
2468 5.336987593831659
2469 4.534253794333387
2470 3.575523708773021
2471 1.6599525546994673
2472 0.5714217781433114
2473 0.051397180586693667
2474 0.2516741320169974
2475 2.537027235873633
2476 7.293334434906058
2477 10.654922946016518
2478 12.593873855308491
2479 12.974996834203395
2480 15.102866166169104
2481 21.08159179156632
2482 27.972499557503507
2483 24.89597569986943
2484 21.019955728457706
2485 22.639043837019557
2486 14.737873349618452
2487 12.960310891433421
2488 7.813729448630776
2489 5.088316185752663
2490 2.985166852130374
2491 2.6579818967135593
2492 2.8792015033606067
2493 1.0534970436249298
2494 0.00010495095426677362
2495 0.11731248696387737
2496 1.2340126916136194
2497 2.7079708630098946
2498 5.988707457451653
2499 7.382572728350671
2500 10.983035984736706
2501 14.169275348647789
2502 17.4329189106828
2503 18.12301756647152
2504 17.602740035658144
2505 18.06127580123052
2506 17.84322678730046
2507 18.805600101640128
2508 24.583462454892686
2509 27.535024996939285
2510 35.80761357784257
2511 35.24698596198354
2512 37.713820025452165
2513 38.80871718725777
2514 34.12143238888366
2515 28.97196098438712
2516 31.54484088041309
2517 23.95007627427315
2518 14.737375935179932
2519 13.40379155963897
2520 11.854425070076962
2521 10.584597930745309
2522 8.926528859444463
2523 7.877208471513287
2524 6.68633423859678
2525 6.927686736467817
2526 9.53858077688042
2527 8.868963642478596
2528 8.103791248511858
2529 6.875545038082853
2530 7.856836722231272
2531 7.984679487114812
2532 8.409291451250184
2533 8.085068940855574
2534 7.929374563877671
2535 6.3249184873396445
2536 2.452898076044115
2537 0.44055275597936017
2538 0.004187783516803445
2539 2.7541220959324204
2540 8.169266858494227
2541 7.512421979172486
2542 10.50254542186936
2543 11.84069943185921
2544 14.733140962473392
2545 22.6340494556555
2546 25.697130471461683
2547 25.110258064641346
2548 20.487411148262083
2549 19.956988811961754
2550 14.716989250824671
2551 10.981412695676255
2552 10.374587642399012
2553 4.533815215415316
2554 3.208607801816482
2555 3.0368889682289177
2556 2.450182622707544
2557 0.8013496195125541
2558 0.11778036829202776
2559 0.0036984943767466054
2560 0.6653947294208394
2561 1.7468375799332743
2562 5.587697803737231
2563 7.873459671409494
2564 10.054541833880654
2565 14.374544810770479
2566 19.103737410347897
2567 18.2489076790839
2568 16.408229506784537
2569 17.968298488146072
2570 18.721162162980093
2571 20.393160861447726
2572 25.275964307616686
2573 27.86657257223401
2574 38.461518921949924
2575 36.83179454074635
2576 36.21547923993715
2577 39.827184541834335
2578 35.82167742640893
2579 31.343147529955683
2580 28.577163723271973
2581 20.396812801590613
2582 13.861468142805395
2583 13.038928518928264
2584 7.808478056742829
2585 8.39809704198257
2586 7.873872977633995
2587 7.973723936617249
2588 7.483893543340239
2589 6.763215459627397
2590 11.960724368345772
2591 12.767325209555615
2592 10.234694749658859
2593 12.416361305970417
2594 12.68272410539336
2595 12.591270851363262
2596 12.268488429911715
2597 12.135151904376249
2598 12.644100185415178
2599 11.187606966810117
2600 5.417442474293731
2601 0.8438941582454608
2602 0.09288875682483853
2603 1.2695569691189816
2604 5.810889153541883
2605 4.734908303473118
2606 6.476961562896904
2607 10.023802199115845
2608 12.784355622252553
2609 17.017314803330464
2610 17.887845244400115
2611 22.299739427197906
2612 17.48397226352117
2613 14.410341723176535
2614 9.581842797907129
2615 6.087451245630551
2616 7.557558309040729
2617 5.684392555537878
2618 3.692761780423195
2619 3.945208539374772
2620 2.3551788195473615
2621 0.9586916575567582
2622 0.20435824158778723
2623 0.020261189655853187
2624 0.6014933800322884
2625 1.0322857730637764
2626 3.37228086266002
2627 6.962313712307229
2628 11.189677451212324
2629 13.863912505954461
2630 17.76361361318544
2631 17.275479888837065
2632 17.205733826912994
2633 17.276642058074778
2634 17.2954022579831
2635 21.210089755214245
2636 21.27590908633007
2637 31.255676105959285
2638 38.292433677890905
2639 34.87686522379847
2640 32.2924783005714
2641 35.876039661814985
2642 36.39749883661177
2643 30.318802106431576
2644 25.560332431881843
2645 18.069006142293066
2646 15.114199319547957
2647 11.963995958041977
2648 7.412227893829951
2649 5.122325434714984
2650 4.888092200711084
2651 4.774273885499722
2652 3.875260852453718
2653 4.645940009748447
2654 10.710337468977695
2655 12.730082117552845
2656 14.349482160152856
2657 18.038968139216834
2658 18.496878729534963
2659 16.339802376262107
2660 14.458172622259166
2661 12.13747627144344
2662 12.192705748028278
2663 11.0391197241068
2664 7.953077870842265
2665 1.8238569268951057
2666 0.26327665754091184
2667 0.1254694207162312
2668 2.3241321538903366
2669 3.152748743177944
2670 4.38830275809588
2671 6.627248735647868
2672 7.521236538114656
2673 9.062424283227408
2674 10.805430587571841
2675 12.067772765838331
2676 9.269038887708678
2677 7.8276353405306525
2678 6.242198571773775
2679 5.70787224053913
2680 4.807353940057375
2681 4.963949994317343
2682 3.5985024296588093
2683 3.925969642083659
2684 1.6531618636777574
2685 0.5171225303196308
2686 0.31700567140186653
2687 0.3432203001693318
2688 0.0044937836143818174
2689 0.295941660812449
2690 1.5605750209998428
2691 5.341087745525626
2692 11.1289038095475
2693 12.149595541984382
2694 13.878557234263134
2695 14.59678684813946
2696 13.78988782272766
2697 15.882423434321398
2698 15.611526226818723
2699 18.727759713873066
2700 22.1099043520757
2701 26.20009700456275
2702 28.80235438938456
2703 29.394406958452212
2704 29.79425972981628
2705 30.479252498670295
2706 28.17337629772488
2707 24.239454197323997
2708 25.650069841091454
2709 22.214163266973962
2710 14.992669572818954
2711 9.557958778688223
2712 5.232078360110609
2713 3.287593713883191
2714 2.4127523983863948
2715 1.530439960780078
2716 2.1350607095203644
2717 4.7403771898091485
2718 9.062629053032051
2719 9.400677893543453
2720 11.574301147088423
2721 15.573499814943998
2722 20.881014437073855
2723 20.843832239738187
2724 18.325347831921746
2725 16.09039039765778
2726 12.666851883001412
2727 8.412227486716931
2728 7.170932579760832
2729 3.227358680474982
2730 0.3508978406651806
2731 0.03152573930782295
2732 1.653991098460579
2733 2.7913221290993557
2734 3.4086361677860046
2735 5.2071461093235785
2736 5.176097017703832
2737 5.671291086794163
2738 6.291926497632418
2739 6.848328494465614
2740 5.705333676902657
2741 5.807659604581608
2742 4.964515147363512
2743 6.3076494977121955
2744 3.653003436479882
2745 3.7295609953938804
2746 3.42972692050771
2747 2.1403192479598188
2748 0.8328907626849715
2749 0.6062468998539128
2750 0.6706317142009208
2751 1.051994626225083
2752 0.01787393304060623
2753 0.03802922560089211
2754 0.5741363402034615
2755 3.0087312328182247
2756 8.33992829455203
2757 9.811112383690054
2758 11.023241451880956
2759 12.877507376817348
2760 13.050336228772483
2761 12.485221628820224
2762 12.449782013303563
2763 16.54830109700177
2764 21.1294395366273
2765 22.92580019154152
2766 22.16362993684793
2767 23.786006980400668
2768 27.044742355942578
2769 29.490757358947594
2770 25.196383399925402
2771 20.248476178477393
2772 20.52075283753077
2773 20.628017542881796
2774 16.197489129296233
2775 10.226142534413986
2776 5.929109997965059
2777 2.2555072738547803
2778 1.909575178885288
2779 1.4963568600468298
2780 2.0954175985351733
2781 4.237759794876838
2782 9.002862044283567
2783 11.799605684453743
2784 13.482299545125578
2785 16.32569082697442
2786 24.296949908310207
2787 26.60810985130356
2788 25.083864725078744
2789 18.576597398062027
2790 13.875378481553623
2791 10.273763353430288
2792 7.601133932130588
2793 3.543552528175333
2794 0.6700145702814914
2795 0.0325474612984017
2796 0.3366162343475554
2797 1.1313462502138671
2798 1.8897481959691047
2799 3.447256544747811
2800 2.561554532443711
2801 2.177068354553079
2802 1.9978088699863914
2803 3.305243221292123
2804 2.554335546386512
2805 4.090227588612348
2806 5.677431258809708
2807 7.673892644164004
2808 4.696355715771955
2809 3.614171055533509
2810 3.828551472561141
2811 2.286803326399262
2812 1.3418758061422271
2813 0.8798811761751945
2814 0.6325578046098738
2815 0.6953584332586535
2816 0.003941110123022405
2817 0.0007328218578094296
2818 0.20605219936771757
2819 1.5665531309656748
2820 5.621563122556711
2821 9.00939558461727
2822 8.94876292930604
2823 9.017367647051497
2824 8.996155768745242
2825 8.14943666663488
2826 8.425156403561708
2827 11.91108681350237
2828 19.201086900351225
2829 21.22430756717298
2830 25.232552507008084
2831 25.582842419218128
2832 26.615540556126078
2833 28.51408822415579
2834 23.21112562678928
2835 18.942952071536673
2836 19.26009563078753
2837 19.00612670194164
2838 16.018143742524575
2839 8.649867048903511
2840 5.020985671236813
2841 2.0034942283480026
2842 2.2324917209692527
2843 3.97203336791118
2844 3.9098689309745023
2845 6.671311304099215
2846 10.375056696512404
2847 15.703107122577896
2848 19.962269694556195
2849 26.897204183306467
2850 30.965633611625147
2851 28.167431750471625
2852 27.227586676263467
2853 14.329394885288716
2854 8.628961251699634
2855 7.1947265573669705
2856 5.651677798200326
2857 2.122656386463463
2858 0.30797964864603533
2859 0.2332075542039259
2860 0.0015503097634304917
2861 0.1264418223657406
2862 0.5147994498479095
2863 1.0469252644638338
2864 0.7945254490127721
2865 2.08491343862211
2866 1.6298383768795803
2867 1.8785640010787543
2868 2.958436259993895
2869 3.514676636290981
2870 5.305038029276807
2871 6.522397005402008
2872 5.5553000727078565
2873 4.1335898338662425
2874 3.0721268605543597
2875 2.8297848280290485
2876 1.8151773396935713
2877 1.386979089936245
2878 0.8270327967960001
2879 1.0894102715722898
2880 0.0034291925780570594
2881 4.8015126196891546e-05
2882 0.30352462935411345
2883 1.3903731579215979
2884 5.08428437320463
2885 6.730403645789717
2886 6.5526686807995675
2887 7.132705330299362
2888 6.944415438889249
2889 5.557642987594273
2890 5.362089012765495
2891 7.786521182281655
2892 17.428212889350213
2893 18.272776723423323
2894 23.08254732561026
2895 27.26644680246228
2896 30.402518696202925
2897 27.781323120906347
2898 22.678735475374733
2899 19.208831885155384
2900 19.5576101870532
2901 16.97889875655425
2902 14.501919641600036
2903 10.246815359774024
2904 4.738751256581002
2905 3.3733957726130814
2906 6.055113935747688
2907 6.7685120528444145
2908 6.658096639330012
2909 9.232610152020584
2910 12.627327722693414
2911 17.058771136601937
2912 19.19488768161153
2913 29.2588202997955
2914 30.413172386502062
2915 17.185296744081704
2916 19.96438617506792
2917 9.945930598287006
2918 4.677425812115619
2919 5.119593078838447
2920 3.5317312526333375
2921 1.0670519293308591
2922 0.2366951782040199
2923 0.3486213448931483
2924 0.2706793173850382
2925 0.1658879672980177
2926 4.3157233510676494e-05
2927 0.07438391774882848
2928 0.027693755028961698
2929 0.8842421066317824
2930 2.0203300886116535
2931 3.1020468409323345
2932 4.998800947950325
2933 4.688528957360793
2934 6.70975075330057
2935 7.589447010807654
2936 4.8615997743932295
2937 4.567396333060411
2938 1.9831117474769762
2939 1.608913540776181
2940 1.9188546810918878
2941 1.2024506776534196
2942 0.6781546265296994
2943 1.280554008193588
2944 0.12013498405252539
2945 0.1298024238814575
2946 0.34266857999880473
2947 1.116947143599973
2948 3.5108112643620206
2949 5.164692351475986
2950 5.614511852686027
2951 6.267745042133283
2952 5.518101636962742
2953 4.296974460840272
2954 4.979728885335351
2955 8.59908990872639
2956 13.37867117967554
2957 14.917183764406653
2958 19.780019282152363
2959 24.753831650988122
2960 23.4498733296984
2961 25.680187955096745
2962 20.511171794092785
2963 19.98252955121482
2964 14.524111689535664
2965 11.383121319281353
2966 11.516268898820552
2967 7.546654941967248
2968 6.704187826344154
2969 7.3526291337584375
2970 6.8359939743517035
2971 7.84179788134626
2972 10.657478100250259
2973 10.195348525979544
2974 9.412407266979374
2975 14.266686050958393
2976 17.18249052416957
2977 26.67286879773934
2978 26.035108142705617
2979 18.005047440661173
2980 15.165344056729912
2981 11.568629584618243
2982 7.395282840550682
2983 3.7874270130725423
2984 1.370859757021931
2985 0.16618000373616726
2986 0.05788658672877232
2987 0.16685148480773895
2988 0.01845067795022551
2989 0.05099168917668346
2990 8.197817714800565e-07
2991 0.021851134022570964
2992 0.10686949349090098
2993 1.7227782109348277
2994 2.4665420963247877
2995 4.7760719578200055
2996 8.452766717365465
2997 7.021817589195014
2998 5.68597408574084
2999 8.096794931026562
3000 7.015683643565921
3001 3.4132084022225073
3002 2.1172006613791123
3003 0.5273030739216222
3004 1.308524814405926
3005 0.9146840458506938
3006 0.7587616553523558
3007 1.3196478228585864
3008 0.2973506140410517
3009 0.10704774077419403
3010 0.5387743290645244
3011 1.6018946984396782
3012 2.352441047660479
3013 3.4801081275241583
3014 3.6503311673545324
3015 4.340595968814958
3016 3.030113992434741
3017 3.8211232679811156
3018 6.250443409910827
3019 7.461270000063975
3020 10.17507369128988
3021 12.595282770475364
3022 13.7073586187351
3023 14.562604536549326
3024 18.86412951538338
3025 18.199697950577743
3026 15.46701168077847
3027 15.16490137502685
3028 11.691683933890706
3029 7.418700075264175
3030 7.951485454871862
3031 5.034237286777734
3032 6.191896638539603
3033 4.698015237021009
3034 4.627815581662947
3035 5.994501007305054
3036 8.251005838062461
3037 8.493336254632624
3038 6.587340291255067
3039 9.540060426972984
3040 12.642901675067924
3041 19.644307994040123
3042 19.39623418064421
3043 13.034237086338402
3044 10.040704992935979
3045 9.507578270707475
3046 4.734167422293765
3047 1.6105744324340565
3048 0.1309837457293738
3049 0.32178305004394075
3050 0.701821371756708
3051 0.47629213279612487
3052 0.00022013199697397
3053 0.008955806683382368
3054 0.3211247122002674
3055 0.5391402163987639
3056 0.9035630139497031
3057 2.1551432551042295
3058 2.772589546681627
3059 5.283194301951389
3060 4.9573898059406
3061 5.822733247568505
3062 4.1421430150414045
3063 5.490048965752157
3064 4.4604473796670865
3065 2.6871225859209416
3066 0.8388770991576684
3067 1.3817479043080165
3068 1.2757786607829442
3069 1.1878435516251662
3070 1.9039322783076171
3071 1.8710467279342486
3072 0.6615214478614985
3073 0.5147814879692018
3074 0.8810851593488301
3075 2.0151505048358604
3076 3.0192295983721733
3077 3.54746015407269
3078 3.9311937587433206
3079 3.361233824730268
3080 2.779039514956148
3081 6.36407239390001
3082 6.390946021849556
3083 8.544905051941095
3084 10.65823207067897
3085 8.897002403308086
3086 8.153846789261772
3087 8.674109962396903
3088 10.883372746751062
3089 9.880068394759968
3090 8.66869898367699
3091 6.429091289422566
3092 4.747095159085938
3093 3.213298505315862
3094 4.508022183794868
3095 5.296298485246226
3096 5.633887209786623
3097 4.019346997320596
3098 4.065476147936479
3099 4.627147533068325
3100 4.195663943342441
3101 3.6993551275803855
3102 2.6749729836243925
3103 3.1009491473885045
3104 5.406673666218176
3105 7.106160071201831
3106 5.63389180678043
3107 3.188496550414264
3108 2.777290877650023
3109 1.585062550795259
3110 1.137430651451989
3111 0.30231819602165727
3112 0.32640595275912176
3113 0.6071598807356273
3114 0.990233783286849
3115 0.33864672588020817
3116 0.07518047826377794
3117 0.0020223390713009735
3118 0.0691593364440068
3119 0.9840627679185824
3120 2.3011125208301864
3121 2.3359853468357743
3122 3.285963217309187
3123 4.773240326509069
3124 4.338441639550017
3125 5.92517735484509
3126 3.5485532464660543
3127 3.6773411481450275
3128 2.4913772232571696
3129 2.024049747505199
3130 1.3855374380451475
3131 1.7913492134283733
3132 1.6070261055993722
3133 1.291065905237854
3134 2.274031440125301
3135 2.6113384545829517
3136 0.70616302159057
3137 0.5419758975423535
3138 1.1057435428555067
3139 2.5683036602259564
3140 2.4671047908851333
3141 3.430744155998994
3142 4.0965253402436215
3143 3.4221440160380303
3144 4.6239912046390526
3145 6.648262565158889
3146 8.29879713695264
3147 8.949397057341987
3148 8.171975063377294
3149 8.363444855019196
3150 7.363695732339336
3151 6.30515086171821
3152 5.93488075878018
3153 8.37636061475422
3154 7.337015883195635
3155 5.998990972346323
3156 3.8384076162321548
3157 3.668747101921465
3158 3.5317836718295403
3159 5.530231108471699
3160 5.376378646723007
3161 4.202358256197515
3162 3.6387849963408123
3163 3.586541087884583
3164 1.9297012981035322
3165 2.317510012507666
3166 2.0026550251349193
3167 2.4625270159720025
3168 4.119589854788133
3169 5.624222693034145
3170 4.93793835835447
3171 2.1415972374484937
3172 0.598106305689095
3173 0.13227643505506528
3174 0.0970232629923525
3175 0.011678379136346551
3176 0.00925586091891312
3177 0.0038630518663431
3178 0.18195881387695223
3179 0.18600041129733433
3180 0.02878767670847001
3181 0.027099583008092516
3182 0.14128187007047888
3183 1.0651187209951265
3184 1.41111483615012
3185 1.2867974058069274
3186 1.885112770766051
3187 3.715286300337364
3188 3.9246242085679732
3189 5.360959308959838
3190 3.6171812657812126
3191 3.055107365937799
3192 1.6580646341875958
3193 1.4211021035888334
3194 2.0348138094823325
3195 1.3341718438850136
3196 1.5539305911555075
3197 1.6380817345997025
3198 1.8705524963371807
3199 1.8043822716849152
3200 0.9195687643070956
3201 0.8283699062586594
3202 1.468174649555866
3203 2.047018593917143
3204 1.4931172215021447
3205 2.3314943126683865
3206 4.997628299569878
3207 5.233356904575699
3208 6.219454119271597
3209 9.816711756391284
3210 7.898121726088789
3211 6.523613741907842
3212 6.792997857237845
3213 6.431552132092211
3214 4.839746908883693
3215 3.156976392479357
3216 2.463129403888752
3217 3.6729830686605935
3218 5.029065468135447
3219 3.5460967014547706
3220 2.9087431226157494
3221 3.026268810735012
3222 5.255182330763729
3223 5.4248306132326976
3224 4.904486908586495
3225 3.48251855216898
3226 2.469573656588759
3227 2.5098464909097657
3228 2.741776307447986
3229 1.8352935549092093
3230 2.2934007442785633
3231 1.4684381146349152
3232 2.142340496477471
3233 3.832939207428976
3234 2.991702273082455
3235 1.4558560093265966
3236 0.6283399844526936
3237 0.007716175237705143
3238 0.12524547894943389
3239 0.17291201572514517
3240 0.03142871384993372
3241 0.028465505808465366
3242 0.02559234614997581
3243 0.051749743494064936
3244 0.012014109775144088
3245 0.0171590716680724
3246 0.3895518779637033
3247 1.019944363934752
3248 0.8836416622589907
3249 0.40605352921625126
3250 1.0829047467534663
3251 2.209732180907278
3252 2.2377018780444424
3253 2.582612040206653
3254 2.7344339586543294
3255 1.8076463352700178
3256 1.93863958824013
3257 2.2879093280891345
3258 1.6634945452538632
3259 1.9022292040998479
3260 2.3718708473498675
3261 2.667771486151793
3262 1.5878969693614386
3263 1.7734076605877582
3264 0.57367258219817
3265 0.7927217769285452
3266 0.9082622384610446
3267 0.7602060944794357
3268 0.9534454446389408
3269 2.601078313339939
3270 5.084401311031435
3271 8.004155646600045
3272 8.346468506550206
3273 10.807150590641704
3274 6.336446227253779
3275 6.82523179794558
3276 4.536638297245231
3277 3.034251582698778
3278 2.848410220696749
3279 2.275411673370941
3280 1.6597563400573734
3281 1.0699390169626768
3282 2.052484558795668
3283 1.8413833193896538
3284 1.7580965211263289
3285 1.141540335697316
3286 3.17139322423309
3287 3.9146560514705873
3288 4.167062434701419
3289 2.961959357799883
3290 2.4565313415023806
3291 3.118955342726712
3292 2.384770939117191
3293 2.0804237014351554
3294 2.079178261870174
3295 1.3828075729528633
3296 1.8705313014838398
3297 2.375005666689371
3298 1.9650868655675031
3299 0.74835524020725
3300 0.38056273325099604
3301 0.15970385788424293
3302 0.22467974362678766
3303 0.05607214672416873
3304 0.057780225678105514
3305 0.00013758203064445767
3306 0.01574586539938831
3307 0.018412368352330916
3308 2.488444823971641e-05
3309 0.031722406969477056
3310 3.2417636816158635e-05
3311 0.12383340057057458
3312 0.18865466175599702
3313 0.07325724018850842
3314 0.44200704774286187
3315 0.6870689408239181
3316 0.7967205123411858
3317 1.7110098284071196
3318 2.8750309265084715
3319 2.6475265957245626
3320 3.7965491332370345
3321 3.518452768951277
3322 3.1126602637821343
3323 2.9928442786159106
3324 4.179833770850922
3325 2.9071583450744365
3326 2.285658738992991
3327 2.2109667904908834
3328 0.31948949676870353
3329 0.4156187892525726
3330 0.25742235169133604
3331 0.48346132236896155
3332 0.9374678401683724
3333 2.582174843344319
3334 5.100983153112801
3335 7.73412816297554
3336 8.358414851513539
3337 5.919513104690109
3338 4.92266147916206
3339 5.561993396377755
3340 4.010047253772621
3341 2.3018117091288435
3342 2.0754755906377538
3343 0.8778900250014999
3344 0.5226012161845361
3345 0.32900949581611727
3346 0.7575595183372547
3347 0.9277687614379339
3348 1.0519010486921565
3349 1.52185178641638
3350 1.346695246287024
3351 2.3298496337312984
3352 3.5760692028213876
3353 2.566567966334645
3354 2.7294791740606548
3355 3.3772082552517655
3356 2.267460031229646
3357 4.021439171381433
3358 4.659448008225465
3359 4.147410292139198
3360 3.353560781278938
3361 3.5891615798618184
3362 3.7362357578935725
3363 2.7389387956943674
3364 1.0819915474564916
3365 0.8668625814024381
3366 1.1575039597127261
3367 0.7807869419461723
3368 0.16916654602394166
3369 0.04754130636574945
3370 0.04839452604672932
3371 0.12475502800387112
3372 0.14436778949563103
3373 0.08820478478301212
3374 0.08424816039870602
3375 0.07111322311446233
3376 0.005576685377469066
3377 0.016326742037541274
3378 0.07836285912851158
3379 0.2323282093527489
3380 0.3060678685201338
3381 0.8957844474593287
3382 2.0006708063739755
3383 3.171638908670128
3384 5.334442172758512
3385 4.621732181552157
3386 4.270423739626045
3387 2.1399413573608443
3388 3.9776114045910123
3389 4.771748102422321
3390 4.787910765116378
3391 2.382285957238866
3392 0.09117942846734683
3393 0.0989881695945417
3394 0.09074026871186334
3395 0.30843394288418635
3396 1.0504795150890984
3397 1.4417298434734818
3398 3.6827038944900643
3399 7.059956710746009
3400 3.8649595696172634
3401 3.068828158191242
3402 3.1454667765604207
3403 2.742933569724917
3404 3.36183030195607
3405 2.0203180755675816
3406 1.2169418685578597
3407 0.3886647439301907
3408 0.07696846945179993
3409 0.02032089934853427
3410 0.022386438902045922
3411 0.37690440084126225
3412 1.225612684828152
3413 1.4084070814952712
3414 1.0196857078966246
3415 2.261047389661497
3416 3.082970858741423
3417 3.2886479969508113
3418 2.890166629782375
3419 2.9287108581315393
3420 4.994196913429634
3421 6.228695875873509
3422 5.574855166697835
3423 5.375018086255781
3424 4.5790699268444754
3425 5.257301616437328
3426 5.185595746485576
3427 4.214765166605878
3428 2.0580824728673455
3429 1.9809566272554453
3430 2.6264623828457787
3431 2.3460480555177745
3432 2.2519662923031456
3433 1.2347681287681003
3434 0.21484523807667608
3435 0.0028806770964221553
3436 0.057852078383648094
3437 0.3981712717750846
3438 0.2589001608048953
3439 0.0066197255823206005
3440 0.016171113200956634
3441 0.052021270791604374
3442 0.49892791323343083
3443 0.38406262388711976
3444 0.6466329054506087
3445 1.3197301810418216
3446 3.2026355105381428
3447 5.021724275753293
3448 6.823711456360633
3449 5.3365451091848
3450 5.5664681295157
3451 5.049570551816046
3452 4.801347819994624
3453 8.114574405896834
3454 6.848253658178055
3455 3.8683685342999854
3456 0.12721141146671064
3457 0.010788644620123253
3458 0.12662968126106278
3459 0.22345629160815783
3460 0.39940964805322376
3461 0.5397791579035186
3462 3.9607867380946913
3463 5.268611986716377
3464 2.9997305288293257
3465 2.6747403137003407
3466 2.617923922382143
3467 2.2511325877795554
3468 1.8157006368814192
3469 1.052077894000617
3470 0.4469244342690619
3471 0.012469245248397147
3472 0.017803457374626238
3473 0.0033898899488313257
3474 0.007292984302885956
3475 0.21759757806780194
3476 1.2608578078264399
3477 1.794280724658382
3478 0.7142057363904156
3479 3.0213803407065964
3480 3.5820170321998024
3481 3.8686503393193674
3482 5.135883842500047
3483 4.60818103381577
3484 5.1906501337255815
3485 4.476512591999941
3486 3.9804596105795116
3487 4.30646019362696
3488 3.5984364072547605
3489 3.5978376096829927
3490 3.811650290253269
3491 3.5325235692569454
3492 3.6330959001989367
3493 3.8007859857213897
3494 3.454505925728124
3495 4.441161878959141
3496 3.506465790187443
3497 2.8123238195737947
3498 2.327836193915808
3499 1.2307291627037837
3500 0.5459303541447252
3501 0.8651055190643263
3502 0.4289021512287488
3503 0.0010531920010240256
3504 0.123825391449171
3505 0.0654945496201022
3506 0.7778696306545585
3507 1.0399227108461127
3508 1.8788730226161199
3509 2.692054316631555
3510 4.407132650969442
3511 7.8618950769162295
3512 6.836362584681976
3513 7.482058679979327
3514 6.403606446468974
3515 6.292377896271058
3516 4.503409879839564
3517 5.793050721957223
3518 6.033590020679139
3519 4.019338905618228
3520 0.05476010193121874
3521 0.0006005383300092656
3522 0.008539994141345472
3523 0.06472506501832913
3524 0.22088780631189212
3525 1.0172225032263904
3526 2.1918021799380614
3527 1.6949240258153893
3528 2.005820423385324
3529 1.8407818114908006
3530 1.8761693744899046
3531 1.3578411220247641
3532 1.1288672425626511
3533 0.6569025163666208
3534 0.22293877722883143
3535 0.00037325804277870106
3536 0.20251620849466156
3537 0.0385463752640794
3538 0.0012838662147477279
3539 0.0006901810758538984
3540 0.3841814840140966
3541 0.6269331492963327
3542 0.619650879081406
3543 2.1373167458277234
3544 2.0216327270213528
3545 2.3537073069873142
3546 3.563752357870557
3547 3.5248213989448325
3548 3.5547100199342
3549 3.6527359032773528
3550 3.739669701993002
3551 3.642872171087792
3552 3.1064894474644564
3553 3.5040447195378444
3554 3.260922700604041
3555 3.6942512353874117
3556 5.1740460388911345
3557 5.143345175906816
3558 5.658570799832206
3559 4.324599072782699
3560 4.544825534708046
3561 4.034802748304369
3562 3.130298987594876
3563 1.998661655518885
3564 1.1553061299453038
3565 0.5641829545512237
3566 0.09710424481270061
3567 0.04173221592244585
3568 0.2426426641862531
3569 0.26011456036634034
3570 1.0830966324964002
3571 1.4664416042343658
3572 2.2582552485809564
3573 4.183851529425518
3574 5.124983053718224
3575 5.365874507647795
3576 3.498483264922105
3577 5.779488966059819
3578 5.214712120681878
3579 4.654102245929726
3580 3.5444230451737844
3581 3.9031487266706337
3582 4.700353657745933
3583 2.6918281026456703
3584 0.2771340431937103
3585 0.017666932147999848
3586 0.017427052682115113
3587 0.037523271001385014
3588 0.31335230023743976
3589 1.4147789128978001
3590 1.3822557923125958
3591 0.8980345167786135
3592 1.4187023568724841
3593 1.029561968864202
3594 0.915181876180618
3595 0.6428363807566276
3596 0.937475394724205
3597 0.20195081041472138
3598 0.05148721385768379
3599 0.003486704796852646
3600 0.047566950467456494
3601 0.050182696356385816
3602 0.0029183544926197676
3603 0.033155093693498415
3604 0.0015384091203030352
3605 0.1278681326486954
3606 0.2104433230686841
3607 0.7497106505100631
3608 1.233702164450606
3609 2.6801276989119756
3610 3.4726023550559555
3611 4.518497878835229
3612 6.09902464850611
3613 5.17918853518027
3614 4.141680041962356
3615 4.5854273506628065
3616 3.4166902296215733
3617 3.97289087788039
3618 4.7498669031974545
3619 6.709385648161272
3620 6.710391877069955
3621 5.8823934417630745
3622 5.387622806204882
3623 5.81057830306646
3624 5.834970155133745
3625 4.463327811442069
3626 3.6629529284343416
3627 2.045164990418979
3628 1.092929517977061
3629 0.23512532688718407
3630 0.032788790879358216
3631 0.4048899758766332
3632 0.783374974605806
3633 1.6235087062415303
3634 3.5621403080199987
3635 2.73455878284134
3636 4.55244810690712
3637 5.998387120312336
3638 3.551261504841755
3639 2.585928428738076
3640 2.5670414068570344
3641 3.4664204743466778
3642 6.4216106585091435
3643 3.6965258081418018
3644 3.9854478745036723
3645 3.3635322839619226
3646 2.6896585084902904
3647 2.3789877095804624
3648 0.123428771966467
3649 0.0005644981544263595
3650 0.003116660954737551
3651 0.03182944873713766
3652 0.5380925568058814
3653 2.186731872145939
3654 1.2950329394401436
3655 0.6956130628811265
3656 0.5717669293463481
3657 0.1475582499900519
3658 0.14367255311797936
3659 0.13080707357449986
3660 0.4102830351797301
3661 0.21845996257870076
3662 0.07062719748037204
3663 0.19413499454812372
3664 0.0027572114030720777
3665 0.06846801577516183
3666 0.016511042363482296
3667 0.011309583513523817
3668 0.0350233318261767
3669 0.10970824215001053
3670 0.08375369168791433
3671 0.4481258254754852
3672 1.107099978489068
3673 4.53099826538267
3674 5.503243806523049
3675 5.489065615122501
3676 5.990758136043204
3677 4.749238607420184
3678 4.132659795998212
3679 4.476499386125136
3680 3.453598739271001
3681 3.5379304492918333
3682 5.880538326881391
3683 6.557531869419917
3684 8.284100210025453
3685 6.523822185522232
3686 4.605324353880601
3687 5.351369107194766
3688 4.826088394560538
3689 4.860414201058826
3690 2.9973251488527026
3691 1.230084001915966
3692 0.7005719810069417
3693 0.09490950277438423
3694 0.0020528310298179235
3695 0.19714897135191628
3696 0.6363797972823756
3697 1.4675160948136559
3698 4.024713896831702
3699 3.639149052069518
3700 4.1977307958806795
3701 2.876804757192174
3702 2.4125878753470498
3703 2.904137311278631
3704 1.7518162922750193
3705 2.7852165486546383
3706 5.1962590043716945
3707 4.974626209699215
3708 4.222018477805641
3709 3.925837728377483
3710 2.600924624204286
3711 1.6629839995971516
3712 0.06412793890569655
3713 0.0012273817600289556
3714 0.003860822690227848
3715 0.4440469442785495
3716 2.472438529583983
3717 3.148769808115072
3718 2.0657240825605223
3719 1.519528396435805
3720 0.6807564973610786
3721 0.39383221769268884
3722 0.37269530552722496
3723 0.12190430682826466
3724 0.2560426077691285
3725 0.28880052194132994
3726 0.521315898296375
3727 0.3673633566451385
3728 0.46675053742448674
3729 0.41170507770731424
3730 0.2709634458513989
3731 0.17502847018748535
3732 0.3671030694609012
3733 0.565928082434565
3734 0.7688462086619023
3735 1.0863470547164629
3736 1.5654934796812596
3737 3.0717442753122564
3738 4.078078805366667
3739 3.968681608985161
3740 4.358861788352866
3741 3.326132885493125
3742 3.906941868497876
3743 3.107136975204152
3744 2.2254518773537217
3745 2.476222301776287
3746 3.0882781686115357
3747 4.397369381881993
3748 3.9029309077727126
3749 3.051417529834333
3750 3.3305248242055048
3751 3.7123482963227152
3752 3.2278413656767504
3753 2.1907283104887667
3754 1.251105704456975
3755 0.23988222367705905
3756 0.1706402819162139
3757 0.0987986242610354
3758 0.11666457726581124
3759 0.0038366703831967993
3760 0.20110553902860154
3761 1.0660718131297549
3762 3.850131804045845
3763 5.131241167561802
3764 4.161770128021747
3765 4.20206354062415
3766 3.493095611022837
3767 4.056891529476164
3768 2.8987115030572883
3769 2.991006753567524
3770 3.7017635809707383
3771 4.968290278479796
3772 4.384514734682062
3773 4.6089074333492475
3774 5.243096744791934
3775 2.7395565119241687
3776 0.2564848453203907
3777 0.10887635923002455
3778 0.10029422026843618
3779 0.9975514226473736
3780 2.577628757280802
3781 3.569405061880734
3782 3.654093765761384
3783 3.0928699152239347
3784 1.5087832004705188
3785 0.3892754814201294
3786 0.4868469192791414
3787 0.13203725859755774
3788 0.27141750067491194
3789 0.36085951922837123
3790 0.8812089861787835
3791 1.377072609364663
3792 0.476872859518092
3793 0.6841114656403889
3794 0.49850335705027726
3795 0.38059348198557263
3796 0.028818578281776308
3797 0.8837187957457772
3798 1.1426057087440247
3799 0.5564789866839303
3800 0.5356211116773898
3801 1.800315493886889
3802 3.0062837781692915
3803 2.0078595214720116
3804 2.46877263542641
3805 1.504485705876703
3806 1.8814479628552343
3807 1.3792746914822338
3808 0.6107434338360015
3809 0.8679869276285639
3810 1.3298114020000396
3811 1.9283183615184247
3812 2.7063069933444983
3813 2.645955960322241
3814 2.4008718278060073
3815 1.4862074197588748
3816 1.4708425166942922
3817 0.5106114065664751
3818 0.5817150871189449
3819 0.09736642382479196
3820 1.0902806016072104e-05
3821 0.07460005231621823
3822 4.934980084116105e-05
3823 0.0762527482573069
3824 0.018386407011298782
3825 0.2895142748842273
3826 1.7718887503746112
3827 2.683709224376591
3828 3.8308822748834706
3829 5.3071330993281425
3830 4.816162611799965
3831 2.736978687716072
3832 2.069620705435155
3833 2.604212893974336
3834 4.059057592132433
3835 4.2958594159853325
3836 5.160360569732648
3837 4.937602520699258
3838 5.281070353841588
3839 3.348449138988297
3840 0.1505822910084093
3841 0.17148635445895202
3842 0.275416955223718
3843 0.6740575857106303
3844 1.1291412376200165
3845 2.613703007999133
3846 4.089238130720269
3847 4.857687612507846
3848 3.6099917819022456
3849 2.7258970551248503
3850 1.3645010228998682
3851 0.41225305402244666
3852 0.6130081762052089
3853 0.3675618364806966
3854 0.33253812578403175
3855 0.7885122324293282
3856 0.4800857539250178
3857 0.15981173421883013
3858 0.3840264619326746
3859 0.14214931880349518
3860 0.37665379649446756
3861 1.080148594677133
3862 1.767783958692243
3863 1.6229683528437928
3864 0.6248352027230677
3865 1.03721296288904
3866 2.4736673703324414
3867 3.7483171777062303
3868 3.534679285482218
3869 1.922235246087365
3870 2.4021627414442293
3871 2.8063000032292957
3872 2.0383200823339114
3873 2.3676251166061237
3874 2.3309931392412766
3875 2.6598484449478037
3876 2.6825795419569
3877 2.710592390560492
3878 2.010707410169469
3879 2.417634046050708
3880 1.135959933998763
3881 1.1905693314508003
3882 1.17576080877544
3883 1.0003715914295934
3884 0.10261680578647535
3885 0.007938730692248045
3886 0.002908304250152101
3887 0.000490826143435084
3888 0.06630125035887952
3889 0.005106329564658738
3890 0.8335476828247748
3891 2.223176654510417
3892 3.8890781120579545
3893 4.03265427151102
3894 3.167716062071391
3895 1.904804074601627
3896 1.271658502381091
3897 1.9733385109191528
3898 2.5712806583423715
3899 2.713063743714889
3900 2.503954456236033
3901 2.2521646717453363
3902 2.966144519358348
3903 1.858358383362144
3904 0.019860316334969427
3905 0.022628709136437768
3906 0.22343635607378037
3907 0.8903816364645984
3908 0.7148593544515413
3909 1.4974844284396867
3910 3.607891896175158
3911 6.020999892938186
3912 7.3798463432976655
3913 6.055576897227631
3914 4.680985177673383
3915 1.9733324374626147
3916 0.7754563694918923
3917 0.15931702534197842
3918 0.2809482813410595
3919 0.19648367234422645
3920 0.0367340837734363
3921 0.08000160040168314
3922 0.05888638324930952
3923 0.2655898107598533
3924 0.2614702917377773
3925 0.67480266856581
3926 1.1894809615983597
3927 0.9218222305593351
3928 0.7458325657982187
3929 0.9420306708610802
3930 3.395995680746269
3931 5.498139058316634
3932 4.797506300710487
3933 3.668447592856305
3934 4.34144708745438
3935 3.840781086115851
3936 3.032840078693709
3937 3.875209264647462
3938 4.322399162734679
3939 3.8959808090703403
3940 3.7695865554189076
3941 2.8239564871001663
3942 1.6909577629423926
3943 1.3306367589310062
3944 0.799839384373641
3945 0.632404080702304
3946 1.360120889155091
3947 0.5927056750950797
3948 0.055273674916622925
3949 0.07960635323961057
3950 0.06148016591640699
3951 0.009716846400405257
3952 0.029532416549903323
3953 0.027745610029252684
3954 0.492114580921757
3955 1.2868077588348097
3956 1.9837313436234825
3957 2.710972166204248
3958 2.65762567798533
3959 1.6887284412730226
3960 0.945225423035726
3961 1.0428050094376329
3962 1.2838484843166451
3963 1.1495803242599811
3964 1.5524027452844247
3965 1.8732137284198427
3966 2.1577373504746373
3967 2.317942892371333
3968 0.1973710999949579
3969 0.16338619691410863
3970 0.046220606490722384
3971 0.3801686473787708
3972 0.6985808160468828
3973 0.9168064523886985
3974 1.4293856508530005
3975 2.719736345612759
3976 3.9399803959524
3977 3.367618529115113
3978 2.230912235960841
3979 1.3113947072028664
3980 0.6204888687229909
3981 0.2626429276181008
3982 0.3624804742527883
3983 0.31970650643067583
3984 0.05311794905793672
3985 0.02220635935300706
3986 0.0712204655262628
3987 0.30590808809706577
3988 0.5878222312841475
3989 0.9317421004891323
3990 1.3338007462610515
3991 1.2046075011949293
3992 0.5519728513772667
3993 1.09218604110797
3994 3.9329762403226587
3995 5.949128734658983
3996 7.010532488853094
3997 6.88854917511033
3998 6.081602668218519
3999 5.814548179947634
4000 8.033649644365475
4001 6.082453514592298
4002 5.067862711710993
4003 2.8369073402324907
4004 2.1006525872751207
4005 2.3066041338004593
4006 1.4974530368571524
4007 1.184450734491241
4008 1.1102588203993955
4009 1.1759351734983607
4010 1.0751033811161363
4011 0.8834390748708237
4012 0.27220228506135974
4013 0.34171977263697817
4014 0.0840979680087211
4015 0.018084296858763727
4016 0.11088275929649972
4017 0.5876467849553411
4018 1.7131816959209454
4019 2.3500391168508563
4020 2.278122897883005
4021 2.440678188999527
4022 1.8601065142613147
4023 2.0463843591111255
4024 1.3216759969439422
4025 0.9258671901947113
4026 0.3612842581037575
4027 0.6653102423338022
4028 1.4066737582451456
4029 1.835336510832528
4030 1.865340321668533
4031 2.3221944023357084
4032 0.7040274472406449
4033 0.569082008745566
4034 0.07967887706069542
4035 0.0935763953210616
4036 0.17675576631561238
4037 0.16319752939525264
4038 0.012082344965956272
4039 0.38720055361765365
4040 0.7802274079749304
4041 0.31872856504760394
4042 0.3574507502285067
4043 0.38778429177505525
4044 0.2646632956264707
4045 0.44873365254746883
4046 0.7632321519538525
4047 0.9527845442540298
4048 0.7725533418553667
4049 0.34976111488206957
4050 0.3071248659693953
4051 0.7625602535534356
4052 0.8400161070398753
4053 0.6624022624537715
4054 0.6700851570841226
4055 0.7981507899009143
4056 0.7124441344702398
4057 0.8535990682172016
4058 2.223029605267611
4059 4.710529023590314
4060 5.213955536125409
4061 4.8663706268441
4062 6.205178668333652
4063 7.019262722454756
4064 7.687668560865719
4065 6.118396519751138
4066 3.5882860275252857
4067 1.459472333430068
4068 0.9870397056047419
4069 1.679222226806116
4070 1.4211217103641778
4071 1.322975932405401
4072 1.2271655325306656
4073 1.263883835327307
4074 1.0017497448005825
4075 0.7794277601309849
4076 0.28055537887025583
4077 0.03842579615384515
4078 6.720983772088756e-05
4079 0.0007810805392730463
4080 0.33442093872767187
4081 1.2733134265142976
4082 2.1935308298829104
4083 3.7687208412696767
4084 2.8839248360232244
4085 2.314220979580063
4086 1.8559384940247665
4087 1.9467865424162594
4088 1.3881662614719537
4089 0.7501833410724122
4090 0.40633495026629063
4091 0.42485103463177637
4092 0.2212330441469383
4093 0.34549951375896615
4094 0.24133899062874647
4095 0.3402821317603695
