 0
0 3.4133698492386486
1 2.658568207970672
2 2.479540691133708
3 2.389203707971182
4 2.504402201811932
5 1.3306417180694392
6 1.5212699918733432
7 1.4283918744637552
8 1.9751606721252106
9 2.378769231502687
10 2.134153560065084
11 3.1910938448485733
12 1.9728255285099512
13 1.7840522617330241
14 1.5120396371425955
15 1.0933510136998128
16 0.6807993677900992
17 0.19804384994475488
18 0.12474667816371135
19 0.05887888828331212
20 0.03863163328460459
21 0.10344829687300963
22 0.006313477830320248
23 0.014593844997054954
24 0.01162564709242166
25 0.015344346971541297
26 0.00033865715766199297
27 0.012582902507711111
28 0.2587458864394976
29 0.45142425944644193
30 0.44182473520728666
31 0.581458647225728
32 1.0282814866746581
33 1.8194603522332657
34 2.5517560088648064
35 1.4291455458453628
36 1.1459352112133439
37 1.4567531418169835
38 1.508742575382457
39 1.5330461256952688
40 1.0917008313525138
41 1.0644449629202226
42 0.8450704298805389
43 0.34901552006376807
44 0.5632930786964784
45 0.5543922580884979
46 0.8279532478488834
47 1.3817680342818826
48 1.120589656614347
49 0.548931282065499
50 0.9318651889499032
51 0.7615475413483092
52 0.9704861976245519
53 0.4430041333838821
54 0.5622831436750111
55 0.19097135889544323
56 0.0713669413188681
57 0.030818523947614997
58 0.03374305650457044
59 0.08850185282093466
60 0.010452303997121014
61 0.0339144696401969
62 0.015212556457122455
63 0.02301854285027924
64 2.7825847674886797
65 2.672493570886238
66 2.5103136476007584
67 2.3939113042089644
68 2.702360662801513
69 1.2941945004721425
70 1.616855933548508
71 1.8351268577642075
72 1.5395115592760675
73 1.536142721861733
74 1.031187959638465
75 1.411418767777751
76 1.3027910937648326
77 1.8827732695340096
78 2.2759334512976035
79 2.43227228903361
80 1.2771641679456993
81 0.8742408115869023
82 0.7733819970312331
83 0.30527245687382293
84 0.11306317202062517
85 0.04416119667923411
86 0.0034617013126511686
87 0.05456025530400255
88 6.198646913603487e-05
89 0.04451827244232575
90 0.03962795886955601
91 0.08474283898663693
92 0.6325496013793066
93 1.325382071569908
94 1.3213283866826537
95 1.3862871555051144
96 2.362470964902072
97 2.5947748098913817
98 2.662484547037033
99 1.8296952385409067
100 2.3055550145263886
101 1.8837309038848657
102 1.1495555700511926
103 1.3275400438247644
104 1.0829694339742963
105 0.5333649286869867
106 0.3239789480888459
107 0.06953466316001994
108 0.10502117641382006
109 0.0851363302928978
110 0.3576904500729347
111 0.5713260262615889
112 0.5825060991307502
113 0.22607944627100693
114 0.364210289370538
115 0.59362455693085
116 0.5593493901048631
117 0.43271399123223553
118 0.3810621177458855
119 0.2779385469680979
120 0.17763561628178243
121 0.07585331343204657
122 0.0012854557788485297
123 0.002778076626642424
124 0.05001164690801307
125 0.014142580948199875
126 0.025462357131613697
127 0.0006650352804909052
128 2.4858160500642983
129 2.0434916163313153
130 2.5441664937299464
131 2.405413909419506
132 3.0317433770162907
133 1.1498158797304001
134 1.4722603054053762
135 1.2180477364542877
136 0.8208442742458655
137 1.0270479520842486
138 1.0158690317598362
139 1.0987183716711493
140 0.7077864475123803
141 0.8803331778880071
142 1.6005609304353077
143 2.008599728755926
144 1.8256642462956734
145 1.8520373114643562
146 1.638403001123168
147 0.3194099851021829
148 0.028319429309111323
149 0.0001044986575966851
150 0.006595894751463915
151 0.43468237242952334
152 0.41926099217242646
153 0.38441666488933474
154 0.3710686473678609
155 0.7412635335505753
156 1.4192360309482865
157 1.8201525171785164
158 2.5966347738335003
159 3.134463826054938
160 4.39880394383711
161 3.8707186943344487
162 3.2034401442189644
163 2.877054829703332
164 2.7667586492938807
165 1.1937045414897764
166 1.161629715272635
167 1.4799607228668903
168 0.9971211244350254
169 0.3877985872608352
170 0.11521970580678893
171 0.04231708762498526
172 0.008400307608747775
173 0.00692612598621751
174 0.04635431946732041
175 0.2080998609163985
176 0.21746493143134568
177 0.056362297916471994
178 0.16260284478022924
179 0.48449124527281945
180 0.6525219231449716
181 0.23885762058595808
182 0.1965975990228152
183 0.4166310965746072
184 0.1818791122779207
185 0.044289585213785794
186 0.0035887833740175707
187 0.3219567827170708
188 0.326813654480469
189 0.17698559586373114
190 0.021635451922003963
191 0.010061231261415284
192 1.8794096081128329
193 1.3961333037483203
194 3.5321644060021553
195 1.4459741938157848
196 1.400397175490403
197 2.0233842012851433
198 1.7962417911693958
199 1.1532954356272958
200 0.6728653776832701
201 0.7057670346789165
202 1.0048728606254966
203 2.044415727776986
204 2.347952022451321
205 2.5463500414976057
206 2.3138549011078218
207 2.250560673807939
208 1.384285542251348
209 1.608727296820811
210 1.495162699948593
211 0.277032330892268
212 0.17079350775812147
213 0.05452844927801047
214 0.022334141800444945
215 0.45681119001284304
216 0.619016930065839
217 0.7911926815503794
218 0.9030998786729938
219 0.8236562695815237
220 1.4292443671046855
221 1.8461787033924553
222 2.775626941210711
223 4.071795342020772
224 4.562858595239137
225 2.605864182951092
226 2.3786207088174978
227 2.4531034186485163
228 1.6257861677585412
229 1.61637802228377
230 1.9393539878678914
231 2.055916228252808
232 1.50483428945936
233 0.9584693207762774
234 0.889915124932213
235 0.7646143148263164
236 0.4641798825256746
237 0.10254957293734296
238 0.026579936287027574
239 0.14815666286233825
240 0.1690230595815217
241 0.063327738904043
242 0.09630877243125219
243 0.331716960793441
244 0.13246324700370735
245 0.010275287885932401
246 0.06481193194006675
247 0.21134452808339854
248 0.20912053860790092
249 0.029915394255463586
250 0.023436635654409677
251 0.3314847359532424
252 0.16511785591853342
253 0.14342496837130916
254 0.002088961489728411
255 0.10582155011271305
256 1.5477825272962933
257 0.8950181710719598
258 2.530281499834239
259 1.6518860843489716
260 1.104392283919781
261 3.278486392257292
262 3.3945637010417085
263 2.2591037593015564
264 2.579345550513697
265 2.021634276075081
266 2.04029798527415
267 3.7191674834121935
268 4.03647106943239
269 4.675093552407205
270 3.1937025633966454
271 2.662844117537491
272 1.3660359968784603
273 1.6212604044309025
274 1.4773848618697487
275 1.1211089024020073
276 0.21668919102936268
277 2.8532899492316708e-05
278 0.0533534234924369
279 0.18814785556137717
280 0.38105378573225673
281 0.5396052847586926
282 0.8401258612012209
283 0.7853628050653861
284 1.8609720252860285
285 2.0604212253333816
286 2.1049471239737
287 2.8487984904546884
288 4.2067744463308445
289 2.988202706821226
290 2.039563598819173
291 1.8337740638914666
292 1.8885684189285532
293 2.6564954401100582
294 2.7776510142142614
295 2.803266734282666
296 3.0422418639750495
297 2.59660140130628
298 1.9766353848286633
299 1.5868676697779407
300 0.6066833041113769
301 0.3011508023177363
302 0.06336736446029317
303 0.1577951021895754
304 0.06324705558837576
305 0.0004755233637474274
306 0.05020335867326741
307 0.16647089462886613
308 0.058289688468754604
309 0.011981139434914034
310 0.04405424151552669
311 0.07957283735976502
312 0.0313332336116923
313 0.16652043835193717
314 0.007343491077936239
315 0.009601354404226558
316 0.009953325499240327
317 0.00020681343664986993
318 0.00014825373784672297
319 0.23376672585098487
320 2.6804921834139734
321 1.8838129400961854
322 1.7495751245113342
323 2.237189378635377
324 1.5735539337842939
325 4.199449172677478
326 4.894862955636141
327 5.202147721132438
328 4.159121902571657
329 4.802068679414724
330 4.855336389234694
331 5.779939012910695
332 6.111013533258883
333 8.650396479383003
334 6.034831325172164
335 4.7031242037736
336 3.4455500459440547
337 3.052050628308908
338 2.0558225591217356
339 3.3348334819552923
340 2.6968192299300515
341 0.7115366889919418
342 0.25350190743193896
343 0.012770099643722386
344 0.23157678011348298
345 0.2622341107487205
346 0.2532550586680501
347 1.0799357331696373
348 2.4289791452757497
349 1.486111150133489
350 0.738884959887174
351 0.367558545045256
352 0.7851810452442248
353 1.4561705532391875
354 0.8007143926614445
355 1.2915308698314645
356 1.714957853229096
357 2.1881675323293734
358 2.6651606115098234
359 3.193310821930339
360 4.963412376050851
361 3.8010956633582715
362 2.430032349604857
363 1.379994380205862
364 1.1444992670242953
365 0.7825175151385683
366 0.3756779500411758
367 0.2913262932533639
368 0.16503941544821368
369 0.00015554045037609882
370 0.005119185811090377
371 0.003923647212073335
372 0.01305606896592894
373 0.0887460523432239
374 0.0056642289831166795
375 0.015078037412867135
376 0.012336358001089478
377 0.2656528434049582
378 0.1426458578915477
379 0.004147825411387704
380 0.007220015342484629
381 0.021089050828105135
382 0.07214716388487316
383 0.18429212095772032
384 1.9685264930634538
385 2.1324588173304773
386 2.5612804112450274
387 1.9805387624499795
388 1.9023398441887693
389 3.79063677777186
390 8.01290248785988
391 8.278278332803104
392 7.149126913812619
393 8.405337635310975
394 8.519601165273812
395 8.274691852592671
396 6.946997393913668
397 10.014124596680574
398 7.34688625673704
399 5.196616777380998
400 4.065314254989713
401 3.3709228719168913
402 2.5777443825017654
403 2.096041366519639
404 0.6187520324861239
405 0.4369967812105043
406 0.19994356029429164
407 0.0034059885426178486
408 0.002976535131177912
409 0.0007892346904957823
410 0.41472889481527236
411 0.708065691193916
412 1.0862261803051965
413 0.839859360321351
414 0.2156625939797368
415 0.01284201294540068
416 0.013430809551456169
417 0.3566032281852431
418 0.18866326887213852
419 0.3351557759323412
420 0.7954082408013062
421 0.9391452461777199
422 1.4284489830887634
423 1.7997284644608078
424 2.2076615366761088
425 2.1964222218139087
426 1.9159965970344546
427 1.0708787874670813
428 0.6476513577560514
429 0.39673600360484457
430 0.1207195389543897
431 0.5080759942978905
432 0.183546078477676
433 0.003155075809926433
434 0.04327667133030265
435 1.6613390476563852e-05
436 0.20206907406339394
437 0.18984352218272155
438 0.0937337328286498
439 0.0776581958033674
440 0.0038085810773276644
441 0.002160335634419683
442 0.020184895169634832
443 0.0002725274491903722
444 0.003478474176183997
445 0.029646575868838995
446 0.009215325554925692
447 0.11147362962684454
448 2.522245175072654
449 1.8869646469737584
450 3.351688280334859
451 3.6276059021287694
452 2.322578277876363
453 3.1854891072089107
454 5.556421467926332
455 7.736930668718234
456 8.12293121498561
457 9.237658393568253
458 9.217108594467765
459 11.335694297040742
460 11.050390923262885
461 12.413310292403239
462 9.548233757255911
463 7.992845356949574
464 8.520226678292385
465 6.421564703100947
466 2.945387848864788
467 1.5386347421627444
468 0.4411472343281521
469 0.3769007165941245
470 0.07607923720975034
471 0.008540217906120341
472 0.03603613106662031
473 0.16338451488537342
474 0.013265243808931253
475 0.16018318636532375
476 0.04415018431498844
477 0.08609930247688649
478 0.020263013659555934
479 0.03358109703094307
480 0.00037967272748072015
481 0.0008610411995017445
482 0.006929181769361088
483 0.06270480054559567
484 0.18084749598422847
485 0.5395516349763401
486 1.1649114543086199
487 1.0840644958318746
488 0.6123148669349463
489 0.2746644432740934
490 0.17636251994054944
491 0.010255464909393459
492 0.0548598971002372
493 0.013237312732967113
494 0.02721778442929737
495 0.33940999533681065
496 0.4583544805280228
497 0.01162141690489464
498 0.025596929748022558
499 0.041901237447163994
500 0.40073190916322776
501 0.3684339566222512
502 0.452959796388669
503 0.3117406776184165
504 0.5021904897453081
505 0.09746435908628175
506 0.16248204642912034
507 0.06260636476147932
508 0.000528019095383675
509 0.0015274741776475221
510 0.004371005598510627
511 0.09180283960260385
512 2.555138575981666
513 1.8743614023434052
514 3.343593474358356
515 4.022603922944955
516 2.270409616365712
517 3.1126389447421756
518 3.2359013978930524
519 5.634935785964967
520 7.321899271579288
521 8.530741285219186
522 7.860456323288032
523 10.93477811750245
524 12.276634665940016
525 10.677135891088993
526 9.63829443913133
527 10.131606836780717
528 9.040397796611567
529 7.317139821131515
530 5.558114657878337
531 3.027896963003422
532 1.0521852217981502
533 0.22806328800349582
534 0.004903692512493382
535 0.007487895574384169
536 0.020620476335091363
537 0.10788288810392332
538 0.008583923915807949
539 0.26869107424585337
540 0.006651405819679816
541 9.200139620339808e-05
542 0.04122318001000938
543 0.099692697894658
544 0.23502519173544908
545 0.10485446421179637
546 0.0012619242258315102
547 0.26305629057045554
548 0.5395353437889591
549 0.41280759915932835
550 0.2718267554655923
551 0.1953276180922663
552 0.24662398783744938
553 0.1429381894505836
554 0.04297792965952463
555 0.2541629748561799
556 0.2655768378651669
557 0.07884350009939176
558 0.06549701855066586
559 0.1903083646785971
560 0.4581475061236116
561 0.042235816901864356
562 0.020515200946264835
563 0.001786600584704271
564 0.4427017043547729
565 0.6930012400645462
566 0.6138754279873293
567 1.2915274924312645
568 2.0511962357687903
569 1.5283772158610212
570 0.7475842997687154
571 0.49439373178298834
572 0.09418207281133283
573 0.035704455910959845
574 0.010858658488124702
575 0.026419056590311397
576 2.5614486617543846
577 1.865579047681088
578 2.2076869826208716
579 3.1425333589011477
580 3.1014215270651806
581 1.6448112133577992
582 1.310033074836006
583 1.0144352325609456
584 3.305281927329304
585 3.8090499906107596
586 5.907965442281218
587 9.004389285348498
588 8.49098176698427
589 7.861941696779149
590 8.542152137919059
591 8.952461431047588
592 7.636087626431856
593 6.351001170694332
594 3.2771282795404106
595 2.492601143151292
596 1.0391106330756552
597 0.1934866085916266
598 0.18651520233577967
599 0.8516640199337762
600 1.4956240948043134
601 0.6020580700447581
602 0.0812644849897634
603 0.2184279510879979
604 0.28065736731857444
605 0.06667583748090185
606 0.030968981066416032
607 1.1528218326325032e-06
608 0.11915651726937301
609 0.03664967532615389
610 0.009174206665117547
611 0.0013747397949443083
612 0.05706189121970337
613 0.03605618631726451
614 0.07829735593008036
615 0.1425960002909175
616 0.0018016654806247106
617 0.038891098987031636
618 0.102693597653344
619 0.5059896851145976
620 0.5616689536338623
621 0.3546139324927336
622 0.05243616901271629
623 0.084075646584372
624 0.05626688382048669
625 0.01230689454978687
626 0.07791059888545891
627 0.14878000290292787
628 0.32796260446668957
629 0.34807677273396115
630 0.8225656727372849
631 2.5453509071617586
632 2.6756021797572536
633 2.8450595590879173
634 0.9302297511698282
635 0.8899092947355209
636 1.1978431300077048
637 0.4851111895123848
638 0.07346693105018699
639 0.13940457732571723
640 2.0528635536702953
641 1.4990473774098343
642 1.5122552258832134
643 2.009360090244868
644 1.9912864715846434
645 1.5253984963146383
646 0.9583935074068359
647 0.13814302542954288
648 0.48033490101062737
649 1.3100352396740031
650 2.38516820303792
651 4.481319367939431
652 3.7672695280230704
653 4.535891931245972
654 5.484426466535887
655 6.74685282333884
656 5.787278627220146
657 5.1823073905825146
658 3.1900772859467224
659 2.4207254017324473
660 1.266626292881874
661 0.7427817465893859
662 1.104856951770695
663 1.1849737800121118
664 1.3136229512987134
665 0.4477313284697786
666 0.00636196947526847
667 0.05444654443359988
668 0.06614143136781066
669 0.2698434309085612
670 0.42956971330019184
671 0.01799516349241174
672 7.868751034926244e-05
673 0.0016177200872930719
674 0.014317375035229857
675 0.05460838266882735
676 0.002392617961283023
677 0.008375070661568031
678 0.08969695573401587
679 0.022309469316451926
680 0.03437474677054674
681 0.04096280230309698
682 0.11730678461280546
683 0.3154022048012229
684 0.48448159567634697
685 0.5305991575519367
686 0.02719317610464375
687 0.027834522676499673
688 0.01776685257440943
689 0.2745521749323472
690 0.29979944048351304
691 0.5340890024458191
692 0.6987298693063675
693 1.111328158812612
694 0.7076667355087038
695 4.5168888611779066
696 3.2534149799324887
697 3.3033994357478083
698 2.518105401219736
699 2.0147902081023523
700 0.7371939524016843
701 0.5300388188441497
702 0.7018296629360694
703 0.2852669567269532
704 2.789797964328478
705 2.052924663978853
706 1.3601056475523283
707 1.590919829173623
708 1.4018226727918754
709 1.600903732896279
710 1.2065482260833749
711 0.21398515656036332
712 0.0038341606505683224
713 0.0023038314274592517
714 0.31898228745143414
715 0.7985664249951601
716 0.970033727896284
717 1.6417016368622765
718 2.5655432835675698
719 4.11959957531865
720 5.197344078945758
721 3.8127493012519205
722 2.4724857331761583
723 1.8159515456760584
724 1.093262429916103
725 0.5595404938222839
726 1.6814105735184257
727 1.9626265680082184
728 2.008496549882337
729 0.3894303158972779
730 4.268248798229643e-05
731 0.040510019378956215
732 0.44147384801025247
733 1.0949340712809206
734 0.4458019493712119
735 0.1007960341917789
736 0.010766399039385694
737 0.0035277059647171065
738 0.17303143057273157
739 0.07129942474714646
740 0.02296464873873159
741 0.2534993725687875
742 0.008836595278877906
743 0.05768698154752812
744 0.37936025590952693
745 0.6054720942602563
746 0.39394151885599765
747 0.3193919726762281
748 0.6335751351115696
749 1.056093830573724
750 0.7304385858139177
751 0.25505256059500914
752 0.3902371766449168
753 1.306976084380693
754 1.2333641078733024
755 1.050937086618109
756 0.9976042398889012
757 1.1965714557548763
758 0.7566108266645412
759 2.903635886790242
760 2.941015473748652
761 2.894853689150906
762 3.586745114125878
763 3.01155180459277
764 1.8729453797919215
765 1.4525016529399053
766 1.19571664260024
767 0.4707690532688212
768 2.4135226806893013
769 1.5413542882555975
770 0.7945961390650474
771 1.1043381160532566
772 0.4726673776685868
773 0.5335605934344738
774 0.5632571124941859
775 0.005430758643596453
776 0.3963602216958608
777 0.4687720047200103
778 0.02435598955490366
779 0.0031747532586362892
780 0.2596551685249148
781 0.6399280024614994
782 1.5266030720487265
783 1.8899104581567392
784 2.5788091215582507
785 2.3742416997916207
786 1.873607104273872
787 1.4427122707070579
788 1.4615727170846884
789 1.1589421825339927
790 1.9984402626898963
791 2.4684225772532713
792 1.391509986121032
793 0.20666600488332615
794 0.0641412274129479
795 0.19836233552466637
796 0.01475978309565293
797 0.17039800614934653
798 0.0012149337555167768
799 0.019787066876241932
800 0.0002284416046939632
801 0.1491364982662073
802 0.004871806385883261
803 0.01671763542792393
804 0.01925716487905631
805 0.0033783527134403166
806 0.5691678040728408
807 0.24429685007588203
808 0.1676507437563502
809 0.4313478285278934
810 0.4275888334881719
811 0.4929695919815043
812 0.5516964812473906
813 0.9210816635618301
814 0.8715503578497094
815 0.5210394660677314
816 0.5499723322675854
817 1.198372586431782
818 1.7660025671206223
819 0.8552990842840821
820 0.9323382506950403
821 1.2553797172502212
822 1.288294156875489
823 2.6012923223903495
824 2.6257201384870394
825 3.197639050421382
826 5.3686333233800845
827 4.063054296710428
828 4.259814680816354
829 3.130007618490758
830 2.5067374938720373
831 1.7294681780587753
832 3.042743850827002
833 1.0741627080586016
834 0.3880947544720155
835 0.07516337298152176
836 0.00021574723201549912
837 1.7129266510523836e-06
838 0.011970159622876059
839 0.4433933698101285
840 1.5097674035617672
841 2.4884246012709164
842 2.153016060225581
843 0.5565207563203997
844 0.2382783205438177
845 0.02403534539940151
846 0.5623798097260287
847 0.9598552699737848
848 1.9642048885015662
849 2.126627497916231
850 1.1494591783810824
851 0.3749937178393219
852 1.0163447910184642
853 1.3304003435905145
854 2.5885987467245988
855 2.6033468193640945
856 1.046668244514826
857 0.12768528850279084
858 0.032436591748256
859 0.26191181428807303
860 0.015178967844192344
861 0.020262509554726763
862 7.861847957539386e-06
863 0.0739204069217757
864 0.20283381805549391
865 0.2786538938869062
866 0.023242321287249713
867 0.03832575389036938
868 0.0024634373562756966
869 0.14508441321180182
870 1.1740257922643118
871 0.9295146993775253
872 0.40082147325376216
873 0.5778929390306892
874 0.4500144584799297
875 0.914062430389532
876 1.2626959984771802
877 1.1526869879327515
878 1.3976610288558537
879 1.4736475249636187
880 1.426487242015873
881 2.091657089527172
882 2.1231671658930615
883 1.1180636490611515
884 1.7124490115566475
885 1.9720028315607376
886 3.7061473260785416
887 3.8934927939939654
888 2.952571098697489
889 4.334039316353538
890 6.780237854291363
891 7.385319157236336
892 5.331406658806177
893 4.890544455261673
894 5.26750358371187
895 2.7334148468107107
896 2.440142546859749
897 0.614448778169267
898 0.14691444841413823
899 0.003499093825438866
900 0.08275936219875925
901 0.1710109399598798
902 0.75509748241007
903 2.8422213619424213
904 2.7133825103117952
905 3.401121777892378
906 4.843759923570702
907 2.337205213374483
908 0.9140514649808752
909 0.27636165582792976
910 0.011767423488386615
911 0.07709752781037225
912 0.49315564548007224
913 1.0654767246859118
914 0.5574880049551713
915 0.4541951332675052
916 0.9276839714228217
917 1.426165850420154
918 1.8415392641932165
919 1.2474584470865044
920 0.30078827369107347
921 0.040839756752086225
922 0.005514941041619763
923 0.1181041618238702
924 0.3376972434659327
925 0.006316667692651449
926 0.011741233794888386
927 0.047541128578780525
928 0.36416741323892554
929 0.035865967896777685
930 0.018669596231810016
931 0.008453017776837744
932 0.0004300746470130138
933 0.1304308876484697
934 1.478400783849774
935 1.5708263219709584
936 2.135752125273882
937 2.7016333638083276
938 1.1924244238249784
939 1.8264089694934111
940 2.0800938021543516
941 2.6824849695416706
942 3.383726651514268
943 2.9644943702671713
944 4.057186854372438
945 4.1406676532016276
946 5.835021033466165
947 3.5935492922410113
948 3.351468923082225
949 3.030455245358642
950 3.133411693687833
951 4.445263459922006
952 7.188480623342258
953 6.603425991422184
954 8.89705626538761
955 8.799763205759447
956 7.397687648958784
957 6.71626945165447
958 7.247590633069548
959 3.965012701858808
960 1.8428785451377587
961 0.6762686931536487
962 0.022616771238221665
963 0.06371009420279583
964 0.2385699513244975
965 0.43964757630200674
966 1.945937908397847
967 4.080236258090391
968 3.9570130031639916
969 3.727277967952216
970 5.167112783903107
971 6.19495031809147
972 3.735561211664613
973 1.9873513832358218
974 1.4181587510050464
975 0.6018506329319145
976 0.2709580437166464
977 0.06290123378663615
978 0.03898481728946123
979 0.24466999601221587
980 0.4913068936271677
981 0.9015251867316258
982 1.256938669740378
983 0.9470799912543912
984 0.2814950053089519
985 0.04903085560391373
986 0.0007395842066389237
987 0.015028492891508873
988 0.040347964623051354
989 0.03152480630773565
990 0.00060830499178694
991 0.03194370874863293
992 0.08300617852432089
993 0.003581547920083798
994 0.15486479181614152
995 0.008686198923906588
996 0.16360836885690802
997 0.13775776321872177
998 2.0538822575842968
999 2.8385477226279128
1000 2.750465436013833
1001 3.0347106005360067
1002 2.366319013204151
1003 2.5377100077591597
1004 1.6391243167698708
1005 2.626741702488608
1006 3.6420035842111935
1007 2.427315327168957
1008 2.604348582295009
1009 3.1659600033291113
1010 4.16130779606098
1011 4.129603192442826
1012 4.155857402256496
1013 3.8968627434217216
1014 3.6272984792167695
1015 5.949740630663988
1016 8.055286685582258
1017 8.525606397767342
1018 8.498392306449308
1019 7.991202625222929
1020 6.963915541102616
1021 8.499855577760355
1022 6.800159029133487
1023 4.396983623214484
1024 0.923146663643069
1025 0.47361807206889855
1026 0.02088667026135583
1027 0.3666252058838127
1028 1.5513069083394728
1029 2.1137862955948936
1030 2.7835330570694983
1031 3.3851238779965995
1032 5.4290506619591605
1033 5.4893767215842315
1034 4.694543777599617
1035 7.124326440225062
1036 6.056782513891602
1037 4.415232768827929
1038 3.861869245857904
1039 2.5057344886378896
1040 1.4810576447514054
1041 1.0086032695527205
1042 0.474989773982639
1043 0.027569083621516187
1044 0.4139515725031138
1045 0.5754294306972343
1046 1.1240912515670438
1047 0.8006871178529382
1048 0.332241426982684
1049 0.2266252971286458
1050 0.383153209905114
1051 0.6903218128255711
1052 0.6684661157860664
1053 0.5123564670658738
1054 0.3076886708216592
1055 0.0864275249182013
1056 0.28981999255786034
1057 0.011280804192999146
1058 0.121983807033947
1059 0.10257023559622931
1060 0.29352024187099435
1061 0.03711149017133668
1062 1.5158863458052796
1063 3.1481232656332083
1064 2.5664441914691896
1065 2.431914441144346
1066 3.7565427128440065
1067 2.812802031618829
1068 2.2324026818326774
1069 3.453945648057296
1070 4.384997192781233
1071 2.953342989250735
1072 3.0066476263521262
1073 3.511424673682807
1074 3.9361963962641853
1075 4.840918903530968
1076 4.393351436917323
1077 6.080963664556014
1078 5.424287557022924
1079 5.794026809378236
1080 7.485923953852132
1081 8.260201541260997
1082 7.428740594836884
1083 7.7478760378917055
1084 8.647765582852186
1085 7.55356458164594
1086 5.7072175055044605
1087 4.003693269577727
1088 0.44203953740217955
1089 0.419570340108934
1090 0.006404610214021892
1091 0.5583063169342498
1092 3.328469923907748
1093 4.635829572199373
1094 4.041279900942798
1095 3.653585304839264
1096 6.173474034094514
1097 10.303231723601526
1098 8.35337591636107
1099 6.302948032735177
1100 7.494423430695461
1101 9.309060680698181
1102 6.050851913193969
1103 4.2750185210055935
1104 3.217510814718401
1105 2.053171385431161
1106 0.8613499555786692
1107 0.13673058287066017
1108 0.010015804895928284
1109 0.11843928326748812
1110 0.061064253881770864
1111 0.10845569833391028
1112 0.02099030856499903
1113 0.0065794379705945375
1114 0.05746239343904649
1115 0.4383964308567816
1116 0.7126355313514795
1117 0.41383480406041506
1118 0.18495233424975613
1119 0.002932691471203977
1120 0.19601631581679888
1121 0.04920491266679064
1122 0.5265748882347556
1123 2.6893851217513722
1124 2.8188376035060396
1125 0.44695471055012265
1126 0.49943596998820694
1127 2.288181072104196
1128 2.0141812674127846
1129 2.5336745531471827
1130 6.521157960956563
1131 5.989882329251464
1132 4.00394531799193
1133 3.8541364996507306
1134 4.289879644824032
1135 4.419901309039498
1136 4.475358421077051
1137 5.47283899663668
1138 6.915752807130367
1139 7.9695746867742265
1140 7.9630814975395126
1141 8.127017129286978
1142 6.975478916656797
1143 5.6993427197126
1144 6.31611416533038
1145 6.771214775044246
1146 5.758761776930054
1147 5.659941778427884
1148 8.362695753363223
1149 7.094472056989461
1150 5.38372418620762
1151 4.307556629624992
1152 0.28692738347601787
1153 0.2504967524298792
1154 0.017825122679663626
1155 0.734184488131391
1156 2.6335825244808655
1157 5.242364364171911
1158 7.432111226454202
1159 6.196249304885959
1160 6.482881474445488
1161 9.185123486481706
1162 10.78701650074197
1163 9.142348047146925
1164 8.526314057182729
1165 8.69492872020765
1166 7.95787884130744
1167 7.074383278247327
1168 7.597903154621667
1169 4.201570337561104
1170 2.8617167111015744
1171 1.4823782770848852
1172 0.9425893738091216
1173 0.20167358352901837
1174 0.0059779101029128244
1175 0.00012913899227249675
1176 0.005018793206599065
1177 0.0013959119842653924
1178 0.028091091786666574
1179 0.02760689835362767
1180 0.12228619370066049
1181 0.12528713541260533
1182 0.003948384359165816
1183 0.0049181023401928285
1184 0.021558706197147587
1185 0.21623755333905215
1186 1.7817874046546256
1187 3.6322694039648398
1188 2.9005995055600273
1189 2.178223272197614
1190 0.20117960457454684
1191 0.43364710810279816
1192 1.420947926959689
1193 2.94885477723508
1194 3.368440672473689
1195 5.051431851410533
1196 3.7118624294860343
1197 3.717836109354559
1198 4.228893382504841
1199 4.190499631079725
1200 5.758967585429252
1201 7.400339383839504
1202 9.000307423238121
1203 10.87982604858242
1204 13.624328529579088
1205 12.974808224231515
1206 9.553709034905207
1207 8.50702557017461
1208 5.622654233807047
1209 5.430964029667159
1210 5.512335176581308
1211 3.7711560683825773
1212 5.164641206159018
1213 4.827910596413049
1214 4.400690258466277
1215 2.3678251390874725
1216 0.06629189527258135
1217 0.007093869621958167
1218 0.0953219434151589
1219 0.915689290738453
1220 3.0005547720523693
1221 5.516812508887987
1222 8.63547321475039
1223 9.528696033812503
1224 9.16722503498742
1225 10.288321323993703
1226 12.334881915232337
1227 11.39210163185276
1228 10.12363489834108
1229 8.917466388648414
1230 9.121669755287579
1231 9.642736526381004
1232 7.785449292106518
1233 7.256661512566405
1234 4.945586023007009
1235 2.6504357069453235
1236 2.0126434924614722
1237 0.45372111707411117
1238 0.10081178619229486
1239 0.01816453049243261
1240 0.09486293538218397
1241 0.011165640547058204
1242 0.09596360370838788
1243 0.00380414411311111
1244 0.012811484005431178
1245 0.2673719841795272
1246 0.061259808660831416
1247 0.0023329061759653023
1248 0.9650448494922976
1249 3.776468689047387
1250 5.844133110745634
1251 3.534838129055748
1252 1.4057994725877854
1253 1.6761856495654237
1254 1.436510444441334
1255 0.4147477989471664
1256 0.2373841417536212
1257 2.5357629166366404
1258 3.219832802250398
1259 6.154591886205834
1260 5.050632809786149
1261 3.5135849938429295
1262 4.058379188650363
1263 4.903321824581031
1264 6.755364387115237
1265 10.95917216157275
1266 13.389423499827199
1267 13.67539459479137
1268 15.271240976525414
1269 16.10090766472853
1270 13.066256313234772
1271 11.83798035835792
1272 8.177389809845513
1273 6.704679120870224
1274 5.480723264421044
1275 5.287257586329
1276 4.754522441659226
1277 2.944557444914665
1278 2.7043282228813013
1279 1.3204285853515172
1280 0.008946174602111005
1281 0.0158189960249111
1282 0.3055036026967465
1283 1.6215735375389055
1284 3.857513033671729
1285 6.792486430459226
1286 9.145398478059136
1287 10.958561174218454
1288 11.498608653692195
1289 10.512075687809197
1290 9.986601570966439
1291 9.719962887484549
1292 9.975207506602786
1293 9.892281150811053
1294 11.050799046911628
1295 10.90504617177522
1296 11.067732954487527
1297 10.507899693001125
1298 8.29940183057266
1299 4.224849474305123
1300 3.0138235314799973
1301 2.181224254943882
1302 1.6952352884080713
1303 1.420265072590927
1304 0.5400447097347169
1305 0.0371431083540155
1306 0.04718634307567529
1307 0.02476847443090631
1308 0.1271493460970279
1309 0.23587249726526607
1310 0.05982215736537898
1311 0.021600562544593603
1312 1.1306502905134455
1313 5.169680521389971
1314 9.18618232861236
1315 5.190122030564354
1316 3.2697268443040235
1317 2.4713751345437003
1318 2.2788158542339905
1319 0.44551359476972224
1320 0.017742369231313216
1321 1.7923320920938868
1322 3.148816797882399
1323 6.677775247402424
1324 6.255581594007279
1325 4.354980424457264
1326 5.432357835752962
1327 5.770356017861642
1328 7.988727054020674
1329 10.250649103947122
1330 11.093928536459897
1331 13.897984406117509
1332 17.8142403072158
1333 22.02235390608849
1334 19.798721385568186
1335 13.178600890214165
1336 10.14355452854564
1337 9.452471622605767
1338 6.868632953480559
1339 6.230241359282745
1340 5.595532577978296
1341 3.463978178499052
1342 2.463918135630208
1343 0.9012929159921109
1344 0.09391539308465521
1345 0.06079037119965576
1346 0.3474547843154695
1347 2.4449256464429916
1348 6.10030982334497
1349 7.443616646223263
1350 9.231388873058629
1351 10.792212668791388
1352 11.132576051012672
1353 10.614239048580647
1354 13.413019931681507
1355 10.461830410063103
1356 13.370410867614215
1357 17.775889630275056
1358 14.630729909963483
1359 10.994877538221733
1360 13.554005384642345
1361 13.629993379121077
1362 9.410422268390235
1363 6.708660044678297
1364 4.620030121527188
1365 5.354379309909241
1366 6.180928325740966
1367 4.971372383086098
1368 0.8660549830172952
1369 0.057548538595730725
1370 0.00017943133828742604
1371 0.0561986358017214
1372 0.0014799919040659826
1373 0.0012867642211028254
1374 0.052099650499485596
1375 0.031801498528802916
1376 0.7156923322120086
1377 3.1452458560229895
1378 6.808704045260339
1379 5.9112448375669695
1380 3.496202141903793
1381 3.3524710580203814
1382 2.906559167561213
1383 1.936580281499535
1384 0.8092770145117575
1385 0.3034553402812719
1386 2.374662381378672
1387 3.4977514462673467
1388 4.51550453100985
1389 4.357831428368931
1390 5.363898126103236
1391 7.404269824206767
1392 8.079878890595106
1393 10.716760032821139
1394 11.491092713855009
1395 14.33800586836952
1396 15.824724147961904
1397 21.42731489398218
1398 22.5492720477432
1399 21.108167819952467
1400 10.822904346927995
1401 9.98433730745489
1402 7.722765957028185
1403 8.902016671853223
1404 7.198338095335926
1405 5.359230532683716
1406 3.108146975357622
1407 1.4283206079145663
1408 0.028845781041631845
1409 0.07936326810986481
1410 0.9076567343808791
1411 3.7200148777507946
1412 7.5050416876880846
1413 8.399939996450039
1414 7.109644548838118
1415 11.52526957151905
1416 10.66044558670077
1417 12.089871941816739
1418 14.659942849455556
1419 13.347186668786188
1420 13.895825121206254
1421 22.10156138833844
1422 20.744322496649428
1423 13.59769577069015
1424 12.810483989276888
1425 15.537260991037758
1426 10.903286491692537
1427 8.803891292736408
1428 7.3409346309335755
1429 6.9935583713172305
1430 6.313465089180041
1431 3.6403201629987256
1432 0.8818001195364016
1433 0.08828818906467345
1434 0.037486268874659126
1435 0.0018712597136192927
1436 0.035417856192879904
1437 0.0642576150431726
1438 0.1098720635596183
1439 0.1365291613680737
1440 0.6941118573304631
1441 1.7809689196650782
1442 3.571904122804848
1443 3.3866903835666804
1444 2.254976496237287
1445 2.1769926799685564
1446 2.8940655878554833
1447 2.3398080709157854
1448 1.9443717355757248
1449 9.418930969198622e-05
1450 2.1946113331607546
1451 3.413355282241145
1452 3.751372806636803
1453 5.175856233622181
1454 6.241290388851595
1455 6.109289032027791
1456 7.67668454480037
1457 9.494534087127384
1458 10.996370895821443
1459 10.843810547498151
1460 12.78817902249623
1461 18.50933251710952
1462 17.609402495789393
1463 18.436849969737473
1464 14.092214781618557
1465 11.855566524475083
1466 9.189567357938976
1467 8.071858230933344
1468 6.908005553645656
1469 5.501883275351884
1470 3.3171193820154428
1471 1.886967791581997
1472 0.08944486636099433
1473 0.3483109541732729
1474 1.812225995662204
1475 4.920705221198731
1476 8.947638924638614
1477 9.56297441425339
1478 8.453507920315706
1479 10.962863376624789
1480 11.579948199416247
1481 13.741286726087283
1482 14.165718564018466
1483 16.093963699921044
1484 18.221067569041175
1485 22.20017046268582
1486 26.384840194689314
1487 24.878896490399995
1488 19.588931035457218
1489 18.189333927224588
1490 11.56558707689057
1491 9.455553669690303
1492 7.532964305900282
1493 5.410781368963547
1494 4.017869968656662
1495 2.7168202245457356
1496 0.6179194305849649
1497 0.8397407195819543
1498 0.6072172148884271
1499 0.047496478891298474
1500 0.2652350265835491
1501 0.068681282835142
1502 0.0022097763626391285
1503 0.04384050955953084
1504 0.12706818356490182
1505 0.2793008984376108
1506 1.500005892403422
1507 1.8202820816770935
1508 1.8091646713978775
1509 2.0813242171054145
1510 4.5384066897379345
1511 4.942034372615879
1512 3.3099985088372743
1513 0.21449063470819285
1514 1.5616670888598378
1515 2.6595325264607523
1516 3.2596932664453315
1517 4.722438094142539
1518 5.8249379978743505
1519 7.501628946463856
1520 9.865872850593005
1521 9.851764999144354
1522 9.76954409107007
1523 11.644426527220157
1524 12.587746857217143
1525 16.126328056627152
1526 13.875421217422309
1527 14.689180901301683
1528 12.527619606167907
1529 11.877529731863465
1530 9.589035352706942
1531 9.390914744131571
1532 6.601002056609888
1533 4.703982574043264
1534 3.2602803720612923
1535 2.1294867879635038
1536 0.8205412007949546
1537 0.9947530576488034
1538 3.0226218184860607
1539 5.991646571758181
1540 8.874382256432202
1541 8.283755127635985
1542 9.085519106501497
1543 11.233726162591317
1544 11.077648188583543
1545 13.431819721836504
1546 14.270422246949053
1547 17.2117936948855
1548 20.990609642814043
1549 26.54380228128866
1550 26.59063811105943
1551 26.3138716230604
1552 23.947715480106204
1553 24.12285532002437
1554 17.81284986345179
1555 11.79670030218187
1556 9.019406330994533
1557 6.5013271180011545
1558 4.486996810091236
1559 1.9291239648732053
1560 0.8271054293913228
1561 0.5842936073208985
1562 0.425321090933289
1563 0.1025097946843096
1564 0.33996977589394045
1565 0.6516580579051762
1566 0.12383243335680051
1567 0.0006052708957240859
1568 0.0031680280260875074
1569 0.3916043527012552
1570 1.0929015718970563
1571 2.0613007974050417
1572 4.543974439457283
1573 4.14370631018793
1574 3.788855222836108
1575 4.669126363403435
1576 3.243164999957037
1577 1.5037300116950547
1578 0.04581550407770415
1579 0.8568653875022363
1580 2.096774275356232
1581 2.6725921022749826
1582 3.5167091126080057
1583 5.347498860727234
1584 7.586221607274868
1585 10.01116223664892
1586 11.534859625491922
1587 13.394483379718341
1588 14.905185766442507
1589 18.84435539264821
1590 16.687777691423832
1591 13.28745364586126
1592 11.4881894630336
1593 11.197288442825252
1594 8.72454907863568
1595 7.232965668098093
1596 5.02274962274641
1597 4.38525935130991
1598 2.5465887553999287
1599 1.759832242456627
1600 1.3366512632031755
1601 1.3984883316353265
1602 3.2024679871097206
1603 7.090687877355536
1604 9.732240053536618
1605 9.19295330375191
1606 11.220995936144789
1607 11.901551657766609
1608 12.41193663342839
1609 14.606129503817787
1610 14.425893732850747
1611 17.279344633048623
1612 22.747126201318274
1613 28.192499291956185
1614 33.794035570355234
1615 28.27603847960574
1616 22.260139980131378
1617 23.10543084295452
1618 21.13265885323987
1619 14.63380068031765
1620 10.888007477275114
1621 7.102068864716104
1622 4.580904640868751
1623 2.2753114384666167
1624 1.358482010355578
1625 0.7318645851758235
1626 0.16036811703431758
1627 0.05219056750436537
1628 0.0777039427102431
1629 0.2994365989936971
1630 0.005500440177505421
1631 0.04180297685895736
1632 0.3818067400191362
1633 0.7228204569448762
1634 0.6393445601676889
1635 1.3477993385065625
1636 3.004787760691475
1637 5.00716380804317
1638 5.592229001408939
1639 5.453331437963574
1640 4.294567496337545
1641 3.0769892693764973
1642 0.1973500508051539
1643 0.4269557246993058
1644 1.1928918452476718
1645 1.799455782689518
1646 4.123381097417761
1647 5.271135177827642
1648 7.537181466279223
1649 13.22163597284105
1650 14.333686962515005
1651 17.361836025710442
1652 18.336205708320833
1653 22.246699667396037
1654 20.111852321677958
1655 15.891501177860517
1656 12.904700465295054
1657 12.285262434400474
1658 6.301205434247036
1659 8.617555129893193
1660 7.761323150795553
1661 5.179375165622341
1662 4.260348795781281
1663 2.013521355873361
1664 0.6915624998323157
1665 1.1992099176371598
1666 4.2156201682960015
1667 6.885421179920085
1668 7.813979649785767
1669 10.564835518158054
1670 12.904514207094449
1671 12.66159809267036
1672 11.659712970316408
1673 12.906654414175033
1674 15.62462866156881
1675 18.127260387997705
1676 24.250108012412014
1677 29.82791128860651
1678 36.77403028473425
1679 30.21462698886899
1680 24.814494127406384
1681 24.74837884399116
1682 24.713166013541393
1683 18.313440240813087
1684 15.515230899791408
1685 10.315015965655265
1686 6.1938183528219195
1687 4.315308401597881
1688 2.95681088402325
1689 1.8764332959170378
1690 0.32926390776727366
1691 0.23981066563687348
1692 0.08890595391373474
1693 0.0655739847403686
1694 0.22363397649951441
1695 0.7634911910846682
1696 1.57480684183325
1697 1.200485924747271
1698 0.6203633153199244
1699 0.6028299720866193
1700 1.049091580684038
1701 2.3236009238961848
1702 3.604703513491347
1703 2.5599429202568267
1704 1.5686756851768595
1705 0.8771798239691994
1706 0.024493448124785207
1707 0.4614328931954819
1708 0.941006736036733
1709 2.614893533458929
1710 3.373679132782057
1711 4.570127523211576
1712 7.754233842636863
1713 12.49185828232188
1714 15.590643451605859
1715 23.112677134830705
1716 26.974303337234222
1717 27.56344200346733
1718 22.320457873639242
1719 16.674888703698436
1720 11.234238892381486
1721 10.88978496835321
1722 8.275513816366974
1723 8.914780979736397
1724 8.446244105526413
1725 6.792170017617787
1726 5.397794883700631
1727 4.422319608699146
1728 1.581318799776096
1729 1.5097711120100852
1730 4.115308363226703
1731 7.348744660749523
1732 7.965607706511594
1733 8.806880160282045
1734 11.197229456213282
1735 12.380422169744495
1736 12.314248829837004
1737 13.158016385743592
1738 14.93529695148675
1739 16.829106825123954
1740 21.480828579485138
1741 26.385168642989708
1742 26.190315699054356
1743 25.28237980939391
1744 23.078498712089
1745 25.065951787018108
1746 23.51468558885397
1747 17.870074486567
1748 15.082003561525049
1749 11.596889913551031
1750 6.6943037577282185
1751 4.819306671704058
1752 3.214938934478959
1753 2.191021950554952
1754 1.2535759631308772
1755 1.1379716486791824
1756 1.1352311987429478
1757 0.717135876384153
1758 0.7856999730699147
1759 1.5538060999079353
1760 2.486498379814361
1761 1.7064259779391202
1762 0.7296533070287642
1763 0.2016830193685273
1764 0.2672972726748987
1765 0.34978607206033663
1766 0.8180445708677616
1767 0.2540489373173594
1768 0.013175482207694184
1769 0.3007196903264897
1770 0.5425878650763973
1771 1.0159059595211812
1772 1.9187286950393831
1773 3.697832215777566
1774 4.879495172911554
1775 5.868318271071484
1776 8.97852403823048
1777 11.250501179010875
1778 15.818661533550554
1779 19.821871469920627
1780 24.75214785318795
1781 28.10593613763165
1782 18.473345676448623
1783 14.410386374554053
1784 9.61631789116939
1785 7.439036280072066
1786 8.176430121634654
1787 9.130634676887365
1788 10.617919104584207
1789 8.399088562618827
1790 6.236243241966146
1791 5.224722811406908
1792 2.6373781250721184
1793 2.9632905138192256
1794 5.159836774785823
1795 6.642147422864422
1796 6.524288399820767
1797 7.709335191458753
1798 10.982380773040683
1799 11.922877986319866
1800 13.033935374243597
1801 14.361882912921502
1802 15.101300198988824
1803 16.515630576866677
1804 20.701950316070455
1805 23.198725955977626
1806 20.986359897608256
1807 20.737917218098623
1808 26.403288507420484
1809 27.2496584168964
1810 20.81930159639462
1811 17.889170362426952
1812 16.44962043465333
1813 13.628075135138404
1814 6.579797083474941
1815 4.094526706537341
1816 4.033169735174129
1817 3.533502495488886
1818 2.4313553028530737
1819 3.191528894530492
1820 2.1076832075173497
1821 2.3877343632080454
1822 2.383358000197959
1823 2.850643617809225
1824 3.4938945258452496
1825 1.454198052632818
1826 0.46552277994700986
1827 0.001739707864492782
1828 0.017210045081381638
1829 0.09571502084716309
1830 0.20413637996100945
1831 0.6487628382236068
1832 0.9872328474719719
1833 3.4574770729606246
1834 3.843376346542204
1835 3.3746832497948396
1836 4.5672648082695195
1837 5.524383967952448
1838 4.826852538503109
1839 4.743403350305959
1840 10.269442723806014
1841 11.59946608306787
1842 12.452457656501256
1843 12.32994014233651
1844 12.813762326828613
1845 16.209134705380237
1846 16.896060884641052
1847 12.287365000344924
1848 8.439068118145158
1849 8.383403926591859
1850 9.743034700747074
1851 10.936712029830078
1852 12.65879629921415
1853 11.790985937880484
1854 6.965652917907606
1855 3.076084285001691
1856 2.48373443622327
1857 3.3625225300782895
1858 5.290433334177543
1859 5.896740557903318
1860 7.721146219689984
1861 8.656011995576577
1862 12.143593841092803
1863 11.839133489648843
1864 14.75201114906137
1865 17.236010931390616
1866 16.349897035039547
1867 18.268974680386304
1868 22.10350296421615
1869 28.436128101572223
1870 28.115547698336965
1871 26.14433118523453
1872 26.72968185755098
1873 22.39667708255807
1874 19.323494783004055
1875 16.305097388759243
1876 16.3278652410395
1877 13.289070007074923
1878 9.342296923460992
1879 7.510810852402692
1880 7.496837661895921
1881 5.906647141666883
1882 5.8622883186465335
1883 4.797469886636049
1884 5.154068815179477
1885 5.502423278934918
1886 4.541923903050457
1887 3.954681887672505
1888 3.3310967211165705
1889 1.3311826628039396
1890 0.059380552498115996
1891 0.4880339002690984
1892 1.488673885107573
1893 2.4329120019841626
1894 2.644743335831499
1895 3.1753023988811213
1896 4.705169852470654
1897 7.5733542412008505
1898 7.032137398450379
1899 7.490061546120825
1900 11.320979317776793
1901 9.723606424694113
1902 7.672094845788325
1903 8.303411350664495
1904 10.271900145453168
1905 9.94687196386328
1906 9.497820743520803
1907 8.802764686765695
1908 6.971743622487484
1909 8.665207095826652
1910 10.061051233423605
1911 8.698897920331703
1912 7.85856697538948
1913 9.413834781817163
1914 10.644248225613582
1915 14.26799790121015
1916 13.406988738739358
1917 16.07803964153472
1918 10.263861574654351
1919 4.927846476574224
1920 3.0008599709067503
1921 3.6882458962485587
1922 6.09689753585468
1923 8.31367474091432
1924 10.67765764576945
1925 11.35720092860262
1926 15.508924619785281
1927 18.248329068016396
1928 19.26126154624942
1929 17.53084149022542
1930 15.332361066197413
1931 18.887993001577538
1932 22.197331532215223
1933 29.074713729815763
1934 31.585503509682283
1935 31.808369665565007
1936 29.938852540042948
1937 29.519616588499396
1938 24.710719276823223
1939 20.70793261481947
1940 18.08024137427774
1941 14.216818280734806
1942 11.412721302418817
1943 10.574164662024211
1944 9.689883130717222
1945 8.221489084201208
1946 9.523178678396063
1947 7.650426054298278
1948 6.542817905610494
1949 6.966949446988288
1950 6.468176913050474
1951 5.124253176741593
1952 3.4832969391313937
1953 1.2268535794746707
1954 0.04476116893775108
1955 0.3289221419223796
1956 1.454208790263576
1957 3.0043519600244086
1958 3.6065343631583513
1959 6.098089942257577
1960 7.676080317299606
1961 10.613124991348627
1962 8.734192348442049
1963 12.080435619920472
1964 15.940743904241579
1965 14.811921809871572
1966 13.642536624308969
1967 12.592333784058887
1968 12.867298838088152
1969 9.673840426613792
1970 7.899830984844938
1971 6.450657922286874
1972 5.85096860846953
1973 7.248685137138405
1974 5.066834522541612
1975 3.1218567283403127
1976 5.3105876873518225
1977 10.133412907407342
1978 14.949849834181244
1979 17.118782815455308
1980 13.993312476513365
1981 18.559535128468827
1982 12.65695650478672
1983 5.077711503042115
1984 4.040729774603937
1985 4.104785919259096
1986 6.371305879651382
1987 8.528020414613414
1988 9.881664363149316
1989 11.65759688664247
1990 16.921090781378325
1991 19.833264862397492
1992 20.359405048348744
1993 19.649941716013252
1994 16.93391801078827
1995 19.012366025423916
1996 22.53906462170845
1997 27.094406730711057
1998 30.198222223794755
1999 26.211761822924174
2000 29.919354967027918
2001 31.353047480603454
2002 29.681241241070815
2003 24.72872651083846
2004 20.376998456658463
2005 14.892254282050793
2006 12.011410894041603
2007 11.012929505061285
2008 10.16000139006624
2009 9.802359724016569
2010 9.413801834465067
2011 8.518205241085038
2012 8.18823224453723
2013 6.403171822912159
2014 5.755876807120172
2015 3.034401721404258
2016 1.6545913437992026
2017 0.6121356765006525
2018 0.022546838009984544
2019 0.3887047719923071
2020 1.2749656857194867
2021 1.5055761935405403
2022 3.5724881011552094
2023 6.452827881139761
2024 8.563241084373471
2025 10.459526210858533
2026 12.108810261657853
2027 15.679494351182555
2028 17.669121998433454
2029 20.834159227045454
2030 21.17759277199832
2031 17.446226138833865
2032 13.759559208286806
2033 9.151304661535251
2034 6.738794358916164
2035 4.800114418913079
2036 5.325416575837955
2037 6.953174225145197
2038 3.442886359583457
2039 1.1837319754735462
2040 6.281886307577365
2041 12.949929593486107
2042 16.85658506056578
2043 12.085674853089047
2044 14.51480204040235
2045 18.051550190648392
2046 14.16389498519992
2047 5.3831259785185255
2048 3.26404155108275
2049 4.4050023459221865
2050 6.680618080166296
2051 8.077570305387336
2052 8.864870963539465
2053 11.737989812700246
2054 16.92039861836782
2055 19.209621018411596
2056 19.448619226231312
2057 19.169804671154257
2058 17.13462717591058
2059 18.436605528970752
2060 20.51403275965949
2061 27.67741805723575
2062 26.840593865231973
2063 22.70884934121718
2064 28.72747346619804
2065 31.011323007297957
2066 26.389911801971323
2067 19.412695544044702
2068 17.194300064176062
2069 12.67141903991234
2070 10.29069140179003
2071 9.152686446683186
2072 9.724785170948653
2073 12.501813329238434
2074 12.219537947189693
2075 10.9775763091436
2076 7.422043214141493
2077 5.73301599424487
2078 3.704543146456642
2079 1.9013066626991495
2080 1.0080374752473245
2081 0.7732079673244591
2082 0.14995288115854602
2083 0.11179423180563976
2084 0.8180902249688695
2085 1.5105099376930324
2086 1.8082665183211166
2087 2.6248627791742205
2088 4.704036330979824
2089 8.151345880391943
2090 11.257833633992034
2091 11.722031997168486
2092 16.04368589892954
2093 22.45253826861944
2094 22.04648761880359
2095 18.106252393615478
2096 13.279424636290013
2097 9.189139069990375
2098 6.9604930519003
2099 5.01641161913372
2100 3.901616523634887
2101 4.357547817154815
2102 4.345698475268876
2103 4.0493137783143025
2104 8.611788544883622
2105 12.749621252696077
2106 12.870899511532793
2107 9.979515823320934
2108 13.644914137893908
2109 17.03015445383011
2110 15.050597067228932
2111 6.412893199676177
2112 3.5655592456884952
2113 4.174038192331866
2114 5.352816543637994
2115 6.645458482246043
2116 9.355838251747508
2117 13.265596506668855
2118 16.91555625441906
2119 19.02484954797718
2120 19.2125344044493
2121 18.606478936959157
2122 16.778078453894963
2123 18.04392319017599
2124 20.358652120254188
2125 27.54108487016022
2126 25.894235948410866
2127 22.919483695142034
2128 26.88467733207496
2129 31.358374454631516
2130 26.923917595114446
2131 20.638091906569564
2132 14.656270076406578
2133 13.830888055410675
2134 15.580869048431438
2135 14.343281971331608
2136 11.491292985438623
2137 11.255398984437452
2138 11.417399282808594
2139 8.247757333202541
2140 6.350742942291763
2141 5.043281258756961
2142 3.549723234270275
2143 2.351222447356797
2144 1.7285106024685177
2145 1.1844469140237754
2146 0.2529021894808324
2147 0.01986818500232118
2148 0.06283200209154535
2149 0.49427944268244106
2150 0.9182968282444306
2151 0.9923365066860211
2152 2.301258129106036
2153 4.238674598044688
2154 8.224417222749885
2155 10.453104775392596
2156 13.331546967069212
2157 17.273253948761354
2158 17.134729242192236
2159 16.58427864574559
2160 16.227704860039132
2161 10.018079334246625
2162 6.397300113133308
2163 5.265209820531325
2164 3.5760985385196165
2165 3.3840015667618784
2166 7.031063912076394
2167 7.2758997696561565
2168 9.301116601868138
2169 10.469955731303575
2170 12.894374276774164
2171 9.698266242037036
2172 12.200977352050868
2173 16.818032602272144
2174 14.199919426533658
2175 8.040281820503955
2176 3.2518320886739147
2177 3.135974559479919
2178 4.003623852073286
2179 6.014852016095983
2180 9.32845525332552
2181 13.53679695829109
2182 18.319597636515798
2183 19.817248699548884
2184 17.838186126311044
2185 18.23468591562335
2186 17.89349634998185
2187 19.89333887175922
2188 21.585349697384455
2189 27.65377064285159
2190 27.02129613390332
2191 24.009473401087668
2192 27.75878114637391
2193 28.586617702184974
2194 27.24645257823184
2195 22.08460632449916
2196 16.238061158494794
2197 15.011691810057265
2198 13.988222120107478
2199 16.10106709280286
2200 12.616373145368788
2201 9.635443862804156
2202 8.302759076494363
2203 8.011639013745272
2204 7.681175682652578
2205 5.214607827055901
2206 3.218889673441315
2207 2.0394258433263452
2208 1.0920527220554892
2209 1.5557550999183305
2210 0.613078141638335
2211 0.007571379276170433
2212 0.14868815797511514
2213 0.3153251766138482
2214 0.6513967766190026
2215 1.8593197773428773
2216 3.7063425841307747
2217 5.878580755857859
2218 7.541149461348713
2219 10.280872090516551
2220 12.435993491965418
2221 15.608613041821863
2222 13.356050340808313
2223 12.037373474448588
2224 12.024466933344502
2225 10.213250002682184
2226 7.629996374037512
2227 8.535899596794119
2228 8.87584568345362
2229 9.38640345022992
2230 8.258092794798952
2231 9.650683282965433
2232 9.840767658884538
2233 9.51028042437462
2234 12.47010649367665
2235 11.209167398702707
2236 14.66277390664635
2237 16.498361448936475
2238 10.549710888373221
2239 5.411778278199046
2240 0.8231999607118178
2241 2.220238269063806
2242 4.252757494997257
2243 5.7104498945702185
2244 9.139696004926122
2245 13.448140039344585
2246 17.30353856718298
2247 18.337952977682033
2248 18.34645607234287
2249 17.24221484577003
2250 17.189527773706754
2251 18.027653982014964
2252 22.022541589301944
2253 29.94824416834856
2254 28.73829485838135
2255 24.667370484360678
2256 24.363974163314406
2257 22.89042265362741
2258 26.22340708954482
2259 20.930180622701876
2260 17.244389722271276
2261 14.73818598061914
2262 13.599201967753002
2263 13.810580902124876
2264 12.532649589625958
2265 10.561018950469293
2266 8.053515452613667
2267 7.712205895696818
2268 6.02702814887301
2269 4.2028809144746075
2270 1.6741110578050806
2271 0.7124458240830694
2272 0.9025562440350787
2273 0.9446582710140703
2274 0.37428937849237
2275 0.006935530106498174
2276 0.17147899123709023
2277 0.7091262393829431
2278 0.8698873733070983
2279 1.2685418208774673
2280 2.933173344916516
2281 5.295528298648088
2282 6.3227131161758825
2283 8.261519588951735
2284 9.023008472975569
2285 10.515287901618205
2286 9.07444484695774
2287 7.4334261424081935
2288 9.154589256790754
2289 8.284008809076111
2290 7.542814857997797
2291 10.738589970079856
2292 12.706094112265
2293 15.950006263604571
2294 10.926756673878613
2295 9.604467197678591
2296 10.143919645771815
2297 8.376343105258618
2298 10.958512232092275
2299 11.453257169887076
2300 12.77024331549955
2301 13.452372327258573
2302 8.29936838911645
2303 4.3142967824311516
2304 0.39089001248498456
2305 1.7959941050296455
2306 3.862647419162057
2307 4.326285963611951
2308 6.9572762109011075
2309 10.685572039663928
2310 14.954662484918144
2311 17.188754693587036
2312 17.36328746720121
2313 17.066197246279295
2314 15.436052831196918
2315 16.594176883562383
2316 21.36601352291271
2317 29.662260075802024
2318 27.90721573111294
2319 25.51426700140909
2320 28.717093669833275
2321 26.441170609073744
2322 25.04747503323236
2323 20.99309581138624
2324 18.4517751985879
2325 15.019126551631349
2326 10.657925095525831
2327 10.556529662220438
2328 10.000348785263759
2329 8.197489347001866
2330 5.750901370015093
2331 3.7763524467102965
2332 2.256574866911608
2333 1.9361693903263568
2334 0.8748452291379074
2335 0.1033720689872204
2336 0.15920359661606112
2337 0.23850064275307223
2338 0.0480885884169933
2339 0.0545603676901494
2340 0.3548709972021611
2341 0.41012230529528765
2342 0.42273112611859803
2343 0.9055976005177717
2344 2.415584800959241
2345 4.094934394911608
2346 6.41205044753021
2347 9.916446590333962
2348 11.45982124464384
2349 8.64575719441278
2350 8.92596495971481
2351 8.017216185166681
2352 8.062799326600608
2353 8.195500441151335
2354 9.339167128282424
2355 17.44704821282426
2356 20.974517197963188
2357 17.312223440205912
2358 12.008630924730614
2359 10.737428407660008
2360 9.079132684792045
2361 10.609581079814108
2362 12.241988225663052
2363 12.775247070079605
2364 13.458282675895665
2365 9.523297042163804
2366 5.425227424451831
2367 3.2224521910342
2368 0.06936211076873756
2369 1.050655409850539
2370 4.244418160752497
2371 4.532530065866829
2372 6.916142394830079
2373 10.154844850447526
2374 13.679041018756584
2375 15.749210004827377
2376 16.65860004584963
2377 17.00159050943012
2378 16.808033748990994
2379 15.267173429396083
2380 20.795143595534856
2381 29.84326392238597
2382 27.927010865484807
2383 24.816084095917546
2384 27.499298804104537
2385 26.536151195158883
2386 26.903191003351015
2387 23.04364026196252
2388 21.093788131971202
2389 14.542103466345923
2390 7.194135361641055
2391 6.187312242660818
2392 5.956032025828657
2393 4.187600512037767
2394 2.4934387475228785
2395 1.9010488324732226
2396 1.3879474110741816
2397 0.9545436726823134
2398 0.4268283851357674
2399 0.08949863889294019
2400 0.000513197810140192
2401 2.704879517586005e-05
2402 0.00041009969271673844
2403 0.07633142823620771
2404 0.11799991420653586
2405 0.01614241828512573
2406 0.13718487892161185
2407 0.14323952516410984
2408 0.7937138729149842
2409 1.2974751897584094
2410 3.708619929776419
2411 7.392759246888694
2412 10.631166435616148
2413 9.794118452529236
2414 9.772647216116235
2415 10.465977022268605
2416 11.730133348795244
2417 11.945727438364377
2418 15.316437190275053
2419 25.030784875891314
2420 27.54390397983195
2421 21.20503326659622
2422 14.898778646708958
2423 15.558992014245362
2424 14.35359280813838
2425 15.117526244410385
2426 14.107954334674341
2427 15.74538722687791
2428 12.430954041305654
2429 6.030738156738729
2430 3.485641343845794
2431 1.7749599631978972
2432 0.03031840385545436
2433 0.5162742913729298
2434 3.440125140183587
2435 4.772708083569698
2436 7.2307486785600705
2437 10.743153391757778
2438 14.834210288577376
2439 16.529008088922264
2440 18.0313012198105
2441 17.191561736010467
2442 17.65016692280221
2443 15.4633413494242
2444 21.35376729358236
2445 26.20911819339658
2446 25.019284129643584
2447 25.3632460845245
2448 28.62493349524334
2449 24.819582827861257
2450 26.9110487038096
2451 24.413417121178785
2452 20.210870301376193
2453 13.304163628277063
2454 7.084444421475275
2455 5.0552793880248
2456 3.823971163968299
2457 3.7711654012124427
2458 3.5981591467000653
2459 3.0294664056082294
2460 1.5686044629422624
2461 1.2056779205929649
2462 0.6721957294412477
2463 0.7157701324447937
2464 0.39923986721120436
2465 0.05240268202375886
2466 5.838783557196456e-06
2467 0.045759301599643545
2468 0.019488548452148417
2469 0.13879570592346463
2470 0.0925508626010216
2471 9.558302441622249e-06
2472 0.22469333744214595
2473 0.9617223101350099
2474 2.1396193614605856
2475 5.558808642528297
2476 9.929347563119373
2477 11.121530830758031
2478 12.01014011451889
2479 13.601771727914958
2480 16.717613582554343
2481 24.11880121772732
2482 28.321244758023184
2483 30.601939270335347
2484 26.847902059427078
2485 27.328331719720833
2486 22.45664606983049
2487 23.958758763175258
2488 16.978988084947705
2489 17.753526531026594
2490 14.877062583501235
2491 12.452896913456334
2492 9.602928062212161
2493 5.238713039535898
2494 1.8902237412758276
2495 0.5791666621183789
2496 0.0015658898508523612
2497 0.40464942363904294
2498 3.1752279845811002
2499 4.728655857082111
2500 8.358186248630162
2501 11.441848763470139
2502 15.160335641899183
2503 15.250991635324716
2504 16.03384799604444
2505 17.205236752267467
2506 17.10668994281915
2507 14.842088399290724
2508 19.852195424514846
2509 20.645901384908694
2510 24.335321424910447
2511 24.147748958964645
2512 25.001704298133692
2513 28.177987192325638
2514 27.151909353717915
2515 23.30103034404382
2516 22.59621641813279
2517 14.931248789656458
2518 7.09603208421474
2519 4.341202253376517
2520 3.4372399800746853
2521 4.75330628749491
2522 4.733501221253586
2523 3.8794589630361807
2524 2.2961840119628296
2525 1.5837854816195316
2526 2.011812848776389
2527 1.3424664995959852
2528 1.2817623095686665
2529 0.6884583281066595
2530 0.4208693840907491
2531 0.48758348775618165
2532 0.6555866008073757
2533 0.5455398649922203
2534 0.9523695345101868
2535 1.121224657462513
2536 0.11380176094523903
2537 0.32269742452887473
2538 1.1078771542367662
2539 7.131307573418191
2540 14.241296064741375
2541 12.563873918473645
2542 14.345599583599272
2543 15.48571363751784
2544 20.85682436897537
2545 30.31841505175272
2546 33.449411295309446
2547 31.56855515235675
2548 29.24169666072024
2549 32.29384935494703
2550 32.34939707541151
2551 26.779419199379632
2552 22.00370917974705
2553 18.549292185264104
2554 14.391242174373279
2555 11.116203625730439
2556 7.974174971603024
2557 5.354198056301275
2558 2.7604265881058923
2559 0.93205943327465
2560 0.38026905418803075
2561 0.00010115506554541231
2562 2.060616343833351
2563 4.227872136632944
2564 6.737413363572137
2565 10.627989890941382
2566 14.881825658255943
2567 14.054577520696489
2568 14.559405053448039
2569 15.832488533540342
2570 14.272319912097293
2571 14.12546956919204
2572 17.932745898931515
2573 18.918177355268476
2574 22.20745048003438
2575 20.110784093698104
2576 20.522861198096336
2577 22.75961855439906
2578 25.12042617275639
2579 23.439946615230944
2580 19.038806043769693
2581 12.117727518231979
2582 7.441203566835295
2583 5.232727596099281
2584 2.849877317371991
2585 4.0928849549816375
2586 3.377707332114443
2587 3.2267643891910045
2588 2.489482236857777
2589 1.8410640220625702
2590 2.3889834141236705
2591 2.0744831812136266
2592 1.1161137915393282
2593 1.7561300203393737
2594 1.819442606296131
2595 1.7074801503226353
2596 2.6500083309454303
2597 3.0590195997458047
2598 3.1124000447443954
2599 2.982863928321263
2600 0.3952353323155775
2601 0.4283343375603578
2602 1.040207690107144
2603 5.70937404102233
2604 12.734179743536203
2605 12.557571137390958
2606 13.2564635306604
2607 17.054596414106097
2608 21.36094941798742
2609 30.145514736932405
2610 28.105069275478307
2611 31.28573772210375
2612 29.382750729630065
2613 27.62557257595519
2614 21.977972795264677
2615 18.278797305663577
2616 19.101989907576264
2617 17.732842205029684
2618 15.168696140398612
2619 13.995867045137025
2620 11.003987129742303
2621 6.4711296419207
2622 3.444778063987963
2623 1.0674102900463782
2624 0.5855833268463415
2625 0.3061570090400232
2626 0.3999332123384623
2627 3.070752887022089
2628 6.678587608199438
2629 9.584412790116682
2630 12.952213679590638
2631 12.937950410271858
2632 13.733297416825735
2633 13.278594489732837
2634 12.798210299537846
2635 14.81842247475002
2636 15.445649964070306
2637 20.189186868666983
2638 19.810307718292556
2639 16.628705819478682
2640 16.92572896949911
2641 19.43390173487106
2642 22.775468278165334
2643 22.548676089578176
2644 16.98887469726497
2645 10.227791464299939
2646 8.3254379049986
2647 6.428150892909549
2648 3.0843318746902537
2649 3.120576635662802
2650 2.181167695014277
2651 1.3785760602784876
2652 0.7832253936042193
2653 0.510003997415707
2654 2.088114340890191
2655 2.4191712428857257
2656 2.4495121504517288
2657 3.461130090929885
2658 3.5731665286230125
2659 3.559730624629018
2660 2.92683134880443
2661 2.549872640099233
2662 2.1617052667030725
2663 2.0673145200097776
2664 0.747262210990905
2665 0.3858840038912194
2666 0.8434910899890213
2667 2.8039045694228824
2668 7.8492423762669405
2669 10.102215500954872
2670 13.245358445710998
2671 17.080278677312638
2672 19.337441515413058
2673 23.927714803390693
2674 24.287892113064448
2675 23.244308819286108
2676 20.388207679879617
2677 21.513173274004863
2678 16.881998858514194
2679 16.924668266227535
2680 14.294133351516631
2681 18.043574974329005
2682 15.079787775855968
2683 18.3644597639521
2684 10.079922451623686
2685 5.2018102363366445
2686 3.686614556356818
2687 1.858711289654699
2688 2.2016615670669064
2689 1.2645428111920494
2690 0.0021811090598247746
2691 1.8319954034777877
2692 6.1963670329084035
2693 8.274888322465001
2694 10.688352655855223
2695 10.492439632636286
2696 10.21088300197058
2697 11.0899095428432
2698 11.324421900561122
2699 12.787350584823958
2700 14.490025796349817
2701 14.613592301904474
2702 12.579224112642288
2703 12.740892664798984
2704 14.79031705363074
2705 17.375336197392517
2706 18.724816369084174
2707 16.175654323575127
2708 16.375255375137385
2709 11.873277540609822
2710 5.734837267248558
2711 3.386358064516763
2712 2.4021927331467827
2713 2.6463199361183127
2714 1.7311915267183284
2715 0.6584842203094189
2716 0.3367930194050177
2717 1.1142017439813496
2718 3.078355895869471
2719 2.3903456018582228
2720 2.437498534042228
2721 3.3962333993236737
2722 6.846631340880505
2723 6.734152100510169
2724 4.619060144375201
2725 3.3786285370853752
2726 3.2657807464852837
2727 1.8267177396517782
2728 1.664511511695854
2729 0.011964380116979645
2730 0.2127388275921454
2731 1.0779521272745538
2732 5.3035442198258425
2733 8.727175542784384
2734 11.783102603410095
2735 14.615498788603796
2736 15.173117472744025
2737 14.077289003835428
2738 13.742517357077274
2739 14.530394845769374
2740 14.267034260579344
2741 16.49204862816386
2742 13.330077821506578
2743 15.551075989147815
2744 11.305301061991516
2745 13.129904707935102
2746 12.667341687565758
2747 11.791687976029472
2748 8.677954324882007
2749 6.784446420973489
2750 4.521108468155282
2751 2.1848829293124106
2752 3.481411003396973
2753 2.330566605811823
2754 0.3520100850423516
2755 0.5224931441041067
2756 4.138647039149381
2757 6.234635299995145
2758 7.168456099193043
2759 7.984428542200341
2760 9.000558067241046
2761 9.18057711179315
2762 9.027189574726918
2763 10.339120420179896
2764 12.033956968306429
2765 10.285436842000323
2766 11.151646000288373
2767 12.735661579891481
2768 15.03450132529009
2769 18.601300110036593
2770 14.492113153218044
2771 12.159267543160416
2772 11.703039611850897
2773 10.61141738835109
2774 6.130189100377087
2775 2.2805293515947516
2776 0.8771434282285511
2777 0.6532154280750574
2778 0.9404749712783989
2779 0.1461702238941351
2780 0.07149906571845734
2781 1.0536277284124724
2782 3.054682893431568
2783 4.418801252980322
2784 4.586345308787171
2785 5.252014308950564
2786 8.299678004593488
2787 8.59853600645039
2788 6.930256198529487
2789 4.560404681829414
2790 4.743460557363451
2791 3.395890987045682
2792 2.8817687185560263
2793 0.07075682101451686
2794 0.0033459518978380845
2795 0.6594978469321451
2796 2.767233924855199
2797 5.548961770916635
2798 7.417223676610235
2799 9.488213385834202
2800 6.787537990156159
2801 6.648250047051904
2802 6.631973488260718
2803 8.162568842344283
2804 7.985609846298104
2805 9.90181103306587
2806 10.247810639146156
2807 13.186869213004393
2808 9.604084662730338
2809 10.43068771560615
2810 12.293847807166467
2811 13.585749714851826
2812 10.326071921342255
2813 8.024613856621457
2814 4.042254048182441
2815 2.0123647838360923
2816 2.84760108989416
2817 2.971117396296074
2818 0.7160967643925708
2819 0.06087527196655747
2820 2.451731242749295
2821 3.971664796218698
2822 4.2876572028994255
2823 4.398343474229261
2824 5.681311387753919
2825 5.558938998115117
2826 5.715871988794012
2827 7.348069006657782
2828 11.66084962516893
2829 11.1432162344905
2830 14.039658919874345
2831 13.826493899548348
2832 14.582720259431134
2833 15.786667851505328
2834 13.20380523904198
2835 12.065463168343298
2836 11.439762018830015
2837 9.029654442114445
2838 4.777963503241924
2839 1.382167252791935
2840 0.4747928602873368
2841 0.005793467392100587
2842 0.059449797749214384
2843 0.2596528756854793
2844 0.034722202754155544
2845 1.2763484912501342
2846 4.1216995817163
2847 6.727241868006818
2848 8.867313098806402
2849 10.025434961147306
2850 9.540782966381157
2851 8.245532246252049
2852 8.939201306418214
2853 6.406888453723895
2854 4.197183075854841
2855 1.7383355621249375
2856 1.047057145810906
2857 0.0001995011434713942
2858 0.10815151865705966
2859 0.2196121354987208
2860 0.8849824439522102
2861 1.3178388504066387
2862 2.5790449174193673
2863 2.7932800030798144
2864 2.5446938948967825
2865 4.218755545577565
2866 3.927404848149647
2867 5.298010634310536
2868 5.136695871764857
2869 4.688557618937432
2870 6.94948011060625
2871 10.358558304003129
2872 12.088256634683258
2873 12.588571764609306
2874 13.559283004713159
2875 12.804024935459513
2876 12.093273892455603
2877 8.472717710480328
2878 3.533279002578582
2879 1.9407550984308
2880 1.9111236749217013
2881 1.459108904635304
2882 0.091289534882085
2883 0.020083383996045853
2884 1.2988018988401304
2885 2.740155601259978
2886 2.834717456980919
2887 3.107858590859068
2888 4.140645563115179
2889 3.537277339546728
2890 3.159199470439996
2891 4.361538850811486
2892 10.391559520352748
2893 10.407527315935582
2894 14.395002787389584
2895 14.172468207806341
2896 13.96316060577119
2897 13.859146571515653
2898 14.072881763311257
2899 11.820735851393078
2900 10.740202782060853
2901 8.042926419741095
2902 4.207003373163372
2903 2.432896144100587
2904 0.3874794304361494
2905 0.006398110927059592
2906 0.3861863600780554
2907 0.4042667231863263
2908 0.9570667193450305
2909 3.5063954439340073
2910 4.832090885934193
2911 6.344491286369604
2912 7.303921758000903
2913 11.669748688706504
2914 9.705587754125574
2915 4.591543454289619
2916 6.288070015868381
2917 3.728052941854953
2918 1.6579163781585504
2919 0.6542923294260076
2920 0.4921648448383592
2921 0.2656900171831864
2922 0.6254048002145209
2923 0.2286714864985412
2924 0.1662425502005333
2925 0.2375865350986184
2926 0.9584496577536583
2927 1.4779532999982878
2928 1.2978020957902539
2929 3.1205221845222533
2930 4.452210605014742
2931 6.069924502065414
2932 6.383469764895968
2933 5.696296894959183
2934 10.12028675186209
2935 15.414007874355704
2936 13.376259649212107
2937 14.821655719849879
2938 12.430199433838128
2939 10.813287843390695
2940 10.062258859517428
2941 7.298369119502821
2942 3.0986421637961357
2943 1.608880784986617
2944 0.8793989921062019
2945 0.46766902116687153
2946 0.06454064001099823
2947 0.021415363667779946
2948 0.5014868923330262
2949 1.4582792654841819
2950 1.8209866559552452
2951 3.0516938913440494
2952 3.339164364317956
2953 1.9801673299294524
2954 3.2570861749829123
2955 5.4544454041966075
2956 8.805115157870187
2957 9.69772146537278
2958 11.503305189126104
2959 11.371352431947292
2960 9.527686853087124
2961 11.482143261832682
2962 10.49735319345374
2963 11.466067873204336
2964 7.628719563053102
2965 5.457317221173027
2966 3.766227418772118
2967 1.5806042112452343
2968 0.6209033834175042
2969 0.5161437662125309
2970 0.5434465816800056
2971 0.9300593895704266
2972 2.716221411651791
2973 3.638420206470868
2974 2.7895634538939
2975 4.630751795548436
2976 6.10904157251288
2977 10.2802832195295
2978 8.819358379384425
2979 5.819761017558657
2980 4.249438458114233
2981 3.6760144437856335
2982 1.4510479920712651
2983 0.5695629266479116
2984 0.1196070986456347
2985 0.5342205569368315
2986 0.8831978937237283
2987 0.48425289428903034
2988 0.3748808262392196
2989 0.4380699779892603
2990 1.1346026561999067
2991 1.5413974764615372
2992 2.013253590298205
2993 4.475419093711947
2994 5.076230875032997
2995 9.346200033022585
2996 13.026840195506482
2997 13.846671987623647
2998 14.495866222210632
2999 22.729966275633764
3000 19.9323516194085
3001 16.31573019595751
3002 13.988290914154408
3003 7.913983117434039
3004 8.327705211102856
3005 5.059046502729838
3006 3.2580028300073787
3007 2.2567627872003793
3008 0.1726764998979398
3009 0.19776933060558285
3010 0.030882546870455652
3011 0.00011520528022704691
3012 0.008789612371754824
3013 0.2912582245242942
3014 0.6833198250933936
3015 1.7536565783071627
3016 1.4966980545338755
3017 1.8317647508453567
3018 5.194676030006277
3019 7.00722905329919
3020 7.551378864768345
3021 8.199745361135848
3022 7.1335756462313675
3023 5.907446213859389
3024 5.895840595824126
3025 6.144251602674102
3026 5.8314227551919045
3027 5.723752787498191
3028 3.515675913830471
3029 2.587339739253846
3030 2.7627058917688485
3031 0.9266828243586859
3032 0.64208694562733
3033 0.03034894915496416
3034 0.0797506020702266
3035 0.5067284515297972
3036 1.1192731624909333
3037 1.574856141806343
3038 1.1068459845490015
3039 2.249310274556625
3040 3.7202405371585625
3041 6.9614082550287595
3042 5.837450622662541
3043 4.272416141464184
3044 2.50557112747854
3045 3.099476838749451
3046 0.6986544913761336
3047 0.383343850623611
3048 0.02250848454677242
3049 0.02797001880289006
3050 0.04090451843799966
3051 0.06675949633645452
3052 0.1147837634703927
3053 0.4674179031938109
3054 1.4811804911439943
3055 2.3611299897388363
3056 4.386246023319097
3057 6.113469843364741
3058 7.474903901086983
3059 11.151566889955898
3060 14.177188232995539
3061 18.033246556405743
3062 15.829513800276056
3063 20.674956921786208
3064 17.350293835297183
3065 14.830201757252889
3066 9.203926958284622
3067 10.814982434548073
3068 7.903805864573386
3069 5.760382592201586
3070 4.923275022386008
3071 2.8450417678495317
3072 0.058568146954391956
3073 0.14577838331529933
3074 0.08665017049446969
3075 0.03669005100210022
3076 0.0021511621131628847
3077 0.087130915520882
3078 0.3430949451889177
3079 0.7101794047931277
3080 1.1741147361042101
3081 3.6251165382283452
3082 6.558123639508775
3083 9.000507628220184
3084 8.028632652686284
3085 5.1282578740869695
3086 3.5726997805348706
3087 2.9401722790279816
3088 2.1211532850994677
3089 2.4343629915979608
3090 3.2619756019829733
3091 2.0707684525135877
3092 1.0166425689007592
3093 0.8610069817362065
3094 1.592688749175407
3095 0.823226317731159
3096 0.25342829822972923
3097 0.006762296296622293
3098 0.07414787190397656
3099 0.15816960019599477
3100 0.31164746651214414
3101 0.42371104258779757
3102 0.16930192411248832
3103 0.3201697560464114
3104 1.058420673972611
3105 1.875600335134334
3106 2.2682749901838886
3107 2.360977884420479
3108 2.7589322581709834
3109 1.194505977036234
3110 0.29742323199425325
3111 0.027270596351546383
3112 0.11125593761374306
3113 0.32697696636179396
3114 0.26086520075260083
3115 0.1040065651247771
3116 0.00031510434090896894
3117 0.3844072870254074
3118 1.624999339393572
3119 3.3146164169257166
3120 6.48937794992967
3121 7.624120098086634
3122 10.812673582330897
3123 13.72522878361497
3124 15.735007677349083
3125 18.595321710244054
3126 13.52190393642904
3127 15.93273854196138
3128 11.251488390861816
3129 9.478943155112747
3130 8.180941569073564
3131 9.270254311782377
3132 7.540543459557349
3133 3.8612919385849596
3134 4.055187586494448
3135 3.1852409430685746
3136 0.42529950934812405
3137 0.38941036478782765
3138 0.2369852155025419
3139 0.06300776474510195
3140 0.2070384361718218
3141 0.0029337480823774732
3142 0.05179612613278818
3143 0.3802251597607134
3144 2.128008967382748
3145 4.345353999333009
3146 6.351047788913722
3147 6.640094184867023
3148 5.116806305598449
3149 3.640662571753949
3150 2.8011283988134092
3151 2.5804334168026264
3152 1.920754449230515
3153 2.9628955755012485
3154 3.316220870510187
3155 2.034182548787641
3156 0.9528237021378324
3157 1.0424326934690815
3158 1.174306982331064
3159 1.6229722817889072
3160 0.6441858165561347
3161 0.33712046851046545
3162 0.30261536764885205
3163 0.32162515578388223
3164 0.17483480873149843
3165 0.6296000383173538
3166 0.55176428954686
3167 1.0102056751276987
3168 1.7478730779683882
3169 2.5735455587639473
3170 3.2974919945298837
3171 2.9027700594681756
3172 1.7692820433083793
3173 0.5403435407817822
3174 0.268383328530004
3175 0.033857440284766005
3176 0.10767691454557048
3177 0.22339122976530026
3178 0.27997385028737765
3179 0.0748050199778362
3180 0.008053277633591064
3181 0.3815404304601977
3182 1.2255495300535368
3183 2.045312483239391
3184 3.669805981198578
3185 4.657883730344742
3186 7.473470342263404
3187 12.35279147717113
3188 14.811156649556011
3189 17.689818576439755
3190 12.722954955271348
3191 11.99617742694987
3192 10.669660465881401
3193 7.723396497076163
3194 9.458370571003233
3195 6.986023260360124
3196 5.856830479178079
3197 3.5984414048799795
3198 2.989783491095439
3199 2.0388350418518684
3200 0.2813358148150928
3201 0.3870119790617558
3202 0.33526289086128885
3203 0.2555307187675059
3204 0.4982008038059222
3205 0.07529392682093212
3206 0.06552916670526009
3207 0.6908510153629654
3208 2.084116676269815
3209 6.291033593201568
3210 4.77369762486513
3211 3.238120508333785
3212 2.593083314813976
3213 1.8608358776685867
3214 0.9363685787024884
3215 0.3238359864455762
3216 0.4462544390165801
3217 1.0595989117977522
3218 1.5590487042004721
3219 1.0901142847089813
3220 0.3925446170815546
3221 0.7349797233124429
3222 1.5811295952765752
3223 1.1718372632475915
3224 2.02816531112519
3225 2.1012063773893526
3226 1.1354176272419882
3227 1.0239791140376817
3228 0.8193139456094366
3229 0.7373466167821165
3230 0.8971345096778172
3231 0.29976831431566103
3232 0.34656034011492654
3233 1.1818100155074627
3234 1.6163576005977756
3235 1.2902585496514183
3236 0.23836795334027394
3237 0.00012172942876561749
3238 0.004432813396524904
3239 0.0730747210312735
3240 0.0006011375060958122
3241 0.0003729010675905607
3242 0.000962742786479229
3243 0.024170413851432378
3244 0.18532648634195145
3245 0.5856066053259403
3246 1.2678595038147649
3247 1.2435983752725939
3248 2.086961803785926
3249 2.9523950160784334
3250 5.249930377136008
3251 6.66115174550998
3252 7.6520081713482915
3253 9.39425667493465
3254 11.191971451966076
3255 8.963644502098054
3256 9.62411682585909
3257 11.099520031571606
3258 8.266747957026524
3259 8.59912549565219
3260 5.863182107108958
3261 5.135857703837821
3262 2.80413637480179
3263 1.9849080222364415
3264 0.27488192786440385
3265 0.355565789076149
3266 0.5961292338664171
3267 0.6887762997528876
3268 0.584239324892755
3269 0.013645265680277406
3270 0.12139258298466862
3271 0.8202983006922192
3272 3.110713079820392
3273 4.894454953637842
3274 2.6829593157110647
3275 2.374442567952571
3276 0.9532301210440678
3277 0.2351594813482255
3278 0.08441453678889455
3279 0.0006203980107417031
3280 0.007230402108705455
3281 0.017824228396339327
3282 0.18556240988174483
3283 0.07404984908685124
3284 0.019153015118533935
3285 0.0001060464669968998
3286 0.2446697484518916
3287 0.3355961876307912
3288 1.2017409120361537
3289 1.244426052722329
3290 0.7616235068145207
3291 1.1766212477859275
3292 0.9488528847701378
3293 1.1562713270556517
3294 0.90851269556348
3295 0.5715463266484383
3296 0.9777522012522373
3297 1.1409454821401748
3298 1.0630392139270797
3299 0.4618073326008933
3300 0.0640029257272441
3301 0.0011440399943164958
3302 0.025734670592754427
3303 0.15798695122291842
3304 0.13549943965194786
3305 0.23639110647882486
3306 0.30476096334758807
3307 0.3709992260932886
3308 0.5179258663319468
3309 1.0721089484603523
3310 0.7217680856348395
3311 0.7482264757740085
3312 1.0680210670472938
3313 1.8418736118657237
3314 2.622041933959007
3315 4.776521400307223
3316 5.870244712511865
3317 7.644001008734848
3318 12.108626204362956
3319 11.19739059331889
3320 15.575039395577521
3321 14.76963060515592
3322 10.476445379059847
3323 8.665593127977871
3324 8.382314356205187
3325 4.9235863009063445
3326 3.9041638127461917
3327 2.538145222379726
3328 0.3436776019884187
3329 0.5969550839966525
3330 1.395278323989788
3331 1.1648020504757757
3332 0.7076357106155575
3333 0.013840429260553769
3334 0.24008909871718276
3335 1.8979550506142056
3336 1.9625173457198377
3337 0.8657319855864007
3338 0.9143954495164697
3339 1.4410439794114982
3340 0.3695912084226186
3341 0.01790977718262423
3342 0.0010561749023973526
3343 0.16461958991585532
3344 0.38674643142694487
3345 0.3218481435804096
3346 0.14254661735870483
3347 0.019602978655843265
3348 0.057544469470581984
3349 0.02069045586430514
3350 0.016493182584599902
3351 0.014663516410522215
3352 0.4203868574152476
3353 0.35855049807061895
3354 0.3345248126754467
3355 0.6400655976973447
3356 0.27443965369379125
3357 0.8478860989776322
3358 0.9492851221677461
3359 1.2491430810217132
3360 1.4997972796878707
3361 1.5800526244570687
3362 1.1504420153450368
3363 0.822211517612021
3364 0.28868254757335365
3365 0.11795682835701306
3366 0.09733902176362995
3367 7.331745448777793e-06
3368 0.12060306053347411
3369 0.4353832585882985
3370 0.6447140218984819
3371 0.6568296547030539
3372 0.9883323402659696
3373 0.8252990733391792
3374 0.49986941368976595
3375 1.1031442300556291
3376 0.9607878146929947
3377 1.460868703433431
3378 2.5585837222495478
3379 3.872972275483587
3380 5.0885514843471045
3381 6.653668383662423
3382 9.634937523953102
3383 12.976793485088937
3384 18.13156200939114
3385 15.501618377136532
3386 9.953272405326478
3387 6.318676611706703
3388 7.102401319578501
3389 7.1572904536052055
3390 6.288314795323892
3391 2.8434348092615362
3392 0.4798285569559767
3393 0.6788707780461607
3394 1.40281831280034
3395 1.5669874435148068
3396 0.9012462276067783
3397 0.20236683337578215
3398 0.12019077219570024
3399 0.7988304504237387
3400 0.09367683474062748
3401 0.02246232925688408
3402 0.017123604712458166
3403 0.029929403155694617
3404 0.11356618842962717
3405 0.0010733951595310396
3406 0.07526517182109566
3407 0.2773922783985475
3408 0.5251150351873443
3409 0.6606144098635216
3410 1.0054079298709564
3411 0.1723873564850816
3412 0.0012724107156593437
3413 0.021682598568378376
3414 0.11684899848885674
3415 0.016925028158080477
3416 0.24418824777056047
3417 0.13617085190402434
3418 0.1390064202851954
3419 0.2353513547571526
3420 1.186475796503672
3421 1.3401977306373212
3422 0.9881135293191888
3423 0.5852715819195854
3424 0.49452595230995666
3425 0.9540621800676996
3426 0.8413017890368083
3427 0.6884965172627583
3428 0.2793334392559037
3429 0.3692092067012588
3430 0.5434097543320366
3431 0.38707890509117626
3432 0.24526808728286267
3433 0.04109417822358171
3434 0.35665412390193635
3435 0.8461307231258418
3436 0.4770822356001756
3437 0.4200478148914989
3438 0.4598438903794912
3439 1.0449139781863581
3440 1.0632022415624747
3441 2.0724490505826894
3442 4.126149294971095
3443 4.239225219460249
3444 5.557597750571254
3445 7.259560193095098
3446 9.684290364877121
3447 11.968162311220325
3448 17.537437561861285
3449 14.916154447211351
3450 12.51340886399366
3451 8.047858807991368
3452 6.252619694742605
3453 8.580103683873038
3454 7.115632806990729
3455 3.0163233350393472
3456 1.002489543670066
3457 1.003692356391343
3458 1.1687881236605158
3459 1.5592514943949811
3460 1.3013784882019026
3461 0.6967546896790526
3462 0.032348371552788364
3463 0.20430014348933292
3464 0.012533311766719244
3465 0.28342431967105153
3466 0.3826064578774626
3467 0.33124563120003814
3468 0.15171514799730526
3469 0.190689025849574
3470 0.30807518571942927
3471 0.6541526859552589
3472 0.5455701994460427
3473 0.3475026095539551
3474 0.8083152116915466
3475 0.27697795500151695
3476 0.02809458618482054
3477 0.00018868695704080829
3478 0.07585736363384254
3479 0.20544299049669937
3480 0.28425320286197875
3481 0.3280868704419231
3482 0.527605814858374
3483 0.8587839652683689
3484 1.6088113733612273
3485 1.145866592162242
3486 0.9634848455874997
3487 0.8060710392217187
3488 0.5551207695870487
3489 0.44431785648216865
3490 0.6874767068340801
3491 0.7624408086354436
3492 0.9473895717662224
3493 1.3687198708116979
3494 1.4533256277063284
3495 1.1872440476074746
3496 0.5613165491256265
3497 0.41250542102926546
3498 0.27570287336854876
3499 0.0037499922679862714
3500 0.20409426992278362
3501 0.07387308345814894
3502 0.2803450864127338
3503 1.8384913549981663
3504 3.2595110132317338
3505 2.6526753195440604
3506 4.475409564513894
3507 5.002770446474913
3508 7.434322996538008
3509 9.151472722732255
3510 9.101474430557648
3511 13.777411927865339
3512 11.90878819890288
3513 11.761091915138246
3514 10.955752885455247
3515 9.341653670597234
3516 5.061274113200265
3517 4.8376834806323625
3518 5.794665437431668
3519 2.4802829704943674
3520 1.225594755616881
3521 1.028090939999139
3522 2.056348337298836
3523 2.400147790493063
3524 1.4169755201369394
3525 0.520661778525266
3526 0.027749493216009707
3527 0.19341915981643587
3528 0.29785217340802134
3529 0.5334877526745436
3530 0.8832862329605871
3531 1.1086540998817398
3532 0.6065341780274763
3533 0.9076613461005001
3534 0.6248489193366727
3535 0.6702450534124075
3536 1.2979179483699903
3537 0.883680531262601
3538 0.5743681784627791
3539 0.5920042983058997
3540 0.20838753416499353
3541 0.12944840348303246
3542 0.002693269833293245
3543 0.22202855243630895
3544 0.0678219188250789
3545 0.1281079278828256
3546 0.4342283012800261
3547 0.46802095204965044
3548 0.8532078583152496
3549 1.052927049481708
3550 1.2141182973384657
3551 0.7303956767124316
3552 0.379175302241465
3553 0.4783368951514854
3554 0.46604328785323684
3555 0.8744353786050691
3556 2.25429302371109
3557 2.661763855711405
3558 2.578752587684056
3559 1.304541711122076
3560 0.864176914089391
3561 0.7610525091451698
3562 0.38156547622923803
3563 0.0492497402513105
3564 0.11122025873480447
3565 0.1329674531717819
3566 0.3387062617506807
3567 1.1586268006043292
3568 2.502548904858461
3569 2.4492847900778756
3570 4.22035480147543
3571 4.726669517986072
3572 6.4148161052023225
3573 8.445981139900049
3574 7.662573132861742
3575 7.896401934757369
3576 6.0538033448950666
3577 10.072703445745143
3578 8.51083355062319
3579 7.033197206349708
3580 3.641239981528134
3581 2.929132314023631
3582 3.9172755262634267
3583 1.9481816103014251
3584 0.5734054168649221
3585 1.1631022853339137
3586 2.862491842150117
3587 2.574037247453201
3588 1.086534722761236
3589 0.27666941340347634
3590 0.04298767506784566
3591 0.4707662216627356
3592 0.6124993051781854
3593 0.9214070111768331
3594 1.178898343965966
3595 1.6727437777655199
3596 1.391171127578383
3597 2.2566867826660157
3598 1.804898858108543
3599 1.3533496228355832
3600 1.7951947459706101
3601 1.5991561442269653
3602 0.8515427962375373
3603 0.8689843288025322
3604 0.529015898779377
3605 0.2994105992201129
3606 0.0363390764188207
3607 0.018760860962688516
3608 0.09306979218766917
3609 0.6586162660801717
3610 0.6176594694909487
3611 1.33520028762202
3612 2.2379667261293616
3613 2.4377186501706993
3614 1.8208257879075338
3615 1.4320480430798461
3616 0.6225216761093211
3617 0.402296754357687
3618 0.5741755126840711
3619 1.0797254671630663
3620 1.209820280698205
3621 1.8934291025182828
3622 1.4682244353843563
3623 2.1541169340520314
3624 2.0527021433464125
3625 1.5121924649245222
3626 0.612779765034532
3627 0.04997528251240595
3628 0.031745492754948895
3629 0.24671754649939226
3630 0.8418826117379388
3631 1.6822652619374212
3632 2.377242792114079
3633 3.4041889548061066
3634 5.29246236330704
3635 4.228977573687989
3636 6.6068460048373785
3637 7.461896054739842
3638 4.809299749227917
3639 3.9594075532569017
3640 5.222632600006465
3641 6.055524045847662
3642 7.523630608061356
3643 5.279614590357343
3644 2.982520814296409
3645 2.2214936457978323
3646 1.7643860544026142
3647 1.4441893891481907
3648 0.5183605108970459
3649 1.1636141763614398
3650 1.267752647691343
3651 2.0840769146407396
3652 0.4465516353251491
3653 0.02612561836870737
3654 0.048758747582678535
3655 0.6061670943758299
3656 1.4748909878287264
3657 2.142484486318472
3658 2.548694572929781
3659 2.863093594418105
3660 2.4882461769059057
3661 3.366897434282754
3662 3.31778820564069
3663 1.7142817643678494
3664 1.3210897368296803
3665 2.268330002447358
3666 1.9040145999005214
3667 1.0523011210613376
3668 0.3696740147503908
3669 0.309664331893148
3670 0.013610105071524015
3671 0.04487654410139232
3672 0.3436715248587949
3673 1.6967598843619776
3674 1.7577862504050592
3675 1.680678285189736
3676 2.046570255243494
3677 1.9760356753272836
3678 2.0120167322709803
3679 1.5536450517237113
3680 0.712448620575852
3681 0.38547416757468395
3682 1.5499709119627285
3683 2.1419996521271654
3684 2.5862410022162363
3685 2.62370276501101
3686 1.8957331958646777
3687 3.0388914688133903
3688 2.810230637796789
3689 2.46807816084569
3690 0.7649088311949961
3691 0.00876386127618805
3692 0.18417750081147888
3693 0.594730299139657
3694 0.878770861991234
3695 1.863312169333662
3696 2.171522153223548
3697 2.4909040406796015
3698 4.111552315302221
3699 3.361049362204393
3700 4.538232409115242
3701 3.7129640654151514
3702 3.8218928632276676
3703 4.339664370489775
3704 4.049144648688423
3705 5.023469052281558
3706 5.591187539147378
3707 5.329384976635394
3708 3.7499216518427514
3709 2.3648086431802273
3710 1.8777035235118187
3711 1.1287034390276758
3712 0.5118460570222636
3713 0.8296511184955009
3714 1.0613111762572964
3715 0.24127821102010957
3716 0.0010795439642602995
3717 0.007723448778459926
3718 2.9241228376669206e-05
3719 0.13883681155073035
3720 0.9220580743860697
3721 1.3052950111366823
3722 1.8378606066194132
3723 3.1356631642424264
3724 4.716151329079622
3725 3.92992348384857
3726 2.701753296452235
3727 2.2109869372838786
3728 0.7364498012049889
3729 0.7574049214476044
3730 0.8710988485389133
3731 0.7146572123963831
3732 0.28746295765630475
3733 0.031442647371939046
3734 0.17018310885767798
3735 0.6200460394729532
3736 0.7780530598479266
3737 1.125950344509233
3738 1.2499332241917191
3739 1.0826250667907273
3740 2.127950689748525
3741 1.4137885120821991
3742 1.7371263625603783
3743 0.7726423930273724
3744 0.24029378355145456
3745 0.22871066282174696
3746 0.9220185075717463
3747 1.6456101436482848
3748 1.8213383378449732
3749 1.3527450336853106
3750 1.0298503697954633
3751 1.2487334146440618
3752 1.5476821414977977
3753 0.7854379797673816
3754 0.06841744975734151
3755 0.09099404494092189
3756 0.2448770843320974
3757 0.39434338354035814
3758 0.22085065278171734
3759 0.8281136240902146
3760 0.8653488173817425
3761 1.923746036294789
3762 3.421161965774377
3763 4.12245910547601
3764 3.369202501236619
3765 3.3720775260641886
3766 3.961471563477974
3767 4.477215260412517
3768 3.595381557390019
3769 3.0917042638851298
3770 2.945676521695765
3771 3.5746864470074713
3772 3.5002155096169476
3773 2.732660239851088
3774 2.6102584680362355
3775 0.9361541001835906
3776 0.43156865154666524
3777 1.0382394503507117
3778 1.4271860130014031
3779 0.15187134872990887
3780 0.023401327585972298
3781 0.49862350350609036
3782 0.15213809909892412
3783 0.014839578239082291
3784 0.16739814920140192
3785 0.9981573691141686
3786 1.1761720363833053
3787 2.8417394509006018
3788 3.9772337688165735
3789 3.4752093577189838
3790 2.416884401176182
3791 1.6102329700399867
3792 1.4969530055267999
3793 1.136386849294943
3794 1.6105971146930007
3795 2.421578520580694
3796 1.8550159409210552
3797 0.11728091348413947
3798 0.011224351268793176
3799 0.016138293070103726
3800 0.37258347906118217
3801 1.3563353788829429
3802 1.5877579125644852
3803 0.5014432601651726
3804 1.0930332603093855
3805 0.9091555845906485
3806 1.558345311559808
3807 0.5344481662795387
3808 0.019436213703642343
3809 0.055819224210019565
3810 0.3182184831981748
3811 0.579838143899018
3812 1.2724101958160985
3813 1.3088946780209454
3814 1.3983481037664471
3815 0.7170442880605391
3816 0.717281994858667
3817 0.23952595639362892
3818 0.10658454497536632
3819 0.07459622540657757
3820 0.6051166826176817
3821 0.4222770825940283
3822 0.29696468339184745
3823 0.5864403351373167
3824 0.30687817531518113
3825 0.8175542868197692
3826 1.7078002881334995
3827 3.0038695786068668
3828 3.5332062659073737
3829 4.199312253588216
3830 4.685975948495985
3831 3.1500047706104795
3832 2.7428264572605228
3833 3.160212957757367
3834 4.985590108154
3835 3.960427065733916
3836 3.380610618130193
3837 3.146243165874897
3838 3.8483027470453033
3839 1.9581672474470087
3840 0.8240411842303051
3841 1.001456528544978
3842 1.1985176557575263
3843 0.5307629957555273
3844 0.02829959697232099
3845 0.4767982545982541
3846 0.7470883591306842
3847 0.3350402283463384
3848 0.07337208933133998
3849 0.021996847050154925
3850 0.17753131676814488
3851 1.8549890288032838
3852 2.45817921205684
3853 3.682978698236907
3854 4.382348398471064
3855 2.473566387637484
3856 1.5577823236354862
3857 1.4939823768019653
3858 1.1881664405727488
3859 2.0872831323867675
3860 1.4255307504093448
3861 0.2525576678191786
3862 0.010333977642886221
3863 0.09526616245644884
3864 0.36145158686690887
3865 1.1089907552412588
3866 1.3573692092638918
3867 0.7752494060377875
3868 0.7237017058761589
3869 0.516918106239498
3870 1.1120291489961593
3871 1.3170598585839637
3872 0.9495893490499525
3873 0.7990234221572814
3874 1.0921968038680747
3875 0.815649920933946
3876 0.5876060868296105
3877 0.667004366136704
3878 0.6119973881438507
3879 0.9872243482242682
3880 0.3103936895198352
3881 0.4062917047743462
3882 0.540469515679385
3883 0.22137411455466718
3884 0.12997527615488433
3885 0.39235812414153326
3886 0.29056156827322377
3887 0.26948965948326886
3888 0.1201453769210192
3889 0.2159173625927016
3890 1.1228073473634814
3891 3.6145271818775506
3892 4.8188881932419045
3893 3.6857535184182084
3894 3.1431740404142343
3895 2.2155703579400434
3896 2.499808499736653
3897 3.140051480223151
3898 4.184778106803011
3899 3.5000372751987507
3900 2.7191574448299143
3901 2.4287349952583854
3902 3.271347619658519
3903 1.914135927579778
3904 1.0861967955191993
3905 1.1097351099743786
3906 0.9201355816863331
3907 0.35988031691935096
3908 0.2701470917340171
3909 0.0069104103075848045
3910 0.24789446183715863
3911 0.4066284656260874
3912 0.47565682156191635
3913 0.35888674385969654
3914 0.0035896962433942413
3915 0.6401166529535948
3916 1.9695854683141294
3917 2.2725504166157315
3918 2.116606814112635
3919 1.5993373440088097
3920 1.4211092174323383
3921 2.0150536176597504
3922 1.403962686522557
3923 1.7260526680611823
3924 1.5052173783703224
3925 0.211768840007213
3926 0.0019015956374878076
3927 0.015581218872443322
3928 0.19696678009429602
3929 0.6997910236679593
3930 1.4705803956111687
3931 1.388165819197417
3932 1.1969423843461986
3933 1.1129494894223002
3934 1.5949704514312055
3935 1.236315639280018
3936 1.0954916115875537
3937 1.3964118395274614
3938 1.9250634720526625
3939 1.4615558406444777
3940 1.3228488721352298
3941 0.7129248756223844
3942 0.48482903410238
3943 0.2732782937102871
3944 0.3435262203645807
3945 0.17272740988900154
3946 0.41417790824521966
3947 0.11010666635186613
3948 0.08571934366728397
3949 0.08216862429025844
3950 0.10345207907413266
3951 0.23737127633753363
3952 0.1599294165704624
3953 0.5370188283282193
3954 1.520808919692833
3955 2.8774030470073026
3956 2.616923896628107
3957 2.9425676053404195
3958 2.783137250054428
3959 1.8976125287514434
3960 1.6560305224718581
3961 2.160830239166629
3962 2.4133829576807604
3963 2.48863984783704
3964 2.9494461328190478
3965 3.535471555626894
3966 3.4251148517266956
3967 2.8743368364005253
3968 2.0388762226327826
3969 2.363346592127925
3970 1.5178647426000285
3971 1.3669225794598807
3972 0.8039427858037106
3973 0.41364320296017637
3974 0.3200501218288591
3975 0.31278786357787547
3976 0.05511660441543556
3977 0.061633279067385055
3978 0.1072444140852501
3979 0.42330191583540566
3980 0.9311218389895382
3981 1.204686676821239
3982 1.0943719923966762
3983 1.1445640563202588
3984 1.591747065152215
3985 1.2981932395733928
3986 1.3668282456045933
3987 1.177316257129992
3988 0.47363296528844845
3989 0.018628492223588894
3990 0.040875279825239155
3991 0.029627686543239107
3992 0.08308015624714923
3993 0.4129331538466847
3994 1.4127361028832857
3995 1.8261027846136724
3996 1.6851666993263779
3997 1.8630872707909265
3998 1.934930220787141
3999 1.715267786219922
4000 2.4765295332137627
4001 2.1224455033112193
4002 3.041633256003752
4003 2.3247518617916634
4004 1.626862437019448
4005 1.6409114916724294
4006 1.3110614350944683
4007 0.8684788454586617
4008 0.4893310453922822
4009 0.48424879532114407
4010 0.301723673506453
4011 0.4148650673104825
4012 0.043315609071992785
4013 0.003258199351024441
4014 0.13913321770368317
4015 0.08400669638978327
4016 0.5902382332532682
4017 1.3544731001260797
4018 2.1068751309705047
4019 3.5633796829129785
4020 2.358472124397469
4021 3.0559585574721275
4022 2.102471378259487
4023 2.3914614477285565
4024 2.20723127444363
4025 2.4053866794352423
4026 1.9939997505291647
4027 3.0691721789980857
4028 4.101276502280604
4029 4.375132228647258
4030 4.143220349652731
4031 3.36380282841761
4032 3.470628348006696
4033 3.136796832167157
4034 1.9866157533717157
4035 1.1602957664902456
4036 1.0947369951299608
4037 0.7232980587378377
4038 1.004906357153261
4039 0.8040043117392558
4040 0.36152861133891984
4041 0.3891291372064692
4042 0.12995810848084502
4043 0.31643202590166764
4044 0.766552039670292
4045 0.41886426939065774
4046 0.17649735539935876
4047 0.11769064071503593
4048 0.09052468195537054
4049 0.04977328075864946
4050 0.08808184661160498
4051 0.09485801567997348
4052 0.098318875159291
4053 0.055384120646140254
4054 0.00415739988519815
4055 0.004212586107961583
4056 0.1956321065031305
4057 0.45300488116181425
4058 1.0188743202393102
4059 1.900683804561126
4060 1.0899006535154547
4061 1.4093068566237892
4062 2.172381844592005
4063 2.577927564768787
4064 2.8829624114065093
4065 2.7414467686479247
4066 2.415063110752314
4067 1.6224533629935312
4068 1.1057770253348473
4069 1.557951973644204
4070 1.652862919050196
4071 1.3710503218302506
4072 0.8367359680318875
4073 0.6012142325099177
4074 0.7069999317023852
4075 0.5275200748405583
4076 0.22069520735779571
4077 0.00035714762679527913
4078 0.18238212164531165
4079 0.19881155017146404
4080 0.6830139618359196
4081 1.7667983436186911
4082 2.9507548138057698
4083 4.488382632678279
4084 2.679925256712365
4085 2.983318314847737
4086 2.378680947080877
4087 2.8847446835296955
4088 2.5156018918673135
4089 2.961239234645817
4090 2.5302858002516784
4091 2.572399375747773
4092 2.264552205031191
4093 1.9171599639847454
4094 1.7014790091801837
4095 1.15926751397217
