 0
0 0.7915614266319239
1 0.4271487244037265
2 0.6490084031348256
3 0.5555791228157095
4 0.2708310828175069
5 0.13191621244036725
6 0.00015231049527792464
7 0.12463543482162938
8 0.020400453189065554
9 0.010488791329342554
10 0.11386928256739919
11 0.0026865535429846563
12 0.02317546990707341
13 0.1094042150508401
14 0.25692164982779225
15 0.23304514088106515
16 0.060935343971674105
17 0.09928698699182133
18 0.4131064850112255
19 0.2957831941899263
20 0.058645892203365135
21 0.034103758402636575
22 0.4706477616404043
23 0.7498396121770347
24 1.263769296383432
25 1.0629178379953277
26 1.519240308805673
27 1.6893902320507388
28 3.3739615118232913
29 3.690980634103617
30 2.9949000602169065
31 4.03432323631663
32 5.797564901950099
33 6.390023014542855
34 5.241251117162758
35 4.123383659547368
36 4.7239767629702305
37 6.205432717221979
38 7.000192020886503
39 6.318990278879751
40 4.576772347340069
41 3.5422560177810247
42 2.626263610508798
43 1.5039454444754818
44 1.6703477959786195
45 1.4893111878427636
46 1.9507771111020027
47 2.284300467844476
48 1.4499097748073657
49 1.0506126368760287
50 1.039387230971003
51 1.0353741354270052
52 0.8241315142442837
53 1.123904513385376
54 1.079098155256253
55 0.430649188028437
56 0.4363431796042647
57 0.5313853130204217
58 0.23923025799706696
59 0.23824836091503854
60 0.0756986507937692
61 0.08685096392751579
62 0.04426612056787401
63 0.02582417616539189
64 0.4842369841905461
65 0.39185916496722495
66 0.42736795440660974
67 0.5091950511454337
68 0.23843897753271504
69 0.06827217518819198
70 0.008955899724657754
71 0.07370570592161965
72 0.02542661049658082
73 0.07494735748788547
74 0.5578220332103673
75 0.2552996820116428
76 1.4625886884712768e-05
77 0.11022990932085795
78 0.3585888201037595
79 0.40410388235029066
80 0.07678341749173757
81 0.00652965142538596
82 0.055400577310665944
83 0.12969224507412905
84 0.08370182282269124
85 0.053903006276150196
86 0.5243767901013826
87 0.5275723391724998
88 0.8025693946713442
89 1.0083703107532258
90 1.5494553232623176
91 2.163943904355224
92 3.570078082170417
93 3.651696016490432
94 3.353332745747147
95 4.898056092161745
96 6.757060352600324
97 6.844603109684855
98 6.256849906706941
99 6.1667900960478645
100 7.0231596534537015
101 7.909896658837383
102 6.867050635986269
103 6.686473018630855
104 3.8912211236924197
105 2.2084785874069826
106 1.5109142294041795
107 0.7549567389406393
108 0.7160926769296226
109 0.36643308250447315
110 0.3138755648392215
111 0.442136086616754
112 0.3697222195775204
113 0.1590620727188056
114 0.268704538367855
115 0.6633287453628803
116 0.7374268714301266
117 0.8223235880320582
118 0.6743670478891628
119 0.48359249831244144
120 0.6037848738700473
121 0.7359912716269471
122 0.21232603729641228
123 0.3207061304811006
124 0.021194476512711547
125 0.0009823681870626932
126 0.08816443317151429
127 0.015509177906241498
128 0.32456227620116784
129 0.2489099212232901
130 0.32174963274534146
131 0.19601457513735213
132 0.4117873252506103
133 0.01829059567131609
134 0.12280906791452736
135 0.2520242662278708
136 0.11960571786693126
137 0.06562949276383118
138 0.4684396654163429
139 0.1440788451697829
140 0.05620857814173305
141 0.04885804906664581
142 0.014434275568948262
143 0.011612659577391703
144 0.05304685064977117
145 0.1634298616513465
146 0.22910647101176557
147 0.5325988173535233
148 0.26969159471848814
149 0.18411729238056698
150 0.5770036526248195
151 1.2869173818734785
152 1.2181780191627503
153 1.150904554707947
154 1.1336626844583848
155 1.5298712491994504
156 2.804922822686226
157 3.192116951113388
158 4.905155387880798
159 6.863013862387905
160 9.302068320317476
161 8.94318804537223
162 7.8603915922906005
163 7.848263549122889
164 7.688157701214092
165 6.456983467652384
166 5.677044717809274
167 5.948506831990798
168 3.611779371918491
169 2.568774336642263
170 1.5037807324150356
171 0.7957264450423776
172 0.47309221642362986
173 0.10291874338796811
174 0.05208831239134626
175 0.235494348338952
176 0.07605764363613768
177 0.009905386353917654
178 0.23034310192260657
179 0.7329262261806927
180 0.7506416442256807
181 0.571606475186157
182 0.3170001807960145
183 0.6423765078049525
184 0.7785069185038506
185 0.6034252711096155
186 0.11850173118588234
187 0.0014390410065512518
188 0.024032533535187955
189 0.14245267001681303
190 0.09952725776943161
191 0.10540437512593308
192 0.1337154993943611
193 0.00783698603200289
194 0.12455896892470968
195 0.002407723192121978
196 0.005322547836350194
197 0.07402664001829806
198 0.0005640724022443134
199 0.008550790351332136
200 2.9438671476977047e-05
201 0.0024408466550668753
202 0.05564623736631348
203 0.07312884584629496
204 0.22795247794895782
205 0.5617623320220565
206 0.14943800696693024
207 0.02422776868803154
208 0.045950625624808054
209 0.14426583107975072
210 0.5730598462171134
211 1.8464085820783012
212 0.9685745977650299
213 1.1872540797269855
214 2.0133886030607786
215 2.2670718023105096
216 1.6093940073814674
217 1.5298736020162798
218 1.9313109771940957
219 1.8104621734561763
220 2.9100533364856176
221 3.8958853648757312
222 6.45691784641874
223 8.841111889815375
224 10.367654321849509
225 6.110190150099188
226 4.710232266569882
227 4.529139499233895
228 4.2108938538714105
229 4.582410152091037
230 5.543762462878707
231 5.850878940814274
232 4.2810994512116345
233 3.506088443932878
234 3.0853587851082263
235 1.792478051754779
236 1.103968670681502
237 0.42454013724557604
238 0.33804438586256064
239 0.42776440323890574
240 0.0602826467319697
241 0.0007051348935562125
242 0.004865870139124873
243 0.15318172796128224
244 0.27126438269147624
245 0.04597495095411362
246 0.0658632370156682
247 0.19752321291086863
248 0.528526452863086
249 0.2245984746874597
250 0.05229303656415078
251 2.0215217772534806e-05
252 0.011664151349634002
253 0.0683458621102064
254 0.0069590503077286
255 0.005612521640938532
256 0.06644934456257051
257 0.12618960135676258
258 0.02480444363495774
259 0.03375792426171472
260 0.001921856606761952
261 0.5076215958126148
262 0.4586869459044856
263 0.4221997327041109
264 0.8629318726309992
265 0.7387274044157983
266 0.6002319955289321
267 1.5061586628007606
268 1.998507131424122
269 1.8178208266320572
270 1.1681460235143788
271 0.45601846891124886
272 0.007876443726424362
273 0.00032376009730657505
274 0.07462801348599295
275 0.7260608708935106
276 0.80365407674856
277 1.8842388606822076
278 2.6923652655389687
279 1.7234366512407346
280 1.1124042277131108
281 1.581502832693076
282 2.5523862261746597
283 2.9499579206195277
284 4.668844148540234
285 5.453718195960214
286 5.760383996585198
287 5.928140963828463
288 6.737144928912044
289 4.092256151164751
290 3.085818693961016
291 3.028112303208164
292 3.290680261473623
293 4.758170142490122
294 5.087394849276923
295 5.359031582791513
296 5.322082525928516
297 4.522652869186446
298 3.5101014074196444
299 3.3212093389703865
300 1.3972076680883692
301 1.0330743533275448
302 0.39508706910522606
303 0.35523858874834247
304 0.07586865285780628
305 0.0025993808954394883
306 0.025952437537989922
307 0.009521607741522095
308 0.02366143849469528
309 0.04055711729803972
310 0.007611894610228126
311 0.039580792597266115
312 0.09986755742609754
313 0.15543553482904832
314 0.13326127875927862
315 0.20475674564090104
316 0.25741334465649696
317 0.041786310513049166
318 0.006385281119415152
319 0.00041206578529724903
320 0.24379835350737153
321 0.0025353347369488346
322 0.21973200295571751
323 0.023511316620446733
324 0.1150794729170961
325 0.8088143162779539
326 1.2014945817927063
327 1.9054824255708107
328 1.8018803864618802
329 2.844111851187032
330 3.445671371991679
331 3.6152240777778557
332 2.8934492850862092
333 3.733788888009673
334 2.1832067450334987
335 0.9481056554297584
336 0.40679475863069414
337 0.23351950524928072
338 0.030944040261540077
339 0.23119574474770807
340 0.3061221684019813
341 0.043154367710052384
342 0.4043611095780356
343 0.8823692699945754
344 0.6083271165054769
345 0.6095694883193897
346 1.2815200554508397
347 3.710471944680521
348 5.19660294417713
349 4.838049489822944
350 3.6956181437748645
351 2.334398395543637
352 1.8369406692654084
353 1.9021715035765712
354 1.6654383977404823
355 2.269835952987606
356 2.630797613133339
357 3.327286114639124
358 3.657383918066005
359 4.80178501495976
360 6.10232322599736
361 4.702489575269003
362 4.000883718081199
363 2.419489141230641
364 1.930465461545829
365 1.5418029653941034
366 1.0656296308916449
367 0.9655480416846828
368 0.38499401369853864
369 0.04864080354197424
370 0.00010964379452455884
371 0.003566879971238103
372 0.0017866216797858205
373 0.05339759076540999
374 0.00870079724813189
375 0.09248741274158526
376 0.026230474134264433
377 0.25740148988037415
378 0.21205764344456368
379 0.07479686098209652
380 0.047892446301249725
381 0.06192191041584466
382 0.04062917944620267
383 0.004882248115428539
384 0.09491420015934889
385 0.06938678184663115
386 0.05901474927600621
387 0.11260116642764843
388 0.002279540441710058
389 0.26501646394341455
390 1.959125899908343
391 3.119973232854695
392 2.9793481348396025
393 4.381876403460199
394 4.953405164219618
395 5.219035831679405
396 3.4083236260464
397 3.5680568212549066
398 1.4262811429003162
399 0.3288254390185083
400 0.2584886844358301
401 0.2328661850234909
402 0.19618315402126724
403 0.3874709860629004
404 0.06717912015595592
405 0.004864777511551119
406 0.04231162239946469
407 0.28361189477874754
408 0.03429087793386296
409 0.01040475517301806
410 0.29714971863736883
411 1.6581452539445414
412 4.469732234376708
413 3.5528458262922564
414 1.9322316463342941
415 0.9499339076178337
416 0.4981023988070304
417 0.8619272897729952
418 0.6504441367225815
419 0.9352415816489693
420 1.8570198874370312
421 2.055982016929591
422 2.324880802691499
423 2.7979651501322604
424 3.549933268604265
425 2.940399928524116
426 2.806898341668447
427 1.6557324878562447
428 0.9378244119170092
429 0.867155410639705
430 0.7378820064871019
431 1.4231005723036345
432 0.6904814128013956
433 0.13215772828213734
434 9.299739866146796e-05
435 0.013416428756994128
436 0.008298520490639488
437 0.020257310204053303
438 0.001799733116774543
439 0.0023931739017719073
440 6.374769822730418e-05
441 0.0007291362633894245
442 0.01285712283274278
443 0.010281645715107245
444 0.04844586676237261
445 0.007076893109850406
446 0.009574878457515909
447 0.004065342258486444
448 0.2242147183608309
449 0.049500324982915116
450 0.10270298193371159
451 0.024984735080054426
452 0.023896028452962344
453 0.07341028267595992
454 0.6446859440943542
455 2.28073712225244
456 2.9273745284217036
457 3.9568539495419475
458 3.7664330174240375
459 4.667729733839154
460 3.3021250377350913
461 2.887928822224803
462 1.476898293636053
463 1.382707978220785
464 2.2426786059423454
465 1.7230535914558542
466 0.4267801880227961
467 0.05093975536090579
468 0.20946188131445495
469 0.15727116444843192
470 0.19244172266590548
471 0.23377735005067968
472 0.011723758022942144
473 0.002868624154636979
474 0.15123713113893802
475 0.7755177420909469
476 1.6305275692741714
477 2.677865481459132
478 0.6887478259641814
479 0.3627832121971018
480 0.24022712190884665
481 0.2964239516567502
482 0.28288287655223043
483 0.3298700723152271
484 0.7145919931997966
485 1.4775771113924305
486 1.7047276811433119
487 1.2879085349368624
488 1.0611613677172487
489 0.9599247573797962
490 1.0545279846791458
491 0.18001033028660846
492 0.01441163236036132
493 0.0017787619625839791
494 0.193289881269037
495 1.1586677475068834
496 1.5899356096481538
497 0.30208588164137495
498 0.05303737740186799
499 0.01925556667208262
500 0.1063481647137961
501 0.0019080549558683308
502 0.015260143889657872
503 0.000844690137632337
504 0.06166279254361786
505 0.1464068845888538
506 0.335005222663379
507 0.3700075356914004
508 0.04850630535406552
509 0.015275070455300382
510 0.21607589312970946
511 0.1956072138918234
512 0.2086329236172053
513 0.11583776606277824
514 0.38984866418104275
515 0.3585133763436012
516 0.1461816977179229
517 0.012578885537176935
518 0.03239329503516633
519 1.209574846894623
520 2.6840056899413196
521 3.002750901334208
522 2.101269145909043
523 2.8158804714923678
524 3.5154464081841996
525 2.6086634706194696
526 3.0353893868884083
527 3.1976402074944783
528 3.5952254764832507
529 3.1742353701674215
530 1.4704270005738982
531 0.2248920165099042
532 0.00748793186363364
533 0.011163129006517447
534 0.13937589376840695
535 0.05831068283579244
536 0.0032742786493431698
537 0.016409874916524778
538 0.2841863395655353
539 0.19881474033769217
540 1.2051459231990362
541 0.8095747193923911
542 0.2344920822233739
543 0.09351656541611347
544 0.0018924037489656193
545 0.06148804173819698
546 0.10519922711312502
547 0.3512304486858507
548 0.8183801660249629
549 0.9827351312141234
550 0.6151266141802488
551 0.2695140613320214
552 0.736099408010887
553 0.7290340983347978
554 0.6932435872980617
555 0.0024594115045772354
556 0.08723668256388756
557 0.018643919655060664
558 0.013535169542973242
559 0.8190895547990551
560 1.3507961473003913
561 0.22387023282425236
562 0.07529481906686446
563 0.014018831089632576
564 0.03750011182999663
565 0.011952259280460325
566 0.0002912015572806333
567 0.050483754255304915
568 0.2169878712328242
569 0.45637220973377335
570 0.7479666743577043
571 0.40518269484411956
572 0.09638335300927521
573 0.21451438235442705
574 0.3418554561296688
575 0.5775459803332482
576 0.0487627263631442
577 0.04834115784337507
578 0.10291168052885237
579 0.26052732252264627
580 0.002273523713568814
581 0.8980853256605553
582 0.3573320110055701
583 0.09843744017250426
584 0.44864018501120845
585 0.6715576085003166
586 0.6159288195438055
587 0.7719368318744692
588 1.5604765151289497
589 1.6676090821763647
590 2.9936420130682535
591 3.4524507957697983
592 3.2457940010299953
593 2.350729049776923
594 0.8406879292293643
595 0.32297311474537654
596 0.19259346462523258
597 0.1541858793184619
598 0.1301375571110148
599 0.18437635935017674
600 0.6828094864413846
601 0.10538782578657259
602 0.06895145031634514
603 0.19571187142746715
604 0.5468239163963355
605 0.6547977240110249
606 0.5269201748922895
607 0.2735392341843665
608 0.04983317671494119
609 0.059615349877102694
610 0.002224570543966264
611 0.005765706315041537
612 4.349013304638223e-06
613 0.01255042254240923
614 0.13561457792243276
615 0.24522614306017212
616 0.06038227205776274
617 0.004379947405923354
618 0.019879779724767142
619 0.26209207750676783
620 0.1302914769334489
621 0.07936631985564786
622 0.02866481894786318
623 0.43707406399590465
624 0.38421199993161687
625 0.13062814263353184
626 0.03631706450170419
627 0.0001821425605247568
628 0.04941495115191778
629 0.0035283862104571436
630 0.03991326745844205
631 0.19067178123506787
632 0.5466101183314143
633 0.5004132243541052
634 0.4298125215713875
635 0.4723646476489079
636 0.2566354838703473
637 0.22063699948268953
638 0.28783771512967693
639 0.6853564960152565
640 0.05000526597960889
641 0.043371715352033394
642 0.12425730101165354
643 0.08102133953741489
644 0.08029736619004672
645 0.731187639297229
646 1.409159393068267
647 1.1363970009931286
648 0.26503225420684307
649 0.03733789314304151
650 0.018522958848285517
651 0.002241672832489668
652 0.21458614227957482
653 0.42970142975123343
654 1.4641952600788122
655 2.6004927191820912
656 1.7514846952752952
657 1.584564930055104
658 0.5969245191764503
659 0.47116477710520765
660 0.3101335698581392
661 0.35351019055984717
662 0.5966351222515288
663 0.40323719740603814
664 0.08752545492041156
665 0.0022335568106027492
666 0.2628580202870752
667 0.15748400280469993
668 1.168816271675361
669 1.6476007085490039
670 0.9138148348364576
671 0.31994961207846906
672 0.0035563954035628294
673 0.028020949806722845
674 0.027892976423182083
675 0.2894999137912948
676 0.25071872312086
677 0.024107739576937667
678 0.010319280730492857
679 0.0021258670611350554
680 0.01877068485057389
681 0.0033332645439697233
682 0.053441843809646
683 0.25447799448443165
684 0.26456239326765424
685 0.2672865669026642
686 0.0005468659100724586
687 0.2632649895520136
688 0.03820485707984315
689 0.01284689196452288
690 0.29490375174438477
691 0.28422373561746583
692 0.7253193738877416
693 0.7124984086181034
694 0.205693781810403
695 0.9439713374104737
696 0.7633805640238871
697 1.6444817017587285
698 1.3966906911180839
699 0.9145140002799463
700 0.25909979005594813
701 0.29940098957376166
702 0.5186807154998149
703 0.7922744420166443
704 0.07554441444842339
705 0.030331934980135648
706 0.0011573941950779308
707 0.0390303251896499
708 0.07860443465646069
709 0.6876134131038945
710 1.084976998379944
711 1.1504066498341274
712 2.2540308405980167
713 1.9860236031621625
714 1.1524693309280813
715 0.7075565197802546
716 0.08757455720145914
717 0.009418212942816546
718 0.2503601771683067
719 1.2411182879768297
720 1.563688846582388
721 1.0259996461001448
722 0.3470903891224277
723 0.12825456222810774
724 0.011766032684520328
725 0.009460527855100664
726 0.6608691546222276
727 0.5307752666177515
728 0.38441676967078076
729 0.0002133065941295029
730 0.12771749101382532
731 0.1264426904252917
732 1.4830696529740786
733 1.600569729048868
734 0.7352054921898239
735 0.22075902094471092
736 0.0046780549492825285
737 0.0008350705832251623
738 0.03962442420373907
739 0.0509058814918647
740 0.0035855627831753987
741 0.039785693376830994
742 0.0030581556884261988
743 0.08035871951313425
744 0.5032440510729159
745 0.39197428845661964
746 0.26652992325980523
747 0.23183638139175303
748 0.35657788147007574
749 1.0229228385697455
750 1.1938655354052963
751 0.16761485326376405
752 0.19420728422634573
753 1.0920537589416888
754 1.4246418083906793
755 1.0120159837677494
756 1.1719949924538915
757 1.1897573328390847
758 0.5771858020015878
759 1.5949359883535719
760 1.756390648350647
761 1.9048210437457498
762 2.2100130955221267
763 1.6666400618832433
764 1.005628819782933
765 0.5906011444055517
766 0.7918306521412644
767 0.8177154631304662
768 0.07339610118808176
769 0.058914208690841706
770 0.0005720553117078684
771 0.03149609505637376
772 0.059603512096301985
773 1.0324254010102571
774 1.564800749336576
775 1.4590538396638173
776 4.198723692724832
777 5.335497711255505
778 2.650714714975944
779 1.3473014164664838
780 0.519397328205946
781 0.1782557528013228
782 0.0429691742288376
783 0.4369735348276174
784 0.6747561202956397
785 0.3101828888249514
786 0.06756200986903338
787 0.0757871741936017
788 0.15093215134709564
789 0.6867664453535464
790 1.2683916938684243
791 1.0262442655101387
792 0.9401032178262837
793 0.2042855246837276
794 0.11266010904647987
795 0.15248735862554605
796 0.07003988900850737
797 0.14031520088899088
798 0.01614852806649788
799 0.0005475793902246063
800 0.0038536569756487077
801 0.16553933543279517
802 0.029727393660213604
803 0.12129861185843001
804 0.0037898181318420016
805 0.05754209511670731
806 0.65702346407537
807 0.35385049484126446
808 0.4318756058238478
809 0.4073095418571297
810 0.19045740154219462
811 0.0020693956083897964
812 0.0025817238910035324
813 0.6669129938118131
814 0.7268136363776352
815 0.337925220237288
816 0.6425703039680556
817 1.1604615254317612
818 2.0239113191016505
819 1.1224016732516193
820 1.8181135149983163
821 1.5354202325082318
822 0.8107325548848271
823 1.8802921965037054
824 1.7608536635335597
825 2.51152870065396
826 3.736596399075053
827 3.1196712883303834
828 2.687067595641095
829 1.9074197741147414
830 1.4828709271953162
831 1.6525058986226395
832 0.2890402175347864
833 0.023163020337951964
834 0.07667167446209479
835 0.21820066126236204
836 0.6939729497018158
837 2.017684212183331
838 2.6034232879906654
839 4.608135167591538
840 9.192350869224013
841 7.953726231742146
842 8.14262383037901
843 3.9061089881755446
844 1.9511553687327727
845 0.6859690597768541
846 0.04722347050983065
847 0.022439416327454016
848 0.2769436340417385
849 0.21585459365611842
850 0.05304110355135729
851 0.0011018125850865256
852 0.34576718617351476
853 1.2625265114811353
854 1.7690774767520991
855 0.9428068101128564
856 1.052310651980389
857 0.26488607622127824
858 0.18319692645625907
859 0.21515379426296896
860 0.010274954942062915
861 0.009266630535916903
862 0.2726364721660771
863 0.488436907331379
864 0.4555708996272031
865 1.2586475693232992
866 1.2748664440712174
867 1.3767800115487379
868 0.4300535646813636
869 1.2761020733372959
870 2.9566862074151286
871 2.7157736484272093
872 1.4496531080990867
873 0.965655373475311
874 0.36100938466230614
875 0.35040643305309843
876 0.7383924323228568
877 1.5172820363322705
878 1.4837632002179377
879 1.7333033331711867
880 2.103388772863841
881 3.0263833607323316
882 3.343538401663863
883 2.4797186036951264
884 3.8938971934739337
885 3.03463365777294
886 4.048504150514181
887 3.163517453395223
888 2.2935003432847183
889 2.7532146040394476
890 3.3820753988116317
891 3.2243353347246417
892 2.8857850195994152
893 3.768070238664311
894 4.663841937861258
895 3.751456179455232
896 0.14522368884890968
897 0.0011342618555151768
898 0.4328679155526957
899 1.0920033369085924
900 1.3717499259887047
901 2.6981769606615047
902 5.49686111847549
903 10.418460468296338
904 9.587277045856085
905 10.234914958241651
906 10.266999846565996
907 7.7759194862968055
908 4.088562583797834
909 2.357321648393793
910 1.039009156978836
911 0.4063110420870541
912 0.0013733930725624334
913 0.029079209334369364
914 0.03958719085928418
915 0.03063096602460493
916 0.1749496994915234
917 0.5479406635474869
918 1.1884996534114578
919 0.7305840090471523
920 0.18936675207340586
921 0.16791333896377156
922 0.06577281685082532
923 0.1696033625774873
924 0.1995692954304017
925 0.11931914631771966
926 0.3534881376342202
927 0.5617571527223435
928 0.8926652195053814
929 1.2530601145830371
930 1.1885023289812964
931 1.7002719334701701
932 1.046146172835324
933 3.0624029563572055
934 7.446499448697135
935 7.30386033537272
936 6.676589847404287
937 5.596379951940739
938 3.0622627308216095
939 2.996579108979232
940 3.777608210377159
941 5.582488751075338
942 6.117941363117297
943 5.620018184048235
944 6.979535154247932
945 7.419973220998688
946 8.238887701409682
947 6.296185940460529
948 6.121340452971136
949 4.221426549921058
950 5.067701742263598
951 5.696662620185608
952 6.862492073593226
953 4.66555941992988
954 3.7880671913300166
955 4.195793614652531
956 3.732301942366211
957 4.908614524788324
958 6.104452659130808
959 4.291246012408336
960 0.24225959778263434
961 0.04154391548528133
962 0.5251127469461039
963 1.8316789537784448
964 3.2357005750405192
965 5.395039404767803
966 8.118219057104294
967 10.243949383575268
968 9.389387982022889
969 8.520634944524367
970 9.838063056145213
971 11.217968420248921
972 9.577378896409416
973 4.668956539956034
974 3.8782041511948147
975 2.5980815967378623
976 1.6089934504256893
977 0.8396893538384649
978 0.15765996787651484
979 0.046800396561523905
980 0.004670546634152409
981 0.10342368831227586
982 0.2455906636885794
983 0.3373448980638446
984 0.1508257753387755
985 0.001483175897429622
986 0.08908006966572933
987 0.07464864399738684
988 0.009216411290725257
989 0.04837305241146751
990 0.23202394457153713
991 0.10267593977950933
992 0.04815270701998096
993 0.17030207995229688
994 0.0368343908054438
995 0.14675705722107535
996 0.002516518803050599
997 2.2861079769788115
998 6.965052505195483
999 9.626105654718222
1000 10.205211201131826
1001 8.59144911120461
1002 5.586071363417065
1003 5.754249930045718
1004 4.73970609694449
1005 7.403524642790323
1006 7.120153359160919
1007 5.567272454155666
1008 7.113719875875972
1009 9.787823550820931
1010 9.059404464804619
1011 7.664275346721454
1012 6.928689026742952
1013 5.4388280695784195
1014 5.7727236836332985
1015 9.006753756523194
1016 11.050532113010153
1017 6.833304474843227
1018 4.043782147155975
1019 3.74223753238672
1020 3.5284021803296435
1021 5.038755751272949
1022 5.114818167934394
1023 4.468883591570744
1024 0.00047552265932769507
1025 0.04940309708145069
1026 0.974957060352679
1027 2.1062763434381924
1028 6.102309137158927
1029 9.850063975307549
1030 9.331275234108071
1031 8.574418068763663
1032 9.780042938788922
1033 9.743488225219005
1034 9.312727506768596
1035 12.242395056311793
1036 13.464616764757896
1037 10.294861099898393
1038 7.666918288301791
1039 6.241131958124862
1040 4.357126125077694
1041 3.086904864092631
1042 1.7315036089830533
1043 0.5634141901598307
1044 0.15445783273053676
1045 0.1239477176711147
1046 0.01223613968657299
1047 0.018290190672246808
1048 0.003346577925186677
1049 0.023489442425597296
1050 0.10913416641522103
1051 0.03181136981910421
1052 0.016921900092440784
1053 0.05538150992418894
1054 0.16290425492535815
1055 0.006461228805480036
1056 0.012760143002940014
1057 0.09655414518912686
1058 0.004874283944694637
1059 0.04178448240983872
1060 0.26770903360410564
1061 0.11811640906375837
1062 2.9447307988681857
1063 5.67000355249166
1064 6.945422310537522
1065 6.8718558091882835
1066 6.727730287443127
1067 6.488258406878343
1068 5.8488572760515565
1069 9.323447878126322
1070 9.097751914303858
1071 6.5111711765464655
1072 8.0411574862284
1073 9.147004588326217
1074 7.6282299710032575
1075 9.22045862254947
1076 8.031515387952062
1077 8.872390367323279
1078 7.859238627956329
1079 8.955432675322255
1080 10.097133225438958
1081 8.136615135754374
1082 6.281369032606222
1083 5.026960113589742
1084 4.85263035759865
1085 4.977833918652453
1086 5.358072079372057
1087 4.393670218471069
1088 0.0033436426641161917
1089 0.08127150381217536
1090 1.142440244017107
1091 2.2951639505330026
1092 7.573866359374041
1093 12.405078618928133
1094 10.949234783459882
1095 9.239158875675573
1096 9.502630612123765
1097 15.0878636688557
1098 14.829638360770844
1099 13.955896360374705
1100 17.99658363044909
1101 19.973793178624923
1102 13.403519835801205
1103 10.424223999531593
1104 8.467489676638912
1105 7.381157252927733
1106 4.708206335815496
1107 2.5611159770887517
1108 1.8146009495935846
1109 1.050038562363058
1110 0.7162526870783923
1111 0.28895869034009963
1112 0.1787642024773833
1113 0.3244753243655886
1114 0.36019726626426496
1115 0.13030914379232272
1116 0.00036138672358596366
1117 0.07858967635174323
1118 0.1469908921545843
1119 0.028009722106629647
1120 0.13541855864727714
1121 0.34490077783516276
1122 0.012735839208707614
1123 0.982319041026559
1124 1.5259943268112373
1125 0.01035433176315333
1126 1.5573347357753007
1127 3.5982522637874874
1128 2.9673753123034943
1129 4.769763717339948
1130 7.882363511189184
1131 7.363654858695497
1132 6.737119076871659
1133 6.698716980046554
1134 8.496400499750582
1135 7.9962740907082495
1136 8.119094609085908
1137 8.976373626373615
1138 9.507151489967914
1139 11.145701418632495
1140 9.97773592899676
1141 9.361292005799088
1142 9.005895423644398
1143 8.84620022988362
1144 9.536649641829518
1145 8.20719922661478
1146 6.2419854383637565
1147 4.390778150389806
1148 5.129723192706941
1149 4.241135632840867
1150 3.4003370197447182
1151 3.6068427535217027
1152 0.03549281651501605
1153 0.21787812912959345
1154 1.4010476019566935
1155 3.277053154881938
1156 7.650473185526122
1157 11.294756825424551
1158 13.268223341739162
1159 14.665420611262322
1160 14.229183710926192
1161 14.70663895651484
1162 16.166348102396405
1163 17.088507111761086
1164 21.985100819606195
1165 24.121298062757255
1166 21.04923671613074
1167 16.05437550875946
1168 14.437472661168593
1169 12.974334700094678
1170 10.699903973687304
1171 7.928528909994724
1172 7.050024937364504
1173 5.006792436919114
1174 2.300919888167845
1175 0.9735890523115099
1176 0.4130096971853529
1177 0.6537370674140072
1178 0.8748435326114715
1179 0.35668577740412116
1180 0.2802978109586567
1181 0.0032491852565704293
1182 0.07272952030203024
1183 0.5154509161637557
1184 0.2877802140824441
1185 0.28553215657900405
1186 1.4354863540419083
1187 3.2752623516803063
1188 2.8475634661546163
1189 0.9814197788568267
1190 0.011027942192779281
1191 1.47621058492692
1192 2.175273337619803
1193 4.486918784930701
1194 6.302905316076098
1195 8.518737186501603
1196 6.395040319975968
1197 4.92150807985099
1198 5.453952980253809
1199 6.20435271559914
1200 7.455513340285716
1201 8.999588505340794
1202 11.248398060944313
1203 13.192208345980115
1204 13.619850976893867
1205 12.118332713456356
1206 10.743570292956624
1207 10.908067232696379
1208 9.698874031660456
1209 7.089009832443056
1210 4.904422474539547
1211 3.306984276891993
1212 3.9924108097701887
1213 2.3106680899535377
1214 2.0760901412530677
1215 2.3708941257239133
1216 0.09918675209570993
1217 0.2655217649671822
1218 1.2177333843344578
1219 3.17806525844663
1220 8.886460664603423
1221 9.841204065205394
1222 14.701164382138558
1223 19.711626477251208
1224 20.49758721104111
1225 18.314094093073553
1226 17.776263253891464
1227 18.8937870427984
1228 21.812927576620922
1229 25.830427648521777
1230 25.717226823237045
1231 21.03617223176103
1232 13.93490377161272
1233 13.730504821319522
1234 15.680035603370055
1235 13.180842221271424
1236 10.505141677518665
1237 4.482768192733833
1238 2.241596693050385
1239 1.2747411121047774
1240 1.1332917372102949
1241 0.5040597358812662
1242 0.5750704810963996
1243 0.14457883323914505
1244 0.055112492096174
1245 0.012640203574096103
1246 0.1208485824992716
1247 0.32492607628897124
1248 2.2333568311196466
1249 4.853210160751129
1250 7.669227424888676
1251 7.058771355672016
1252 2.4612906494894085
1253 0.7241172814412626
1254 0.8270710407169702
1255 0.2519670716885652
1256 1.904925073963739
1257 4.961889946548592
1258 5.165930706594211
1259 9.635831719884688
1260 7.987384860980524
1261 5.860111253042426
1262 7.784906700950524
1263 11.068603315710492
1264 10.762059667406891
1265 14.265604377122946
1266 15.01211004337597
1267 14.657829018091084
1268 15.888907180363267
1269 14.82343132233983
1270 13.556241307102502
1271 14.251634871225123
1272 11.357098280238136
1273 9.241812689069242
1274 6.487622943516969
1275 5.3967660202252965
1276 4.202000072387699
1277 1.515818244856644
1278 1.558844140915483
1279 1.3083143592311672
1280 0.6034966204197592
1281 0.9071156446927339
1282 2.7545154497868656
1283 5.001077777650953
1284 9.381453164666976
1285 11.067964778332241
1286 14.332029554563144
1287 21.463392359122487
1288 22.72977728760108
1289 20.68904882959105
1290 18.777178319930897
1291 20.376482660696205
1292 21.127321765362634
1293 24.279831455484647
1294 27.903492092370453
1295 23.675972667752283
1296 17.710629925308172
1297 18.586620257340737
1298 18.462806824809906
1299 14.106436334006483
1300 9.399738372736227
1301 6.922370993352472
1302 4.9135503302783405
1303 2.6834219419422096
1304 1.5242546954594074
1305 0.6526592985184726
1306 0.20899175181036544
1307 0.0002881213187224313
1308 0.060152363344434176
1309 0.0588622161033236
1310 0.1129925602260446
1311 0.452160328652951
1312 3.329959577264562
1313 9.143186350432275
1314 14.345270396240222
1315 12.132822352139522
1316 5.123849047435758
1317 1.203233063674165
1318 1.4042998232673263
1319 0.04128116456866109
1320 1.0388382127706934
1321 4.2616603564978615
1322 5.9963597172783585
1323 8.669301816598658
1324 8.014206047399796
1325 8.882488689871264
1326 11.796086902797095
1327 12.882196742074328
1328 14.79281265531939
1329 15.129345416099264
1330 15.046366798716237
1331 15.009110216550773
1332 15.499522613474575
1333 16.060029553950773
1334 15.669053849226158
1335 14.398223320267599
1336 10.095167823854432
1337 9.3234998105185
1338 8.095602067039216
1339 7.45969221650917
1340 4.4819140625288165
1341 1.5814433204928269
1342 0.8657035824823592
1343 1.0417832191658458
1344 0.66176837414448
1345 1.7652491604249299
1346 3.6423924647632635
1347 6.401628018442466
1348 12.478117976003244
1349 14.466567351287047
1350 15.687872077394134
1351 20.54507207209366
1352 20.934325233185362
1353 21.06003101435252
1354 24.06583678316656
1355 23.842949980151065
1356 27.215578639620738
1357 35.60166277706582
1358 32.3862522252429
1359 26.304935231284936
1360 27.345891154382603
1361 25.76770923947037
1362 17.53986344545072
1363 13.544247125106258
1364 9.741681447740383
1365 7.879514047046853
1366 6.144684938065896
1367 4.153422067629
1368 1.6248307251330276
1369 0.32057014398767897
1370 0.09837621210904353
1371 0.00782629585376047
1372 0.12561306530447608
1373 0.19916453935519904
1374 0.18671034428894165
1375 0.27388449903898976
1376 2.080504694424585
1377 7.713031773898896
1378 14.382168570540761
1379 15.344060490405473
1380 8.220966073531983
1381 3.6067772883853135
1382 1.9772973748896496
1383 0.03311458382373255
1384 0.2050398504390055
1385 2.015583155852133
1386 4.579240069053235
1387 5.334746418748004
1388 6.033026019854907
1389 7.1469611519733265
1390 10.591506048354269
1391 13.120149585101922
1392 14.730987424841956
1393 17.242830991162563
1394 14.88105903017863
1395 15.529063709005404
1396 14.807985733021832
1397 16.40481799056567
1398 20.169632720213407
1399 18.966692760033595
1400 10.229712466341924
1401 7.799083907409889
1402 5.9870464839219935
1403 7.19716052488711
1404 4.941114342724501
1405 2.151171957694356
1406 0.8867561928954855
1407 0.8240371202913453
1408 0.6848630964997764
1409 1.8336927779253185
1410 4.116355756377918
1411 7.51241060842645
1412 14.748170706527352
1413 15.75041658188872
1414 15.543790909368669
1415 19.796408195790605
1416 20.04517987831632
1417 22.849723243761805
1418 24.6420651724937
1419 26.550836458483168
1420 29.77201495938988
1421 44.86592055250995
1422 41.46174284449488
1423 29.848350906929525
1424 26.49903800204151
1425 28.763886375560624
1426 17.55274864512942
1427 13.235232157395542
1428 11.63945851439228
1429 7.6422619001640095
1430 5.299459881226999
1431 3.3778257545292636
1432 2.0425437964850515
1433 0.5815917503656416
1434 0.26336703794135624
1435 0.23771378571733853
1436 0.20982161546600836
1437 0.545943713508488
1438 0.8350034045683291
1439 0.6812888291249461
1440 1.3923694486930855
1441 6.322083476697185
1442 9.6174613455667
1443 10.27658747958905
1444 7.744474433506821
1445 4.42491948770127
1446 3.044278574641224
1447 0.3180105790697794
1448 0.21406656907283553
1449 0.37611234335399135
1450 3.386174924693332
1451 5.283931591079853
1452 6.4720161942847945
1453 7.0907595138057
1454 8.377051603976184
1455 10.438943320719034
1456 12.3683385255695
1457 15.459553179294826
1458 15.35836762450667
1459 14.370027125812141
1460 17.423841027150996
1461 16.72388854810678
1462 19.29548481711174
1463 18.00877237613148
1464 11.683349766456146
1465 7.704294645204366
1466 6.137127607103982
1467 4.8725755263294745
1468 4.474120054021948
1469 3.236472286968469
1470 1.5344473757087838
1471 1.0654796305450662
1472 1.3409813102399704
1473 2.3664565847599004
1474 6.26178152204381
1475 9.307038318641117
1476 15.985449640342415
1477 16.637784499591078
1478 16.82678242925001
1479 21.27987936578524
1480 21.08748530747807
1481 23.90660076009971
1482 25.234367570494697
1483 28.585177080590583
1484 34.72173235526756
1485 45.923004762238435
1486 54.53315059153936
1487 44.521897007344776
1488 31.585220704171803
1489 26.950582996363924
1490 15.730050027789598
1491 13.000700748935925
1492 9.711731799414675
1493 5.823780876700437
1494 4.22501738795016
1495 3.1108946423400328
1496 1.826016952256505
1497 1.801212318668459
1498 1.3636071110942447
1499 0.2098709141742782
1500 0.035529487000338415
1501 0.07767587608832677
1502 0.41301319644478446
1503 0.5141223549668246
1504 0.7308886688371886
1505 2.2043508483817633
1506 3.8237226826990893
1507 4.583625660064338
1508 5.3787607624518445
1509 4.836210111236559
1510 4.676532387397914
1511 2.5153456143469937
1512 2.3075131687075556
1513 0.12700102993112938
1514 1.2288818758792983
1515 4.3956119547615495
1516 6.195756967057045
1517 6.6192739482597025
1518 7.1255657017119
1519 8.73815369967987
1520 10.362572551633972
1521 11.485105829993849
1522 12.489729811975032
1523 13.987436815028609
1524 14.820860183947783
1525 13.24627310831938
1526 13.85279972999921
1527 15.160617570160136
1528 11.671659389968335
1529 7.665007729625349
1530 7.836377534003662
1531 8.102243935054018
1532 6.162979534956593
1533 3.5957568528862187
1534 2.3765056721872306
1535 2.4160535797838163
1536 2.3646778834644495
1537 3.181785465802217
1538 7.186572436163427
1539 10.836097094354667
1540 15.321532749611844
1541 16.172214125752017
1542 17.43132369512226
1543 18.902613665654783
1544 21.19495228790823
1545 23.771968522025837
1546 24.85387602702319
1547 28.662558142704874
1548 35.54754669814276
1549 49.962501911164
1550 56.217071543334164
1551 46.53238479030947
1552 35.571240052745495
1553 29.49917104536963
1554 20.13633238684137
1555 13.239875695387719
1556 8.63405719255776
1557 6.024073091960278
1558 3.657564307887913
1559 1.9183778638611326
1560 1.4789141231429639
1561 1.6987433912154182
1562 1.6610544247051886
1563 0.37664298918829914
1564 0.07461133647034243
1565 0.43314654337753955
1566 0.08211062364160546
1567 0.0012399688432016339
1568 0.0629459733532514
1569 0.7478987980187257
1570 1.5848969603348675
1571 2.178005092826613
1572 5.355600334993499
1573 5.098547202942506
1574 3.5819955377582686
1575 4.556904259926379
1576 3.9338695162029755
1577 1.5910624410332272
1578 0.056406829753816695
1579 1.7253646048077593
1580 3.3996812279324935
1581 4.005636519295076
1582 5.601336013866095
1583 7.495656671933846
1584 8.58367607710544
1585 11.145131996869328
1586 12.47530937229885
1587 11.679099894164278
1588 13.180671931301925
1589 13.986895226498087
1590 13.649289165707474
1591 11.448007306542463
1592 10.684031392934308
1593 8.809978568197632
1594 7.284925930844192
1595 7.215344497323083
1596 6.380302582314143
1597 5.2743962666531745
1598 2.8566917312199798
1599 2.7644823294472065
1600 2.473322027885299
1601 5.012582313353613
1602 8.470612929946766
1603 12.172790291931586
1604 15.058599955145484
1605 16.390680654495345
1606 17.85912079654716
1607 19.55755761495676
1608 22.075310691503194
1609 26.517646279880328
1610 23.683932109940216
1611 25.96390094456746
1612 34.90330872886038
1613 48.30347281961783
1614 56.128135209653415
1615 45.53261674345468
1616 34.10029572535684
1617 30.316502622072974
1618 24.63775417514591
1619 17.68050188891918
1620 10.955138021778726
1621 5.787777477579486
1622 3.470587145531818
1623 1.7822812139978446
1624 1.4923306641931464
1625 1.280112207106177
1626 0.4812084629069844
1627 0.0634626356371206
1628 0.05073951335442458
1629 0.48829935515013706
1630 0.21975788857675393
1631 0.0007725966667394294
1632 0.1964444808075328
1633 0.19705187493741888
1634 0.21061634856907943
1635 0.6832731368023589
1636 2.1274174718942778
1637 4.79604165443885
1638 6.129698813759638
1639 5.554906283454408
1640 4.295126214059284
1641 1.4070157840592956
1642 0.0034575952427565925
1643 0.7342345597293449
1644 2.3870973701577403
1645 4.2977968667521615
1646 7.079011185901311
1647 7.959493063340919
1648 10.117739739510982
1649 12.251208716519772
1650 12.823930241749483
1651 14.176580885595028
1652 15.329283779692368
1653 16.65437967015596
1654 15.471895858861444
1655 11.470093828554761
1656 10.5453503199539
1657 10.069969747248875
1658 7.507264114050331
1659 8.443988285911013
1660 8.047081092462038
1661 6.076804091707981
1662 5.9024213752132235
1663 4.046427710737955
1664 1.4989550371952667
1665 3.8850819013357527
1666 9.319130630468472
1667 12.053236754885942
1668 13.202702453106738
1669 16.39299769050948
1670 18.65583503150495
1671 19.585453258541204
1672 22.171138229545196
1673 23.86730019511778
1674 25.30902139491504
1675 25.96605528646541
1676 32.986111763124775
1677 42.92064833700745
1678 52.39000799363894
1679 43.34996859201261
1680 35.888811875803455
1681 33.95479901634154
1682 30.796112656342185
1683 19.858299482060474
1684 13.58694747062628
1685 7.718928588407274
1686 4.361379189477131
1687 2.6926049006777264
1688 1.984823580886978
1689 1.231777577572483
1690 0.17085719500373697
1691 0.08522626461917883
1692 0.00018894118131425967
1693 0.008326933495250696
1694 0.0003128830897861489
1695 0.04527872800124291
1696 0.7221400204259313
1697 0.5842185326686754
1698 0.07345063419240001
1699 0.17454916070408832
1700 1.434208111855818
1701 3.317983083824744
1702 4.051266671135449
1703 2.347944984904361
1704 1.3843664972022922
1705 0.19926232317851233
1706 0.2002935305576735
1707 1.0375502570011728
1708 2.631633974031499
1709 5.020773730176047
1710 6.458303140353439
1711 7.964118744318592
1712 9.639231965824589
1713 12.471466168065502
1714 12.84878909352083
1715 16.671648797444732
1716 17.79203457208479
1717 19.244685336590518
1718 15.707126962836346
1719 10.30884516108949
1720 7.7399679254038745
1721 7.321232671400357
1722 7.994521850602432
1723 8.29051905450659
1724 8.530011243683553
1725 7.774977250842459
1726 5.444116328441656
1727 5.555559822491658
1728 2.314021487468049
1729 3.4187185943584453
1730 7.248869481649119
1731 12.10596351957048
1732 14.573416336399905
1733 15.631080244319717
1734 17.646146743287566
1735 19.634338752840343
1736 22.327408810308025
1737 22.920897477138624
1738 24.189192690164433
1739 22.525955493921785
1740 28.813923406758068
1741 37.51245001501594
1742 42.09877582413663
1743 37.784006399348186
1744 33.818657652122404
1745 32.87814114372995
1746 32.15927507491375
1747 21.150841619877273
1748 13.676711316016307
1749 9.163800947283375
1750 5.060775790615254
1751 3.7394831478293273
1752 1.7842266392797337
1753 0.6853403290846842
1754 0.4460925304147334
1755 0.5733007402099239
1756 0.30826498523436674
1757 0.26874772482839426
1758 0.46348914431084387
1759 0.3729885223544376
1760 1.3304716685725944
1761 0.8335687550134221
1762 0.5363986198511632
1763 0.42603322151974027
1764 1.1502723497085277
1765 1.6218504551873723
1766 1.8093266799046999
1767 0.5959682243705186
1768 0.09327861174576174
1769 0.3646778927524274
1770 1.5696281990370888
1771 2.072062005480277
1772 3.6166447628469482
1773 5.409446679185834
1774 7.256549713254908
1775 8.787621709253784
1776 9.864607516736983
1777 12.154633568687546
1778 13.866287546602875
1779 15.689939827893822
1780 15.405200792851774
1781 18.363781079142395
1782 13.97228979027658
1783 11.143722216776471
1784 6.976973341006245
1785 3.496562494061289
1786 5.2129560678808335
1787 7.9182008092484075
1788 9.872471479263615
1789 8.757300903007724
1790 6.494072843520408
1791 4.131669812436256
1792 3.0116437087647396
1793 4.320760705225077
1794 7.782355506034787
1795 10.911170860371849
1796 12.523275603537849
1797 13.520843526522265
1798 16.512402945584657
1799 20.564201989883877
1800 23.040542338492084
1801 24.401224453975573
1802 23.172607111604492
1803 21.51486620334483
1804 26.557596290195036
1805 31.02464569095995
1806 32.87918793243104
1807 30.250630629857607
1808 32.08545954275895
1809 30.56695354552822
1810 25.400803185189123
1811 19.48332843392625
1812 14.443966555773597
1813 10.127105201162586
1814 5.2655104165613
1815 3.1996095823589092
1816 2.7524786456981003
1817 2.1439572838812033
1818 1.0786738103867337
1819 1.5968006737593243
1820 1.028673303496702
1821 0.7953912307110884
1822 0.7401472906335974
1823 1.1470408023039285
1824 1.4722398292394496
1825 0.5718431445870088
1826 0.5087937315775334
1827 0.3584511898473581
1828 0.6656389391613947
1829 0.39341877421588367
1830 0.04025052339537173
1831 0.0014110505425783528
1832 0.18672978839335239
1833 1.7457050342445017
1834 3.3171206974538587
1835 3.8491965640944548
1836 6.552313078451281
1837 7.698007880774179
1838 7.342722392467708
1839 9.281244161512758
1840 12.278356444987718
1841 10.655901500186292
1842 10.341105148654858
1843 10.600680519190854
1844 10.506719050492029
1845 12.559537184012491
1846 13.236809896840699
1847 8.504498623998158
1848 5.045891131973926
1849 4.69398388382273
1850 5.001452172476338
1851 6.722505812830987
1852 11.234296976649228
1853 12.200339070919885
1854 7.465426239326853
1855 5.662933055566417
1856 3.3114302724174345
1857 4.844858050581635
1858 7.924668124543571
1859 10.398928966667638
1860 13.144670020657912
1861 15.449103251908712
1862 18.051030266177307
1863 21.490029482487873
1864 26.149990811996386
1865 26.92827928843636
1866 24.623400092198374
1867 22.342149727814636
1868 25.778574951418996
1869 33.76889373255838
1870 35.139891255352964
1871 31.233068324609565
1872 27.5079173181431
1873 23.54247681016765
1874 22.01655502018888
1875 18.21418350277361
1876 16.699697721249027
1877 11.039090336599765
1878 7.5033063802536715
1879 5.617928365579595
1880 5.353250052317841
1881 3.2329465052294184
1882 3.1579235941204984
1883 2.1464667599442375
1884 2.315516055852659
1885 2.073604219912716
1886 1.7566152482978759
1887 1.8998912009895146
1888 1.9664902339443968
1889 0.935725232894011
1890 0.27309402633107543
1891 0.04176431956521157
1892 0.0037180729557907506
1893 0.03017424797521066
1894 0.26268857439248844
1895 0.4246183845904334
1896 0.9428190143482701
1897 2.6145681269722068
1898 4.379806244911572
1899 6.752505370773761
1900 12.836959886657441
1901 12.502395785041923
1902 11.82701314670746
1903 14.573740668203621
1904 15.01299576824834
1905 12.75582075624412
1906 10.809333410010908
1907 8.893239354128367
1908 8.033222435773375
1909 9.423557803476564
1910 11.206416433994892
1911 8.08406753067235
1912 6.569644109720695
1913 6.670596676103793
1914 6.260295606717626
1915 9.164236310157126
1916 11.845585556042789
1917 16.319532479690675
1918 13.091546172534832
1919 8.109837894255667
1920 4.562956572878803
1921 6.275205591780521
1922 8.693657846479182
1923 11.768712827944814
1924 14.132141549640979
1925 17.378140725939442
1926 19.728566692620465
1927 25.145353628874737
1928 28.547992919780015
1929 26.26890277026991
1930 23.401190727005076
1931 22.804067447256397
1932 25.065272646697995
1933 35.67181184889533
1934 39.58578437710976
1935 38.23268829508798
1936 31.392024429575365
1937 30.70419922753316
1938 26.88901817455338
1939 20.485362313793548
1940 17.041083906520047
1941 12.302563452268451
1942 9.416807299125932
1943 8.2780856011813
1944 6.403774403120528
1945 5.165191244670575
1946 5.099979508889143
1947 3.8936480087155387
1948 3.007708702683081
1949 2.8589795609833915
1950 2.9421699150967284
1951 2.9476136100123536
1952 2.928839417421699
1953 1.5719042168841821
1954 0.4109463041299931
1955 0.061667183676339755
1956 0.00020859998056560879
1957 0.17469527070583507
1958 0.7282488500176197
1959 1.5050455917285173
1960 1.9328505760222507
1961 3.8402338684707167
1962 5.356426489526284
1963 9.00541652557471
1964 14.053977775916207
1965 15.74478474979542
1966 16.17804045768556
1967 16.77376684972409
1968 13.75992568680961
1969 10.303680325991609
1970 9.134178604828266
1971 7.860989072096352
1972 6.910164783405918
1973 9.118286485261748
1974 7.77813835999985
1975 4.686865060518759
1976 6.846195651287068
1977 8.213881433937283
1978 8.593238921924522
1979 11.530288603003314
1980 12.929367015347664
1981 18.3367055800683
1982 14.658111764659155
1983 8.39202840233889
1984 6.450672175058486
1985 7.450109312854697
1986 10.574330120378757
1987 13.57404814743937
1988 13.4834148398703
1989 16.778769654585947
1990 20.434499792542976
1991 26.446322556468076
1992 27.58316759791852
1993 26.440155119006064
1994 22.496942288798493
1995 22.928474646745588
1996 23.87871334050052
1997 32.14475416636172
1998 38.9951404106842
1999 34.186582056090444
2000 29.994475392846333
2001 28.891635139109386
2002 27.729291060356662
2003 21.16830546983704
2004 16.33696907118412
2005 11.702320635379474
2006 9.551325268578555
2007 9.11524989679925
2008 8.167329347492833
2009 8.5886615455226
2010 7.867878840850378
2011 6.48597373586611
2012 4.729496758672302
2013 3.2766034334852354
2014 2.591448864014205
2015 1.4231669250467995
2016 0.8664070230914206
2017 0.6639300579965449
2018 0.10864710058671395
2019 0.01754497632338963
2020 0.05924098599836815
2021 0.044285742642688836
2022 0.6237867781796886
2023 2.0758755495257444
2024 3.633280864704091
2025 4.229114874469986
2026 5.798495089019313
2027 8.993686128402942
2028 13.351711539710026
2029 18.42933226734221
2030 19.752111198127196
2031 15.59002914952459
2032 11.850769424474514
2033 8.56788415993614
2034 7.6836970309464965
2035 6.4055502531096336
2036 6.324036829380247
2037 8.329317237416069
2038 6.814660345196829
2039 3.0525163352368043
2040 5.489694635008891
2041 7.902353909924936
2042 8.258706982057834
2043 8.176880185683258
2044 12.23187537350533
2045 18.362075431210688
2046 17.190706818555565
2047 8.820621642310424
2048 4.8426396619477945
2049 6.04197952962384
2050 10.408672140107816
2051 12.452596483165854
2052 12.708714365563553
2053 16.49659691764579
2054 20.873486129163137
2055 24.352010615895292
2056 25.066727818173486
2057 23.725053016220283
2058 20.74698897140579
2059 21.363653751018756
2060 22.303964999377243
2061 31.64036364729736
2062 34.996704892429264
2063 28.570224243032328
2064 28.4950824909085
2065 28.888214694353827
2066 24.62894456255876
2067 17.890658641255424
2068 15.858941006119583
2069 12.17890024790006
2070 10.852532614068652
2071 9.66299433185282
2072 9.50571350804769
2073 13.999867053818178
2074 11.978450215686847
2075 9.1030011167235
2076 5.214598471949045
2077 3.9415731033193233
2078 2.6782912130566174
2079 1.41327236500047
2080 1.2488981053077723
2081 1.0091341152301039
2082 0.5045899443498456
2083 0.01785748410200575
2084 0.0004984671939556683
2085 0.00426002253612356
2086 0.14295752359693223
2087 0.9625053477583846
2088 2.4553599606131775
2089 3.353355957616902
2090 5.556372991491612
2091 7.58507556959474
2092 10.350459142087134
2093 16.43127207311367
2094 17.826149912393966
2095 14.826809149225632
2096 11.197454477049652
2097 6.749241405312503
2098 6.702962740316447
2099 8.042383778082998
2100 4.911255618293866
2101 4.078721254167526
2102 5.494057019787159
2103 6.058154019467534
2104 6.360383912305989
2105 6.269447600463712
2106 6.467741000119563
2107 7.447702505959168
2108 9.712790686332788
2109 19.174610146299816
2110 17.824228848043752
2111 9.485409369028488
2112 6.131707537685696
2113 6.104758443639594
2114 8.735852946048738
2115 10.640669717868024
2116 13.84079738644263
2117 17.076707841829073
2118 21.22369793694265
2119 24.2099170325074
2120 23.953347576475128
2121 22.911546549684807
2122 20.23828915389694
2123 20.94337960980239
2124 23.357789377889986
2125 32.91594729143769
2126 34.07417483116822
2127 28.62746605691115
2128 29.410546926977617
2129 32.284103871822346
2130 27.66856625016409
2131 19.864420266990916
2132 15.942631271393576
2133 14.822460520268807
2134 15.801585541806215
2135 16.097223874204673
2136 13.326626835534688
2137 13.662644288088746
2138 11.823855504198544
2139 8.839233090909074
2140 7.284140577117893
2141 5.54128817679043
2142 4.763665078768548
2143 3.9077771051809207
2144 4.055032141141528
2145 2.346727853181521
2146 1.0210283504748434
2147 0.18597702540603425
2148 0.28117244868115826
2149 0.007931321910528265
2150 0.16279919181702132
2151 0.5913448706873702
2152 1.1843920181887007
2153 2.274719066919748
2154 4.6632295117044835
2155 7.028442473220421
2156 10.509936932488113
2157 14.110844525626067
2158 13.491217096597655
2159 12.22052884779627
2160 11.50420441264762
2161 7.9390199332628715
2162 8.476304496207328
2163 8.997277296056808
2164 5.485165348272742
2165 4.6612622890588185
2166 8.275792502978161
2167 11.32106443511106
2168 13.250562314390876
2169 9.165892109503504
2170 7.6919060602993365
2171 6.155519146775132
2172 9.318081063554464
2173 19.153926686861983
2174 15.429675655319528
2175 8.848362191198865
2176 5.983234266974974
2177 4.442895520004899
2178 5.9954699203440365
2179 10.107363627220657
2180 13.949534628941795
2181 17.38553889414225
2182 22.660685635758025
2183 25.613481155058874
2184 23.281946120169394
2185 22.84682252408116
2186 21.40933410960454
2187 23.771530464718662
2188 27.940317719800902
2189 37.57463623061592
2190 37.360551102053485
2191 33.50228161062866
2192 32.93837334672721
2193 34.13066129299801
2194 29.800858902754694
2195 21.95619736022301
2196 17.7698806160714
2197 15.364718032936743
2198 15.520488112655432
2199 18.438627190080464
2200 14.734758006615323
2201 11.840112843995325
2202 9.818011109746232
2203 9.38356443462324
2204 8.3723557722238
2205 5.739137058944578
2206 3.576979533009178
2207 3.8212355083824825
2208 2.9070413534072497
2209 2.3896267101576174
2210 1.3621964936648026
2211 0.4917954792347346
2212 0.14436182522722452
2213 0.0011516130143447427
2214 0.13242668059281934
2215 0.8725485525723672
2216 1.5828250526920624
2217 2.9044834328630214
2218 4.980303827155925
2219 8.595083957456216
2220 11.681006171128653
2221 13.412418580635281
2222 10.898484747121712
2223 9.471523949815406
2224 9.825587851121414
2225 11.179938574123376
2226 10.525083016082672
2227 10.05002484126668
2228 8.410614748404463
2229 11.156192484065343
2230 10.67939441641729
2231 12.365115793660575
2232 14.939591648688864
2233 10.186404800818371
2234 9.066750724417266
2235 7.4175208449715
2236 11.804308900980542
2237 17.893641219301223
2238 11.501900448695274
2239 7.076057451120761
2240 4.890221943712424
2241 5.790453305991562
2242 6.3824918542937334
2243 9.432743274481558
2244 13.653688637002412
2245 17.18615686053848
2246 23.361097949224277
2247 25.738370287599306
2248 23.5630630085342
2249 24.87325290191127
2250 21.71041074361544
2251 23.34278526457464
2252 29.82476458901045
2253 39.96121482089998
2254 41.23277045176974
2255 35.97966098713964
2256 32.33266366393343
2257 32.925043065891145
2258 34.03554567176946
2259 25.62889071903015
2260 21.369410622736833
2261 17.12005196397945
2262 15.800858033873764
2263 15.445668022888825
2264 12.494157213907375
2265 10.491410444899858
2266 8.177405942265635
2267 7.92620564150407
2268 6.172963060431799
2269 3.2668547830398396
2270 1.5635056096022266
2271 1.1758600439780336
2272 1.6616000998994769
2273 1.8016826225054157
2274 1.144732549416693
2275 0.35052999953907915
2276 0.05041497006239818
2277 0.0773902027338358
2278 0.23525839187651718
2279 0.38543533557941523
2280 0.970012570022175
2281 2.442271047306995
2282 3.7388211074199127
2283 6.256733715026627
2284 9.705736977129297
2285 10.596747647196425
2286 9.459514960758572
2287 7.717249361782332
2288 9.849561965292335
2289 11.810690406335874
2290 11.450030699864497
2291 12.700224393002356
2292 13.919675050379933
2293 18.60313407267218
2294 12.572238467573511
2295 11.024198610284925
2296 10.971795657044288
2297 8.374398646563035
2298 8.556405196060314
2299 9.862647761108745
2300 12.618620186726398
2301 13.720787815958206
2302 8.820811798919491
2303 5.740704508883507
2304 5.249336246267652
2305 7.006867454617513
2306 7.277091745718577
2307 8.793623421327032
2308 11.85695941891899
2309 15.669972545029417
2310 22.153062975884442
2311 24.964262794935102
2312 24.680751514142504
2313 23.287385446771488
2314 21.744490583754608
2315 24.495614291192215
2316 28.671902450724644
2317 39.4527054566155
2318 41.69209877034733
2319 33.75577863373201
2320 34.789813779646124
2321 35.237920199123195
2322 35.37104973412486
2323 29.374469787780377
2324 26.254387689816387
2325 19.349648133812053
2326 12.190726567216473
2327 11.90607668398584
2328 9.581709851896628
2329 8.105399085673719
2330 5.500132284758116
2331 3.5678413155446504
2332 2.401987127439798
2333 1.7284029708296844
2334 0.8959099919985074
2335 0.4068396990430243
2336 0.6221358205004346
2337 1.7074448948282916
2338 0.9815901974972621
2339 0.33770592485982653
2340 0.18258280133412147
2341 0.026283480814322656
2342 8.204616702305662e-05
2343 0.15199818581914315
2344 1.0133293842366669
2345 2.4079340359581334
2346 4.061412912204057
2347 6.859839043259894
2348 12.006522152680231
2349 11.267208918842742
2350 12.661656274107658
2351 13.18655432824977
2352 12.170028444247412
2353 12.16392879359818
2354 12.867187696323247
2355 18.099754243294726
2356 22.287873859599657
2357 20.09100435265263
2358 14.384245528487652
2359 9.494568437273017
2360 7.833991242776143
2361 9.8297454707631
2362 11.87425171829355
2363 13.428493762775489
2364 14.389905055053742
2365 10.56889987654839
2366 6.472020582563396
2367 3.5705175281536747
2368 4.991501958339933
2369 6.5874775367754514
2370 9.324803184745683
2371 9.590843623592448
2372 13.436061477262225
2373 16.829146011524287
2374 22.651548071462162
2375 24.73207864680512
2376 24.37812364820288
2377 23.664828377165897
2378 22.28577331211534
2379 22.969368725362102
2380 30.309020820141658
2381 39.94086990365181
2382 40.2324483805851
2383 34.46338796504781
2384 31.819443909602803
2385 33.895224429921704
2386 34.8648732595662
2387 30.06368320791458
2388 28.954593312354252
2389 18.500454946272477
2390 10.352347544904072
2391 7.920412920742769
2392 6.418699231325845
2393 4.581258778120315
2394 3.383861176610762
2395 2.9166645330794423
2396 2.398143819328219
2397 2.3877342966433375
2398 1.5422207204850453
2399 0.8583616386742542
2400 0.4413147324696975
2401 0.9078075417791438
2402 1.420802644308387
2403 0.7063687564817908
2404 0.6209640682986014
2405 0.8387609934024178
2406 0.06822979975941189
2407 0.002849184419753709
2408 0.10945895432071148
2409 0.7039879890167126
2410 3.8349595119289064
2411 5.873794316511638
2412 11.977419811162584
2413 12.834475585879566
2414 14.089148517940279
2415 15.336984182968697
2416 15.413796510302431
2417 14.695123369112107
2418 17.9637918664232
2419 26.512264617498456
2420 28.519745878578487
2421 24.042508159696638
2422 17.141966343081233
2423 12.233058896492173
2424 9.995249509536382
2425 12.677228583139962
2426 11.446062848154988
2427 14.433099827583192
2428 13.878421523769738
2429 8.148886685211934
2430 4.5444303132486805
2431 2.1672354676354586
2432 2.5606212065000338
2433 4.783700437102101
2434 8.620397872193006
2435 10.338852977551257
2436 14.7396314362202
2437 19.303970370075298
2438 23.554221282594074
2439 25.86753376423214
2440 26.86547788323791
2441 27.097410061347265
2442 25.54522137116059
2443 22.752681904238365
2444 29.373979067855974
2445 35.77157832542597
2446 36.331214569325965
2447 33.98703971972797
2448 32.17883319297923
2449 29.725139850210653
2450 31.66394396307642
2451 30.63225312650554
2452 29.440902539158515
2453 19.146770322358186
2454 10.138186355068777
2455 6.321448804413447
2456 4.143591238747734
2457 3.9223787996451795
2458 3.484237578958836
2459 3.800617003980354
2460 2.5688909472125983
2461 2.290776061866592
2462 1.8194207621242386
2463 2.073085191874011
2464 1.026837817340008
2465 0.7953025056928364
2466 0.963779554018583
2467 1.8558014090700703
2468 2.2659288910029405
2469 2.572456793271885
2470 1.312978277326359
2471 0.578592756943294
2472 0.15254513593350924
2473 0.07479160919536214
2474 1.7674102875170843
2475 5.7240922019304605
2476 11.262816707755139
2477 13.967507497917719
2478 15.189648407932859
2479 15.416499879915229
2480 16.624786405900313
2481 23.633151195585345
2482 29.705376370646064
2483 29.20539336339011
2484 25.328964683409517
2485 29.110452722298245
2486 21.004840198384187
2487 18.2787131312893
2488 12.72142660294526
2489 12.374009894376366
2490 11.284843259579176
2491 11.39745634811383
2492 11.938860700502937
2493 6.69604223066317
2494 2.6673091634295387
2495 0.8233648579273176
2496 2.122008150884326
2497 4.388032249939358
2498 9.215049486094854
2499 11.780767044109236
2500 17.17925878237568
2501 21.92240960820827
2502 25.99590325418006
2503 25.767956728822604
2504 26.36768986029221
2505 27.46484152627888
2506 27.280185082077068
2507 22.103039430669448
2508 27.128242004233297
2509 32.481811240455585
2510 40.364733711269395
2511 35.84024887658224
2512 32.90099811424558
2513 33.793324474944356
2514 30.35044931848187
2515 28.54940357864425
2516 30.244760330891225
2517 21.04515721072974
2518 10.464502547118643
2519 5.298275921596137
2520 3.6462617281425533
2521 3.692497952081364
2522 2.8085354615780798
2523 2.0924059173192324
2524 1.9273114661823816
2525 2.3324548126282156
2526 3.4119082785681885
2527 2.0422758053136354
2528 1.078654696617178
2529 1.2592340748331268
2530 2.2797049427131277
2531 3.71710084227325
2532 6.347535269479432
2533 7.20036681190257
2534 5.817874137618048
2535 4.466407991831496
2536 1.0825826110820362
2537 0.007345197330204452
2538 1.2677023159027232
2539 6.0506181192909505
2540 11.603931886896692
2541 11.251253827285504
2542 14.202851043630037
2543 15.827820144622192
2544 18.389028413278623
2545 26.29780260079503
2546 29.13472852941603
2547 29.799017997206615
2548 25.238671225950558
2549 27.64224717747077
2550 24.366965288049997
2551 19.26511969765367
2552 17.39859511511964
2553 11.16781850661081
2554 10.424613535764275
2555 9.495787196233533
2556 8.84476203974002
2557 6.143260718189366
2558 2.543308205286962
2559 0.727799766181434
2560 0.8837491716170464
2561 3.0878562800265663
2562 8.321307560666105
2563 11.59828419457452
2564 17.177885487401092
2565 22.902156345713575
2566 28.16923242254077
2567 27.71199170457438
2568 27.786863207008327
2569 28.91414393232826
2570 27.64904036960136
2571 24.19839956204669
2572 26.553849438783526
2573 31.71461057920425
2574 41.06799005827482
2575 35.36055779542647
2576 29.818906435131147
2577 32.010655391581224
2578 31.192054093729425
2579 27.152058533924606
2580 23.60324145950748
2581 16.610475688938408
2582 8.793094313088705
2583 4.344081203906139
2584 2.328390154679449
2585 1.9800507133272742
2586 1.0435804904624975
2587 1.4222586938437651
2588 2.7640563629234074
2589 2.403186139797592
2590 3.720277302031849
2591 2.1551660771514194
2592 0.6553144051103686
2593 2.8820669620489956
2594 4.586239848734552
2595 5.8957499347004605
2596 9.440286005018844
2597 9.920438561412663
2598 8.178664860929464
2599 7.6041772324630035
2600 2.6239609698276016
2601 0.007266327684657209
2602 0.6937788817858818
2603 4.126683210661289
2604 10.56707741225205
2605 10.227886072896817
2606 11.589629479191
2607 16.411814787248225
2608 17.751784399577094
2609 23.045917598593434
2610 20.966240556653478
2611 24.301016083854392
2612 21.42655031378006
2613 21.655832983313385
2614 18.86681530760113
2615 14.802088176884883
2616 15.47045209724112
2617 9.995563660578041
2618 8.276136661445559
2619 8.031169825186891
2620 7.091618395322471
2621 3.8451352977582154
2622 2.115911991333766
2623 0.7289423166705823
2624 1.4514967106189527
2625 2.181730980902814
2626 5.27848749902999
2627 9.747054718453693
2628 17.63327005606179
2629 22.054930164182363
2630 25.83128766791369
2631 27.909078566162435
2632 28.844870337238195
2633 25.965031426036223
2634 25.446696879518065
2635 29.908825190488667
2636 26.252791647419613
2637 35.532495949738916
2638 38.49375551053324
2639 29.97985897247462
2640 27.236389002254526
2641 27.719652432578986
2642 25.92857060562652
2643 24.528352081662604
2644 20.039979091987618
2645 11.967019803685798
2646 7.6950260827462715
2647 4.46397691998553
2648 1.8229954457785307
2649 1.0550931565256252
2650 0.32538477715897784
2651 0.7320741585250697
2652 1.13018806164751
2653 1.0520171759674657
2654 2.7262329809055807
2655 1.6888814807501387
2656 2.7120341325499737
2657 5.5963881549613745
2658 8.342760728618547
2659 8.030643799104059
2660 8.554005218360768
2661 9.137955393316544
2662 6.66476702356164
2663 6.33234796628856
2664 3.869630935081992
2665 0.06313933205043999
2666 0.14512944341966133
2667 2.280910902300948
2668 8.142939387045066
2669 10.46069225445728
2670 12.19194427322767
2671 14.976114377185908
2672 16.09544443114129
2673 16.03470772506194
2674 16.79515276612193
2675 18.17213095934009
2676 17.084350864853107
2677 16.985408278506796
2678 16.057878073574624
2679 14.227756175078717
2680 10.939903918281244
2681 10.301147771154415
2682 7.780350331488478
2683 7.457071857229385
2684 4.329633621117526
2685 2.088526328555879
2686 1.9297118528108905
2687 1.4079479007318991
2688 0.3168130637922243
2689 0.6690652045054893
2690 2.928007208032943
2691 8.272379547666173
2692 17.189568386821616
2693 21.328254604622288
2694 22.256985309721703
2695 22.33191190215266
2696 22.60348848169721
2697 22.159418662114096
2698 22.488002955272357
2699 27.70651180711785
2700 28.707169460317242
2701 32.05771288525217
2702 29.507103337878828
2703 28.03386185363694
2704 27.400398386064186
2705 24.334015916083416
2706 19.982943012276614
2707 21.07224153277426
2708 20.06743855388464
2709 12.824283235334676
2710 6.267674481391692
2711 2.3965441722580447
2712 0.4784060267159571
2713 0.06500756470490185
2714 0.06714790029516646
2715 0.0875307736386688
2716 0.5341838209595366
2717 0.8587166528111255
2718 1.5997474404862375
2719 1.1520190412125022
2720 2.907834831190129
2721 6.575239339385134
2722 10.682452228494022
2723 13.085148552467727
2724 10.62024575835631
2725 8.670180631608517
2726 7.23492776967386
2727 4.342144682694219
2728 3.2080518629209815
2729 0.1600167011149838
2730 0.21737536826998036
2731 2.170310113010665
2732 7.251431991879923
2733 10.9045148271122
2734 11.177260056298893
2735 12.279557540535787
2736 11.415216006201646
2737 10.40783920246524
2738 11.29417407497016
2739 12.838589479165575
2740 15.02862889843819
2741 16.166387603640086
2742 12.538629720518456
2743 13.604888174832487
2744 9.175022933808973
2745 7.769333340138833
2746 6.141263409236322
2747 5.206304084981722
2748 3.2019418652238576
2749 2.368322317288837
2750 2.037384628559391
2751 1.775315223946486
2752 0.05492913065573506
2753 0.19910655522374504
2754 1.0269454841260206
2755 5.633338919284351
2756 14.663355527165919
2757 16.02478487447391
2758 16.485402035609948
2759 19.01313761025992
2760 20.573383271654905
2761 17.666161816107735
2762 17.825763128125477
2763 23.617831327876644
2764 22.98388933190781
2765 24.50240550600626
2766 23.667244646787097
2767 25.349542270374805
2768 27.133382518174802
2769 27.546795383984453
2770 19.52221337294776
2771 17.32974230137049
2772 17.047387814889394
2773 12.17242665229094
2774 6.1070599476504235
2775 2.450044199411508
2776 0.4576624105186121
2777 0.000591753044084781
2778 0.07937077596795494
2779 0.2870353598316309
2780 0.7703576050987205
2781 1.1367359273592372
2782 0.8849751406492208
2783 2.341781948974561
2784 5.495386456433359
2785 7.061483386670735
2786 13.541649045470674
2787 15.844954872146664
2788 13.425682856039645
2789 8.51399690433725
2790 8.594561295402487
2791 7.217085390965771
2792 3.817103264963548
2793 0.09667207050841878
2794 0.3341322907792357
2795 1.5692822695058282
2796 5.013328539855084
2797 9.185918327583114
2798 10.053650439933818
2799 11.609581751597938
2800 9.011165850547542
2801 7.97632319821143
2802 8.470014972913463
2803 10.139736108893196
2804 9.215288303380882
2805 8.756157797891687
2806 10.08551276195284
2807 10.857344141354845
2808 8.122635599947872
2809 6.791744111478426
2810 5.80601202394694
2811 4.23808848759978
2812 3.3501465089405147
2813 3.410265159378261
2814 2.2218234143317424
2815 1.6336815740227897
2816 0.006662928372990285
2817 0.007871844117276818
2818 0.4559102218338339
2819 3.1203949517993794
2820 10.985271489077215
2821 14.176484454446383
2822 12.848351073442284
2823 14.262330712112268
2824 15.104439677579057
2825 14.15325272514446
2826 14.617052847929354
2827 14.598466602944217
2828 16.61415668920146
2829 18.655266376089674
2830 23.261999631523302
2831 25.393106225347438
2832 26.78120892460659
2833 27.856451584519597
2834 20.369246059078886
2835 18.567129933438363
2836 15.082321118571782
2837 10.309996161150329
2838 5.388744839558593
2839 2.262089119885159
2840 0.774114732022252
2841 0.10977257367723055
2842 0.052363865536303324
2843 0.9075160599890315
2844 0.9138545487304995
2845 2.1258399559428858
2846 2.3043639604595447
2847 5.64496993067027
2848 8.299960382536952
2849 9.465204151666432
2850 11.521028382779544
2851 15.046024621758946
2852 18.162801180487854
2853 9.266994192928127
2854 7.5059164465560775
2855 6.380067679111321
2856 2.5871410402926216
2857 0.00010867113587127104
2858 0.4011861980233481
2859 0.6392667779571526
2860 1.6173130205010755
2861 3.736701303259155
2862 5.301594505100401
2863 6.1960700067368375
2864 5.733286080450506
2865 7.496391555534126
2866 6.354569239186168
2867 7.287871151116883
2868 8.883690659062092
2869 7.080914100411865
2870 8.889516479167042
2871 7.570837035002327
2872 6.886893477595975
2873 7.705041519701753
2874 6.61781648061235
2875 4.9645735181016555
2876 3.578750151005665
2877 4.117950987783065
2878 2.156151393126118
2879 2.3121307331949805
2880 0.0608031978038151
2881 0.0016142475382121713
2882 0.49063464920265965
2883 2.157239852927695
2884 7.961085228923744
2885 11.088910226415697
2886 10.85222291782337
2887 10.91937471133404
2888 10.850065415921883
2889 10.59700017829196
2890 11.182843409386747
2891 9.816791872105114
2892 14.03866577951593
2893 13.664628831836644
2894 18.441289358781525
2895 20.92122806867192
2896 24.581418183835353
2897 25.526054828884607
2898 21.794719861325287
2899 17.296115608767458
2900 15.735393154720843
2901 10.2493779125994
2902 4.406032529203153
2903 2.29109282257963
2904 0.5285534221916404
2905 0.005781094301993215
2906 0.4627157310593793
2907 1.0330850070284583
2908 2.4542135080106924
2909 3.7535075936500584
2910 3.7065609710058145
2911 6.049468467271493
2912 6.570247722116904
2913 10.677035629925284
2914 13.069236661279959
2915 11.59808716207847
2916 15.970843996771137
2917 7.690820549626854
2918 4.1667816042694
2919 2.7206866721186285
2920 0.6218294891861679
2921 0.23095907763360124
2922 0.9334016339566229
2923 0.6213964759825967
2924 0.7631622351254683
2925 1.2720963394567866
2926 2.300027920543794
2927 3.3229563523602272
2928 3.1763838851048574
2929 5.210958252562869
2930 6.411405979951383
2931 8.175268674786523
2932 8.321343614493207
2933 7.854945878131392
2934 9.13499448651153
2935 10.825050609727313
2936 7.686861052070764
2937 8.955474720468503
2938 6.558352761572691
2939 3.9491300624442336
2940 3.2586099211084867
2941 2.9665465455003854
2942 2.3146237259716407
2943 2.832778296624918
2944 0.19393771953406208
2945 0.5033090636384195
2946 0.9304991342565155
2947 1.908621831427436
2948 5.15831547382996
2949 7.873863330715398
2950 8.929809360593246
2951 9.615599366883275
2952 9.001155238220838
2953 8.783244348021787
2954 9.01431705891098
2955 9.0181930767455
2956 13.508659491452132
2957 14.027111939522383
2958 12.829720418442855
2959 13.399645867226527
2960 15.769854029878081
2961 18.16946325999433
2962 15.684184120796576
2963 14.566847088448318
2964 11.69388917923125
2965 8.012512667163602
2966 5.651399522174899
2967 2.5422135753369957
2968 1.146434172358056
2969 0.8791512267158138
2970 0.9754794932346893
2971 1.4165270152298
2972 3.674187171747151
2973 4.317915228060778
2974 2.2781995888198696
2975 3.379194786195209
2976 4.559675245161341
2977 8.335906783510591
2978 8.982488301556614
2979 7.891451000184888
2980 6.014442017916505
2981 5.492941594477632
2982 2.464752160378704
2983 0.8363551286061318
2984 0.023901409018459316
2985 0.8268485557736086
2986 1.087063600515712
2987 0.7300139168276002
2988 0.9806150810309813
2989 1.486729876733756
2990 2.5555276859840985
2991 2.924946301556882
2992 3.645686576395756
2993 7.506010020434389
2994 8.844423511046024
2995 11.883654869049007
2996 14.653549197841476
2997 14.039313937152539
2998 11.420319341269662
2999 14.398498060595214
3000 12.078435268480476
3001 9.852536617087795
3002 6.566760979189678
3003 2.1988110600215838
3004 2.467147417037563
3005 2.350961118474633
3006 2.0191706305948944
3007 3.191602935248177
3008 0.7216718537412219
3009 0.9234507563947233
3010 1.091598973339451
3011 2.3841846668341455
3012 3.224383109943557
3013 4.650976764304553
3014 6.234871470831853
3015 8.742858998814661
3016 7.621920528609708
3017 9.226242874045779
3018 10.094693167610036
3019 8.683967193049707
3020 9.838741568201577
3021 9.950841522174711
3022 7.473588534933851
3023 7.9644270509388395
3024 9.454414650942708
3025 10.722138420629099
3026 9.73878018731196
3027 9.720079268439113
3028 5.0597667691514685
3029 3.497680232717381
3030 3.197901382108895
3031 1.090828031493509
3032 1.1153552652409167
3033 0.42628860010583863
3034 0.31068137719473315
3035 0.6319765120677946
3036 2.105308171413812
3037 1.8933498947008616
3038 0.983113482267471
3039 1.7139720683094133
3040 3.492835737646788
3041 6.631146647926873
3042 6.2114252702214685
3043 3.752603381813582
3044 1.6430639493084258
3045 1.9878141846031123
3046 0.47761695758845507
3047 0.16126977351023916
3048 0.15528411404351153
3049 0.13835392410402417
3050 0.13365262712165696
3051 0.13504038932101894
3052 0.41830691851515645
3053 0.9806282196221209
3054 3.0256298774131025
3055 4.967286024021256
3056 7.339109632672645
3057 10.201664489151208
3058 9.643444962425253
3059 13.233575050415045
3060 14.057545551775558
3061 17.17387018775456
3062 13.160179077745555
3063 14.562161704342783
3064 13.504051824800873
3065 10.029497992892134
3066 4.996504631350947
3067 3.7336287598503692
3068 2.110030761173962
3069 2.426306444154513
3070 3.4981350916206106
3071 3.0286051452091534
3072 0.7829474251479631
3073 1.404092934718443
3074 1.1850958699034042
3075 2.2636440160007374
3076 2.7427853720153816
3077 3.2108287021746587
3078 5.011137771247944
3079 6.996024562729059
3080 8.256076548889384
3081 12.372729348334275
3082 13.24049490586915
3083 11.509117613697533
3084 8.361405011157599
3085 6.098177536988345
3086 5.126972372069862
3087 3.0816025056662206
3088 4.1038301069914205
3089 5.930752961945692
3090 6.049408198177528
3091 3.958657126341363
3092 1.839612277672639
3093 1.5113151550072765
3094 1.6906956637692623
3095 1.3565318443448973
3096 1.1047522543289199
3097 0.14346142016306054
3098 0.18322618996668044
3099 0.1463633684964406
3100 0.4160235461507539
3101 0.26996300736221657
3102 0.14834738134755793
3103 0.5965323454266662
3104 2.0953612021570063
3105 2.45167542069017
3106 1.8699919017615636
3107 0.5621580735682745
3108 0.2821517385252078
3109 0.018374799488712935
3110 0.0005965243945168249
3111 0.07565590640514319
3112 0.15806642613040764
3113 0.2218387858408709
3114 0.1130202457765841
3115 0.13336260728971963
3116 0.2233694552863045
3117 0.7962310488999617
3118 1.8046864199789823
3119 5.435595453424907
3120 10.3483366336713
3121 11.620400065973454
3122 13.716205579738217
3123 12.876434211855102
3124 16.99880281149323
3125 20.12677409777145
3126 13.590836672451244
3127 13.337955728349675
3128 9.898129315550145
3129 7.397821944030095
3130 5.1908384702630785
3131 4.399314411698651
3132 3.1035786406454755
3133 2.1736888879487357
3134 2.934454652984339
3135 3.344490781568623
3136 0.47130043809516436
3137 0.7227556167329827
3138 1.2492000319090872
3139 2.828948470574456
3140 1.9535577170396996
3141 2.3337838491620624
3142 4.643661499578463
3143 5.914910586287398
3144 9.509176171426365
3145 12.20693454021202
3146 13.028156679233389
3147 12.142326648328561
3148 6.995818020895521
3149 5.666206842069282
3150 3.8225657615992903
3151 2.6574172291272493
3152 2.078446890958525
3153 4.753853642860645
3154 5.05342831317296
3155 3.2777207097889383
3156 1.2896739898473506
3157 0.8710125740808858
3158 1.3132149405015021
3159 1.6321245984580741
3160 0.7540377751915514
3161 0.21025801525822935
3162 0.1460875285699617
3163 0.20852098888277207
3164 0.17782149977066142
3165 0.38925623962265987
3166 0.28887308902237835
3167 0.7187108452557288
3168 1.748578045156462
3169 1.8280389443072405
3170 1.0129650721037848
3171 0.18288126261960846
3172 0.0332431555470652
3173 0.36698126561424355
3174 0.22266936073304155
3175 0.38125214096335036
3176 0.16062875015445022
3177 0.45668478508115923
3178 0.08688406376018289
3179 0.04869886763589645
3180 0.10739075067650085
3181 0.5312623464660993
3182 2.3301091260547637
3183 4.460990569619674
3184 6.346612109940419
3185 5.903746720497705
3186 7.343632641217394
3187 10.321089473176018
3188 14.139005319435821
3189 18.021519660519626
3190 13.242541861275248
3191 11.384810604145093
3192 6.936305759749035
3193 5.5854825924011235
3194 5.769773696618572
3195 3.666694961946102
3196 2.4819030083582745
3197 1.6310236556936064
3198 2.098586496436683
3199 2.0510892183346288
3200 0.5824314945021105
3201 0.9142708817062217
3202 1.6978092862332819
3203 2.8859833330003855
3204 1.6275117427163595
3205 1.8417333161253355
3206 4.4180673485113235
3207 6.880050469896304
3208 7.713432026156207
3209 11.808412932359497
3210 9.707247904424271
3211 7.492201238109217
3212 5.289795295688129
3213 4.774256904540595
3214 2.2909053318079113
3215 1.1037346890877215
3216 0.8005331089402358
3217 2.2167340400358277
3218 3.129873512407766
3219 1.9482026205643805
3220 0.7837675775432644
3221 1.0393317643355038
3222 1.8989853642527592
3223 1.390823705383531
3224 1.1039003610145162
3225 1.0830888530732814
3226 0.562662165538887
3227 0.6445331851489626
3228 0.9619329358895158
3229 0.7169059179707331
3230 0.940098411782699
3231 0.44203086840857514
3232 0.5936504889917501
3233 1.1915081687075948
3234 0.3434086857237138
3235 0.00194304378054826
3236 0.13146626857965765
3237 0.914301124175754
3238 0.9343352290901319
3239 0.583087032578508
3240 0.11465380475172078
3241 0.14902449301624715
3242 0.0013280545198867937
3243 0.01909140353757578
3244 0.29299693808081784
3245 0.7145424636457263
3246 2.362290336239351
3247 3.1411427241303116
3248 3.0421121304139773
3249 2.7125147673625474
3250 3.8185952192251262
3251 5.930887617238294
3252 8.06699449817526
3253 10.81014906462583
3254 9.180427993963784
3255 7.206525456279746
3256 5.3179383184363385
3257 5.207858520405446
3258 4.044765883260959
3259 3.9503154837656314
3260 2.893728644827766
3261 2.4507114590318713
3262 1.8594834150474988
3263 2.1006005944649644
3264 0.5085454749629488
3265 0.7191648541078345
3266 1.0384821900449623
3267 1.0713288146659852
3268 1.5099991502797774
3269 2.1567306752726854
3270 4.104590279520905
3271 7.195803461751858
3272 7.312873932669081
3273 11.257666091146872
3274 6.975931160575769
3275 5.0672397065098425
3276 3.7682883960967186
3277 2.0203028279537225
3278 1.2592107431736954
3279 0.7330797685307947
3280 0.23433169838089202
3281 0.30308889126451466
3282 0.5655181932894844
3283 0.41892400387868844
3284 0.31251446566688484
3285 0.15712465344398813
3286 0.564081860752052
3287 0.6824961329538717
3288 1.0848034441421472
3289 0.6077629032425056
3290 0.5827974370809684
3291 1.3921910156247996
3292 0.7296344953827751
3293 0.7143127192305563
3294 0.5288960837148403
3295 0.584292257017697
3296 1.1288164763097384
3297 1.0983572323582507
3298 0.8163382373028817
3299 0.13985723349539048
3300 0.05069048990005355
3301 0.10708200434949976
3302 0.05180478540839102
3303 0.18115091834521094
3304 0.049538410660962845
3305 0.025612063915356115
3306 0.0019884275882462595
3307 0.05838438376092796
3308 0.07206712303178545
3309 0.28258989993161565
3310 0.41161541796789736
3311 0.8566426583471801
3312 1.0765619928327044
3313 1.243207211856163
3314 2.05956384445295
3315 3.142889430764174
3316 5.153318864252534
3317 7.76151300434973
3318 6.845399104495348
3319 7.917673767641801
3320 7.151544959567322
3321 6.9100693460291565
3322 5.219598562134714
3323 3.7124173395688027
3324 5.463057936075403
3325 3.995322567031765
3326 2.6563295497291715
3327 2.1095681242639603
3328 0.3870341196762942
3329 0.4671178362920144
3330 0.3997259917547051
3331 0.42476418291910145
3332 0.8557116180157233
3333 2.545334488090951
3334 4.362001799620928
3335 5.887928583455708
3336 5.924384106620618
3337 4.732710088231022
3338 4.696522124514883
3339 5.548117672379705
3340 3.100033095329492
3341 1.3179538477987411
3342 0.889288343079805
3343 0.2552296630480636
3344 0.046583552994190855
3345 0.05002123910731968
3346 0.10089941146115841
3347 0.09989714365971662
3348 0.05168764820559561
3349 0.2802077667798435
3350 0.09568048315826816
3351 0.05288017563924136
3352 0.49823344943825504
3353 0.3013544031503063
3354 0.5902788082949774
3355 1.004682110058457
3356 0.6255382894970992
3357 1.202835317055034
3358 0.709607285394576
3359 1.218656318520502
3360 1.4524485295891063
3361 1.6804806455314263
3362 1.7141414200133238
3363 1.029260943869117
3364 0.1825902328066952
3365 0.04584207323839762
3366 0.05024382322710775
3367 0.006866194041669027
3368 0.019479198913071774
3369 0.08595541013379927
3370 0.24754344454124363
3371 0.3228858498008254
3372 0.6523500164711253
3373 0.06617354639622082
3374 0.15728424274521807
3375 0.6793228717414027
3376 0.6511277727223559
3377 1.0881216183266635
3378 1.0749169477058729
3379 2.1476426530646058
3380 3.091879095692957
3381 5.902315112849295
3382 5.705590278276242
3383 8.263333107066334
3384 9.669589410465896
3385 8.33781721548955
3386 6.436472800109502
3387 3.873232352268504
3388 4.97308160107876
3389 5.701496216860992
3390 5.722753290114499
3391 3.160138762882771
3392 0.26967917718986983
3393 0.2355542037820951
3394 0.18531576491776303
3395 0.28921172775871307
3396 1.1215082890623684
3397 1.4001098943973502
3398 1.7671881320108058
3399 3.3110000624669467
3400 2.178437642185439
3401 1.6394832764209755
3402 2.5062866732531193
3403 4.046778067510607
3404 3.5712082829624308
3405 1.1917641172771436
3406 0.8459597516914487
3407 0.14075885349054554
3408 0.014835506392394464
3409 0.025282026234234523
3410 0.01811574462301393
3411 0.033187982952093485
3412 0.4090788853292676
3413 0.25995598789843644
3414 0.16447333257315805
3415 0.282661197520414
3416 0.493671602754869
3417 0.3928854155605901
3418 0.5749576880653489
3419 1.330299524481781
3420 2.6209860706491295
3421 2.3534193801889436
3422 1.5941680574940342
3423 1.3656542193536092
3424 1.7032980389437995
3425 2.4228410998573335
3426 1.7399626362841023
3427 1.6071714104878057
3428 0.70332682328469
3429 0.44706419817866594
3430 0.8452849675501798
3431 0.7983975157498813
3432 0.96160932824108
3433 0.1853809346393843
3434 0.04085758705050886
3435 0.6504173066158163
3436 0.5517307058184128
3437 0.25641327384868995
3438 0.5405145990888807
3439 1.060295338051982
3440 0.9840008347336541
3441 1.6419558424307115
3442 2.4090110929705264
3443 2.695894478950722
3444 3.7276009385875923
3445 7.166477212233099
3446 8.253434835889509
3447 8.102274955860894
3448 9.976841989456076
3449 8.03001376411753
3450 7.654416096584827
3451 5.768946090586719
3452 5.292897361343227
3453 7.187703263685625
3454 6.858642218526786
3455 4.6722842076655935
3456 0.1378370909623931
3457 0.10581051081515264
3458 0.19749770509591802
3459 0.5350994361992802
3460 0.6368098328690649
3461 0.5614306826679833
3462 1.6621112025401235
3463 2.2764414887946653
3464 0.946584253045354
3465 0.9773233054741902
3466 1.549336876609328
3467 2.4228257289226973
3468 2.6129416105714487
3469 1.490661842955923
3470 0.748963329342014
3471 0.08579846391123198
3472 0.05280868527018609
3473 0.011719576800211027
3474 0.034209357637423374
3475 0.009770225534623415
3476 0.5355134575047059
3477 0.6862046095302381
3478 0.1571487433008284
3479 0.917175648962643
3480 0.903127082514092
3481 1.4440551758184053
3482 2.040477670330115
3483 2.8536443973893175
3484 4.240701558200893
3485 3.1931393777356765
3486 2.29454479411016
3487 1.707242494425871
3488 1.6988927306331987
3489 1.375158037991495
3490 1.5395733160151945
3491 1.2867950058955104
3492 1.6872647316050513
3493 2.1720201206184715
3494 2.3936528700211013
3495 2.0990636128728126
3496 1.4053710576427345
3497 1.0274282346370847
3498 0.43295202620714823
3499 0.0030094510355928635
3500 0.21724633039935412
3501 0.11228058846761459
3502 0.48535913420998394
3503 1.0734925409631701
3504 1.8307344578768598
3505 1.806988709976594
3506 2.9114769690827695
3507 3.157009647765806
3508 5.324778617920919
3509 9.927583605846472
3510 8.329535074199173
3511 9.162527406681566
3512 7.948155108441629
3513 7.017967363140829
3514 6.732320358810325
3515 6.061565733309376
3516 4.058570987063644
3517 5.154843563702547
3518 6.45861295751393
3519 4.652585619697637
3520 0.10290302675377547
3521 0.023693672045765293
3522 0.01124769363497208
3523 0.1834048650260027
3524 0.09373818623670212
3525 0.4418775783678493
3526 0.6965907381913938
3527 0.40464521448507973
3528 0.5616768698189331
3529 0.6637682573729825
3530 0.7853193891764146
3531 1.2749847117968096
3532 1.4913847966558056
3533 0.9442585467240953
3534 0.6692959739762396
3535 0.21624274390801987
3536 0.00039545827706662556
3537 0.00832511705647517
3538 0.01707109789109717
3539 0.00233856163122872
3540 0.2537503108085575
3541 0.3459346719532106
3542 0.3288579420802601
3543 1.5766236113469663
3544 0.9367353545897859
3545 2.053587662564026
3546 2.7029277163875394
3547 3.246247861421782
3548 3.881465623781302
3549 3.8598344336075425
3550 2.7288381054313247
3551 1.5067249258522033
3552 0.8422761428974468
3553 0.9002371296602005
3554 1.258468913803747
3555 1.1732742908395901
3556 2.172608571790755
3557 2.411096232608884
3558 2.6910660477788446
3559 1.831217594409453
3560 1.0427126313504869
3561 0.640316051127279
3562 0.18334199322696831
3563 0.0031546815979934762
3564 0.09053681279471999
3565 0.06572119574677357
3566 0.31843558963625157
3567 0.5811592475341665
3568 1.0598313035660014
3569 1.6799795379278335
3570 2.477437166018908
3571 3.3007838002829404
3572 5.149709690240013
3573 9.613291422726693
3574 8.712763621485635
3575 5.795651811375026
3576 4.179061049554258
3577 7.610068454958193
3578 5.613357549239423
3579 5.297223287401514
3580 4.4958216186589
3581 3.7870270173664022
3582 4.644613723077251
3583 3.222070800288675
3584 0.26666873076342923
3585 0.024453814789510277
3586 0.007300215562627944
3587 0.06529597894496206
3588 0.00469000254349369
3589 0.01955129251120503
3590 0.21885010071030256
3591 0.09310404202337426
3592 0.2807848711767262
3593 0.20285433987631502
3594 0.3483407612913822
3595 0.43405581460790094
3596 0.3437054016187691
3597 0.1439786213409812
3598 0.5095299343640733
3599 0.2845736247487288
3600 0.003110965146920311
3601 0.007921375604395623
3602 0.07049162396618612
3603 0.04519126151182841
3604 0.13927441447884817
3605 0.13352500427180444
3606 0.0733408048004008
3607 0.5736598475727256
3608 1.1582046418950376
3609 2.55420360428819
3610 2.6731968524728926
3611 4.476332737751301
3612 5.227574427133079
3613 4.684668979276638
3614 2.722443815814657
3615 1.763781588575328
3616 1.0384399475979347
3617 0.5797986726121261
3618 0.663391427288634
3619 0.9919980617421646
3620 1.2483097583955352
3621 1.6105066539151571
3622 1.6974932735046702
3623 1.4889657286880358
3624 1.0664089009094515
3625 0.5128647701961956
3626 0.21199139103649908
3627 2.4679938960357827e-06
3628 0.00789802287896757
3629 0.01036832428734699
3630 0.20602069557101066
3631 0.7790177738167328
3632 1.3967304287722901
3633 3.145565962471765
3634 5.262433945811588
3635 4.4752435544202775
3636 7.272226631060343
3637 9.963298485357956
3638 7.053369613175242
3639 3.4507768830864944
3640 3.177836335238146
3641 5.297794647820041
3642 7.363016988871916
3643 4.562605412173262
3644 4.572992295509014
3645 4.033899845654768
3646 2.2681521933805957
3647 2.685802795284634
3648 0.05310887595853439
3649 0.00646226539607913
3650 0.003124543686624043
3651 0.1315592795243765
3652 0.007601911658623549
3653 0.03470466287107872
3654 0.027418633261661576
3655 0.01568293491222306
3656 0.017885652798600445
3657 0.038051401957175796
3658 0.004015084268181974
3659 0.0057119414266285804
3660 0.17205552037388128
3661 0.07676099837377698
3662 0.10220952997577543
3663 0.38006806271061344
3664 0.0019736759381676267
3665 0.0012976132901241914
3666 0.002122523172220638
3667 0.044974220956031014
3668 0.04447027220008571
3669 0.15370346562717888
3670 0.028013979048947847
3671 0.13577381313279502
3672 0.5116879711434095
3673 2.4810723615583825
3674 3.0121257792057357
3675 3.9642747664106786
3676 4.988106654931676
3677 3.8831736406516546
3678 2.8724265335618746
3679 1.7842245005277964
3680 0.6538220998014133
3681 0.3489848384851758
3682 1.2732490456634638
3683 1.8639074837265635
3684 3.125039820028576
3685 2.458843893210768
3686 1.69780223008147
3687 2.4223503268705437
3688 2.1673017824438094
3689 1.814359746220232
3690 0.6239778266765312
3691 0.06910829365877112
3692 0.018283216056553083
3693 0.015154834862247762
3694 0.3715065176041219
3695 1.1356475837476918
3696 1.8840266047893033
3697 3.577039463544828
3698 7.478689544801896
3699 5.199381461073616
3700 6.191471027068159
3701 3.9534499054820476
3702 3.626955790752449
3703 4.142638771333472
3704 2.6483126462821946
3705 3.5615629615308797
3706 5.3783695508479665
3707 4.931801423301902
3708 4.6696223572051165
3709 3.974076837447169
3710 3.234052065379929
3711 3.1341656684655375
3712 0.029684513182660334
3713 0.013903780961347659
3714 0.03821366722556881
3715 0.022751932723583498
3716 0.3002528526334706
3717 0.3197472384717714
3718 0.03738024379352238
3719 0.02725561646798376
3720 0.010395265875565267
3721 6.880168372764734e-05
3722 0.009880902918259767
3723 0.0009364191723130084
3724 0.002847357676976841
3725 0.03507215162069217
3726 0.12522518903661758
3727 0.07002561641546061
3728 0.012512982658059484
3729 0.06386636255449482
3730 0.09796503089207975
3731 0.2679918718628737
3732 0.34701990545710765
3733 0.3846637380476199
3734 0.31953773199627467
3735 0.7886770210081475
3736 0.7921313774667827
3737 2.259230178218611
3738 2.451401670919196
3739 2.7376389007924304
3740 3.775752479763025
3741 2.188058590701226
3742 1.6651430092577393
3743 0.7323961281838481
3744 0.12969534942923808
3745 0.1984836163532125
3746 0.6911077664361026
3747 1.4616123921637914
3748 1.5840633589029078
3749 0.921489878948673
3750 1.2391026980866222
3751 1.6586009690859649
3752 1.8971207028596362
3753 0.9312454094916606
3754 0.4437960413447978
3755 0.05242732681679226
3756 0.004010415695647333
3757 0.048782981759626
3758 0.18648679967345771
3759 0.9819627508247147
3760 2.0708523607329505
3761 2.6135011750235977
3762 5.995038921752487
3763 5.428633971955867
3764 5.302819842754812
3765 4.1478937933846565
3766 3.8789577178421992
3767 4.268588961696903
3768 3.5389996644660844
3769 3.307033711378848
3770 3.7146632708551586
3771 4.302305145509825
3772 4.58664790980641
3773 3.692055232148418
3774 4.146754690215263
3775 3.5556510063286297
3776 0.08630584300043946
3777 0.012048791841389656
3778 0.09877730574042776
3779 0.045554421143072885
3780 0.4425260819146774
3781 0.9100724285621927
3782 0.5045363402403099
3783 0.4828330868583906
3784 0.1402506101709422
3785 0.0011223735136315245
3786 0.025951648872339157
3787 0.002389153929204261
3788 0.00033145889285276614
3789 0.011457256285839311
3790 0.06658989947508216
3791 0.21912259275759133
3792 0.0027204114664959307
3793 0.16787601153734227
3794 0.0634305430166523
3795 0.26879709010134367
3796 0.2315002644582208
3797 1.5384985883026592
3798 1.0795305013777532
3799 0.3693296354035292
3800 0.5242040214548509
3801 1.88371007082071
3802 2.809001103260529
3803 2.602626631921455
3804 2.340004866670485
3805 1.2263702056721384
3806 1.1547822709990327
3807 0.3821022700454371
3808 0.002897254859664458
3809 0.002512104574704282
3810 0.06539061768610331
3811 0.3454444967642
3812 0.816951992938838
3813 1.0674779425579062
3814 1.4773923062571217
3815 1.1180227194324175
3816 0.6035033667255144
3817 0.36726961206375
3818 0.20109461871030876
3819 0.09019567166660651
3820 0.37640204012753237
3821 0.3438246776038189
3822 0.8626583363140242
3823 1.2940011007931602
3824 0.7241528020811019
3825 1.825134407995045
3826 3.458433574970828
3827 3.7756298853091397
3828 4.456579866359066
3829 4.41494947909398
3830 4.914026096168543
3831 4.648690489648555
3832 3.4486861131500888
3833 3.559653507385842
3834 4.8348397154514435
3835 4.119760707734535
3836 4.816732849451622
3837 4.602887876300974
3838 5.056361191290745
3839 4.276285088229473
3840 0.032370666325870254
3841 0.01335108209828129
3842 0.07847640424265227
3843 0.00152811285162341
3844 0.2223169244882684
3845 0.568792684628436
3846 0.7749320036997387
3847 1.8749684957345543
3848 1.2872644102761954
3849 0.7484915412120126
3850 0.1580581606897398
3851 0.021473344994852064
3852 0.02617921010815497
3853 0.03550946011653587
3854 0.05471364464243668
3855 0.005574622032659291
3856 0.0012244850317164044
3857 0.09200012045543705
3858 0.15650116679540454
3859 0.02417340153258352
3860 0.23396234268567173
3861 1.4596747939622918
3862 2.4826683632487594
3863 1.8487880568266737
3864 1.643186748906874
3865 2.3272694286769586
3866 2.8451925985771043
3867 3.503049778311716
3868 2.775405610181227
3869 1.3844679162245273
3870 1.3401249328113538
3871 1.2794094156762623
3872 0.4653528870539916
3873 0.4443140353892651
3874 0.2640270441399555
3875 0.5000777045391726
3876 0.7024240614186177
3877 1.0668948442222217
3878 0.7207642874705203
3879 0.9146755936935118
3880 0.246874408493904
3881 0.40894080626019985
3882 0.5518074404416318
3883 0.1974897199760307
3884 0.07085531893785174
3885 0.2949722185253102
3886 0.6689131448196036
3887 0.3445686036386929
3888 0.11111460802593992
3889 0.2965667522942155
3890 2.0925536386081345
3891 4.219125055397882
3892 5.16926231114265
3893 3.4603951144164675
3894 2.9410434039630484
3895 2.3145022947664193
3896 2.040316329479661
3897 3.3855415927870247
3898 2.9235373029428744
3899 2.2654477249100595
3900 2.931729012366587
3901 2.420677700618944
3902 3.733367560721808
3903 3.5010546254761628
3904 0.001333628552366178
3905 0.03352631583048991
3906 0.10010514275155079
3907 0.019936597929165516
3908 0.020911477633534088
3909 0.11836177526206658
3910 0.6196292983752882
3911 1.433420222989764
3912 3.1187098632454293
3913 2.6176817140123707
3914 1.9655462191600777
3915 0.9690357904351004
3916 0.14347302366220357
3917 0.03352860370479971
3918 0.06944571398628857
3919 0.01708641043002459
3920 0.0736875691947897
3921 0.003652799677332043
3922 0.1329172694672939
3923 0.10931551444827518
3924 0.14357189820103328
3925 0.3490580869616522
3926 1.1095451231897484
3927 1.5099649742011925
3928 1.7652969393711357
3929 1.9418680012003258
3930 2.92331270798562
3931 4.369842113399144
3932 3.1137782316616143
3933 2.650585080483297
3934 2.9899924576877615
3935 2.320824938612889
3936 1.3862673325126418
3937 1.2191658540918018
3938 1.261661633699581
3939 1.1782452406773245
3940 1.0685683846737706
3941 0.9253860314642797
3942 0.7076674367152347
3943 0.3886684561022887
3944 0.3025846358585084
3945 0.5163315462330236
3946 0.7256601354139186
3947 0.2115294474441076
3948 0.012795603484022313
3949 0.0045300431082731536
3950 0.034019960854931995
3951 0.056073666948636657
3952 0.014222935922393452
3953 0.23119046280634983
3954 1.3782881442323707
3955 2.9204286541487745
3956 3.8798075026791996
3957 2.7433508460761566
3958 2.850378531325448
3959 1.8945094684732198
3960 1.7537973001557714
3961 1.9792513507672995
3962 1.403630674446691
3963 1.2404272940077785
3964 2.1497549878580426
3965 2.928685915282537
3966 4.1985317732355965
3967 4.959798377844153
3968 0.17459528986219516
3969 0.17425024431259564
3970 0.07189772435117509
3971 0.008182150763681485
3972 0.258762422887236
3973 0.1325849511492292
3974 0.07038024082109265
3975 0.18459151041638225
3976 0.8290730116120792
3977 1.0429270116907665
3978 1.1596323092185223
3979 0.6778727689087515
3980 0.1411584484363235
3981 0.016006651809516024
3982 0.00061727966581867
3983 4.350877399156861e-05
3984 0.0709157723048649
3985 0.02742306576105287
3986 0.010022420085880815
3987 0.05721293811305068
3988 0.2764755828299282
3989 0.6304037538414202
3990 1.3402729493635368
3991 1.7524364822801999
3992 1.130965827067426
3993 1.7278061702660772
3994 3.5484017437356083
3995 3.200591766198834
3996 3.19124923572996
3997 4.1295737673070745
3998 3.4414429302265668
3999 3.4597627239944777
4000 4.430518929911459
4001 3.798244792732778
4002 3.8890584745481744
4003 3.0944684925424273
4004 1.580677676765833
4005 1.7257556836902876
4006 1.3799489938294864
4007 1.2697183795710412
4008 1.1493985516187715
4009 1.590697708938093
4010 1.1810531807993536
4011 0.786152756184681
4012 0.23112069026147136
4013 0.06080493623942351
4014 0.007288005691666348
4015 0.0028472652533554615
4016 0.22367722724238143
4017 0.49101049801937896
4018 1.8201215719050023
4019 2.793587162385036
4020 2.2686201809149167
4021 2.394217482630395
4022 1.8035957082622316
4023 2.6416278043221055
4024 2.0919811378322515
4025 1.7719869841409923
4026 0.7744836504336715
4027 0.802095608520666
4028 2.030290942757538
4029 3.93780760188243
4030 4.365587726118025
4031 4.89197646909195
4032 0.7717447978640395
4033 0.6843534834081118
4034 0.264707966005613
4035 0.0005526870510088009
4036 0.12252076905706615
4037 0.023790125889913027
4038 0.07034428123482944
4039 0.001414507575755681
4040 0.030019228985452853
4041 0.14006170573993193
4042 0.35873260752411157
4043 0.44982922609868303
4044 0.14109452584509205
4045 0.2692790411022004
4046 0.3477882779537445
4047 0.1984746443495529
4048 0.1381214499671852
4049 0.0002466657091708116
4050 0.043784102950143705
4051 0.0035467892910487895
4052 0.10606086559618583
4053 0.3497095498391085
4054 0.45299782657996107
4055 0.680838221252545
4056 0.6859372934924453
4057 0.644381137490413
4058 1.2724976076995684
4059 1.6833003609585406
4060 1.743536687232263
4061 2.144541470292887
4062 2.9619583655777073
4063 3.7527316549215337
4064 4.270022713846403
4065 4.626193147253958
4066 3.920587338026465
4067 2.666461205262356
4068 1.5760519329520395
4069 1.9783100599522099
4070 1.4437847971060216
4071 1.735865403892807
4072 1.8965065684383016
4073 1.7347067086051422
4074 1.386428889332395
4075 0.5764013497706473
4076 0.1937403938632587
4077 0.0001952914501415285
4078 0.07148158046267096
4079 0.07285614706273048
4080 0.40609425376594066
4081 1.4221606597046834
4082 2.4252633835587214
4083 4.367060496353551
4084 2.7758493756002443
4085 2.471748918177704
4086 1.8947824353069216
4087 2.236018562941678
4088 2.3516355146311128
4089 1.7126244528053354
4090 1.2364962006856062
4091 1.1668491688983333
4092 1.5615648698099314
4093 2.322398224084837
4094 2.7189330160679535
4095 2.4485158000070735
