 0
0 2.5153982406038793
1 1.9637229480334824
2 1.9092773053560839
3 1.704424812840172
4 1.362757276652977
5 0.32582973108489044
6 0.1291868009561864
7 0.025084451083285046
8 0.14231401103091423
9 0.34633936544935684
10 0.23567378420601942
11 0.3744578408695229
12 0.3388569975914119
13 0.20823694614592012
14 0.1654814420200032
15 0.14142345462562977
16 0.04110463154534448
17 0.04976124432018381
18 0.028234179956541643
19 0.14462560820063666
20 0.2864248569160897
21 0.4095357420499966
22 1.1716573627754523
23 1.5783399390614021
24 2.037450611459048
25 2.1052982588669855
26 2.0715732457169787
27 1.8050615577044016
28 3.891459790881268
29 4.543155204119285
30 3.7641710099662795
31 4.511196780340109
32 4.274690998164064
33 5.674925878574865
34 4.7863272651949655
35 3.0845160583838607
36 3.2327320127828774
37 4.4554438646305865
38 4.323758569267596
39 3.2960758664445784
40 2.4538749603681067
41 2.162768306682997
42 1.7067982989019732
43 1.0248981831175858
44 1.3856237893803882
45 1.2261385493854227
46 1.2697519127276178
47 1.5535368240160545
48 1.3363593082384901
49 0.7326511556795622
50 1.0231785211279278
51 0.7639512826608149
52 0.734603864727166
53 0.6843549249265601
54 0.9686230876756624
55 0.4782953620882246
56 0.361888849288121
57 0.4825854901921309
58 0.529863289748231
59 0.69331809336084
60 0.23668761549374062
61 0.27529795474402907
62 0.13890017343368424
63 0.11188993068623862
64 1.7726392644681273
65 1.1961342193660003
66 1.405275517617117
67 1.1818295028793833
68 0.717580032872137
69 0.007278200627619173
70 0.001607459339847845
71 0.03582807672656965
72 0.013550800068251583
73 0.001551459897959994
74 0.13176870106270963
75 0.10470046667372918
76 0.006079263422547455
77 0.052822586810923756
78 0.09603548754471064
79 0.13651932598496389
80 0.0001024653289953389
81 0.018770613698560687
82 0.011129979497571873
83 0.17394590790709422
84 0.3633443944599251
85 0.7026058827206951
86 1.7981925664924066
87 2.004855616364278
88 2.0361301234905884
89 2.6300723884277266
90 2.670508055311494
91 3.4587159186482497
92 5.910729832838656
93 6.655320797759711
94 5.185570472881291
95 5.41732086462174
96 6.119361483361765
97 6.246974394121469
98 4.713049508664016
99 3.8916551733830533
100 4.511086003586562
101 4.959023938921324
102 3.6582554915732306
103 2.763538402498198
104 1.9136946792534033
105 1.0229335451367623
106 0.7144642110170062
107 0.7451029138402289
108 0.8312639249346782
109 0.5650974247487687
110 0.8290220392131162
111 0.9276991031416458
112 1.0626073303953472
113 0.5017448943223993
114 0.5896047352343647
115 0.7851208956885805
116 0.6364435623337872
117 0.7773140744578467
118 1.010434543638012
119 0.94440706581278
120 0.7605680907763696
121 0.8172478802802281
122 0.5101579450998355
123 0.49978821178476296
124 0.15403489449743232
125 0.16259370402359652
126 0.02724024515873526
127 0.11590070291001969
128 1.226486370505792
129 0.8786751236827255
130 1.3160841524313043
131 0.8506329392019769
132 0.4258802064512946
133 0.0564382207483105
134 0.07301838453489583
135 0.1979009228019542
136 0.05819167979136479
137 0.001894268139903615
138 0.3435949989587247
139 0.39116815114590053
140 0.48747313404900106
141 0.28867445460056407
142 0.20911774258122176
143 0.11493703909456056
144 0.17332660290186586
145 0.15014467636332657
146 0.015933178803266754
147 0.5747231104981472
148 0.9668841746904329
149 1.2918547651522807
150 1.7935919817012906
151 2.2523296698495407
152 2.662394250439392
153 2.6333487384256915
154 2.4309189128576882
155 3.448083706713641
156 4.671546126245607
157 4.572315321445094
158 5.1336278160313045
159 6.1367182254792265
160 7.9895052230534285
161 7.542093408956869
162 6.1409372172928025
163 5.4968128776744
164 5.2916456176234155
165 3.44830623498012
166 2.2619687356444853
167 1.695761221235298
168 0.8919011973471253
169 0.5710212810707667
170 0.36418024445905817
171 0.3925132547563636
172 0.23800227225846557
173 0.19164728424534186
174 0.16609074059764695
175 0.2702032892456676
176 0.2736522127747226
177 0.1787052036142249
178 0.45397736012269785
179 0.965065955479683
180 1.0069371667254006
181 0.5825330219969639
182 0.5483550884486458
183 0.9210413891141978
184 0.7962245540898686
185 0.7578043049692937
186 0.38053998998813443
187 0.07984432870832248
188 0.0077653973296932105
189 0.043117606568959924
190 0.13021765750859293
191 0.1702556308597256
192 1.1023524078631566
193 0.44367550262441
194 0.9000450134925976
195 0.17980894202467543
196 0.0017034981775134249
197 0.03283151948257437
198 0.0033539594587376617
199 0.008356872925246676
200 0.0009552173728623396
201 0.024284719574443784
202 0.0341063901040444
203 0.001768299956020718
204 0.001344930062773621
205 0.002075803028493315
206 0.049301203469510974
207 0.07010659234218238
208 0.18305248284422782
209 0.19664696133676374
210 0.5374249535552001
211 1.239092735884397
212 0.6413549464405304
213 0.7981002302103528
214 2.0531679237485725
215 2.5413936610169645
216 2.5827554203493217
217 2.071429520696031
218 1.9763953107974879
219 1.8629025824862895
220 2.402414123061433
221 2.7552419346245243
222 4.272812815909355
223 6.47476820327892
224 7.537300271623467
225 4.664975848513192
226 3.86085456918328
227 3.767743269820107
228 2.6458232023034856
229 2.73558112083081
230 2.565205336379485
231 2.2453557408707017
232 1.5582759269984778
233 0.9182797876906097
234 0.8607926144381995
235 0.6686298562289618
236 0.2713737376048536
237 0.08326286113479134
238 0.06364824660940241
239 0.08835048663312982
240 0.037129900419048616
241 0.014676074508066444
242 0.13660229673109336
243 0.5797053758525127
244 0.5111226102660218
245 0.20360708374726333
246 0.3311686489117809
247 0.7358120179659432
248 1.0780868412480074
249 0.8420989642425882
250 0.23056516903527963
251 0.029900284273713832
252 0.04900393630002027
253 0.07321109151447582
254 0.4357048109400194
255 0.7644092022586277
256 0.8635799476377336
257 0.07656404449503598
258 0.24597938909856196
259 0.2819104117400413
260 0.0035032108909614783
261 0.6275344429485805
262 0.4701495306370082
263 0.42778894688877844
264 0.6268630178028439
265 0.7480930737373914
266 0.6225435414025466
267 1.2729532238849532
268 0.7651533486858284
269 0.6587287584908956
270 0.2999969631017591
271 0.022228475285167602
272 0.22164604639868557
273 0.7090608364378833
274 0.9058155712362655
275 1.0202779634941606
276 1.9425916460053947
277 2.6367990434672137
278 3.0597712547713605
279 2.300962125151393
280 2.201221334768152
281 2.013439097981664
282 1.794912624130211
283 1.6850324150634588
284 2.050002162902187
285 2.218420923134106
286 2.7009981473306515
287 3.505873972043449
288 4.547531200480731
289 3.325427809097546
290 2.6246013445287906
291 2.268862322252488
292 2.5770363383851724
293 3.5343907744998884
294 3.2816601829781793
295 3.84304709977665
296 3.610310497427399
297 2.8923448187817584
298 1.8651773253470314
299 1.610231038881809
300 0.4650012359893914
301 0.24088515100532162
302 0.030650333057559483
303 0.05186470368840351
304 8.285486140171065e-06
305 0.0147977707145021
306 0.041935468580385486
307 0.21626684927760587
308 0.13180022425204993
309 0.04127009068277089
310 0.32285689327869105
311 0.6615082799353544
312 0.8122706043102284
313 0.9951977117481601
314 0.3829140245635754
315 0.22489353939707518
316 0.5773300418496903
317 0.6524271822206791
318 0.6125000640635333
319 0.9446102904124898
320 1.1676852350426914
321 0.5717797299343007
322 0.4100848716960712
323 0.7354231283689512
324 0.41866073808691207
325 2.006862081928035
326 2.276336821583379
327 3.043485800175869
328 2.720687127226597
329 3.6030079582372396
330 4.089820221161625
331 4.163644545025991
332 1.9167022448352575
333 2.582550423437258
334 2.046356796911099
335 0.9249908508963458
336 0.11609143719416413
337 0.13976123448045724
338 0.8065649993536274
339 0.35461758781348723
340 0.4535992577084983
341 1.8663527919083502
342 2.1747514899532363
343 2.67219299598737
344 3.686087565949543
345 2.0543153158545464
346 1.0007684819037717
347 2.2672301931125345
348 2.5816378432790614
349 1.7492278038589817
350 0.969020125744826
351 0.8764530467987207
352 1.3249877082638715
353 2.470757435313509
354 1.786971548582751
355 1.4300948397240585
356 1.8895452105421915
357 3.3255921742343992
358 4.572921398197172
359 5.280340156250047
360 7.384093437361889
361 4.844279648026782
362 2.610463209131366
363 1.5745025189294743
364 1.2868449015724925
365 0.6789390554472295
366 0.38051348502922006
367 0.30881984036518734
368 0.1957635365188296
369 0.030438309389924565
370 0.0432919076271709
371 0.01948109746285275
372 0.03923252661175994
373 0.0025272113772917457
374 0.1916688403159671
375 0.3199922657360416
376 0.3950556902444938
377 0.8712524559332775
378 0.7221780177437612
379 0.4439137414963313
380 1.0630212318045638
381 1.1223911506939124
382 1.1221162783247414
383 0.9605607229053329
384 0.8132050042095239
385 0.9798852392177747
386 1.1482890633768912
387 0.6647432241157506
388 0.5301055443079526
389 1.2154177129760817
390 3.348667497886422
391 4.344598233572382
392 4.933703656057434
393 5.5728027561835685
394 7.357408511024157
395 6.0348882476968315
396 2.9367515106280657
397 3.73347957875324
398 2.7275043731475894
399 0.96346822167174
400 0.2723691299666925
401 0.03302893261047906
402 0.03269469282318735
403 0.3315645177105191
404 0.5041809209996111
405 0.6595542423610432
406 1.6031362852450495
407 2.313808990006918
408 2.18618878580851
409 1.7191894123451064
410 2.3993429308121432
411 2.926622562248302
412 3.1111915705988014
413 1.4555405590644415
414 0.5400196572358792
415 0.3591151121855015
416 0.465349563629473
417 1.3579875387935607
418 1.0388328404122542
419 0.8640831588213225
420 1.5493188903998083
421 1.853871330885721
422 2.880017395023228
423 3.6567037274383662
424 4.153047194582563
425 3.981619369175544
426 2.9292767283749614
427 1.492130471927038
428 0.6388001775581776
429 0.49968916450992323
430 0.42332487942975866
431 0.8970847775652828
432 0.6287233032769768
433 0.41791531081034283
434 0.21444630119344296
435 0.15245783277016534
436 0.07165873138245668
437 0.12035440132231214
438 0.1389200345200522
439 0.10032194953944698
440 0.23041783248946865
441 0.29690319909496227
442 0.5282521475648201
443 0.7709524778593899
444 0.8998778564257941
445 0.6057922536528392
446 0.6254069138656553
447 0.5453399747101825
448 1.0430225146440646
449 1.2939404261740335
450 2.261784437179269
451 1.712527119089375
452 0.6535370190974951
453 1.2185953442554114
454 2.287584733336048
455 3.9403565363113753
456 4.646973168264482
457 5.4901278342730535
458 5.653506922077143
459 5.26571343902451
460 3.661621012914669
461 3.7868757808409774
462 2.464574519826495
463 1.901186315765446
464 2.2036313707400765
465 1.4488639478705614
466 0.038064826715710785
467 0.04245430636041879
468 0.40277247042936004
469 0.3950393337115846
470 0.4161254948878342
471 1.553798331937835
472 1.7026074545721266
473 1.591069633147115
474 2.2013330300534317
475 2.9873172171257796
476 2.2528876528942217
477 1.1047503617395937
478 0.3227966071857889
479 0.5247936557415196
480 0.41528505859811704
481 0.4705013390060231
482 0.2793837030354296
483 0.5600717456357264
484 0.9071681950094115
485 1.5604800567670674
486 2.416983071497249
487 2.525828830791472
488 2.305441501286505
489 1.8142395907321445
490 1.6177521030792306
491 0.6257150958721326
492 0.23968875151947844
493 0.10650358160529606
494 0.4259865299936122
495 1.020175156258397
496 1.5973878266623514
497 1.2119867888150229
498 0.5894378875915365
499 0.7865304263821656
500 0.023255692082990467
501 0.1312869727754265
502 0.13483438856350405
503 0.12145256373334339
504 0.007779730531434197
505 0.15209561260242138
506 0.09495081205929017
507 0.32789489190277743
508 0.9056941274951449
509 0.6130838611469122
510 0.19011493771929996
511 0.29296762181565444
512 0.7340948350363888
513 1.0195898864503883
514 1.8794764117824885
515 1.6752402086421812
516 0.4268694574100426
517 0.6968203227193691
518 1.0062448352038984
519 2.0718408930053442
520 2.4455366430790746
521 3.1005957756551132
522 2.0905556346073766
523 2.548421135966753
524 2.745975064505835
525 3.033538990323816
526 2.5899243050075462
527 3.15162775470218
528 3.0953229675640475
529 2.874884287240996
530 1.3340943501093951
531 0.2383894121941744
532 0.04638894078162592
533 0.0007611179079013029
534 0.016480875959784782
535 0.1450749169610448
536 0.33332281789147944
537 0.721526097179035
538 1.4607947783201123
539 0.8541002617133303
540 1.3000774242096507
541 1.5275329690149622
542 0.45977909997856137
543 0.35501187023705383
544 0.1335712626871917
545 0.08515106810178527
546 0.15933858537871912
547 0.5248298837925669
548 0.8429052421561143
549 0.8192153666442478
550 0.6371248576107867
551 0.8102409322039948
552 1.4145744572522272
553 0.7682784031526904
554 0.634900568456186
555 0.09904199089042173
556 0.06445185323939841
557 0.09978081971501733
558 0.21039628801314325
559 1.0046505984540184
560 1.6409357003816338
561 0.9104299650638119
562 0.7535511279033552
563 0.7276161658871234
564 0.08169995244949814
565 0.13798813921088837
566 0.2956125185012223
567 0.023709813293221603
568 5.737920202580963e-06
569 0.012696807719453723
570 0.09747893588664837
571 0.07471742381772983
572 0.38091419790954595
573 0.15530343161924487
574 0.0826736870460309
575 0.03737124455921582
576 0.5190171626230058
577 0.6523106814745536
578 1.1327751262060044
579 1.4750698769992683
580 0.6662027137770695
581 0.004722407843560465
582 0.14151850434486252
583 0.01930221540745567
584 0.7579412812299381
585 0.5444072696271973
586 0.6196841826046852
587 1.4489955532368393
588 1.6100366898000646
589 1.6131166571222615
590 2.8667089860764214
591 3.6696893426791526
592 3.674834583451981
593 2.8871808310298275
594 1.0557682334834173
595 0.644296357603888
596 0.38243830586499616
597 0.16579045161746492
598 0.22189711053235026
599 0.41566828683959456
600 0.42800442337547545
601 0.00524310223807835
602 0.16264331303713048
603 0.41564424900268276
604 0.5138188470552871
605 0.9315326926722274
606 0.917812942838632
607 0.7724851132722357
608 0.22040341832655846
609 0.17168199567292858
610 0.000687766777184984
611 0.0011811448467114744
612 0.16350541037304805
613 0.056542378920103664
614 0.1800483820543028
615 0.6164433135671625
616 0.5732887455892437
617 0.14979568285024125
618 0.03775859904956201
619 0.029252171804679913
620 0.006100926952761949
621 0.011348311159939077
622 0.21457116644538282
623 0.935791864631848
624 1.1647663639379815
625 0.8491611694481139
626 0.6830412096107641
627 0.48469528754500574
628 0.2585942085915852
629 0.3518703523964019
630 0.12893911945391318
631 0.03931105801675182
632 0.17715428657489923
633 0.08097522311815163
634 0.000782566197893343
635 0.00021696508707228475
636 0.014716675695215224
637 0.015456299028048051
638 0.002145536335046711
639 0.004527331692461524
640 0.17164477020668578
641 0.2585144682411686
642 0.48268349812355427
643 0.8702505310950275
644 0.2773650123141933
645 1.4301578554291441e-08
646 0.06962344352538838
647 0.355201423794711
648 0.1359935795935835
649 0.04218496864380659
650 0.010222307626774061
651 0.28470679248640096
652 0.49812351772439295
653 0.7991155887924172
654 1.6911371147124499
655 3.403531348300065
656 3.0075500563863695
657 2.8556491388000285
658 1.4260089096234563
659 1.2586140339963463
660 0.7655677836904652
661 0.4358300759735153
662 0.7210568520715661
663 0.9352797995640943
664 0.6005095494493989
665 0.2374743602236624
666 0.00015627178381674998
667 0.04495038681545924
668 0.4302557043042996
669 0.9610151797651865
670 0.6733061535707819
671 0.2513941857504935
672 0.054663705934886356
673 0.0004802657577910192
674 0.02592910659701103
675 0.03613151406906595
676 0.00884811212439823
677 0.07529722455806216
678 0.16108350390508053
679 0.3782399172735249
680 0.5109776250111765
681 0.4725678443090267
682 0.28089037918207005
683 0.021553340117323103
684 0.020348247017395307
685 0.012790095478376543
686 0.19255581026652566
687 0.7543534299275617
688 0.7434367042348701
689 0.7406262796080971
690 0.2939667559325001
691 0.11864868210939704
692 0.05667310671109273
693 0.02697844268877559
694 0.046223387559790476
695 1.6700011835918145
696 1.1282601000820887
697 1.1426619145961263
698 0.8051659808169594
699 0.1483794893247481
700 0.002710939185168092
701 0.036317775704083954
702 0.1368932740192446
703 0.22015227384733513
704 0.442799098922381
705 0.3671665030282548
706 0.23246197340632657
707 0.4730880896424473
708 0.2920027298503907
709 0.000968521269809588
710 0.1132849991167012
711 0.6522591571490217
712 1.9580957299268793
713 1.3201933834445214
714 0.3828230031420376
715 0.004472152468997506
716 0.019864761097473666
717 0.23849665444984186
718 0.7463984238277811
719 1.860233338825235
720 2.2792653543652546
721 2.1097012729786644
722 1.2490858610719084
723 0.812058611959979
724 0.5035011596922495
725 0.5397148191824249
726 1.309333443475397
727 1.4312104649628408
728 1.4128073702865107
729 0.20039563321328008
730 0.0021514224357433746
731 0.00021318031703029496
732 0.7296109771484685
733 1.2662065048760456
734 0.6279488731138368
735 0.22710401730472246
736 0.04578195797973842
737 0.060445615506736126
738 0.3807067306089
739 0.19748801733347762
740 0.4489130917537934
741 1.3746983875779075
742 0.7811551119671533
743 0.6398175188110214
744 0.12683961178830416
745 0.015085619787067761
746 0.07991144163373415
747 0.06342113406597802
748 0.008470089036700131
749 0.0950293439787089
750 0.22020908956106394
751 0.010477467321307134
752 0.005996959381088651
753 0.0029836846559042366
754 0.10096515559680494
755 0.12039477715257622
756 0.03520378128022295
757 0.26901361658117906
758 0.6793282583101994
759 2.420294969884273
760 2.165553267903084
761 2.1462027467935094
762 1.4433498339601878
763 0.9703087770013693
764 0.5007133683431987
765 0.32519503626863494
766 0.5925794774766711
767 0.38883635116784504
768 0.4699516954096937
769 0.3133917295026512
770 0.258968298027482
771 0.48961927993287163
772 0.02356784600311899
773 0.036226120946308865
774 0.2604514764018323
775 1.720290944084566
776 3.9785813254536846
777 2.3833979429383914
778 1.1106378167354465
779 0.4577592251506462
780 0.23036334985934434
781 0.009048079600014284
782 0.1120496818512592
783 0.2670888910987325
784 0.6868765387014035
785 0.7910047580235505
786 0.6274207263808717
787 0.6666415079972097
788 0.900656457360489
789 1.1557343928513528
790 1.2432917840767659
791 1.3715772392833396
792 1.006249354233742
793 0.272770733611817
794 0.13435014985610488
795 0.11258739326062174
796 0.014385436284566936
797 0.09139694035520818
798 0.04422828214433405
799 0.27375976038782074
800 0.5788702482867565
801 0.2896308442388212
802 0.4808514709386525
803 0.28203896695915776
804 0.7376501188561361
805 0.9291535785189967
806 0.4171983433079141
807 0.6083392091202773
808 0.35486941860286625
809 0.06591938629502332
810 0.10084614637717265
811 0.30091242570914967
812 0.2387931551522267
813 0.0014991497639127267
814 0.03439871287094365
815 0.03168100569885767
816 0.009887302011196511
817 0.0872668525260955
818 0.5036404101567158
819 0.23798860937015026
820 0.23371669565705486
821 0.42813578179726597
822 1.0494175795379257
823 2.394079659981209
824 2.281552395033358
825 2.4940026548290533
826 3.6871513483981335
827 2.60617013840693
828 1.9977034475845166
829 2.4006193883947637
830 2.360755035460497
831 1.6956815988662963
832 0.6114612476641114
833 0.098943728113926
834 0.0063817847156395656
835 0.010755029649656002
836 0.31281397417099244
837 0.8931759583941432
838 1.2873440873419517
839 2.9217835239752006
840 6.862587296148965
841 5.001923167188619
842 4.714410460094779
843 3.6546991829436326
844 2.021391557029169
845 0.7384166259896245
846 0.11859297285533518
847 0.03410098707158057
848 0.15861490728069258
849 0.40921350748956165
850 0.44969776637350656
851 0.2677086365937808
852 0.8573055878992047
853 1.0477001191577489
854 1.4663448059342499
855 0.9999766008506713
856 0.4811990193224429
857 0.011496007633499417
858 0.00015641257691258376
859 0.07141220056695967
860 0.0046455060095411055
861 0.004501022156359048
862 0.0019078262138882626
863 0.008115430318454929
864 0.04217429540412855
865 0.0192131359022829
866 0.1769601973451723
867 0.21487886190789068
868 0.3880889576628576
869 0.19598272328615873
870 0.02718402200929116
871 0.008945506394679987
872 0.06411445085872494
873 0.0492912533824754
874 0.21533210887793883
875 0.046578386600859244
876 0.0020191795449656675
877 0.01812174193384877
878 0.13401368148331969
879 0.3785951220708754
880 0.4420816897730142
881 1.1628895431402129
882 1.029486733436908
883 0.3776732274953326
884 0.8094401567221179
885 0.712691795280568
886 2.348769013501815
887 3.033084903399728
888 2.717655927468987
889 3.760984344345461
890 5.951089627743489
891 5.1556865547426645
892 3.924544455319788
893 4.264030012571966
894 5.243196489504798
895 3.9436024353210457
896 0.17174983218293308
897 0.0057001409140028615
898 0.0834867610199795
899 0.42236644217032643
900 0.5246849255823184
901 1.4989242314491
902 2.8236698712313006
903 5.045845002018781
904 6.066367430446626
905 8.220156077731938
906 9.833792729573755
907 7.065981646988726
908 4.4054874625805525
909 1.9346659913300002
910 0.887053428590021
911 0.4330740498482338
912 0.027791990984451627
913 0.09860335727755913
914 0.06124224328415942
915 0.11354004902089727
916 0.3121576301500207
917 0.5353592530117683
918 0.6200546619983883
919 0.681251815873925
920 0.1601956018249219
921 0.0014928180906828353
922 0.037313126747414965
923 0.0859357286581039
924 0.2644329621076317
925 0.02144842625523488
926 0.03809137157684723
927 0.04196212121138229
928 0.012076278673617649
929 0.04962386756897158
930 0.13637711056875804
931 0.06710342379590482
932 0.5015253658272496
933 0.15305046775602163
934 0.5151938870847266
935 0.5223412768135871
936 0.37784013366031627
937 0.32295086662361755
938 0.017749871694102845
939 0.1842375104519649
940 0.39696320334851126
941 0.46387290415320287
942 0.9841138008736102
943 1.2576167628132229
944 2.33505012144616
945 3.6563778744517914
946 3.43374174662513
947 1.7217695996250029
948 1.573736239441307
949 1.1909474239065736
950 1.8569185645515034
951 2.437479940516949
952 4.739140074792898
953 5.833489467727945
954 6.880368390118011
955 5.465769756917969
956 5.295262173796162
957 5.525790436406801
958 5.742093082395643
959 4.56238766391752
960 0.1732398499037576
961 0.003514678024527538
962 0.3425186604931003
963 0.6174414824177573
964 0.8186522046083619
965 2.227435491325333
966 4.568969165427711
967 5.540168030628601
968 5.618345626472447
969 6.981592713537916
970 8.939565015940772
971 9.79290240999668
972 6.2693641625560685
973 3.758003414960845
974 2.6738000032039912
975 1.5250397607410808
976 0.699993175161548
977 0.23549920589002266
978 0.029438651259174803
979 0.021525434891510896
980 0.018290281163796166
981 0.11146280761583524
982 0.39803221505455916
983 0.28080460747495495
984 0.06321120491003841
985 0.05156931235035497
986 0.22734324574101888
987 0.09589020805131367
988 0.0018882299734455637
989 0.014213411119391131
990 0.0031447732931415948
991 0.04671645662849965
992 0.06656524653619061
993 0.24604665792978606
994 0.6839812521269257
995 0.26566150023564145
996 0.8243780968665921
997 0.06626076658149023
998 0.8015064026877711
999 1.1919571333739518
1000 1.0842987893969445
1001 0.7029245733105948
1002 0.28513571538979315
1003 0.3787944117807961
1004 0.25820572312241463
1005 0.7412165319068587
1006 0.8398619163886769
1007 0.4504238307475639
1008 1.135908589193451
1009 1.94925044666372
1010 1.707455257946861
1011 1.1231685412726857
1012 1.3609516483515673
1013 1.5428515106641552
1014 1.5713356906342362
1015 3.402410575851519
1016 5.468441451418816
1017 5.864655367104859
1018 4.864497637277544
1019 4.084109655831259
1020 4.711215237138844
1021 6.812855162428281
1022 6.342672038407332
1023 4.261505526293981
1024 0.03635937515127972
1025 0.3156277641707857
1026 1.558093401818743
1027 1.867313231593477
1028 2.684636995363269
1029 3.669774747715217
1030 3.651317260830281
1031 4.70254751163869
1032 7.642554798074485
1033 7.407361362221117
1034 6.033343926948989
1035 8.656022296399561
1036 7.464736605043896
1037 4.960972909696298
1038 4.511096567314309
1039 3.0429178681786295
1040 2.058666001954386
1041 1.3772847069821343
1042 1.1009225428680414
1043 0.34997889836058926
1044 0.0012458803674660398
1045 0.008900006959556481
1046 0.45355096678045065
1047 0.2659407372299844
1048 0.07035767100162056
1049 0.0698841040712954
1050 0.013183762740701183
1051 0.07639002573685014
1052 0.24942199612554186
1053 0.37171466928641433
1054 0.037763682510318766
1055 0.10891297195591423
1056 0.003124450088471983
1057 0.05657769688705482
1058 0.4776584824608037
1059 0.6013611376237753
1060 1.3633904358259377
1061 0.3299429150063245
1062 0.3123893111030135
1063 1.080188653748931
1064 0.5162368257646196
1065 0.4092983536121685
1066 0.7873167876689278
1067 0.457446972620934
1068 0.1578161705035664
1069 1.0240543625764789
1070 1.2131229603648752
1071 0.3079488905524171
1072 0.7643069577317291
1073 1.0783586508980358
1074 0.4670589978347558
1075 0.8450500153643254
1076 0.9306082275954988
1077 2.3066074481943777
1078 1.8319488323846798
1079 2.1017586205229466
1080 3.183287613624192
1081 3.8822878972380646
1082 4.317071616565515
1083 5.084054999877478
1084 5.555319685998988
1085 6.40683514278911
1086 5.226306461174569
1087 3.3304844678635974
1088 0.08294345226030399
1089 0.36136070384203767
1090 1.8767113951129417
1091 2.420720038652009
1092 4.545401205390373
1093 5.189559313934879
1094 4.926707584050644
1095 5.073706359582789
1096 7.246975978187612
1097 10.774577542648565
1098 7.725991951914572
1099 5.929302735623258
1100 8.32967910877676
1101 8.278156356759347
1102 7.200135165033069
1103 6.284566702221671
1104 4.395038488823568
1105 3.2145938562622827
1106 1.4183233590367437
1107 0.702532550279275
1108 0.30047438644831925
1109 0.05412110117903301
1110 0.007926359361302725
1111 0.07542089671340738
1112 0.23229475943062383
1113 0.5816134077279519
1114 0.16152456079426777
1115 0.0001943391372687085
1116 0.027713905252480884
1117 0.09533337338759329
1118 0.0016852141930432378
1119 0.39246474576137125
1120 0.007944757575623908
1121 0.036170505192307724
1122 0.8315502601697428
1123 3.207095668943504
1124 4.4218183105062066
1125 1.4091441231745432
1126 0.012253721967850253
1127 0.7756296264901568
1128 0.7123245388473936
1129 0.8596968893469473
1130 2.084454920743401
1131 1.0655699067465205
1132 0.6808940304127302
1133 0.9113728408870226
1134 1.0489172137102019
1135 0.8652549119325901
1136 0.991368351588893
1137 1.6206365683142783
1138 1.5247744481970635
1139 2.0837521454155037
1140 2.6102929525118106
1141 3.1143648289327968
1142 2.319986149628404
1143 1.819608895060694
1144 2.2418561787821325
1145 3.027977075797897
1146 3.4611620172517386
1147 4.669561952797362
1148 8.334713518478107
1149 5.680960601958884
1150 4.154014283793012
1151 3.6895181414018223
1152 0.027256013615099207
1153 0.14357093776490149
1154 1.1794972381199162
1155 1.9920227912145894
1156 3.970475583393272
1157 6.821045736559932
1158 9.042871101468267
1159 8.325464920654882
1160 8.749173460298056
1161 9.524856431648967
1162 8.260609239910641
1163 7.033138252099542
1164 8.215632911518478
1165 10.910254911741074
1166 11.502151917132155
1167 10.785113208592376
1168 11.324001717705745
1169 7.397634721650279
1170 4.824854685425277
1171 3.54687644149065
1172 2.6308518544899724
1173 1.1665230249660334
1174 0.4623386788455704
1175 0.8166121991668346
1176 0.7594255247677324
1177 0.9058500214974531
1178 0.9419716007424863
1179 0.3415991869759849
1180 0.3583931740535304
1181 0.1728099993330878
1182 0.3182850693344665
1183 0.445636083692261
1184 0.2568386604714318
1185 0.34119245378658725
1186 2.887703340331936
1187 5.737287566962866
1188 5.205339150088172
1189 4.700636811677922
1190 0.7591539445015669
1191 0.04384715698306009
1192 0.9135804331832975
1193 1.3683800450906154
1194 1.687464761637806
1195 1.417730771977023
1196 0.7775029901415894
1197 0.8313924139990307
1198 1.2011435300798063
1199 1.0094398871364914
1200 1.9990147209937295
1201 2.5258722712256994
1202 3.074065475144647
1203 4.704891018478887
1204 6.138037298048921
1205 6.610500665297243
1206 5.005947336691315
1207 4.120375233869235
1208 2.6258642431587518
1209 2.6787850969316622
1210 3.114304700347644
1211 3.3783909184669674
1212 4.480086555229518
1213 4.003948528974228
1214 4.688324966042827
1215 3.195623988234171
1216 0.019567023037473492
1217 0.11494340139654789
1218 0.4762396506609131
1219 1.1521166277064656
1220 5.169044498652634
1221 8.66183564737297
1222 11.024025896133669
1223 12.215743245333227
1224 11.324564703230264
1225 11.326349715434054
1226 10.084984647087033
1227 9.006729630935366
1228 9.18442936265986
1229 11.103943587734163
1230 13.806109546491271
1231 16.187300747358
1232 13.558321637944456
1233 12.196552718609556
1234 9.41277265653575
1235 6.536146352371361
1236 3.8561191966867554
1237 1.1495522678597248
1238 1.1112487331784253
1239 1.0190909208440468
1240 1.7614709331025964
1241 0.7102265894983412
1242 0.8992773095061716
1243 1.2184851164394233
1244 1.2700418191286418
1245 1.942611656466395
1246 1.3557117923025177
1247 0.5760098596659968
1248 1.403493617001015
1249 2.834541815676436
1250 8.371545552062575
1251 8.573022881193955
1252 5.077822997997595
1253 5.600820206081893
1254 3.929189171268876
1255 0.8595238322741756
1256 0.15488351532710526
1257 1.0852839900861815
1258 1.2298584191990798
1259 2.5439251239853693
1260 1.2765909579460657
1261 0.9753930134094937
1262 1.9190944604297149
1263 3.47462333134116
1264 4.794329810801461
1265 7.499540374567518
1266 7.734391333576133
1267 7.733476882593192
1268 9.24221174921409
1269 10.2028893825199
1270 10.04767931056889
1271 7.706917385047263
1272 5.7965963372099685
1273 4.246771033583993
1274 4.2580075054272655
1275 4.573047903054212
1276 4.485065733593803
1277 3.459412576760747
1278 4.232005492673408
1279 3.550191237534884
1280 0.12403172357332337
1281 0.32591707536124215
1282 0.803882981043817
1283 1.8717514104997595
1284 7.214106240407537
1285 11.072310076266819
1286 13.180448335799976
1287 14.867151729071184
1288 13.635499990790235
1289 11.98247822012439
1290 10.133089728425055
1291 8.161165471202832
1292 8.155517400811133
1293 9.27677656317142
1294 13.274390401463315
1295 15.253323853654909
1296 17.664523692682934
1297 15.312596787339965
1298 12.032478933430928
1299 7.152830182804628
1300 4.473049886690563
1301 3.6601327007475466
1302 3.742382760317669
1303 2.6076799371570334
1304 1.5563639563930318
1305 0.7150129519329697
1306 0.9096278232762893
1307 0.998789668850402
1308 1.1143249585764916
1309 1.616930126674689
1310 1.342868552957538
1311 1.3406712236858536
1312 3.422726825782033
1313 6.978517053499829
1314 13.777589633264462
1315 11.73691041272336
1316 8.940635153134936
1317 6.7436127724720185
1318 6.844201859449735
1319 2.515191094581055
1320 0.4549260850737378
1321 0.363958462292173
1322 0.48240581315729975
1323 2.256249821144173
1324 2.306900281877777
1325 2.0212925129046955
1326 3.128132646040982
1327 4.34026058509814
1328 6.25470258389824
1329 8.412695977112469
1330 8.997861993367922
1331 10.674602518011032
1332 12.962382577782957
1333 14.584755009383043
1334 13.642238581005497
1335 10.23726250822707
1336 8.731986602140934
1337 7.579986005881721
1338 6.559256053161803
1339 6.035505162526971
1340 5.719879322729002
1341 4.1281896709759
1342 4.465252610412344
1343 4.09658605994663
1344 0.05425739568040619
1345 0.5771299683505702
1346 1.1716264633723699
1347 3.708674550385019
1348 9.742062328555448
1349 12.384124622599156
1350 14.50228258052998
1351 17.5517955922449
1352 15.808163299128733
1353 12.935693197731165
1354 13.619528809910255
1355 10.187370916182198
1356 11.716411417835403
1357 14.730587860762183
1358 14.726290466771355
1359 17.016220105251517
1360 19.096240269949366
1361 19.341324806733322
1362 17.19580548706892
1363 12.28960661732844
1364 7.296800740110207
1365 6.884510541656216
1366 9.183683172797341
1367 6.493316371846867
1368 0.9617873407171494
1369 0.324186537894902
1370 0.5203332351957495
1371 0.4159164097823875
1372 0.41745079248852884
1373 0.7913718918917025
1374 1.4992578167150954
1375 1.5964116471766379
1376 3.1055257287715903
1377 6.948917784940988
1378 10.837406469898815
1379 10.770154476746104
1380 9.436344974482047
1381 10.546484781985692
1382 9.87673652836269
1383 7.77865900863546
1384 4.149213466650118
1385 0.21203702350761403
1386 0.11425710592203325
1387 0.282150655037788
1388 1.3856114869777878
1389 1.3670690866832838
1390 2.534779156884805
1391 4.484343295762363
1392 5.397009050515533
1393 7.897646825906034
1394 9.00096767562152
1395 12.675794158723235
1396 13.085335077160506
1397 14.941850583456803
1398 16.27206876992208
1399 14.863446776155804
1400 9.128498803278996
1401 7.189381986616749
1402 6.25296082780106
1403 8.921781916687754
1404 6.650703504574645
1405 4.755419445719763
1406 3.856531105179518
1407 4.6288703598133125
1408 0.09923113928220906
1409 0.5626725543116083
1410 1.8122959427085992
1411 5.140040484877751
1412 11.111106877919685
1413 13.281530639708201
1414 12.140192992429032
1415 18.353451084518845
1416 16.967669973913438
1417 16.931305405923883
1418 16.35465043915684
1419 14.214722676285497
1420 14.61917534824846
1421 21.379988527748377
1422 22.44795695069335
1423 20.43465165847023
1424 18.92073967680686
1425 21.37159394848319
1426 19.926670269102516
1427 19.083171423617276
1428 11.740419626462488
1429 8.97564143006108
1430 9.85996798174599
1431 5.720254446242442
1432 2.3795475013369023
1433 1.349843711309018
1434 0.9346567475172947
1435 0.7581949531016496
1436 0.7445326067718091
1437 1.9686942044739777
1438 2.8827075000337543
1439 2.830285228203062
1440 3.5214626278426264
1441 5.972312331019253
1442 7.139790764697892
1443 8.278485688270615
1444 7.721537400367652
1445 8.354013774247571
1446 8.714786038927107
1447 5.5855856663808625
1448 5.884509881270464
1449 1.3048420325417143
1450 0.018937120578613204
1451 0.1483791139614937
1452 0.4225990964711165
1453 1.2655599233774675
1454 1.741814596874227
1455 2.881258732693719
1456 4.5752547262219885
1457 6.22208305292154
1458 7.532321273514663
1459 9.122045701327954
1460 9.40109739245339
1461 13.429432441178031
1462 15.38542084230314
1463 13.915565481212951
1464 11.315523108105445
1465 9.017696432638552
1466 7.792097375836128
1467 7.34509208107813
1468 7.500658824891449
1469 6.604838421736128
1470 3.47646947158015
1471 3.1205001101723617
1472 0.1781275179510097
1473 0.6019607768067106
1474 3.220240708626408
1475 6.691052642061069
1476 11.367343937027151
1477 13.674355521349057
1478 13.092878117255077
1479 18.7313394896576
1480 18.7362091796176
1481 20.30387676826059
1482 19.80337749200764
1483 20.653324760186088
1484 22.653498519386144
1485 25.004883569448427
1486 27.343116415156246
1487 27.617830664098005
1488 23.406563741940634
1489 26.350857608979258
1490 18.245875993049747
1491 17.9587115550267
1492 10.083398535844704
1493 6.026692818206452
1494 5.623534318798377
1495 4.593459103489564
1496 2.4907512494311823
1497 3.343302227755231
1498 2.49635239081032
1499 0.9367717021835339
1500 0.2538363360142002
1501 1.146460892608587
1502 2.2341269886363997
1503 2.921201250436739
1504 2.9998851269867832
1505 4.435102985618694
1506 6.212782850135012
1507 6.047269684612982
1508 8.563312318565924
1509 10.883519743969321
1510 11.835299531125466
1511 8.210338045961407
1512 5.4827262919743145
1513 2.386929280558248
1514 0.006733407040883319
1515 0.05975006174411378
1516 0.5610950023101208
1517 1.32107583427499
1518 1.5875375966825804
1519 2.503140991377925
1520 3.215223784675911
1521 3.3317644656669905
1522 4.600485788566305
1523 8.015908811349316
1524 8.780476975831911
1525 11.772133003401535
1526 13.311979426120633
1527 13.37060796014341
1528 11.893367890034385
1529 9.779721733456352
1530 9.768422377434035
1531 10.477897228960352
1532 9.13000184111409
1533 5.861891814202529
1534 3.2437417046709482
1535 3.178258306524504
1536 0.7491852309897856
1537 1.0737062345659742
1538 3.6878612245854376
1539 7.283595752203824
1540 10.399284820159473
1541 11.368842379735472
1542 13.339116058892937
1543 17.215664435349847
1544 18.199113206198536
1545 20.729431952528184
1546 20.24653541205212
1547 24.36179476950255
1548 29.296742500695203
1549 31.100683594474887
1550 28.742627307284486
1551 28.566951669702316
1552 29.707266262998377
1553 31.660204731523873
1554 22.686322462214775
1555 17.547771987409014
1556 10.426878774018085
1557 6.668437578365946
1558 4.7476111984958
1559 3.7431880458158804
1560 2.4831693181418943
1561 1.936343383891405
1562 2.5061146793823794
1563 0.9435364311819913
1564 0.10517743301028099
1565 0.07253031830340934
1566 0.8265170535000139
1567 1.2430281330627664
1568 1.5376438066452502
1569 4.748604332209879
1570 6.096493554751948
1571 5.447299324937893
1572 10.02720125900413
1573 13.240511987638737
1574 10.424904485404243
1575 8.44906716736218
1576 5.128443921942566
1577 2.0825323868498247
1578 0.22571485676010597
1579 0.07165316389893558
1580 0.6224096212699074
1581 0.7127037793116383
1582 0.9038843376150956
1583 1.5183143966863786
1584 1.7597204284132086
1585 2.3715062705644923
1586 3.965018370856422
1587 6.825203646852425
1588 8.493564965665914
1589 11.992554170389777
1590 14.006174651779647
1591 10.68059549737659
1592 11.694779210505752
1593 11.945330246240616
1594 9.671496333103159
1595 9.852217184386289
1596 7.892504908339128
1597 6.4291711496429365
1598 3.2501973841122447
1599 2.3131219482726073
1600 1.2242470062869344
1601 1.9682981369462775
1602 4.535074921370276
1603 7.989220349337326
1604 10.941006602605663
1605 11.841177778172767
1606 15.012101699827381
1607 17.408453516134816
1608 19.134339137589105
1609 22.82345718052608
1610 21.055889914877383
1611 24.331017861536097
1612 29.457095436518436
1613 31.67226178710919
1614 34.588430615649585
1615 31.281406259734613
1616 27.376416991742836
1617 28.85132932809517
1618 25.153544176290783
1619 21.5806364624205
1620 13.839605599500507
1621 9.532376313075341
1622 7.250438055142612
1623 4.476162323950685
1624 3.3511243579580605
1625 2.335570136274135
1626 1.3765970581007154
1627 0.6325640791920264
1628 0.16231005002890733
1629 0.028193145548539512
1630 0.32244735980016037
1631 0.9731307396268255
1632 1.6920595671438587
1633 2.799155469902924
1634 4.431769674069601
1635 4.54588114259064
1636 5.499618346550845
1637 9.295148245175604
1638 8.893436769657797
1639 7.111521825520607
1640 4.692359161893864
1641 1.2242438334302868
1642 0.20416535948385064
1643 0.2807775655808096
1644 0.9188754916268093
1645 0.8288013909141925
1646 2.480485937023297
1647 2.8084088606029525
1648 3.3393351235673325
1649 5.537346972826677
1650 6.775458346330686
1651 8.73587483535911
1652 11.455140384470074
1653 15.68542462066798
1654 15.676381611584452
1655 12.141662093541743
1656 14.951727027338272
1657 14.496837751022433
1658 10.379552660981753
1659 12.41747396423106
1660 10.432008466987675
1661 7.617687883791812
1662 6.554799514669109
1663 3.1771353775398916
1664 0.8532464324840235
1665 1.9045206244876427
1666 4.6615375965212
1667 6.693532209083983
1668 9.577228289180985
1669 13.181175029835927
1670 16.515463025082838
1671 17.886351730992928
1672 18.816605868360472
1673 20.923193043086386
1674 22.836857527083794
1675 23.257038184766873
1676 28.427837341202235
1677 31.04352063277213
1678 36.70454161524557
1679 34.92660412993531
1680 31.191611361464354
1681 31.28142758694502
1682 30.691542807948668
1683 24.61190644857349
1684 21.449005970594726
1685 15.36702381583195
1686 11.114606779659217
1687 8.34835368578932
1688 4.457592738937642
1689 3.337915521320381
1690 1.3834269174221847
1691 0.680635964304963
1692 0.3965170662002404
1693 0.42648256416114605
1694 0.7083840370895458
1695 1.6864902888969333
1696 2.4626790973271175
1697 2.8397576758719456
1698 2.79132223587466
1699 2.5310563522021954
1700 3.046509189106841
1701 4.144525634069523
1702 4.844866905002587
1703 3.087900992859086
1704 1.5593152092659448
1705 0.4254957934778459
1706 0.030077840909188885
1707 0.2061715215250885
1708 0.5488083349889169
1709 1.6315862495819147
1710 2.890724533045258
1711 3.5935811761292875
1712 4.610926964194189
1713 6.958664604911199
1714 10.192885007678967
1715 14.549673878723718
1716 17.44223598008654
1717 19.480458329264867
1718 19.012587131329933
1719 13.922150440585629
1720 14.20613389133915
1721 13.452401199225653
1722 12.763241129676983
1723 12.69283455663383
1724 10.672281712080459
1725 8.487711429313524
1726 7.085334423273955
1727 4.923069009349467
1728 1.5996714762147053
1729 1.9556002288737173
1730 3.7474692330302517
1731 7.52968040884655
1732 9.505202020696156
1733 11.708801367955736
1734 13.937564361312807
1735 17.334028865004516
1736 18.185519719572408
1737 21.329612061076215
1738 22.738199409548145
1739 21.941661116205793
1740 25.644905508814404
1741 27.943358405167036
1742 26.22820073812683
1743 29.848959627283946
1744 33.07000641853402
1745 34.01591678522762
1746 30.209471075400476
1747 27.077082778806354
1748 24.89683284198574
1749 19.607082896716523
1750 12.353294769083124
1751 8.939157192044558
1752 4.3052079348392
1753 3.0445960841594224
1754 2.1989543081558454
1755 2.2316199510912362
1756 1.8113858055064314
1757 1.5745889816457324
1758 1.975634514237297
1759 2.439104722681528
1760 3.2153573296236924
1761 2.509756079619354
1762 2.345575864020021
1763 1.3188316884599667
1764 1.3047395955075554
1765 1.6390632653042212
1766 1.7730286718462873
1767 1.2095459241107234
1768 0.19410934864452445
1769 0.13826207818464512
1770 0.22907036091103708
1771 0.4911168732166169
1772 0.7310096867599037
1773 1.9799694045730145
1774 2.986114694487983
1775 3.4084327486473875
1776 5.145315181199447
1777 6.542221486795463
1778 9.646402927907683
1779 15.34378623796129
1780 17.501911018133743
1781 19.439188045933616
1782 15.369673583952551
1783 15.138675749488145
1784 12.444534840119097
1785 9.649079548435205
1786 12.138839546457142
1787 12.358410873303306
1788 12.448919604182047
1789 9.09720897918283
1790 6.9804715529234
1791 4.682516443763259
1792 2.639846542661608
1793 3.305986665850266
1794 5.020630785564428
1795 7.369572976231168
1796 8.489695297073512
1797 10.325676088803737
1798 13.750922859207497
1799 16.374107819516198
1800 19.283244462945646
1801 22.4186362294589
1802 22.63669963269599
1803 21.59476329792217
1804 25.62832782129843
1805 25.45099965467106
1806 21.713941475966067
1807 25.401035992121233
1808 35.97179953758559
1809 37.44318855044132
1810 32.73941049419648
1811 34.02285062266046
1812 28.66813577134185
1813 22.338414830751255
1814 14.268821243595434
1815 8.694094836246473
1816 6.235223874074743
1817 4.9211617742861495
1818 3.845319207653082
1819 4.050654343613097
1820 2.524209445964569
1821 2.575821731958968
1822 2.98934730587972
1823 3.805562182049761
1824 4.495268424003894
1825 2.155356506010368
1826 1.3417423824457078
1827 0.15830591670578617
1828 0.2240246916843573
1829 0.06475761106901588
1830 0.026228437448918604
1831 0.06081415781968508
1832 0.16607216405743447
1833 1.1585538329816079
1834 1.2897203618307125
1835 1.0065644607841677
1836 1.2017861530810754
1837 1.6439773086615446
1838 2.308704866868942
1839 2.2495216350727474
1840 5.450922475721791
1841 7.490616741344685
1842 9.77175236980084
1843 11.051404940697733
1844 10.724362923986362
1845 14.11302777426538
1846 15.543010075049718
1847 13.58958986709819
1848 11.164390389365025
1849 12.713019403285532
1850 14.916701861509257
1851 13.515413252249415
1852 13.028868012002714
1853 10.24646015514682
1854 5.986327095769906
1855 3.8303872910317116
1856 2.6090050220711922
1857 3.8392315376571866
1858 5.099064186054289
1859 6.0005013966302405
1860 8.617699248190013
1861 10.983896734493332
1862 14.569447754934473
1863 16.80653045227317
1864 21.623404946399297
1865 25.541569497444904
1866 23.20250113771797
1867 23.253532048332357
1868 26.34275309262221
1869 28.798298143965074
1870 28.140785295306674
1871 30.658665480850058
1872 33.868374531790124
1873 29.474635263463522
1874 30.521388144366526
1875 36.02769129037584
1876 32.49370546634034
1877 24.294825499492774
1878 18.385939082735874
1879 14.850372778978175
1880 12.022219031608092
1881 7.521679682892331
1882 6.889580108743595
1883 5.8793405228846085
1884 5.53301388999102
1885 5.836793565243746
1886 6.0014749394485145
1887 6.566568462105089
1888 5.830814148748131
1889 3.0825254143671446
1890 1.2563074429112717
1891 0.005604229246393343
1892 0.3109292649090073
1893 0.7961806023804657
1894 1.527826370774929
1895 1.6049184733399462
1896 2.1463218373083595
1897 3.4573792265674443
1898 3.4819390704076683
1899 3.4036346040734933
1900 4.8056153276099245
1901 4.796830962875936
1902 4.335904307357022
1903 4.796708994649474
1904 6.612309696672105
1905 7.6120784512363
1906 8.72166635840982
1907 8.864894845051262
1908 7.594803315673654
1909 8.637941588951406
1910 10.98491837698366
1911 10.409915118172862
1912 10.907671937437012
1913 12.603152160224587
1914 14.449326886623256
1915 14.539972911602673
1916 12.372953468127424
1917 13.87074355859788
1918 9.146483927200173
1919 4.820449942280314
1920 3.8143526144484294
1921 4.443648884075866
1922 6.088094857836974
1923 7.6775609248859675
1924 10.561086562692203
1925 13.319398346907963
1926 18.56375521563991
1927 22.597062596165973
1928 25.659340782417722
1929 24.90347984803657
1930 22.265805828741684
1931 23.539574272186865
1932 26.90103381237671
1933 29.568924481505498
1934 31.632885482568447
1935 36.36696187078389
1936 39.02784570766931
1937 41.19702230506831
1938 37.914317914859126
1939 35.89845370401064
1940 30.466061455778792
1941 24.346803365087453
1942 21.344892806474018
1943 20.67424640049263
1944 16.833987514516682
1945 13.361325582034736
1946 12.694067667030781
1947 12.227035088255375
1948 11.102259957317383
1949 10.467469363941088
1950 10.41579636065107
1951 9.646876993500927
1952 7.963582732683205
1953 4.365623396930331
1954 1.2725020889748688
1955 0.09248128550952278
1956 0.026762484069923542
1957 0.459709122511246
1958 1.3108236136269382
1959 2.033020886352137
1960 2.7464911499636253
1961 5.0471658372038055
1962 5.430362871175958
1963 7.041186246507473
1964 7.846243561066494
1965 7.370822662558394
1966 6.2778824118631995
1967 5.993726129258067
1968 6.8126920740483
1969 6.772194837310474
1970 6.825272611969985
1971 8.18366185707337
1972 8.810308574311255
1973 10.85124866588017
1974 8.87025212391301
1975 6.993758600317154
1976 11.018757200417976
1977 14.956060264665052
1978 17.31919044374333
1979 17.07501368513534
1980 14.145320434194353
1981 19.21142630698402
1982 15.653812813766017
1983 6.027775920751029
1984 4.047762952388012
1985 4.296450079706009
1986 5.927018019902681
1987 7.564943004399657
1988 9.062982337665689
1989 13.351551948338283
1990 19.632656208672348
1991 24.700136470996213
1992 26.11744458611171
1993 28.5440451702084
1994 23.79607554531707
1995 24.30859015096478
1996 27.364054301206732
1997 28.730858043507986
1998 33.75865244692442
1999 36.696707318973
2000 43.64879792666729
2001 44.81902890866177
2002 41.79806592152613
2003 39.40052684984637
2004 32.68457172740223
2005 27.737223669276926
2006 22.746899341843154
2007 19.540305663286162
2008 17.790550434224823
2009 18.634441023808716
2010 16.35478629307375
2011 15.195621802628692
2012 12.690359756454372
2013 10.527254322611263
2014 10.111703525511233
2015 8.478839965149783
2016 6.350896547017381
2017 3.589685487190238
2018 1.071750678082918
2019 0.12019687029018587
2020 0.0014129075581940716
2021 0.03596409046360407
2022 0.5047642353662752
2023 1.1713729619284392
2024 2.000409081776885
2025 4.036012142563536
2026 5.251687540037521
2027 7.356566577595997
2028 8.6011552133567
2029 9.777015418968528
2030 10.374968051125471
2031 7.6116504438785135
2032 5.269498678398696
2033 4.955245120599486
2034 5.708403090530745
2035 6.6064617970184
2036 8.851942421755481
2037 14.095274266066951
2038 9.424150874285866
2039 5.357476629203377
2040 11.17439899174883
2041 16.26190385554993
2042 16.500741354435295
2043 12.059977632660694
2044 14.583849407479857
2045 21.20944361510431
2046 19.016820376716343
2047 6.91175476563527
2048 2.6855999306129754
2049 3.4112673251560763
2050 5.730821442798141
2051 7.041723540074698
2052 8.532106177963817
2053 13.6076852487317
2054 20.02519895216526
2055 23.860615363474768
2056 23.72503261131631
2057 24.825114999513126
2058 22.048488747673495
2059 23.884864134878054
2060 27.594563119512397
2061 32.73228636206727
2062 35.78325305795716
2063 35.85819688074491
2064 46.91964229863927
2065 48.05641900665585
2066 43.90498798329837
2067 39.46876695850032
2068 33.185227976748955
2069 25.844771751838685
2070 21.463832747909247
2071 18.519390146977546
2072 17.72203358644535
2073 23.201031457113015
2074 23.104256977204276
2075 19.46522642515941
2076 13.515178489161753
2077 11.49053035098022
2078 9.239348598619042
2079 7.721564293358807
2080 6.694005695052708
2081 4.409343389782791
2082 1.5071764725964254
2083 0.28157617589802264
2084 0.1746093574753145
2085 0.001325158358201948
2086 0.023814594227189626
2087 0.051272236928669376
2088 0.5563783949625045
2089 2.16256148980903
2090 3.7347269297261403
2091 4.756166366902654
2092 6.896846110249882
2093 11.104351133521174
2094 10.707660090210693
2095 6.871512703437214
2096 4.400559808016401
2097 3.8024744999764706
2098 5.787243608731196
2099 8.211515810023489
2100 6.521631516915024
2101 8.165231781119347
2102 9.363620092871617
2103 7.1362725878590325
2104 9.241244716357699
2105 12.207942695743313
2106 12.601917058083679
2107 10.177132113379574
2108 12.395304200855088
2109 19.626677109584424
2110 18.727507927991724
2111 7.203142354629836
2112 3.0892915705369046
2113 3.0137774233294357
2114 4.912133434267441
2115 6.838252173653966
2116 10.190849558668717
2117 15.374542156100032
2118 20.807900674845666
2119 24.446425945873898
2120 23.353695140665916
2121 22.953365692187457
2122 19.57709433043907
2123 22.53601790687075
2124 27.545557964020105
2125 32.40820816889889
2126 34.953257647771494
2127 36.5132120651
2128 45.40567956275184
2129 48.03472398964412
2130 44.745801277688656
2131 37.96042137772301
2132 31.615206864632377
2133 25.675012633293157
2134 24.22638892382234
2135 21.86092098605138
2136 19.364711784595155
2137 20.262273638920473
2138 20.04947499550758
2139 17.75951947538438
2140 16.125631784801843
2141 13.243698671364859
2142 11.48698598966378
2143 9.469144584302498
2144 6.682441084064337
2145 4.095998368487669
2146 1.8841709284152415
2147 0.494505139310532
2148 0.6446371224407668
2149 0.3353837080992967
2150 0.1517396700132624
2151 0.09149279125146582
2152 0.17429545473799368
2153 1.2802022654095715
2154 3.2813079712194773
2155 4.392975228209092
2156 6.037722966415678
2157 8.92518186063131
2158 9.597115216723612
2159 7.961955701718977
2160 7.172755869138925
2161 6.024818054232324
2162 5.9556497591088675
2163 8.26583501532597
2164 6.017343097401402
2165 4.760417916551949
2166 9.420687414107912
2167 8.602226632043475
2168 10.738520057008056
2169 10.051873912188803
2170 11.405562654877986
2171 9.459071055600681
2172 11.551009812965791
2173 18.205601908088536
2174 13.97805745718306
2175 7.778701421370865
2176 2.99853861035698
2177 1.9884492089801846
2178 3.396765011885569
2179 6.216258464509418
2180 10.832371295228304
2181 15.924044051430405
2182 22.1211860989515
2183 27.01959767629962
2184 24.82831300452924
2185 24.916209237771223
2186 22.556029407769707
2187 24.655261250723672
2188 28.242018812900334
2189 34.553333233420126
2190 34.83046341124714
2191 36.15614417522046
2192 43.59486595427539
2193 47.28241616886961
2194 48.336908158823796
2195 40.99689101694918
2196 32.07246295340273
2197 26.26795937415633
2198 23.711531980289386
2199 21.75447873616507
2200 18.109098368757067
2201 16.007600275848855
2202 15.982372814807873
2203 16.011186595594737
2204 15.401896304085486
2205 13.570822443402347
2206 10.92244435374931
2207 8.725818127171431
2208 5.381842195535714
2209 4.1004659862298
2210 1.9799036054753267
2211 0.5442065707332749
2212 0.46487130528353693
2213 0.36726280784597115
2214 0.14819847378959022
2215 0.048184878519798434
2216 0.9606527623878097
2217 2.4846408699967406
2218 3.4623423174566725
2219 5.721999952442118
2220 7.103163554799715
2221 11.405071358531528
2222 10.376626007647909
2223 8.87457254879511
2224 9.400561105393399
2225 9.725819594565767
2226 8.197090415695055
2227 10.315059615667826
2228 9.75239756199407
2229 9.016023457702696
2230 9.290898559249028
2231 10.151887203909293
2232 12.026265004277086
2233 10.509776644376537
2234 11.769968450325488
2235 10.584480061284452
2236 15.231654028586194
2237 18.01287967404519
2238 10.314338307509653
2239 5.598585631858366
2240 1.2220504780973478
2241 1.9448691798838191
2242 3.3512411902422614
2243 5.883250257319757
2244 10.853456126826211
2245 16.774999705687797
2246 22.690642942748244
2247 26.635628836251293
2248 26.02743019593183
2249 24.476639482969684
2250 22.90435744594689
2251 23.537164147341578
2252 29.890996047641487
2253 34.167604300145335
2254 32.53495012877158
2255 33.22839878896223
2256 36.39823957092782
2257 39.788056470056716
2258 46.90394516230189
2259 40.43441328120841
2260 31.40914491866867
2261 23.17165483602791
2262 20.337999292557406
2263 17.39002154368367
2264 14.42919146233372
2265 13.107018978836429
2266 12.115961759248195
2267 13.085981052961486
2268 11.501843039646921
2269 9.167190441199743
2270 6.752136173722891
2271 5.773122926253323
2272 4.587769742243642
2273 2.8106998627848863
2274 1.7308454568579061
2275 0.5971140800089186
2276 0.39621742694859863
2277 0.2390569096107297
2278 0.22933907453774297
2279 0.005334756097096776
2280 0.41947729132429457
2281 1.9319893546566889
2282 2.9448060216821577
2283 5.07025248740023
2284 6.971788522969482
2285 10.399217342941643
2286 8.478343265280195
2287 6.57062490707381
2288 8.450007928975348
2289 10.114333243619352
2290 9.677349060925195
2291 12.411829040501111
2292 12.685151617280995
2293 15.240450049025265
2294 11.202141803814774
2295 10.36834567186016
2296 12.270829547226686
2297 11.159989317677054
2298 12.100916513389581
2299 12.139557416331582
2300 13.625518255159196
2301 14.982730429742277
2302 9.248632340265642
2303 6.137989670723963
2304 0.8382580102135876
2305 2.085124841462108
2306 4.02456801090448
2307 4.948194632555261
2308 9.07153113323583
2309 14.756297519249607
2310 21.50130905211937
2311 26.555450334365172
2312 24.893095663063
2313 23.334125977467814
2314 21.161005725424168
2315 23.07830567769427
2316 28.282264777326475
2317 35.316200346295666
2318 34.89623334098216
2319 35.026104013320015
2320 40.56470724756656
2321 43.77185759306042
2322 47.795919352047754
2323 42.163916425551506
2324 35.20968768742289
2325 24.42192790433664
2326 16.479568888904936
2327 16.134854371104144
2328 14.748316303425783
2329 14.957283944613925
2330 13.943783240658103
2331 10.919166868227647
2332 9.007795223062493
2333 10.007640553409106
2334 7.95110251451
2335 5.389630711628533
2336 4.025642465058814
2337 3.345791800441076
2338 1.3090755250768653
2339 0.5339754381063259
2340 0.7815081738035237
2341 1.3691965800967467
2342 1.4853274701635213
2343 0.697923449519346
2344 0.0009635113410518232
2345 0.731664693636261
2346 2.6874146731684054
2347 6.341799130761997
2348 10.063991878943959
2349 9.784014577333503
2350 8.51521794893962
2351 6.7309940545090825
2352 6.795705110856312
2353 8.532184741573305
2354 11.402422615908035
2355 15.61647517415466
2356 18.624550975515536
2357 19.803151412142604
2358 14.295278770256461
2359 12.540199546437279
2360 11.421227158551623
2361 15.171060189188125
2362 15.739672393063213
2363 14.08817245955941
2364 13.158525789108992
2365 11.43846872194285
2366 8.418876755259902
2367 6.141674784206286
2368 1.1814281248154181
2369 2.583991526233279
2370 5.531978385523537
2371 6.381623968319266
2372 9.601947452576189
2373 15.156924764800953
2374 22.42659395222173
2375 26.10620457836293
2376 24.91074295139211
2377 23.450477123761285
2378 21.2505793857687
2379 21.732548351647846
2380 27.610239975389803
2381 34.93212688716641
2382 35.48859689829295
2383 32.72330703424688
2384 36.98369566872761
2385 43.024148246097866
2386 46.70537136012049
2387 37.37676971518021
2388 33.671975862553744
2389 20.60421442425062
2390 13.545459597152297
2391 12.944651665160816
2392 12.459393692741155
2393 10.925966527215193
2394 9.225099603333367
2395 9.231328194975854
2396 8.583237099196126
2397 8.627488634954922
2398 8.144109239567783
2399 6.965029646632582
2400 5.310814967767225
2401 3.8896583378387817
2402 2.6985605399627124
2403 1.3446821656885493
2404 1.4797355128213834
2405 2.4305013246374108
2406 2.449804754158427
2407 2.4374899381510065
2408 0.510300608967326
2409 0.006715002719482078
2410 0.5945740207183617
2411 2.499394486947749
2412 5.822877785999737
2413 7.169276683148842
2414 7.961460501259731
2415 7.984199821369503
2416 9.138777700095227
2417 10.405752845138304
2418 16.018731719651754
2419 23.616702385267576
2420 25.246267048075133
2421 25.509625621355955
2422 19.15488153994166
2423 16.58200324808913
2424 15.673144982819938
2425 19.534665241294707
2426 15.818740032997296
2427 14.970658310763284
2428 13.347318207000145
2429 10.120705371339223
2430 6.266816122089808
2431 4.138543762123026
2432 0.6434168624888994
2433 2.385879418644415
2434 5.245007156351861
2435 7.1518719461503375
2436 10.41132531777608
2437 15.533635180971327
2438 22.44598125259414
2439 25.718917743961775
2440 26.078200123122787
2441 24.859802219919644
2442 22.60813474172749
2443 21.14007219404433
2444 27.88663185338891
2445 31.343664403246812
2446 30.846299577371774
2447 33.74405234127834
2448 35.23330749467099
2449 36.786614608343974
2450 39.41807872734212
2451 34.63705168082709
2452 30.25403611157404
2453 18.177859501578013
2454 10.74126061690458
2455 10.129347529763454
2456 7.929969031235885
2457 8.665034520592648
2458 8.325127507564957
2459 7.84134342095801
2460 6.281933446095291
2461 6.265506100136133
2462 5.994411822560792
2463 6.841158718064255
2464 5.402017138090455
2465 3.9788193712330098
2466 2.9090404398052225
2467 2.6880445746854726
2468 2.838127493006569
2469 2.4490895047495775
2470 2.66549611695225
2471 2.0457324084307724
2472 0.8094809913727612
2473 0.0911872102871459
2474 0.16082096541330143
2475 1.1830761097722162
2476 3.570025002340248
2477 5.192147551195556
2478 6.765263309323843
2479 7.311046398641384
2480 10.752521683950903
2481 17.573752693794855
2482 23.265425824705137
2483 26.956831479051534
2484 24.038539607897643
2485 26.346631427221485
2486 22.764321541212468
2487 23.25930383476383
2488 19.178801165810977
2489 19.971365872000284
2490 17.67067115127919
2491 13.03693602905685
2492 13.59429531771163
2493 9.548359429335681
2494 4.470692857686702
2495 2.6153574696928965
2496 0.686846517490727
2497 2.0462678323910652
2498 5.40486026760619
2499 7.044205174124795
2500 12.145862107524374
2501 17.16020654512285
2502 22.42609814548794
2503 23.999405764079924
2504 24.638751678491932
2505 23.5390096029279
2506 21.60826507936979
2507 22.841492631926673
2508 30.34378897057583
2509 26.437963673659688
2510 32.746904724852115
2511 34.319549180231164
2512 33.82267082374179
2513 40.05943812515942
2514 39.0455078595065
2515 35.49957606553694
2516 30.837105154793083
2517 19.626474715383395
2518 10.93445425191469
2519 8.544020401784866
2520 6.608754103900401
2521 8.29057356917101
2522 7.742154653889009
2523 5.927060322039107
2524 4.66704699068114
2525 5.547581262781172
2526 7.2692230399158
2527 7.620910001624006
2528 7.7553278925205404
2529 4.460174351315597
2530 3.511003574844353
2531 3.6361514846234844
2532 4.60008221280944
2533 4.244520199372136
2534 4.634846726917426
2535 4.5702770199115745
2536 1.6492273885351785
2537 0.1892786204524283
2538 0.018640812684354822
2539 2.3763568714044254
2540 5.294583540454264
2541 4.597729748684609
2542 6.792078970143253
2543 8.572867569111633
2544 12.81947404522728
2545 22.964334108207936
2546 29.52768409891227
2547 28.150186281314475
2548 24.349294522273492
2549 28.797412350514374
2550 29.15451803388021
2551 27.278431884044686
2552 28.583419221554735
2553 20.780146989739087
2554 18.61885442991553
2555 14.621959238979867
2556 13.652258740822036
2557 9.586186630707475
2558 5.9036232224060265
2559 3.1509039199034716
2560 0.19423095478317867
2561 0.9997915337875034
2562 4.508408420937299
2563 6.79681453539969
2564 11.88720366038429
2565 16.939926766432457
2566 21.589807853438842
2567 21.4296939617538
2568 21.322045306667455
2569 22.091652979802603
2570 20.709719530308647
2571 24.289741437572385
2572 26.688563082959387
2573 25.77420674417083
2574 32.36232642726509
2575 34.53325899509962
2576 32.856625723423846
2577 38.16586023549161
2578 35.739206843323174
2579 32.47843366918349
2580 26.75149153017064
2581 18.507527605998
2582 11.713080066049569
2583 9.42697240771467
2584 6.295038295120573
2585 6.253334875133338
2586 5.360838844208946
2587 4.820134884015046
2588 4.262989734631494
2589 5.012611025696489
2590 7.33420788065614
2591 9.08619780496779
2592 6.874218434975781
2593 5.6419904755695205
2594 4.9561157719681725
2595 6.099247967831729
2596 8.267543146666828
2597 8.652953107848857
2598 9.357396107253248
2599 8.147710063966962
2600 2.922563516973567
2601 0.05912373576407223
2602 0.120775909382937
2603 2.644785361863051
2604 7.233492069441654
2605 6.519807713351742
2606 8.42237454298835
2607 10.77120892573051
2608 13.220035660856034
2609 22.12665311701119
2610 25.946034969881698
2611 29.24109027293776
2612 24.07906485852961
2613 25.42193650882106
2614 24.855150773263077
2615 19.61449629242514
2616 24.27999164758593
2617 21.607543233614724
2618 18.838365399381242
2619 14.946965492011609
2620 12.600395905362403
2621 9.261116054888305
2622 5.808264088411406
2623 2.904334669867926
2624 0.25559938695423784
2625 0.6261312926166646
2626 2.9779634464878955
2627 6.27411601255977
2628 12.806348148394093
2629 15.89601930262704
2630 17.598000232496048
2631 17.98654998439275
2632 18.794803283020112
2633 19.358316231324
2634 19.798569550547885
2635 24.491333212976244
2636 23.634998183281983
2637 27.640534815348836
2638 33.0774100462049
2639 34.98272333756358
2640 34.82353226353058
2641 35.60564580907221
2642 34.493026769543505
2643 31.10364321983632
2644 23.641410632582982
2645 16.527681364935294
2646 9.52890362303001
2647 8.174915151718762
2648 5.628591382416111
2649 5.412042232800532
2650 4.099496101288909
2651 3.6811716361558107
2652 2.915406416675253
2653 5.00597448146078
2654 9.72135317423524
2655 11.388461364614919
2656 10.298810627232372
2657 9.045712783514215
2658 9.262780344652427
2659 8.644808866440869
2660 8.175444851136062
2661 8.446448405812943
2662 9.650412635888879
2663 8.089277883321138
2664 4.5023629908211165
2665 0.284369671939589
2666 0.14576946588608594
2667 1.4558949417121476
2668 5.1286742757682635
2669 6.681929041234017
2670 8.619954967481114
2671 10.515862067710097
2672 11.392098772171883
2673 14.919727805016741
2674 18.943456394441284
2675 20.025972549937574
2676 15.545397491915153
2677 18.128607456241237
2678 18.77797359671329
2679 17.304607031624514
2680 17.929899679487278
2681 19.833729057807414
2682 17.283069489114453
2683 15.474627723662012
2684 9.521998083132944
2685 6.099664209616623
2686 5.925506130990634
2687 3.6141926069366006
2688 0.09145732868660923
2689 0.025936451291055616
2690 1.8645605064383508
2691 6.129201056368641
2692 11.461705300149802
2693 13.72072299658476
2694 14.558433199665393
2695 15.050714347960277
2696 15.085551071853923
2697 17.151274415239133
2698 17.934527507727225
2699 19.64836116380769
2700 20.372437674472536
2701 21.105618888156716
2702 25.62810568037212
2703 29.321458967227578
2704 30.70245628612421
2705 32.18753410891133
2706 28.705992404386084
2707 23.57974897378277
2708 22.258103409890754
2709 14.845799582117516
2710 7.572810515192999
2711 4.815062531625256
2712 3.559578510465557
2713 3.9810196037162164
2714 3.726791561889749
2715 3.0822602824578187
2716 4.710145895726294
2717 8.304789069449058
2718 14.749016603936086
2719 12.812799949472938
2720 9.530656739196589
2721 8.544844334129483
2722 12.370227937968968
2723 12.115849256998375
2724 10.19878700020703
2725 10.0111834617516
2726 10.71876508563065
2727 4.8151120304407495
2728 3.8988661440336507
2729 0.700387736012605
2730 0.028676273833940117
2731 0.9598782001180008
2732 4.636227091609486
2733 5.660383923123817
2734 6.343964968236539
2735 8.317525687468116
2736 8.834422292359443
2737 10.140928111560257
2738 10.894914458843308
2739 10.246025936612359
2740 12.353389358669293
2741 16.295502589396317
2742 16.445946095186653
2743 16.32845539193718
2744 14.101131545361325
2745 15.611016464015558
2746 14.337504034774465
2747 12.02630559139071
2748 7.814542503816995
2749 6.711684026038287
2750 5.476645327684413
2751 2.731760568591467
2752 0.3553990559826492
2753 0.045310861618166
2754 0.6515983581939567
2755 3.6936356570125057
2756 8.819538202844813
2757 10.313395996136224
2758 10.200251104225469
2759 12.72263115872224
2760 13.222358107423544
2761 13.42014822766829
2762 14.145434521334515
2763 16.06642053310957
2764 16.955694859417658
2765 18.838872088033412
2766 23.657911978836836
2767 25.022372001547588
2768 26.39297500093367
2769 28.282522875325963
2770 24.60674688111275
2771 20.01920161636495
2772 16.660753129088167
2773 11.17960349980752
2774 7.485483439872701
2775 4.032579213673332
2776 2.1617783596521636
2777 1.6334683517885067
2778 3.9403158536336274
2779 3.3453796200613133
2780 4.7485219863362405
2781 8.520577479953172
2782 14.238894921315781
2783 14.151333033843013
2784 9.72231292475665
2785 8.331934470814394
2786 12.640146008069602
2787 14.093174367209253
2788 14.237861899141162
2789 11.868752100624496
2790 11.881626161709715
2791 7.420695431237464
2792 4.069366367638481
2793 0.3187457120444805
2794 0.00029941040816010474
2795 0.2409098558570586
2796 2.97006506997762
2797 5.0681155091217525
2798 5.40811168928746
2799 7.530945064289699
2800 6.157940467728702
2801 5.925984059138092
2802 6.076054994555668
2803 6.257827963985128
2804 7.8344071090407805
2805 10.427245805815923
2806 15.284979351897515
2807 17.057824537962617
2808 14.493997998361325
2809 13.567993348747095
2810 14.723934005466296
2811 12.30742491861568
2812 8.867810229909164
2813 5.742996104041569
2814 3.655729813739949
2815 1.8547617007662103
2816 0.3662752343487202
2817 0.2770573403576889
2818 0.16710538665586439
2819 1.9358877793147107
2820 6.062780971380505
2821 7.849173678133542
2822 7.636631196399479
2823 8.53607975402817
2824 9.395673124041608
2825 8.316844921381637
2826 8.241369278618105
2827 10.06357490059653
2828 12.642379524413622
2829 16.404020729113334
2830 22.915377730372715
2831 22.628985148798193
2832 23.28552703303935
2833 26.360760798845938
2834 21.30148455543804
2835 18.02630054119879
2836 14.270413386995621
2837 10.178710906554253
2838 7.756208289302168
2839 3.6789296282691217
2840 2.5001824315815657
2841 0.9927977100634556
2842 2.2880839004749913
2843 4.579208981566122
2844 5.183230881455631
2845 7.464947470716259
2846 10.95091420067567
2847 13.520718599229632
2848 13.57618834879003
2849 14.214916226522746
2850 14.052776661021761
2851 12.081653592579002
2852 14.31313248023928
2853 10.203275231038168
2854 8.317954286102166
2855 6.032226793202208
2856 2.9558770788720787
2857 0.18374913135866755
2858 0.042906609964788504
2859 0.06575824521263976
2860 1.4104668125503927
2861 2.1775462150901626
2862 2.9677781835640444
2863 3.6136719148163086
2864 3.5067866455979124
2865 5.143280619343429
2866 3.9454324664096347
2867 4.374300957718439
2868 6.179922371759529
2869 6.964249659409251
2870 10.689492686896399
2871 13.62549585296578
2872 13.859717277594363
2873 12.723190641145422
2874 10.483040761612918
2875 9.483047109524945
2876 7.127024581423817
2877 4.569275192078219
2878 2.0550257126938027
2879 1.5803785938504153
2880 0.39822820420348826
2881 0.05520105309176193
2882 0.5001942456102814
2883 1.2371510543633841
2884 4.6568945017010295
2885 6.1482726643652414
2886 5.0018610298399775
2887 5.560114975335397
2888 6.053620829455897
2889 4.339818293140183
2890 3.6921367381045793
2891 4.761878090153407
2892 11.300596603248248
2893 13.2522709073825
2894 19.37029125544354
2895 19.560900035137266
2896 20.79670958668654
2897 23.03819972815514
2898 20.244647155256878
2899 16.632476794140352
2900 14.315090513608459
2901 8.843325789594928
2902 5.694405797520102
2903 4.433620182673442
2904 1.720719136317005
2905 0.7796600441780206
2906 2.335680525567741
2907 3.4310842373967896
2908 5.446846376219804
2909 7.15276108087807
2910 8.265269326960471
2911 9.971701890005553
2912 12.072328603288877
2913 16.1939127076486
2914 13.167830083907555
2915 8.57584869769753
2916 10.706831294106792
2917 6.372333423407198
2918 3.976411066001851
2919 3.177358029894151
2920 1.5441168973829642
2921 0.006728536799457732
2922 0.22910088339262635
2923 0.065395287585514
2924 0.4501212140469437
2925 0.41788659765555514
2926 1.126708513703446
2927 1.9914998558098347
2928 2.2441256897199255
2929 3.5674888979930826
2930 4.754509021407309
2931 6.6060034923348425
2932 6.225159227555108
2933 7.207797529360732
2934 11.498024281904238
2935 16.592554456141187
2936 13.097888402910437
2937 13.210775776549061
2938 8.024484464250708
2939 5.88020018445788
2940 4.197328190055672
2941 2.831671539462803
2942 1.3626925437614243
2943 1.311769191277978
2944 0.03467417802528522
2945 0.018266990424755773
2946 0.32575337883854205
2947 0.7701930015356082
2948 3.277802054213291
2949 4.194425110094685
2950 3.160816956289094
2951 3.866679118266005
2952 3.824511913052506
2953 2.984406283790009
2954 3.345012125829727
2955 4.840508359122774
2956 8.568139226508958
2957 13.561439463048268
2958 16.32908611343898
2959 16.46449416865247
2960 13.548215007577761
2961 15.807790807581428
2962 15.985361428413379
2963 17.37804899623923
2964 12.274562636473515
2965 6.29450214857816
2966 4.997052283806757
2967 2.4426314818808357
2968 1.5208011985271759
2969 1.8189903197024646
2970 1.533538210531217
2971 2.286422369780361
2972 5.454656351683743
2973 5.783997629416546
2974 5.589232636134401
2975 8.064902172158757
2976 9.518179004154277
2977 12.418953171558714
2978 10.763753641858886
2979 8.386963972567473
2980 7.115103552591136
2981 7.695099973690077
2982 4.311795146210595
2983 2.3906169368905794
2984 0.5356294624188382
2985 0.03145954221621185
2986 0.22300247559963082
2987 0.2449248067583333
2988 0.9078236917288415
2989 0.5263270089559052
2990 0.8682457185823671
2991 1.4481855014753435
2992 2.0819986675635556
2993 4.498298976343132
2994 5.424996833754032
2995 8.029118624898574
2996 11.001136437112857
2997 12.47695470262917
2998 10.738754844445337
2999 16.316908746040088
3000 14.536840843238606
3001 10.308606201691441
3002 7.261173526369255
3003 2.9593749077072142
3004 2.822599979290321
3005 2.11371831104195
3006 1.4871916971127537
3007 1.5116439549018592
3008 0.05303488764898116
3009 0.04331611646231518
3010 0.5119283066601856
3011 1.0831862893632946
3012 1.3343776073778366
3013 2.2256007788471233
3014 2.543281506759204
3015 2.4951141143061775
3016 1.6467224668845937
3017 2.3574460258670933
3018 3.9291854408412363
3019 4.964626128345628
3020 6.884635232690709
3021 7.945653866493145
3022 9.08356220874224
3023 8.842088064850985
3024 10.839594475696323
3025 10.076958350469944
3026 9.465470970857233
3027 11.107277908668854
3028 7.798625756375345
3029 3.01639244073004
3030 2.16420701671474
3031 0.6298891554018861
3032 1.0094447040161443
3033 0.7681683777788616
3034 0.8563007708375302
3035 1.5358042242263579
3036 3.336936196790125
3037 3.5738027699104906
3038 2.803656458810305
3039 4.447310901873381
3040 7.096611497399381
3041 9.246336243916293
3042 8.6075775061785
3043 5.378869490392566
3044 3.9661440177499574
3045 5.071874732998069
3046 1.8211273869365388
3047 1.061188926637229
3048 0.07924371011324063
3049 0.1884360470158366
3050 0.01993280121363767
3051 0.08056432746567475
3052 0.5991854772367455
3053 0.7701261246872454
3054 1.8141691880344673
3055 2.383909257078353
3056 4.035358337454651
3057 5.962182901782785
3058 6.033588177188159
3059 7.914009618412372
3060 8.957257678114022
3061 11.044322273440383
3062 9.224877357984916
3063 11.74586587705626
3064 10.838722237560278
3065 8.874120313439043
3066 4.354623412562092
3067 3.8478766475824338
3068 3.0679096342345087
3069 2.521417386405928
3070 2.7795814740099702
3071 2.1158544915248636
3072 0.15276092998214863
3073 0.052232521729086843
3074 0.40034555403675914
3075 1.201427349122075
3076 1.0725241706622861
3077 1.330577575077567
3078 1.7088816481477906
3079 1.3848184098068792
3080 1.498119613093616
3081 3.124780355051303
3082 4.384971684867792
3083 5.508070159649603
3084 5.6540843498750055
3085 3.9308954067574535
3086 3.399999847696459
3087 3.56999516313651
3088 4.739176879411073
3089 4.826675314670225
3090 5.496488173309869
3091 4.140273978233428
3092 2.4920367270492134
3093 1.1499958857749257
3094 0.7505321711327448
3095 0.5386852315911802
3096 0.7548594714593473
3097 0.18398491500998532
3098 0.29074502166388433
3099 0.43774843791687135
3100 0.555967475257848
3101 0.4503736871271956
3102 0.21659311039324478
3103 0.4646517029240997
3104 1.050504920909354
3105 1.550795550860395
3106 1.764707055816853
3107 1.7240708732158767
3108 2.7305444578052427
3109 1.282834946730883
3110 0.5821387761482685
3111 0.2228857871327355
3112 0.1040275094619773
3113 0.2439674185966221
3114 0.024405179942172985
3115 0.08510462865118061
3116 0.055115827276443353
3117 0.5149822192570456
3118 1.2265590747885762
3119 2.86856079311159
3120 5.567293367416095
3121 6.807382391170083
3122 7.798165838028819
3123 8.944769177155397
3124 10.311542774332626
3125 11.863290535834263
3126 7.458798980579353
3127 8.37212255703935
3128 6.122906503762617
3129 5.144425249485627
3130 3.672701119858276
3131 3.7885888630816535
3132 3.4279471166027626
3133 1.9155387037908065
3134 2.1872932315989475
3135 1.9097905483489555
3136 0.009828849661232715
3137 1.0154304165321454e-08
3138 0.12981498843090353
3139 0.9625029260098584
3140 0.6313088171043343
3141 0.6903332179558623
3142 0.5767882314317545
3143 0.424827049036566
3144 1.7866425171788358
3145 4.982631719494106
3146 6.523770824867937
3147 7.108100070572748
3148 4.830948590169072
3149 2.64875422680935
3150 1.605847870900135
3151 2.144505672922439
3152 2.0498651857515533
3153 3.3243763219921796
3154 3.679107523228249
3155 2.5749380120693823
3156 1.7757250840996015
3157 0.9414499890436915
3158 0.9436203243809426
3159 1.3060528184866078
3160 0.7149643639125935
3161 0.35977615784096323
3162 0.3129329267906281
3163 0.37609730145118686
3164 0.12320316875072732
3165 0.19227884891333274
3166 0.3776160577162413
3167 0.6361482929190209
3168 1.0777312988623902
3169 1.1669865403999948
3170 1.4579935189914062
3171 1.7797781516293474
3172 0.9369791495215932
3173 0.18605305119523766
3174 0.2508207529419193
3175 0.04119003915996589
3176 0.014378754918784858
3177 0.0010158092063246816
3178 0.008892514339858456
3179 0.017645842431192247
3180 0.010107990805445471
3181 0.4833185203515732
3182 1.6640473636259652
3183 2.8348689214253526
3184 3.5200570418845603
3185 3.179977244849352
3186 4.138445706271456
3187 5.973169088484469
3188 8.055884224809109
3189 10.100319450021447
3190 6.374663752424241
3191 6.127577604973987
3192 3.9937284173246677
3193 4.542763041122621
3194 5.255874034754663
3195 3.120294678283354
3196 2.034178662049434
3197 1.741288966826112
3198 1.5178462046048469
3199 1.1240932918751791
3200 0.0719997118810903
3201 0.04135775772571005
3202 0.18883117272981736
3203 0.46196734743372797
3204 0.17837861017656256
3205 0.24624029407577624
3206 0.7232602837562693
3207 0.9134667184701635
3208 2.2375925708351017
3209 6.51466611106565
3210 5.845228572512495
3211 4.381893369370258
3212 3.0644681806865104
3213 2.1966386519284797
3214 0.8058652689053827
3215 0.20847192489838684
3216 0.032604988433030495
3217 0.28140933384031097
3218 0.6052093857843089
3219 1.1426370728372803
3220 0.9862434142955145
3221 0.42126990584861324
3222 1.1770348289334351
3223 0.605813673621494
3224 0.5455525346001715
3225 0.885364614012544
3226 0.4449863424049274
3227 0.38885413393932083
3228 0.3864234138275894
3229 0.33431703907492644
3230 0.46491212163641055
3231 0.4951951760641847
3232 0.6935716143251631
3233 0.8780519675667156
3234 1.1632760598219098
3235 1.5309070833807874
3236 0.47842227769937273
3237 0.0012707352683798173
3238 0.03682987854937518
3239 0.14717076313168884
3240 0.09087074196916255
3241 0.054445145701121744
3242 0.06446465666600046
3243 0.1927344058669573
3244 0.35626238131180255
3245 0.969823677868841
3246 1.9921102178214551
3247 2.3835302596138876
3248 2.2490647822397007
3249 1.5798201179954832
3250 2.368212476551974
3251 3.707237727003553
3252 4.228391278697181
3253 4.906933318813888
3254 4.812259017746134
3255 4.237961072840837
3256 4.423330879630856
3257 5.539405602901199
3258 3.9105155755319863
3259 3.6954906826663834
3260 2.5672104159225624
3261 2.487670120534973
3262 1.6541789551660948
3263 1.4071136772189539
3264 0.024109956954430495
3265 0.029362265384993244
3266 0.009600610103249816
3267 0.02086412958321562
3268 0.015504414904406193
3269 0.20334563807990935
3270 0.7819467919398592
3271 2.506738061701581
3272 3.804976583811223
3273 6.733822266146273
3274 4.176531065053664
3275 3.3874318118290505
3276 1.817510420649819
3277 0.6722894865069723
3278 0.16639377383841814
3279 2.339701448706163e-07
3280 0.13291524289009435
3281 0.3229299380595858
3282 0.06777397402884791
3283 0.010433286710274806
3284 0.010212958899771623
3285 0.12928898065810848
3286 0.05143691179509873
3287 0.028126234281654346
3288 0.20281905354322277
3289 0.4201979127903522
3290 0.27997385670342856
3291 0.6299874979463321
3292 0.41666282310727293
3293 0.4318988848039044
3294 0.8241292458552245
3295 1.1755463181026944
3296 2.0213994895647733
3297 1.6325857280948086
3298 2.087481274758673
3299 1.5013651708610147
3300 0.3399245327387091
3301 0.001101759685530574
3302 0.00025749050795584273
3303 0.38838845159878743
3304 0.17513221402526225
3305 0.17631645658546627
3306 0.26937042092922725
3307 0.19683174062485298
3308 0.3423849222471943
3309 0.30257800800175844
3310 0.35255391166206523
3311 0.8609578169069088
3312 0.6310410986848365
3313 0.7171210529248851
3314 1.653461519821381
3315 2.3590926210153933
3316 2.5573237030908738
3317 3.407952887965043
3318 4.450338390613923
3319 3.6981493016331695
3320 6.02938869620283
3321 7.308310360341969
3322 3.6561732750192273
3323 3.369654853829488
3324 4.767724788791368
3325 3.555361627029044
3326 2.6056486737197253
3327 1.7505205323684956
3328 0.005856626971615682
3329 0.010025523965703375
3330 0.315560036589824
3331 0.15472835766914697
3332 2.348221589357654e-06
3333 0.21303887179273634
3334 1.2346377818169176
3335 3.618308630538475
3336 4.874824064164852
3337 2.652257902383485
3338 2.5207027396626613
3339 2.667466997743832
3340 0.8022708347658934
3341 0.20042540716874793
3342 0.06171056396687072
3343 0.26217359556937286
3344 0.6990223756313217
3345 0.6977049976934481
3346 0.23970451831826156
3347 0.25022502795682194
3348 0.15384550802865676
3349 0.029840529519839402
3350 0.1633606939797622
3351 0.08474419571343483
3352 0.0614883486333615
3353 0.0679255828452623
3354 0.37576077592849233
3355 0.6634127993011041
3356 0.26625476807681886
3357 1.078537801672618
3358 1.1855847767747938
3359 1.6193886119380054
3360 1.7285899831700968
3361 1.8413841560730426
3362 1.9776549108424446
3363 1.9878562888810094
3364 0.9794690627612951
3365 0.21030624624819685
3366 0.005476573896865243
3367 0.006347575428432667
3368 0.1270481644868562
3369 0.4219796460597269
3370 0.9712025101907601
3371 0.7691254728797047
3372 0.7380538802344934
3373 0.19316873155228592
3374 0.42550370441964214
3375 1.0082494140341764
3376 0.24740142974837215
3377 0.412061862998277
3378 0.713580156732026
3379 1.0751413339836475
3380 1.332774866898505
3381 1.8669029705386329
3382 3.1105926504099246
3383 4.684644613099716
3384 7.111798330812258
3385 7.950195873186492
3386 5.445423730997704
3387 3.4509206263216603
3388 4.206543547153354
3389 5.553667114617388
3390 5.322867636812354
3391 2.1723046033484033
3392 0.11118795242339967
3393 0.11060201362633171
3394 0.48040781754005774
3395 0.3709503849857378
3396 0.00671240838990849
3397 0.061984914569222754
3398 1.044003296662842
3399 2.7534784392740175
3400 1.0263891432170469
3401 0.2508753237064598
3402 0.5753090314492841
3403 0.9365235909619449
3404 0.7144225832038467
3405 0.09423503713534315
3406 0.02912499815142876
3407 0.5943287213341801
3408 0.7528126207841715
3409 1.1156243696059225
3410 0.8849879538117118
3411 0.18386728036291164
3412 0.00034565481275955614
3413 0.052281760022127886
3414 0.028937603094482026
3415 0.06347818475155724
3416 0.2236862958391938
3417 0.21840524869016006
3418 0.5122906232395739
3419 0.49907619958948396
3420 1.2992531510939682
3421 1.7276493773229027
3422 1.4386133066654074
3423 1.3134601424798715
3424 1.4041811153757844
3425 1.9534351957854168
3426 2.0929831660805513
3427 1.9469558178198874
3428 1.4722177650002863
3429 0.9298708184461436
3430 0.6597185716002686
3431 0.42199051856277314
3432 0.5148163090897236
3433 0.04764207911186732
3434 0.09962821423133052
3435 0.3787854514848836
3436 0.2999176414635069
3437 0.34208214088812533
3438 0.49778913017508897
3439 0.7116919636447288
3440 0.3173768941806793
3441 0.6964692344909537
3442 1.6044759713519967
3443 1.7763996367082753
3444 2.073672550909396
3445 3.811848081982048
3446 4.183543466267129
3447 5.804787850162276
3448 8.574545202319907
3449 8.362623783941299
3450 9.694514639675969
3451 6.5087655404825115
3452 6.041569768807471
3453 8.676681348030717
3454 8.487342711773474
3455 4.261385855934087
3456 0.2890268951602272
3457 0.27743626249998515
3458 0.14399479944575216
3459 0.1394687491676171
3460 0.15627904871944065
3461 0.008282375554859667
3462 1.4598908408666225
3463 1.7337389435090054
3464 0.12124080228369617
3465 0.0017885557198026607
3466 0.11423553524929764
3467 0.12785690487601392
3468 0.13905001777777976
3469 0.009274919481369857
3470 0.1398209944935699
3471 0.7990738768913631
3472 0.8610605250170329
3473 0.8233580476200023
3474 0.8143789871915424
3475 0.40228565397789495
3476 0.0007043781492982732
3477 0.013358845331704415
3478 0.014535858364587989
3479 0.348104314421818
3480 0.4605536769760016
3481 0.6028188190083011
3482 1.0502932130687619
3483 1.0990709156340128
3484 1.5162068755687197
3485 1.996861027047613
3486 1.5464250520646414
3487 1.5341629585549472
3488 1.4355069626132388
3489 1.0787064154120796
3490 1.3626265902006718
3491 1.2400789481517152
3492 1.8734902238281503
3493 2.0499248232368186
3494 1.9028586477255565
3495 1.4860079698339113
3496 1.0945246632155194
3497 1.3080757831188843
3498 0.9068782852844746
3499 0.161917339278125
3500 0.0864335687371004
3501 0.06646330682677885
3502 0.2765955774493476
3503 0.7928869339692118
3504 1.31617578392122
3505 0.5677951138660347
3506 2.071673152183661
3507 3.2773329981373505
3508 4.925009197831682
3509 6.225230165231683
3510 6.135031692533618
3511 9.099969144330633
3512 8.076335902960967
3513 9.422097388900385
3514 10.382678918551147
3515 8.863452461030747
3516 5.085813529977362
3517 6.832468368278626
3518 7.295547852918181
3519 3.1330516013296608
3520 0.294679338616345
3521 0.30906853046436567
3522 0.5257100634961056
3523 0.49339408376786864
3524 0.1546766487923323
3525 0.32842855624019635
3526 0.98565078668698
3527 0.19464347751990424
3528 0.017958815773162454
3529 0.00021729886749095048
3530 0.0029721916761303343
3531 0.025594344017381053
3532 0.003004046485187139
3533 0.009141807541535634
3534 0.10813904313887826
3535 0.6983969534336185
3536 1.016533493469569
3537 0.5756455037640689
3538 0.49983083997007377
3539 0.8445462025070832
3540 0.29404303989320507
3541 0.13410253263650862
3542 0.00738250636359207
3543 0.30355847367949834
3544 0.11507731130577095
3545 0.21868179268955312
3546 0.6082032084720317
3547 0.6071712748132259
3548 1.0186768957136625
3549 1.1934110882379767
3550 1.5190837118616987
3551 1.0709361158758788
3552 0.6448587337409873
3553 0.6188931056103578
3554 0.792772102500352
3555 1.1481465534474309
3556 2.6253968575432802
3557 3.277064675895252
3558 3.7009076980336353
3559 1.7360695438433802
3560 1.4039266439379414
3561 1.7263090193055917
3562 1.024370592325345
3563 0.4388128958058513
3564 0.00029866528286436847
3565 0.09062800868696762
3566 0.46471957066663944
3567 1.2495945695128414
3568 1.7395125385252597
3569 1.5088340895539847
3570 2.508654411553108
3571 3.715040940186012
3572 5.032273228263616
3573 5.979370350229277
3574 6.208866632670581
3575 5.66062107638016
3576 4.8609382623315485
3577 9.242416061748019
3578 9.482405109945494
3579 8.484115249945102
3580 5.769743212058189
3581 4.817418965565426
3582 5.25150153821821
3583 2.11964106103722
3584 0.14444759669913992
3585 0.6088503126125062
3586 1.0263308903292918
3587 1.2785204903981569
3588 0.2646778062099213
3589 0.21814893718160172
3590 0.39316747005570213
3591 0.005751512814712118
3592 0.008263193334264078
3593 0.011870276424479104
3594 0.03257139040133565
3595 0.16250828694961963
3596 0.11564099956690037
3597 0.4916097694513744
3598 0.22259510163197252
3599 0.414094417305172
3600 0.8084801125869822
3601 0.5132375044177273
3602 0.5917208078736418
3603 0.9764159944789649
3604 0.6706989229353197
3605 0.28141146633529096
3606 0.20356612244758526
3607 0.03428737246847257
3608 0.0862357786507218
3609 0.43731052247584856
3610 0.5866238794220432
3611 1.127622157958722
3612 2.022659621868653
3613 2.2407012492942555
3614 1.3327683710892224
3615 0.9733796944584898
3616 0.5137218927300714
3617 0.5869501656847734
3618 0.7788499248540625
3619 1.2522829958509156
3620 1.4118594366928348
3621 2.760401883530676
3622 3.3688341527447347
3623 3.5057491109470025
3624 2.9897066810517283
3625 2.0412084436957927
3626 1.1469024806881176
3627 0.40854636221914287
3628 0.014499928484187845
3629 0.2955272508140216
3630 1.2061732486045422
3631 2.2571869286348907
3632 2.4296405397580005
3633 3.405625452578056
3634 4.971715392261646
3635 3.6787571624328277
3636 5.79118195425146
3637 5.633938796128226
3638 3.0493290488205393
3639 2.3390464378582085
3640 3.545519183386105
3641 5.268237712908951
3642 8.97858986155228
3643 6.972876098750824
3644 4.864267755445733
3645 3.4649049569000296
3646 2.577793101123631
3647 2.407239136728899
3648 0.21613651620467747
3649 0.6034844768517367
3650 0.4658280653732766
3651 0.975768705779337
3652 0.06917296337135741
3653 0.1201830939581317
3654 0.14129695475084178
3655 0.00016681507832820057
3656 0.06255597244847769
3657 0.38508651242689607
3658 0.5066399272226896
3659 0.7956150377544773
3660 0.30890440685923115
3661 0.7190030459015894
3662 0.7362874884278925
3663 0.11142264441163356
3664 0.22340326766241292
3665 0.4999221763293944
3666 0.7498220058227478
3667 0.5441365561909427
3668 0.10663798318817815
3669 0.1558158773640214
3670 0.06301656755220117
3671 0.048566210564497794
3672 0.422156119281224
3673 1.8114831113545582
3674 1.776100941224566
3675 1.7663803135170575
3676 2.298847652344452
3677 1.2498269051113495
3678 1.4196321771210811
3679 1.0713797865874994
3680 0.5785612075349434
3681 0.441131413574765
3682 1.9599013545702877
3683 2.1624460877456877
3684 2.536852846164015
3685 2.840143356949256
3686 2.6344162889390748
3687 3.435579104060156
3688 3.6931658522015507
3689 2.929868592543024
3690 1.0514820026758545
3691 0.018617806111298003
3692 0.11231075038631694
3693 0.9235639141477516
3694 1.4197474896908158
3695 1.5393183744269368
3696 2.22727270532908
3697 2.901885444809201
3698 5.204947870122623
3699 3.850554386322938
3700 4.483509559041428
3701 3.721470027263825
3702 3.6888594441960416
3703 4.213200302605915
3704 3.6587564433893798
3705 3.706570392704793
3706 5.328936489977328
3707 5.6938546769834275
3708 5.5846570700174825
3709 3.4852141917694297
3710 2.8702948125817835
3711 2.18746135639943
3712 0.14333366902700934
3713 0.2278690381642862
3714 0.47033677997536755
3715 0.0006054299543531876
3716 0.45319408499450475
3717 0.1761945202985101
3718 0.06451731975087167
3719 0.14408565238861706
3720 0.005754740677950926
3721 0.01600555929661358
3722 0.07098863013848629
3723 0.3989645405076733
3724 0.3242770875744434
3725 0.3622788496934807
3726 0.2652693102358239
3727 0.2821905915404401
3728 0.06548310004996545
3729 0.0018651156730278727
3730 0.01057549410624521
3731 0.00043520788930340854
3732 0.019814639282871003
3733 0.0005386124250591188
3734 0.20601370924615142
3735 1.4482110299724884
3736 1.513167064821304
3737 1.814131083950425
3738 1.9624908519350663
3739 1.6714851240263953
3740 1.8962847225294095
3741 0.7892570071110747
3742 1.2845488735176749
3743 0.6253575751710059
3744 0.36268113664019674
3745 0.3352694558723744
3746 0.8782834077777597
3747 1.6368413245118563
3748 1.3553745020274295
3749 0.8672537716810884
3750 1.5044163433402524
3751 1.9484369556286032
3752 2.2024549525117183
3753 0.9529964806243809
3754 0.18136166839728604
3755 0.00012254002914818566
3756 0.045743840178548115
3757 0.13415529356847053
3758 0.07487659241012969
3759 0.2958578697134287
3760 0.4894591144852189
3761 1.2444673259435752
3762 3.915515226872096
3763 4.258478466521669
3764 4.005062640843816
3765 4.382287806071374
3766 4.846107350007696
3767 5.483905637140358
3768 3.988439015890954
3769 3.374778627204943
3770 3.3165879339182807
3771 3.5249109963515983
3772 4.0688992098282295
3773 3.9037085359947534
3774 3.695549945072267
3775 1.888211097411407
3776 0.0014289395274074406
3777 0.0457265389322929
3778 0.06955772490510165
3779 0.26676819766235127
3780 0.8687036888817304
3781 0.8443015343957762
3782 0.5700148303966696
3783 0.5951150307658627
3784 0.2602508294553234
3785 0.01935752914446898
3786 0.04179528199545311
3787 0.06950272894294139
3788 0.0635178359770957
3789 0.09574224149473685
3790 0.01536094629126226
3791 2.6378105401142685e-07
3792 0.14850289711633846
3793 0.05930044804476104
3794 0.47741266554708756
3795 0.2143652333487658
3796 0.0950590566875286
3797 0.511545710050017
3798 0.965853397599255
3799 0.8924991804909189
3800 1.6441844834313908
3801 3.112229017129934
3802 3.255507235489744
3803 1.36184787250963
3804 1.3418080370904573
3805 0.9714497479844142
3806 1.3455337583972267
3807 0.351492114549331
3808 0.05573755636943328
3809 0.1268954938403599
3810 0.2522717806564963
3811 0.7287763809466443
3812 1.4229691649253142
3813 1.7913403758510367
3814 2.2866140622065787
3815 1.3149530556678326
3816 0.8711282501244538
3817 0.3331201415039071
3818 0.36998787215265455
3819 0.018230700220758494
3820 0.07856792963081029
3821 0.042820329518395935
3822 0.042938450537529156
3823 0.2403598166213444
3824 0.03612071864946262
3825 0.48288431226286804
3826 2.048477837330226
3827 2.5858312113536117
3828 4.101119173145362
3829 4.8779965572762904
3830 4.764519846766558
3831 3.2266309569844007
3832 2.0930131049804457
3833 2.0961206290567285
3834 3.859899944423155
3835 4.101857644634843
3836 3.67068181135548
3837 4.333244365920218
3838 3.706810399738796
3839 2.1357929123271404
3840 0.010875958160539193
3841 0.018905942739953014
3842 0.006005036382271571
3843 0.24794640726705486
3844 0.6246998909913767
3845 1.2973927869870485
3846 1.441977791159023
3847 1.490299653739628
3848 1.3768074171440574
3849 1.2680515155066472
3850 0.4678970241412414
3851 1.7293913073312334e-05
3852 0.017265483128307006
3853 0.5835585124704424
3854 0.6801155219674517
3855 0.4672961242671093
3856 0.36761973157067984
3857 0.18152590198952032
3858 0.1579898600637705
3859 0.45389686247772354
3860 0.05406705522773829
3861 0.5733090220093014
3862 1.1071972435192987
3863 1.7267247190808042
3864 2.312716879005113
3865 3.2550866697156353
3866 3.5871783853195374
3867 2.433228672143311
3868 2.1816816742981584
3869 1.5879481531045812
3870 2.3452774496918405
3871 2.279639825929252
3872 1.5862083486136105
3873 1.6117266121382359
3874 1.6819710030206505
3875 1.919458309221363
3876 1.5013977650510657
3877 1.727465652277267
3878 1.5218811629092721
3879 1.6062843183838635
3880 0.46208452481538653
3881 0.5401246407468105
3882 0.9487335791927456
3883 0.7461714057427484
3884 0.00645650744266994
3885 0.003475944257835807
3886 0.0006657645480682
3887 0.0007009183845226888
3888 0.0020143253251569664
3889 0.00533140602882495
3890 1.0767407009248715
3891 2.540154689349364
3892 3.976838353891013
3893 2.8972004671837905
3894 2.638371131266873
3895 1.9953822030047794
3896 1.4247130123453295
3897 2.836967928561198
3898 3.746402233013512
3899 3.1673956701338346
3900 3.5172854928280657
3901 2.1484419698693977
3902 2.98708373742842
3903 1.6842404979024546
3904 0.15720920416169723
3905 0.058779231933176794
3906 0.007214868276799172
3907 0.3840032668112888
3908 0.39163774612995605
3909 1.0080026724557491
3910 1.8977557785198396
3911 2.5798637881412994
3912 3.7980667580291323
3913 3.4664767672491474
3914 1.6647036846581769
3915 0.2030412808894461
3916 0.023291099569125617
3917 0.1635596935005891
3918 0.34461663639834106
3919 0.08146961130164755
3920 0.16391642835228895
3921 0.31792579473956784
3922 0.0643705204757143
3923 0.21430050434001482
3924 0.08051060035812199
3925 0.280203068537649
3926 0.7092101312072168
3927 1.1041859024101957
3928 1.5970795351456708
3929 2.1591973387602943
3930 4.173152523752259
3931 4.190397168491709
3932 3.905679657939881
3933 3.805794615777215
3934 4.6612759040160014
3935 3.956756344959076
3936 3.200291863376172
3937 3.0943218386692846
3938 3.880087784704247
3939 3.2078162931002803
3940 2.1485739258608088
3941 1.3079924446143887
3942 0.9240975472960193
3943 0.8147701993657269
3944 0.7626269990791684
3945 0.6571289177459174
3946 1.259138224881157
3947 0.7245995972002109
3948 0.08637606251256597
3949 0.09535633826312954
3950 0.09752400941720234
3951 0.011970436639403873
3952 0.0027147164377341396
3953 0.05685406879029929
3954 0.5536177505122203
3955 1.4312417150388685
3956 1.722502485169825
3957 2.3795673985792543
3958 2.254101817426635
3959 1.450278352588403
3960 1.1764272636491857
3961 1.839715646084564
3962 1.5636426615007404
3963 2.356113240189794
3964 2.8195113843279693
3965 2.089134452777332
3966 1.8133935934527667
3967 1.6872607233197958
3968 0.7119181193690339
3969 0.5960575507486149
3970 0.04941862902405972
3971 0.024342025165186312
3972 0.3130042750012013
3973 0.6535908662139729
3974 0.6703695436390253
3975 0.8584233187125205
3976 1.4435317116381254
3977 1.135152255311296
3978 0.6034915087105043
3979 0.1567966374161948
3980 0.027595440701312157
3981 0.01459093677065331
3982 0.00032822982977687273
3983 0.00287377004604626
3984 0.10094734353742522
3985 0.02417403026867659
3986 0.15710954752259834
3987 0.20509122073755054
3988 0.014848518778314269
3989 0.44110593112385915
3990 0.8692744924180805
3991 0.886152429088801
3992 1.0169683658143878
3993 1.9780287135771013
3994 3.680825179984596
3995 3.5563687156864145
3996 3.3139034070119737
3997 4.076719656535463
3998 3.8495544250786526
3999 4.273699146498836
4000 6.235869759334726
4001 5.578729341142192
4002 6.661723811507353
4003 5.178680262781574
4004 3.334587423876265
4005 3.0529862308265536
4006 1.9622409909534193
4007 1.3594668899816942
4008 1.3417562609378288
4009 1.3602382784254596
4010 1.2167068313851102
4011 1.2429440838724766
4012 0.3808622192453261
4013 0.2133203946817651
4014 0.02466441646981507
4015 0.011308569958700705
4016 0.2349073038422858
4017 0.7053106182882469
4018 1.3436214078158932
4019 1.8209625761797956
4020 2.0596894183866388
4021 2.612052008506171
4022 1.767517935858067
4023 2.1476568127684224
4024 1.8541128765112491
4025 1.630206113343422
4026 1.0584865157133445
4027 1.7893094667736842
4028 2.4288352567105473
4029 3.0992480042723547
4030 2.500945752452802
4031 2.6370045729614384
4032 1.7191600363569304
4033 1.0221502395320985
4034 0.1582818128202896
4035 0.04107406456677768
4036 0.10131471751835475
4037 0.23423484344504464
4038 0.12538542768091115
4039 0.4456444359562032
4040 0.9016391551823993
4041 0.8644363875008789
4042 0.8724862268119925
4043 0.5195788088811396
4044 0.20525448336921376
4045 0.4044082840827296
4046 0.392455069486657
4047 0.40794229223214423
4048 0.3397574445463222
4049 0.33181592352686334
4050 0.026789690352912968
4051 0.003034190680508505
4052 0.070754628257422
4053 0.26045029352404436
4054 0.5188177920258902
4055 0.7345741273755925
4056 1.2353611421302975
4057 1.3999274511331932
4058 2.1983637606053774
4059 3.492950096436233
4060 2.7238232286631696
4061 2.823841468054118
4062 3.0481702039721066
4063 4.060648505173138
4064 5.160915715957317
4065 5.864518488624108
4066 5.828578022826757
4067 3.819627928622765
4068 2.709990667160998
4069 4.001316036620421
4070 3.7113336866642666
4071 3.795413513641892
4072 2.801994711783374
4073 2.0259523866132323
4074 1.3617698276790955
4075 0.746693580835576
4076 0.23389171622643792
4077 0.011268437979141578
4078 0.014708442233140476
4079 1.1568744595778193e-05
4080 0.27126331732991127
4081 1.04432703164666
4082 1.4616064572403
4083 2.0922076986282194
4084 2.1685210063508267
4085 1.7996604594715206
4086 1.345335790777369
4087 1.933730371175041
4088 1.8924966474419274
4089 1.3427658129427562
4090 0.9941758134671375
4091 1.0591797097123066
4092 1.1184930912870863
4093 0.8763017913239617
4094 0.9133445345063673
4095 0.9138636688149663
