 0
0 3.1716877106826513
1 1.965795347269185
2 1.7651298252860337
3 2.01462427598843
4 2.3090264352440104
5 0.583006651541784
6 0.33130473408824035
7 0.1728237693450421
8 0.6641941081558482
9 1.0604054792041677
10 0.93098842174867
11 1.1702891358457364
12 1.043234798834609
13 1.2161186083257345
14 0.9758000639020745
15 1.0648279220900683
16 0.8195390682436398
17 0.36990708877087297
18 0.32622527038478083
19 0.3161596047950936
20 0.3276201967150872
21 0.122695047104494
22 0.03266274797078195
23 0.26366364655322755
24 0.3275838114063735
25 0.05013644675140289
26 0.11820653023423829
27 0.19370422960322364
28 1.911731549545725
29 2.5518234572805807
30 1.9529652918376779
31 2.231607800633712
32 2.502053779726115
33 3.351062410341083
34 2.4670453747756333
35 1.6781384326909061
36 1.8007859714969627
37 2.271170744251598
38 1.866215425776455
39 1.2501520079787976
40 0.6440858423209852
41 0.2498361062654764
42 0.37549640416656294
43 0.07425387548658478
44 0.1023972133359205
45 0.015110063608033866
46 0.05150360755329172
47 0.1145127320948802
48 0.021324251059729352
49 0.011624883997317668
50 0.2716526338677718
51 0.36000240667114647
52 0.47837671819102934
53 0.4855360654676286
54 0.1971117167876551
55 0.0038270231781634308
56 0.026727555114190584
57 0.12084489383624004
58 0.18909981806230547
59 0.5105731945699797
60 0.368645541190303
61 0.48663040971113003
62 0.18964169710019543
63 0.08782262983331655
64 2.1422452938347862
65 1.4095706583000873
66 1.2572122977755584
67 1.7261957965656558
68 1.3936304868265579
69 0.3003950156577367
70 0.19888262787982694
71 0.33882579595760237
72 0.6106305146359866
73 0.7885577422960787
74 0.12764897326539965
75 0.045357838665800516
76 0.21024459302717197
77 0.46165855001006983
78 0.6260591190031373
79 0.924679795036408
80 0.5597369367879668
81 0.5913337202775727
82 0.7610981985990224
83 0.3145443940939349
84 0.2231591093953005
85 0.05246923698551787
86 0.05966930735315534
87 0.19933996776806515
88 0.12005645127646053
89 0.09546202180805317
90 0.2948171457931621
91 0.6051585126837905
92 2.3097506824622775
93 3.124689641007609
94 2.9304553106711615
95 3.238030091537285
96 4.151024512068816
97 4.757319555452322
98 3.25401117849965
99 2.175291066858762
100 3.350375902869861
101 2.7082385236787236
102 1.5975934255946465
103 1.275771763212112
104 0.4580007517009273
105 0.055284855532698414
106 0.0652720237571945
107 0.016600386119405994
108 0.0010471922364121014
109 0.03776391137957972
110 0.00012797784995655564
111 0.023345134486072873
112 0.006435437600263348
113 0.001266830810173187
114 0.089615306625468
115 0.45773321247640664
116 0.4856960596838229
117 0.4517153141051721
118 0.1551447386869199
119 0.04943904394723978
120 0.12974226789868878
121 0.13375889375384614
122 0.17608049406502668
123 0.3457815135824981
124 0.3502925924405754
125 0.3301780309897946
126 0.07124497805084153
127 0.01571339541268682
128 1.8488085744706755
129 1.0605598796681897
130 1.8020000911455285
131 1.2033603070956802
132 1.3521327186441445
133 0.6364532568107549
134 0.31178531608261906
135 0.35888103351491907
136 0.7400413749074366
137 1.3676539420570457
138 0.5989502069852792
139 0.28762083768235497
140 0.1114066786946571
141 0.2978733267131265
142 0.20507737440001672
143 0.38152368099124095
144 0.33491117736468035
145 0.43310651036466086
146 0.7890798810440286
147 0.480336006707158
148 0.4114234842735263
149 0.04024733603696975
150 0.04212110851980388
151 0.4305313713785449
152 0.4233169577148966
153 0.34039987373368347
154 0.3906975548829007
155 0.8423846021459341
156 2.333688262193994
157 2.9667105733695585
158 4.907171785018709
159 5.628167624911319
160 7.2567707506553365
161 6.740177644000564
162 5.241198743734087
163 4.283441341106273
164 3.8925749889257335
165 2.6769857790324734
166 1.7407223744185056
167 1.2434425764083759
168 0.18153443845684053
169 0.012421645909509069
170 0.0020231427414215703
171 0.00016002918487462693
172 0.07341232386972496
173 0.21865430110609413
174 0.13454454275007827
175 0.038954360613613445
176 0.007215479622844821
177 0.007231321182123449
178 0.037039530380623145
179 0.6072241603383896
180 0.628692566791619
181 0.3520082369505765
182 0.04449168146323782
183 0.1581863989221051
184 0.07950275777385368
185 0.09166864691869157
186 0.0683847398739672
187 0.056102380468333726
188 0.029833514149972092
189 0.1123042940729478
190 0.09290338879927805
191 0.0008243002437598989
192 2.1662590261467
193 0.7286270161137797
194 1.5346526367630868
195 0.330622521161597
196 0.2930443925907454
197 0.9285945921760194
198 0.6314712551532748
199 0.658521926012105
200 0.6055598618042856
201 0.8455267078389579
202 0.8107728688192177
203 1.3278229966826183
204 1.1587041210242381
205 1.10881119292032
206 0.4691245854205145
207 0.49703661091326173
208 0.46606080823491336
209 0.5155607550102729
210 0.563387496963168
211 0.136884795523295
212 0.2975747772222058
213 0.029702737226494844
214 0.8876278869545894
215 1.1578913859313518
216 1.00839813810228
217 0.9627138038355885
218 1.4860129154979296
219 1.3426713058156854
220 3.0932714953618006
221 4.526355348953784
222 6.670297691869266
223 8.713521291921051
224 8.990295527083049
225 5.000927425756845
226 3.3994940545666776
227 3.1413034834399847
228 2.128721679541871
229 2.581327936011568
230 2.8295265875673365
231 2.272446781202888
232 0.8390260299134138
233 0.26798934045224004
234 0.23303441308621892
235 0.08950744799492535
236 0.01997945149303828
237 0.03579606910633099
238 0.01469964235376908
239 0.008402940989734155
240 0.023700484315650194
241 0.03440903689751927
242 0.006472494574168772
243 0.09731612662043963
244 0.12464725403869645
245 0.029911464164166544
246 0.05836251489844742
247 0.3366431214160089
248 0.2685570071719913
249 0.27986239570235794
250 0.09664029979363457
251 0.0015248659981997083
252 0.0031578860027003963
253 0.10015885706481428
254 0.21077028143668106
255 0.2708726261507457
256 1.7531272298245693
257 0.3731386600025989
258 0.46772959869690667
259 0.1411640119780658
260 0.005761133963799561
261 1.0776649022822455
262 1.471017618390778
263 2.1184010932733783
264 3.371556353549835
265 3.7691920021664758
266 3.8999472391408814
267 4.304791314510484
268 3.6725201545197717
269 2.9563129624551254
270 2.59678828958976
271 2.4021368608197413
272 0.9363919832623767
273 0.8369172420662299
274 0.5149048175476041
275 0.09801697230784964
276 6.7681677456454e-06
277 0.5442952417874984
278 2.1310912147438974
279 2.342304721399444
280 1.641565203343565
281 2.4860731877917956
282 2.3944320973700255
283 2.7632290808847224
284 5.1001417648462075
285 6.203166246541259
286 6.203804706718998
287 6.581871142877145
288 5.341195084366209
289 2.8551542287818847
290 2.065515856308732
291 2.330099075178616
292 2.920549706980159
293 4.445637312426552
294 4.406222781555092
295 4.612862325568906
296 3.3746334273928276
297 2.183738038887629
298 1.1494780749650324
299 0.7166616905393377
300 0.15869425194867945
301 0.1914894709395861
302 0.0674148918100235
303 0.040083290661968564
304 0.006869083411194293
305 0.08686891820035843
306 0.07614934473700527
307 0.0005647263828005196
308 0.0018275982792151449
309 0.00755791851841395
310 0.16518611453188187
311 0.3564389763365299
312 0.39966203830493685
313 0.8393213006637211
314 0.3924616305230256
315 0.2600009887155052
316 0.45353108886790877
317 0.37483919836798296
318 0.5187841273299845
319 0.7112556634853928
320 1.8374051687568675
321 1.2098760528580232
322 0.5178359378885006
323 0.5038532060446089
324 0.15637339669560493
325 1.924830414571141
326 2.6180344708547785
327 4.213093659814944
328 5.032204577603839
329 7.733243581718572
330 8.397988410839702
331 7.141560600971324
332 5.1294744040443945
333 6.080297118155109
334 5.438203209954728
335 4.083258849768515
336 2.7106642463842547
337 1.6355365634717527
338 0.629212767704512
339 0.9624544470719069
340 0.5098096386195881
341 0.07859793454008274
342 0.9238814332899892
343 2.2063200711564734
344 3.5192029879679962
345 3.494260770490266
346 2.9818914591437142
347 6.0038291298709066
348 8.673241452020482
349 7.153653376005133
350 3.849870447153338
351 2.218002114953788
352 1.9670818818910865
353 2.5073835521249515
354 1.5875263836820528
355 1.8166850806904256
356 2.589298066669475
357 4.160718481550641
358 5.30128141305892
359 6.5693077496123395
360 7.2103070409298535
361 3.9583882479176147
362 2.197270823538798
363 0.8615194119061101
364 0.9973776028143164
365 0.7337913498456641
366 0.721833863352515
367 0.657716445310659
368 0.345805151686308
369 0.053658867042434014
370 0.007895647670293096
371 0.05512526519066761
372 0.01673568867333156
373 0.002021481583428229
374 0.21961712241560022
375 0.3638929610050797
376 0.39219226257035644
377 1.4166559650127495
378 1.3971615625881413
379 0.7451038879193416
380 0.5534299118706789
381 0.6435523790227803
382 1.1351922920437931
383 1.3540556414239857
384 1.6200175834963977
385 1.7212622844701717
386 0.9016083895248499
387 0.11757578012946404
388 0.022285768570158824
389 0.7702716303720254
390 2.834663154880716
391 4.189263804585813
392 6.498976924244293
393 7.732193569601441
394 9.48219359987542
395 9.431166377562173
396 7.284805252666613
397 7.914738243327689
398 5.7264053353379305
399 4.251568520015812
400 3.3655220391187535
401 2.1312262553743255
402 1.5950346938116808
403 1.0411643247104012
404 0.13915648933757185
405 0.017514120457531236
406 0.2296264059512849
407 1.2264632233830268
408 1.554023865759296
409 2.079110120203126
410 4.236897481595568
411 7.242321516758159
412 10.18988434281901
413 6.748829720063445
414 3.1439278027702655
415 2.0292248298928404
416 1.360032978353337
417 1.6780561254938446
418 0.9630853675924387
419 1.597100627660743
420 3.102225075544323
421 2.814486545086066
422 3.859939007452698
423 4.805707027514103
424 4.44892138247341
425 3.2193275072431047
426 2.477688716008166
427 1.2914030405129167
428 0.7532958912056389
429 0.9677654040537979
430 0.9263563854451752
431 1.4006654933891896
432 0.8890271910245143
433 0.31852170648143935
434 0.008082211342521895
435 0.003924102076105224
436 0.00041296627531861243
437 0.07968223966759626
438 0.15905547014429486
439 0.26931953642070405
440 0.556165694489247
441 0.842171782565266
442 0.8811758722527967
443 0.7160075593079973
444 0.5156037289632632
445 0.3840451653104683
446 0.6600319393660729
447 0.9230799100296063
448 1.5307646722152441
449 1.3838003006319328
450 2.34648564426
451 0.3689890800402019
452 0.08365816005108766
453 0.2880166888951805
454 0.7613734884471306
455 2.385802473020075
456 4.133179749142541
457 5.433343756129562
458 5.470154445537167
459 6.7398284118960365
460 5.881635308255372
461 6.395858414843048
462 5.147122605041702
463 6.052785599796246
464 7.396220907414313
465 5.442688474202574
466 2.2894106623604857
467 0.6450900055383403
468 0.0006592382948072843
469 0.0038528257215205792
470 0.05566817519453688
471 0.28181512700485417
472 0.4374519589139467
473 1.1629156470026307
474 3.2367693440618672
475 4.912913431570858
476 5.411144555442505
477 6.201793225999015
478 3.4144839418540696
479 2.0119088971987718
480 1.3602236348512413
481 0.9266299852915535
482 0.7300522701306001
483 1.2232668132131033
484 1.785353743961283
485 2.2064592804796415
486 2.7101681627846643
487 2.160749398592065
488 1.7040488654120485
489 1.4777127556252494
490 1.3318892375097895
491 0.3079879480696276
492 0.2065605330746183
493 0.06055774211878439
494 0.38335255820149616
495 1.115770766387052
496 1.4871535048021294
497 0.45567888388319766
498 0.09583692618765213
499 0.02467632340946164
500 0.043822298899126526
501 0.1430322192429336
502 0.04894250626635384
503 0.10124483949329391
504 0.09682275658027088
505 0.20465388787118236
506 0.014674439341548235
507 0.1262946740599774
508 0.49717631274914464
509 0.6052018963907255
510 0.13763546170034807
511 0.30663149926192773
512 1.1798009120486979
513 1.006971851295529
514 2.0085343386166845
515 1.1300766311366361
516 4.617573930069983e-07
517 0.0630594637640815
518 0.0018797049151703796
519 0.3934448306567462
520 1.3678990721076236
521 1.775014451729668
522 1.6316897785444793
523 2.861761708297126
524 3.6396113674139485
525 4.273107336965532
526 5.170871840198372
527 7.54248669849309
528 7.572746676024602
529 5.769827767518294
530 2.953723379790518
531 0.8529798330353483
532 0.11316380739378078
533 0.040234376384117775
534 3.222233118995364e-05
535 0.040444835037222966
536 0.01627047389798881
537 0.5278134732691528
538 1.969054182405521
539 1.9685975002949267
540 4.651590949533653
541 5.718188080768826
542 3.4265443963159457
543 2.0689691315520644
544 1.014505135037234
545 0.9066853032199944
546 0.9169197658549508
547 1.2445889496853264
548 1.3708842704059587
549 1.2003430262962171
550 0.9754794318567817
551 0.8604899094749352
552 1.2984997479233196
553 0.8694300394003194
554 0.8643773399533106
555 0.05639132985780032
556 0.0019237053397500377
557 0.0038972666527018946
558 0.013995714202241853
559 0.39259965237984035
560 1.3552890870075982
561 0.1588154042336247
562 0.08600764789945518
563 0.06151892682699065
564 0.03035106645207005
565 0.0017969508900551872
566 0.024904834481920414
567 0.012703604109939115
568 0.0118100083217498
569 0.006184713014006824
570 0.0052507466591151086
571 0.010951366996289352
572 0.12956831837356858
573 0.25746825425963693
574 0.1829041689967544
575 0.002000000614759021
576 1.0813255247000397
577 1.0049342002618114
578 1.5939751126493293
579 1.5096365402154142
580 0.08759801986887754
581 0.37321333646015703
582 0.3183420087503401
583 0.578746924669817
584 0.022542397460539917
585 0.05033694125387725
586 0.06406196495914901
587 0.7599190639779474
588 1.1084860553120246
589 2.1184192293290818
590 4.224179683563468
591 6.008243355162258
592 5.928196900148559
593 4.1933286069679205
594 1.5913894054960143
595 0.8312578543064711
596 0.41151738823458245
597 0.2901532691411667
598 0.4283837747399309
599 0.38215497048457875
600 0.4210624328474838
601 0.09186171833370392
602 1.2802576061874722
603 2.074223248145871
604 2.9404734214623502
605 4.295403377165664
606 4.94983487858617
607 3.555075030300234
608 1.6165794522731136
609 1.3638815687352825
610 0.5271836134430349
611 0.5138457733491365
612 0.2331204534916055
613 0.13997299866746313
614 0.3826826497658458
615 1.3508170093342013
616 0.908119321701358
617 0.280235769356649
618 0.10938559440817444
619 0.006463539332342871
620 0.03737508981331778
621 0.14837436221346914
622 0.03034543891094096
623 0.05367283258040218
624 0.3161554194160693
625 0.04045441151915682
626 0.0016174820570984746
627 0.010047920399302605
628 0.05137512844296125
629 0.005727832889562832
630 0.03271482869305862
631 0.35305044867007246
632 0.16764823610152219
633 0.08524988766508602
634 0.0031200648687441054
635 0.001575095946880755
636 0.0006218469306572595
637 0.1243594319685793
638 0.14162655205794564
639 6.828772480794449e-05
640 1.1339340494417274
641 1.2092892044046326
642 1.3226122750161196
643 1.2091412130103414
644 0.20281664072515682
645 0.34201781807638665
646 1.2815235935782212
647 1.4528740569425624
648 0.889190268943067
649 0.5940813925536658
650 0.41747350104731434
651 0.001191789771817155
652 0.0319021731199003
653 0.4892501990981422
654 1.604465743279813
655 3.832175220751346
656 3.2438431865873616
657 3.1752236022430647
658 1.433014519611872
659 1.2914153678030333
660 0.8000492789366674
661 0.49943047052102274
662 0.6232995985919596
663 0.42843434884229603
664 0.18913784946084203
665 0.03888113237723875
666 1.0853682861691043
667 1.2597046041111772
668 3.2419708401623613
669 4.842731787799498
670 3.65660057334971
671 2.0911416291018083
672 0.8849136362552844
673 0.3137289051223564
674 0.3911057525305518
675 0.11598871391135024
676 0.0485949015981162
677 0.20914965754170942
678 0.6979492149640321
679 1.678806446010606
680 1.1941833310716228
681 0.7151371310517143
682 0.2518420308116503
683 0.062463277208946115
684 0.0014916515416327407
685 0.10700933085462855
686 0.009463671924689018
687 0.005896355246621429
688 0.000368038117305658
689 0.0024443322870646668
690 0.2212404925685148
691 0.2348819727649186
692 0.5903981492604318
693 0.40152671806461115
694 0.05225214233557535
695 1.014691153468038
696 0.16823598666142492
697 0.3904964797273619
698 0.3982821752885325
699 0.06037422918638938
700 0.13003496717557472
701 0.20401655658228735
702 0.005107846444824369
703 0.0173744045002812
704 1.5745698705983833
705 1.5610868733123118
706 1.2003901390431269
707 1.0292141753543538
708 0.32360905416751684
709 0.1873448193342791
710 0.7844835710353605
711 1.3939472232979986
712 3.296410713486347
713 3.5186652398298275
714 2.1395120806936756
715 1.125025755601481
716 0.42003149810541696
717 0.005931740755740635
718 0.2283643600733726
719 1.4055324834780536
720 1.7938131543855997
721 1.658070843987358
722 0.6678792249870937
723 0.8354982806052007
724 0.4741488364196599
725 0.13963210001484627
726 0.8826480869561388
727 0.700962783372666
728 0.36839376287895603
729 0.17701117951618264
730 0.7714843231603649
731 1.0566054455662977
732 3.1394919861295323
733 3.85785219772386
734 2.449375074356026
735 0.9354441544490659
736 0.23420302322698255
737 0.26414871076764784
738 1.0583650335390151
739 0.45138389503042264
740 0.3026083879447618
741 1.4096940361108852
742 1.7580952949726278
743 1.7708100391568946
744 1.0108479658816798
745 0.3598181541203271
746 0.055792854086187026
747 0.033575371010262714
748 0.005981126812034724
749 0.13837956991683345
750 0.6309665694452249
751 0.22731997746786872
752 0.14372184868303567
753 0.5257939246182987
754 0.8616579665114397
755 1.0696873752445062
756 1.4068750907058414
757 0.5180379804795869
758 0.49424750455315375
759 1.053697106658096
760 0.4625335661178391
761 0.6877457933256428
762 0.7348598805545183
763 0.37541127501632804
764 0.012685693953223458
765 0.0010585128004915723
766 0.08035883724206691
767 0.022609559748882756
768 1.5800980486049354
769 1.5419834005593926
770 1.225007018006277
771 1.1550586099236484
772 0.3960678178977307
773 0.06996643739741248
774 0.9540047778523645
775 1.791241806108726
776 4.748147594714687
777 6.456026168149658
778 5.408871051444806
779 2.994504047482437
780 2.0807607809587525
781 0.9418366127623402
782 0.052163933834772115
783 0.06681455458585536
784 0.23742011092167908
785 0.4471264382279392
786 0.36726345072872746
787 0.4339540382989317
788 0.5331781682025314
789 0.8219659684629879
790 1.562763784031126
791 0.9130535710625041
792 0.28695373419041525
793 0.03843782520954854
794 0.19487532619419876
795 0.1476001641021631
796 0.8970561568774716
797 1.9111476246788024
798 0.8479081333984132
799 0.7507700915728363
800 0.3629333546938692
801 0.5218143686711487
802 0.8213887272309138
803 0.43996883256926317
804 0.5125906566065759
805 1.0210282393559214
806 0.98780182176977
807 1.7898547955372959
808 1.000717743941854
809 0.37274476918225863
810 0.05628424690950234
811 0.2321110728703524
812 0.20635431972571566
813 0.028829577255838783
814 0.39568895086595873
815 0.09859600065560009
816 0.0953866898766007
817 0.4103027331407355
818 0.8551470177578695
819 1.275721740945559
820 1.462905077153632
821 0.6878628466217688
822 1.102766353896871
823 1.2969119043155464
824 0.8724326323719404
825 0.999451416035073
826 1.4136980124751812
827 0.5948938437889251
828 0.576923721333078
829 0.19767857584176937
830 0.009110669948207074
831 0.18627146432309102
832 2.0111699939290006
833 0.7361830942323884
834 0.6944750085384189
835 0.708834940424375
836 0.10584618331170467
837 0.28827947809789595
838 1.2766307418281577
839 3.626938943361668
840 6.958923155195507
841 8.013289245124437
842 10.668545725046874
843 7.983310142682515
844 5.599580695042731
845 2.762768031714983
846 1.1125124930622459
847 0.6541367735618767
848 0.10077157491708849
849 0.16522375796321684
850 0.26319396809272894
851 0.06738275803172966
852 0.4554171854590905
853 0.8668459257997233
854 1.605480813968817
855 0.7110453612978007
856 0.15662166140212228
857 0.09887604884557745
858 0.3069506678724437
859 0.18121096549650376
860 0.9101340291296287
861 1.3070671523485458
862 0.805016573076039
863 0.19853270838953843
864 0.16476688654021612
865 0.038939967455646915
866 0.145757383111876
867 0.18545838928127115
868 0.41888217909357855
869 0.18800684521213112
870 0.005880723200778317
871 0.11833722600083517
872 0.5335215110640623
873 0.2524276049792689
874 0.094572965084299
875 0.002085116311332618
876 0.00014794349402349566
877 0.10002723235134885
878 0.29728079963280524
879 0.4405504773374953
880 0.4182469310229014
881 1.4606343707728882
882 1.5609786572353583
883 1.537831167781142
884 2.4446096541117557
885 2.075773199112037
886 2.9604355709397847
887 2.8417186781271075
888 2.4060777122004313
889 2.329316396598887
890 1.7293400442613702
891 1.4987222381622107
892 0.575606308123288
893 0.8796434895108378
894 1.2731054639964907
895 1.0680158502612762
896 0.9681552199508938
897 0.1752174200651926
898 0.05070833365799297
899 0.03991912339312858
900 0.003781261624839044
901 0.6505906691682792
902 2.5135725823407813
903 6.395536224851167
904 8.522243262692898
905 9.694598026463819
906 14.732680065151953
907 14.927647006749652
908 10.06548735969559
909 7.416942842927819
910 4.322184269421652
911 2.153930867540269
912 0.5677906662745457
913 0.0007739708028775652
914 0.018955963340160885
915 0.00016381694523452846
916 0.02653656427010352
917 0.36869382318142574
918 0.5085388354735424
919 0.24361130022570093
920 0.08222676913547303
921 0.2831811389804706
922 0.31138181372313106
923 0.21764151697664877
924 0.09786713777582219
925 0.654371010102201
926 0.5189504635290089
927 0.3004060115363144
928 0.4982261727055745
929 0.5776283797073755
930 0.42699696638098994
931 0.4130158822336415
932 0.7366352377825035
933 0.09518686319947707
934 0.7110520942918601
935 0.6858777464231592
936 0.2645883834543394
937 0.28003050518047473
938 0.017993639453310027
939 0.36763179741570073
940 0.36389038178151745
941 1.3738535412988626
942 1.6969429558289058
943 1.6294306820359414
944 2.015662101169041
945 2.996369224922977
946 3.216866490532537
947 2.6001076536303365
948 2.9331700348651952
949 3.6816019628217376
950 2.800255559917649
951 3.261031423013143
952 5.455890753582705
953 4.165226370998404
954 2.8615928633570875
955 1.2098982421233326
956 0.7912479809607372
957 1.6338940469288405
958 1.8664366869936553
959 0.8042046023567389
960 0.8235126359987527
961 0.3063648714593555
962 0.0004204538904725991
963 0.03795165770441512
964 0.1528497099376738
965 0.8103345309294954
966 2.7990231484549755
967 5.2256310605733605
968 7.769715987338297
969 9.961915226016956
970 13.648181465505594
971 18.460087450527467
972 15.044371271409815
973 11.319197638284804
974 9.610393665568122
975 5.781537290845595
976 3.4530669649108137
977 1.8043254844148104
978 0.8965040341398001
979 0.6537477343493958
980 0.25280651192994685
981 0.015187784599848663
982 0.008176581299310075
983 0.1591416543259335
984 0.490113460347634
985 1.045877465092324
986 1.411233378436135
987 1.1749335423379546
988 0.9313993319592578
989 0.8038218154004594
990 0.5932427377925354
991 0.5647144283981068
992 1.176630705279267
993 1.6375249851682034
994 2.0347381716833457
995 1.7655213576349083
996 1.962829506618485
997 0.1837158984661899
998 0.8916889687956971
999 3.1497265684301747
1000 2.612529690515023
1001 1.0221625691414191
1002 0.27823875697704165
1003 0.5563073976866356
1004 0.3639788363766898
1005 1.785769441237134
1006 1.8992117673259754
1007 1.1600630108997507
1008 1.2754847562862939
1009 2.5042196347802603
1010 2.2503495567295384
1011 1.7663193247538722
1012 2.749574385494608
1013 3.2085962571025495
1014 3.0323187537285805
1015 5.825143927178819
1016 7.67813559255224
1017 3.9760507532745715
1018 2.4149057155034312
1019 1.0181513939338094
1020 0.6649083066534357
1021 2.2193564525227796
1022 1.288221317060709
1023 0.5460205942368184
1024 0.14954290772870882
1025 0.06517651010570572
1026 0.19922190837127687
1027 0.3906823584167659
1028 1.128964257441943
1029 2.4789945270818503
1030 2.688993133003531
1031 3.6904182820525517
1032 7.84778603400911
1033 11.019165095667436
1034 12.17722062173314
1035 19.20413488227918
1036 21.284565207448175
1037 16.551966995133817
1038 13.18613056650727
1039 10.123958332924623
1040 7.51528630614167
1041 5.205804556528635
1042 3.536317455745189
1043 1.5961394049515991
1044 0.6948487133795345
1045 0.14466371516041213
1046 0.11509994153225664
1047 0.33573348987695467
1048 0.5534507710110103
1049 0.1624608006373321
1050 0.2882095781312259
1051 0.06892331919366769
1052 0.014190394581739511
1053 0.07080462270536737
1054 0.21099165742925885
1055 0.9169524982399251
1056 0.9361709164474376
1057 1.610529556704889
1058 1.9523621430625955
1059 2.5756041740612305
1060 2.0576752198282264
1061 0.1533360307397748
1062 1.0166398736237414
1063 3.0854168792584167
1064 2.614446819146712
1065 0.8281897759128816
1066 0.5367443433818752
1067 0.7438996931012721
1068 0.4373288383733719
1069 1.4552505789711963
1070 1.797788516501953
1071 0.7616996703751194
1072 1.1938536333052294
1073 2.132892816381891
1074 1.0416694316553785
1075 1.3672831439344428
1076 1.6523962766465425
1077 2.9356649766281757
1078 2.5654223189969447
1079 3.8648200271317186
1080 4.665090789421926
1081 2.510485101808686
1082 1.6474982060499774
1083 1.3761915003014613
1084 0.9619687530175235
1085 0.6893542439771257
1086 0.7446477999649289
1087 0.25618103407204956
1088 0.06499380446533129
1089 0.09494628688566731
1090 0.0937232778278719
1091 0.5703167740110301
1092 2.054779559812383
1093 4.361081635355248
1094 4.505014773955321
1095 4.309000107102039
1096 7.055366884639242
1097 15.050376542983601
1098 15.659248196609216
1099 15.400686101570285
1100 22.38279854389841
1101 23.58669896140954
1102 18.32670876577821
1103 13.640938264230337
1104 12.072308889238261
1105 9.736187476792027
1106 5.43948238481201
1107 3.0319358270534065
1108 2.455302137046108
1109 1.1741438495911778
1110 1.6432784161567888
1111 2.4705431359173184
1112 2.3402662845053577
1113 2.0114208136292735
1114 1.5953456719671695
1115 0.8795464977362375
1116 0.3652185912927605
1117 0.4366309159895372
1118 0.8079023515858637
1119 2.848159824878548
1120 1.7939407257719566
1121 2.6722951937429986
1122 3.9932867946589856
1123 7.496948777454872
1124 5.203850053314006
1125 0.480672622854702
1126 0.2907678752996099
1127 0.7666178359542538
1128 1.0128971299113776
1129 1.5052125326289911
1130 2.207424358651379
1131 1.7894183328009572
1132 1.2948579914928788
1133 1.4151792306297168
1134 1.8524061590547993
1135 1.7000799933758952
1136 2.576457361250692
1137 4.944790420392065
1138 3.4253982159866165
1139 3.3028104395787525
1140 4.451490332124889
1141 4.188963565334325
1142 2.762755091224626
1143 2.384736520444239
1144 2.587002816173117
1145 2.7784041275654188
1146 1.036122408339379
1147 0.804917805324886
1148 1.2809579130943292
1149 0.7087565042588604
1150 0.2874420195226084
1151 0.10764224826710475
1152 0.16755387374220504
1153 0.16906589696624158
1154 0.011414292658315096
1155 0.38705304144786284
1156 1.60555504117862
1157 5.300012527314649
1158 7.722546366540469
1159 9.440129213403038
1160 10.76046026808834
1161 12.171667723280352
1162 14.180632872794202
1163 14.913764241553983
1164 21.165257450929438
1165 28.222990423978757
1166 27.345418606832084
1167 20.92452046432985
1168 19.085783876192842
1169 15.733163089901542
1170 12.683949133099809
1171 9.797962451995202
1172 8.606211645518142
1173 4.409439454259274
1174 3.6176048690231437
1175 3.6845783996479518
1176 2.439499402750728
1177 2.1998906335825037
1178 2.8485653887936166
1179 2.704939198878328
1180 2.129101677115577
1181 1.766043989080543
1182 2.579771124273627
1183 3.894070114334288
1184 5.6001998862400795
1185 6.033329815970472
1186 11.330760108057314
1187 11.878206210980311
1188 7.822728325070353
1189 3.1045731193886583
1190 0.0006730554929927394
1191 0.7975088964493939
1192 1.2869022197403654
1193 1.3305927210336412
1194 2.215462477679751
1195 2.765503379709285
1196 2.0835995032280152
1197 1.893625837620108
1198 2.645568534069905
1199 2.430810079342792
1200 3.7688635151390506
1201 6.310110761947837
1202 5.965166808506279
1203 6.970056135779213
1204 9.81165103802882
1205 8.0011696000227
1206 5.325170072968591
1207 4.2780741647601594
1208 2.719235087625664
1209 1.7955763033165972
1210 0.8108385489147995
1211 0.2337073836925324
1212 0.5911412405411794
1213 0.1555231530172367
1214 0.14898499485575262
1215 0.05172999173174968
1216 0.29178303209999923
1217 0.42479468140687404
1218 0.2224005064082221
1219 0.023095507481066768
1220 2.065392184351139
1221 5.534653741114335
1222 9.87906219929193
1223 13.904460083136195
1224 14.66895333140249
1225 12.71765098335874
1226 13.512336710737651
1227 14.885567354138798
1228 16.523429845997875
1229 21.340377065745948
1230 29.18915098487908
1231 28.991639801900476
1232 22.476366663607987
1233 19.914251592060175
1234 19.890218344775803
1235 15.275040281411137
1236 10.673981477937135
1237 6.09376040445417
1238 5.190471343099483
1239 3.2482034604883934
1240 4.111021021705391
1241 1.905202950381216
1242 2.1937241392278883
1243 2.715741373501366
1244 3.833380297499497
1245 5.244360176692181
1246 4.381267382967979
1247 3.2360294160090586
1248 9.692333285087553
1249 11.68198778279163
1250 17.25945388864561
1251 13.691349818890222
1252 8.238004398784561
1253 3.3640152964246584
1254 1.76207895990329
1255 0.0005100511275681438
1256 1.0827262926073429
1257 1.2358960672538646
1258 2.573489338424362
1259 4.385136482543622
1260 3.528555414210188
1261 2.4254090082834905
1262 3.5290032543871552
1263 5.114257613387293
1264 4.66023970181202
1265 7.245934193280696
1266 8.94495078561868
1267 11.594737644629136
1268 11.52362071570185
1269 10.622359815366227
1270 8.931855867893475
1271 8.193796972515246
1272 5.530001448197493
1273 3.0563131992436494
1274 1.849697993651707
1275 0.9550025373130061
1276 0.43933539320938747
1277 0.01793961825777177
1278 0.05961568062250623
1279 0.012766102409383117
1280 0.06104589297538122
1281 0.20882863789321945
1282 0.02147013859282436
1283 0.21766269467568616
1284 3.0527128460661195
1285 7.0873834675091825
1286 12.491437817468842
1287 17.093783227370015
1288 17.454072647625235
1289 13.65676017629325
1290 11.851280115063522
1291 12.881329016302383
1292 13.267787067028989
1293 16.183994160319426
1294 25.225790523070746
1295 28.811521535279358
1296 30.10315481346246
1297 24.98718093184002
1298 20.20035636711915
1299 14.926454776474545
1300 10.151856165201636
1301 9.394782611689436
1302 8.563394813825838
1303 5.783599050766439
1304 3.39915743644045
1305 1.589488908050901
1306 0.8410184610629446
1307 1.073036017981578
1308 2.4869741230037303
1309 4.756425592079005
1310 4.4883035554618145
1311 5.290811344111779
1312 11.869715706323992
1313 17.000655793567226
1314 23.396802811803948
1315 16.270434429075795
1316 11.552965066886127
1317 6.97405565181836
1318 4.186177617966669
1319 0.2700221287296969
1320 0.2538052800175534
1321 1.1276336387813237
1322 1.7331206920675106
1323 3.67285751568257
1324 2.871120159822842
1325 2.4679522483731953
1326 3.551348475248778
1327 4.732462772475387
1328 5.587962301092032
1329 5.607407882071838
1330 7.452369718155545
1331 11.293011751972845
1332 12.27908038047153
1333 14.334379436989792
1334 12.378637177040899
1335 9.833499909021276
1336 6.080489218354408
1337 4.790842964409839
1338 3.5806191306596293
1339 1.1906093575536516
1340 0.32568624305727545
1341 0.053865936811838
1342 0.003824999089951173
1343 5.6995403385855655e-05
1344 0.32400932969398544
1345 0.045209843754361864
1346 0.0034965436491036224
1347 0.7611707869907625
1348 4.545763160740408
1349 7.996631981166736
1350 13.937239209551084
1351 18.608924012801452
1352 16.93650177263104
1353 14.785088681989391
1354 16.36513497613764
1355 14.489822361185473
1356 17.253106489423597
1357 23.593483472907746
1358 24.398334997721992
1359 28.18841818432796
1360 36.327134757314695
1361 34.663298386762634
1362 24.414572099830586
1363 16.9689005830802
1364 11.462415167446686
1365 11.8684156750387
1366 13.449722689963192
1367 9.495417097219589
1368 2.0147430450815498
1369 1.0008618970147016
1370 0.6333023588394072
1371 0.5213633723244209
1372 1.0349944411480305
1373 2.6960983642579768
1374 4.3629964484704225
1375 6.5407852124746
1376 11.274805974381225
1377 18.202601230903728
1378 28.025888376902227
1379 19.811833018717724
1380 11.844914600882095
1381 7.68721242402123
1382 4.670946623337702
1383 0.7259565019123957
1384 0.023381922405995965
1385 0.14353417519952852
1386 1.0253819563863298
1387 0.6458523834639729
1388 0.7151635934012989
1389 1.1762783888148365
1390 1.4912790111026861
1391 2.5446961238556405
1392 3.31543996606041
1393 5.415058079447295
1394 5.669053305403198
1395 8.548671811866427
1396 8.390789453938229
1397 11.625751831193336
1398 13.561590621615492
1399 12.578503178431934
1400 4.393149048888933
1401 4.662772698581896
1402 2.8016269979646617
1403 1.9101206743336103
1404 1.3121176368211653
1405 0.341536615485107
1406 0.00992584799048005
1407 0.001014690567380974
1408 0.20766810235180905
1409 0.003594078055862716
1410 0.2254066092099067
1411 1.4304900399565734
1412 6.145759342165087
1413 9.742676365128524
1414 12.76758393140473
1415 18.687522187487854
1416 16.688444509696158
1417 16.126903903991067
1418 17.638588943268743
1419 17.76379434152609
1420 19.571389609108095
1421 33.531328237538546
1422 35.42285185582992
1423 29.733484681479812
1424 28.667523598639757
1425 31.33195946136704
1426 24.29957472726025
1427 18.26629594103388
1428 13.548918782788114
1429 11.808276667905934
1430 13.316525465622592
1431 8.060292732856716
1432 3.0119984259707504
1433 1.5010379504752545
1434 0.9827187601926014
1435 0.7056933483784453
1436 0.8427772208230006
1437 2.968073535237096
1438 5.537353086623145
1439 9.174387854939983
1440 11.325609132340169
1441 17.38547076505695
1442 24.755793105405623
1443 17.19732414216405
1444 9.505828458794404
1445 6.665051327565789
1446 4.249370777380718
1447 0.7021032242754668
1448 0.9877758762935668
1449 0.1842125993311607
1450 0.47035814980788115
1451 0.08929017500750065
1452 0.00038507306627178476
1453 0.2504598169575027
1454 0.17218690444695212
1455 0.5038769655363023
1456 1.4088644475153589
1457 3.4998340451260073
1458 4.429823975134581
1459 4.348286234843573
1460 5.904201278177497
1461 7.355035421837003
1462 10.1643761061839
1463 10.326821266711931
1464 7.216171661454853
1465 6.161373270909714
1466 4.011993415318369
1467 1.8381536427928293
1468 1.5333666530645775
1469 1.185145428967251
1470 0.07258693409452023
1471 0.005971997859782995
1472 0.0005550791162095562
1473 0.09834929063426874
1474 0.9309173025289612
1475 2.7457359330472837
1476 7.468314017373725
1477 11.898829037054114
1478 14.675898718547847
1479 18.890875111428308
1480 18.128890120584984
1481 18.937391184730483
1482 18.997603434516805
1483 23.301629923983043
1484 28.231620875855224
1485 40.35804771754772
1486 47.13639424905801
1487 39.20989832568973
1488 30.937733738980373
1489 30.161525392776227
1490 19.709354080521425
1491 15.519438039567646
1492 11.844348297904302
1493 8.379227551601875
1494 8.262945851083906
1495 6.171865303759741
1496 2.81975688319627
1497 3.412158831099586
1498 2.552467679202274
1499 1.1762732468208332
1500 0.13022800128244502
1501 1.5252072758969948
1502 3.5662134563919623
1503 6.999131003183369
1504 8.714391722034316
1505 12.727967847624724
1506 16.510145397195437
1507 11.542446540611706
1508 8.586849506262226
1509 6.852921250823848
1510 6.446870429045004
1511 2.6598340953881254
1512 1.693467961499106
1513 0.9688130081260091
1514 0.010795443271684241
1515 0.02390774166609604
1516 6.87759914339321e-05
1517 0.2697736972973393
1518 0.08439953884445561
1519 0.33557446299169186
1520 0.8289296041353845
1521 1.8340626817774937
1522 2.5460674065735187
1523 3.6014429685189073
1524 5.329117581210565
1525 5.890679788518803
1526 8.300447531458921
1527 8.686479008820555
1528 8.017328897183745
1529 7.3223876275365765
1530 6.096532500008803
1531 5.572083196315703
1532 2.7570059827525015
1533 1.262555118581107
1534 0.5784783532667582
1535 0.31357025005006234
1536 0.3390020553979688
1537 0.5128025651218535
1538 1.7902548211213556
1539 3.699619744700123
1540 7.375471649821015
1541 11.229373844556559
1542 13.793888302318217
1543 16.270400872905647
1544 17.7741202189227
1545 18.525343354503498
1546 19.072318693239
1547 27.331932730613026
1548 37.82301696249878
1549 51.421773307516716
1550 53.2501543801933
1551 45.97847295760645
1552 40.590383204415495
1553 35.83590453175453
1554 24.726362176869234
1555 17.55188985658866
1556 12.082840648000985
1557 8.632971577525305
1558 7.948138758125324
1559 5.511916862083496
1560 3.3937989856467192
1561 2.4257973027408375
1562 2.7427484654865095
1563 1.6938984874271559
1564 0.24892634721284274
1565 0.4907473145440811
1566 2.092411224949393
1567 2.64986072631827
1568 4.313022966745033
1569 8.582933128665495
1570 11.37979372327071
1571 9.346634400584145
1572 11.460944839659348
1573 9.883243840075606
1574 6.3309384042022385
1575 3.881548193943361
1576 1.9017230193532209
1577 1.6105528265984386
1578 0.4946009105125156
1579 0.26331729812157895
1580 0.009244755537766136
1581 0.0006674743531078375
1582 0.006614130634746186
1583 0.15150184424520183
1584 0.3805529206410742
1585 0.9897024454789476
1586 2.219343139367663
1587 3.3255061469534133
1588 5.291442278622063
1589 7.29319451128551
1590 9.176581867902776
1591 7.574107534374419
1592 8.619691095518059
1593 8.739170370049168
1594 6.061910756549094
1595 6.087960487296032
1596 4.928646957941759
1597 2.8498179950903526
1598 0.6566081307697699
1599 0.25146196519281444
1600 0.49434173090419237
1601 1.1464709228588383
1602 2.722375308912015
1603 4.961470565544792
1604 8.359905768478285
1605 12.060136595166744
1606 14.702132773019345
1607 16.506091027560334
1608 18.486139377362576
1609 19.71132071237133
1610 20.28554324869379
1611 27.42632169200112
1612 41.794579708516224
1613 49.43505601758688
1614 60.12212330007708
1615 55.227912345575405
1616 41.55140498309328
1617 36.58489398221236
1618 31.608873317997904
1619 25.90649846647783
1620 19.029047850141335
1621 13.821000920721563
1622 10.941506090644337
1623 6.93189937087189
1624 5.247216779240352
1625 4.064650470222334
1626 3.5690758419192097
1627 2.7131270000184937
1628 1.4639239282268885
1629 0.8312728353871821
1630 1.531841820346812
1631 1.7095879586014033
1632 2.906297324369493
1633 4.50090346533163
1634 4.513938095988666
1635 5.5927205948292995
1636 8.539798415942224
1637 10.433027874348712
1638 9.404025989552284
1639 7.264775325586405
1640 3.43642005673066
1641 2.2134518043411466
1642 0.8783382232772734
1643 0.21684074820002194
1644 0.0010353120123454808
1645 0.08277966577817927
1646 0.52655838354524
1647 0.43176271054807136
1648 1.2233577419189803
1649 3.262300871907711
1650 4.209730002036618
1651 5.3412394242574655
1652 7.834470515139121
1653 10.85539532779254
1654 11.946346353955082
1655 9.889130397007033
1656 10.722581368166752
1657 10.21780646365287
1658 6.935475163530903
1659 9.215486439100609
1660 8.26681899200185
1661 4.004908581601363
1662 2.163584671628162
1663 0.6268089303973101
1664 0.717691888588631
1665 1.3648992287844244
1666 3.153056768119222
1667 5.076111405475024
1668 6.799996685895955
1669 12.397189785656881
1670 15.861305675705642
1671 16.3779329126139
1672 17.38993769523471
1673 19.205867763622084
1674 21.57736514044787
1675 28.76217259877514
1676 42.76536334949141
1677 52.66400035073116
1678 65.37072824062825
1679 56.49726982757907
1680 46.040708654429814
1681 44.40228963320495
1682 43.94475128356562
1683 34.26534742868481
1684 29.67866744857036
1685 24.192171476834922
1686 20.281691780957686
1687 14.63116292559028
1688 9.788939162079881
1689 8.742554444907707
1690 6.139614994169228
1691 4.0688381522601915
1692 3.7243828831085457
1693 3.2297135066671268
1694 3.0876609202378047
1695 3.8011947193084823
1696 4.95593582527372
1697 5.550082566450761
1698 5.4346649667754585
1699 4.3035478552629165
1700 5.36829359731607
1701 7.8468219285764915
1702 7.133838387403911
1703 5.973524929757463
1704 3.426968668729905
1705 1.7485426342822725
1706 0.7982094147454742
1707 0.13530599024771156
1708 0.014817260413457321
1709 0.6975267377541093
1710 0.9113727079023517
1711 1.1255171483486186
1712 2.4926158450350644
1713 4.981806568818759
1714 7.190260176354163
1715 10.836473200892351
1716 13.152229536670019
1717 12.744431044871435
1718 11.192811250456286
1719 8.285117218745482
1720 8.377506107727433
1721 9.204890241176603
1722 10.371483753573544
1723 12.046405408983787
1724 9.737632389132592
1725 6.3997566068070535
1726 2.933413706856166
1727 1.5479138746273093
1728 1.5466652755226962
1729 1.5782767665586086
1730 2.919592087137248
1731 5.785489570508612
1732 8.064707578371218
1733 11.135813522490002
1734 14.46484554482012
1735 16.22489283949599
1736 16.263879065729647
1737 18.904214327264867
1738 22.061539612345122
1739 26.951973744666034
1740 38.65811402730328
1741 50.28294302439745
1742 55.08758398364567
1743 51.92099027144063
1744 49.80740799903399
1745 49.93871168897477
1746 46.09236134466787
1747 40.71809414783224
1748 36.89404099598291
1749 30.568027841950244
1750 21.448931846616436
1751 19.10986178740704
1752 12.184508849888438
1753 8.711197526446306
1754 6.886323086007716
1755 6.386750506988024
1756 5.302206340084619
1757 4.617041698782768
1758 4.794090368115726
1759 6.401202761248323
1760 8.016931364445115
1761 7.225805716495975
1762 7.533082549498378
1763 5.42441791452027
1764 5.521133533232621
1765 4.526297868229036
1766 4.053890406914084
1767 3.2262632712754478
1768 1.8307109115751372
1769 0.5154508964177847
1770 0.18383950216331277
1771 0.014617976870627223
1772 0.4657935734581678
1773 1.353615249554837
1774 1.8902599504667972
1775 2.1823246127785927
1776 3.362816158941413
1777 4.582069260539586
1778 8.424470701858954
1779 14.30473256387385
1780 16.34960055518888
1781 13.864800595283137
1782 9.137550227907145
1783 8.501648466967426
1784 6.502406128767064
1785 5.6017078190820095
1786 9.472814318460843
1787 11.077215134648807
1788 11.486800573075802
1789 8.2975670916364
1790 3.7001804882569784
1791 0.9280831176040909
1792 2.496099788737495
1793 2.609744768436519
1794 3.235198530539421
1795 4.952823083701872
1796 7.125120671377247
1797 9.70563334184155
1798 12.985408873952796
1799 15.191829770246379
1800 17.614727288610133
1801 19.673921261774204
1802 21.678663148967352
1803 28.10268101418684
1804 39.13288588406747
1805 45.13874142925121
1806 46.46761286511853
1807 46.83187063488383
1808 56.65060008400067
1809 56.15186315310889
1810 47.95600544343324
1811 46.661905975069295
1812 41.68146781298263
1813 33.070891718970245
1814 21.174062312416595
1815 17.593716355987947
1816 16.091964155551977
1817 14.183420772642922
1818 9.767519295623856
1819 9.602108961832586
1820 7.569598224469298
1821 6.666387134662545
1822 7.486444240682283
1823 9.472539494414894
1824 11.148815803640597
1825 7.516095134290617
1826 5.6471967458909225
1827 3.2430072389358697
1828 3.6769629790943434
1829 2.4452546386189713
1830 0.9333272453089783
1831 0.8065981621625509
1832 0.2642008597863383
1833 0.03242356804773658
1834 0.4226459810003478
1835 1.1120650972921566
1836 2.7506434050439252
1837 3.0588779735814207
1838 2.8975690425806335
1839 2.989786451143104
1840 5.511643428265174
1841 6.868450473547393
1842 8.652942510575862
1843 11.811421650516998
1844 10.681768128748306
1845 11.143967836944947
1846 11.555477919054267
1847 8.42096642070937
1848 7.369874735905759
1849 8.622583475342404
1850 10.999956030984402
1851 11.835483288581662
1852 12.251778577007961
1853 11.291032138479604
1854 3.7918970322340333
1855 0.9807928160205636
1856 2.8292486600108346
1857 3.250568574698413
1858 3.8232257680677213
1859 4.851309582812018
1860 7.038945751201337
1861 8.678638267979427
1862 11.810230226948732
1863 15.701832213032777
1864 20.156746611773038
1865 22.197008741735146
1866 22.26863289620779
1867 29.273251080049125
1868 40.571760457751374
1869 48.04455606655815
1870 51.68885130857052
1871 50.89934067790391
1872 54.22621451793646
1873 48.945480039821796
1874 47.33456993473633
1875 45.055585592310265
1876 42.4775064946797
1877 31.36071450310092
1878 21.735539501045455
1879 19.404503425879454
1880 19.32600123841267
1881 14.095185954993417
1882 12.75923620506973
1883 10.294118089402179
1884 10.44072051401833
1885 10.50459869243372
1886 9.1299061521435
1887 10.946156282072483
1888 12.63552397725477
1889 9.219399480425649
1890 5.435694980844421
1891 2.1408728504264936
1892 0.9294356073517452
1893 0.0972152033802651
1894 0.0001982024867015188
1895 0.03864368805567368
1896 0.22594762651333333
1897 0.8788866815545916
1898 1.6190412004939752
1899 3.7723833756496177
1900 6.273281018620021
1901 5.5073685443242635
1902 4.9737914969907076
1903 6.07548298229445
1904 8.552281099595184
1905 8.77478264866324
1906 8.321384750740854
1907 8.042639073061203
1908 6.682913785750976
1909 8.17838124197318
1910 10.878823315824722
1911 8.17205676683451
1912 8.158138108163348
1913 8.918328807128951
1914 11.136466816444997
1915 12.26791516494193
1916 11.782487863204231
1917 13.070986883534932
1918 5.304258077631296
1919 1.5385262760897624
1920 2.86179008688797
1921 2.96207302070841
1922 3.524212707007987
1923 4.803273375676801
1924 6.133812389579775
1925 8.720099469572846
1926 12.297148266956773
1927 18.21878208256742
1928 20.409694318238007
1929 19.103475226190046
1930 19.232376541815164
1931 26.312297933287827
1932 35.48429613889152
1933 46.00368896250307
1934 49.318084460144945
1935 53.81612219381314
1936 56.192365480343135
1937 58.313654683059106
1938 50.992414687384205
1939 43.85671174610326
1940 38.39172189457739
1941 30.235941131961383
1942 26.338006402890286
1943 22.41739476018599
1944 19.525956220747435
1945 17.728403893112613
1946 17.714003389388957
1947 14.713012739009644
1948 12.742174165792122
1949 13.382967732125286
1950 13.838121525830832
1951 12.606980316845354
1952 11.28807712819306
1953 9.091864906168032
1954 4.4893800033979145
1955 1.83603804391917
1956 0.5956694605340404
1957 0.013659599446902069
1958 0.08649482493712421
1959 0.8579947050679636
1960 1.4807326979911621
1961 2.623923483904835
1962 3.3356623594798673
1963 5.822587471341195
1964 8.07469638326791
1965 7.245487697798178
1966 7.430593723909072
1967 7.3431028900728945
1968 8.308810773305877
1969 7.5009645067528234
1970 6.566859321879437
1971 7.0957194286020036
1972 6.820023843064455
1973 10.182615831355461
1974 9.027536209304463
1975 4.5551083729727555
1976 6.390735609508053
1977 9.33895542841597
1978 14.313398661652748
1979 14.256109415380799
1980 10.577400427224726
1981 12.627231321916982
1982 7.286479955088735
1983 1.9542733051495322
1984 2.8409540020727855
1985 2.6804144529896967
1986 3.6833262588601348
1987 4.75979926507358
1988 5.267573401654188
1989 8.353096415426535
1990 12.8311608038193
1991 18.670517190414035
1992 19.692841722432817
1993 19.64870286054131
1994 19.143883231035566
1995 25.84290922366332
1996 35.18097673212037
1997 42.01787254426153
1998 45.18268759532786
1999 46.42624204217132
2000 51.03628076772206
2001 54.84160254206342
2002 48.83849662630816
2003 42.91034376308587
2004 36.43653971741021
2005 30.555097847051897
2006 24.531825119971288
2007 20.338116529048097
2008 18.203289810954242
2009 19.801814151134185
2010 20.893566111308562
2011 18.237545087696546
2012 15.465849938766098
2013 12.580542835063591
2014 12.20701334310227
2015 10.452733234678464
2016 8.107155777986216
2017 5.789015497356028
2018 3.4481820845715117
2019 0.9162899031079814
2020 0.15767324212612863
2021 0.12913454870600719
2022 0.030022256172883118
2023 0.5700249358655163
2024 1.8125752273891595
2025 2.6706601244896997
2026 3.4970540028797177
2027 5.925255650158239
2028 7.493235836684771
2029 8.444842771374917
2030 10.45250172425404
2031 7.721660146088579
2032 6.135177470452462
2033 5.587244608340387
2034 5.293499218605115
2035 5.684090907898883
2036 6.226110561364905
2037 10.368362374778718
2038 8.210436638705055
2039 3.078370425141984
2040 7.456311240009834
2041 9.616196323292248
2042 12.219530348058365
2043 8.718872508992206
2044 9.314692119509644
2045 11.321262591402927
2046 7.555243584360624
2047 2.0205569404971677
2048 2.0975743618924847
2049 2.1903451579997317
2050 3.3917167247913436
2051 4.634435815065542
2052 5.397922924353482
2053 8.420394741710307
2054 12.785392393777405
2055 18.160202860593095
2056 17.679768967634537
2057 17.420582954155403
2058 17.472518116883066
2059 23.57140224439844
2060 30.58880481430311
2061 39.71681969509006
2062 39.0608572531115
2063 36.26093391655816
2064 45.01326865020279
2065 49.77340843571098
2066 44.99389422531859
2067 35.89093377895701
2068 32.00593257496767
2069 25.870757427438818
2070 21.748781457604565
2071 19.579682639136855
2072 18.939307625250304
2073 25.687707932261564
2074 25.52958322262364
2075 23.350995446510158
2076 15.511398995557395
2077 12.719005161663034
2078 12.723696386863034
2079 9.19310934361735
2080 8.368734271146044
2081 6.355852254991845
2082 3.614520981220362
2083 1.2161630309530265
2084 0.23212534615929173
2085 0.03736387310555887
2086 0.009184367579917507
2087 0.06835814175655616
2088 0.6945989487390967
2089 1.8079289495793034
2090 2.6378432718338556
2091 3.6582318353570265
2092 5.189246341134147
2093 10.398234596841691
2094 12.235354516339147
2095 9.423125144554904
2096 6.714620981034823
2097 4.820900130009587
2098 5.484695059230753
2099 6.656913248799557
2100 5.878606793151542
2101 7.450776521636766
2102 9.772026343373492
2103 8.931985268314435
2104 8.790260304689065
2105 8.104262913630498
2106 7.070247140256776
2107 6.153898675008906
2108 8.199391036353573
2109 11.287807231110637
2110 8.248432852757904
2111 2.209523090093349
2112 1.710742425442315
2113 1.7466224254196838
2114 2.311356431062872
2115 3.3713360430349537
2116 5.648503342608233
2117 9.22304431094694
2118 13.081016250909906
2119 17.45612415658791
2120 17.094377940038346
2121 16.802216177058693
2122 14.99281987597059
2123 21.699234845575976
2124 28.59793069342583
2125 37.8657725441549
2126 37.33238494935765
2127 36.33529805039427
2128 41.55099655320422
2129 49.25530716198009
2130 45.1960117846639
2131 35.301934373611765
2132 27.738413891180752
2133 28.440248340464457
2134 28.744462312370253
2135 26.82895007122531
2136 21.897964350723367
2137 21.848316867498852
2138 21.15045745659028
2139 17.48782428181322
2140 15.595509111258623
2141 12.89321604319048
2142 13.23456298356621
2143 11.477098676808195
2144 11.734133671554929
2145 8.337035007953656
2146 4.465507812645548
2147 1.6987198462170012
2148 1.2754288654419754
2149 0.5361576195786073
2150 0.18071518115071097
2151 0.04528625765443093
2152 0.1447840192908334
2153 0.7015006066084669
2154 1.6804690443135917
2155 3.1371487791236303
2156 4.732951401772395
2157 9.563576805938473
2158 11.602121797862557
2159 10.914622252224907
2160 9.993009674362991
2161 8.192885830706226
2162 6.641910016474508
2163 7.679952483777612
2164 6.511305967302866
2165 6.9288201557527485
2166 10.566790704740129
2167 9.752588163820796
2168 9.130508290357918
2169 5.909806679932503
2170 6.60212687887312
2171 4.091500408004631
2172 6.196528935416175
2173 11.345001938587473
2174 6.623263622035092
2175 2.193549947315819
2176 1.3416495307683198
2177 1.025490336166824
2178 1.5710302429518737
2179 3.272693674211694
2180 5.559532197712209
2181 8.96407013467755
2182 13.523875270135091
2183 18.637048892577415
2184 17.228234279570817
2185 16.740369069065284
2186 15.271428259777473
2187 19.997443566543957
2188 28.623829407401033
2189 38.17662051707307
2190 37.05086110960071
2191 35.6364554635109
2192 40.69820832874703
2193 46.614111182768895
2194 45.186052528724105
2195 33.970331564212266
2196 24.64887821088453
2197 25.361103189260664
2198 26.436587576138134
2199 28.276978490308313
2200 20.715053486916727
2201 16.559073603060863
2202 14.081213139040958
2203 12.437075100419824
2204 12.580485539364515
2205 11.061211239375266
2206 9.570277942413218
2207 9.334262754703692
2208 9.363573433822129
2209 8.492778896990131
2210 6.526083060946633
2211 3.084807085554871
2212 1.6737190232217494
2213 0.9902128859258054
2214 0.7478914210995157
2215 0.08242870222996078
2216 0.07306283978705952
2217 0.7860028637687491
2218 1.4480436036310622
2219 3.1527583598026143
2220 5.013756816242278
2221 9.340431008578085
2222 10.000039077041732
2223 9.395665745175286
2224 10.054840612375777
2225 10.309040012408616
2226 8.345121355230456
2227 9.679530088624961
2228 8.132195954102958
2229 10.480482940422233
2230 10.211123968089314
2231 8.2985632652601
2232 7.357025914198905
2233 5.48991094839963
2234 5.596133354142904
2235 4.03901814900224
2236 7.161833606106684
2237 10.723230688653546
2238 3.8912592810207594
2239 1.9423501247493677
2240 0.6743768687125975
2241 1.0208428513467653
2242 1.7542939768997645
2243 3.233754209713455
2244 5.332101560577596
2245 8.616765941265434
2246 14.598770095103998
2247 18.969932899950702
2248 17.014485435503953
2249 16.725082551130196
2250 14.160178801448335
2251 18.80470399979821
2252 27.932527348670707
2253 38.173518540225466
2254 38.28747693939724
2255 34.90237651160808
2256 32.920086907965455
2257 36.59847804654692
2258 40.02234886292196
2259 30.460368365793194
2260 27.98871283684984
2261 25.958234620065316
2262 25.5167419163782
2263 22.89483627581178
2264 16.71732844511294
2265 12.949886876110128
2266 10.324634857517761
2267 9.453123408094731
2268 9.845502296394518
2269 9.074174480855072
2270 7.390672874284476
2271 6.8180991696312345
2272 7.041496959671973
2273 6.723047574097148
2274 5.4776519117969595
2275 3.0928905495969206
2276 2.286795831251381
2277 1.3478723399518961
2278 1.134446313751214
2279 0.5489239574363673
2280 0.00040548338286057267
2281 0.596853639937229
2282 0.9227346816688904
2283 1.8749535292303392
2284 3.820015523529435
2285 7.071914467924557
2286 7.73971331811721
2287 6.58866047884152
2288 8.532846184552826
2289 7.941442262103758
2290 8.574634996994085
2291 9.837011972986696
2292 10.139295016446276
2293 15.281954720044252
2294 12.494158180545371
2295 8.38003492413434
2296 6.007902897075615
2297 5.250826610498126
2298 5.233801109754964
2299 4.4215712369351055
2300 6.1872959227937825
2301 7.807136747142221
2302 3.127559917969015
2303 2.1622400091642446
2304 0.4707482269735086
2305 1.1530956251253004
2306 2.0717635801061483
2307 2.5946771770079895
2308 4.215919281161168
2309 8.003388881482657
2310 13.667481553645443
2311 18.28606383573353
2312 17.889291424980247
2313 16.822270711835266
2314 15.473450507179527
2315 20.077911961115035
2316 27.79309957052181
2317 37.47598890087613
2318 37.150324368220865
2319 35.592055843371185
2320 40.61372377274104
2321 42.16634683279539
2322 44.062970078641854
2323 38.56818528585748
2324 37.016374840366595
2325 27.718983220460046
2326 18.4885849626153
2327 15.799992320295367
2328 13.100354286429482
2329 12.880148908121116
2330 10.072799842062603
2331 7.526070714201717
2332 6.340603476527657
2333 7.430906749298205
2334 6.575893968502882
2335 6.42918211650583
2336 6.721738741393461
2337 8.00995930644111
2338 5.352826406987037
2339 3.4911364126139603
2340 4.1200849063984935
2341 4.506752906328909
2342 3.432931494297011
2343 1.0636392011462745
2344 9.376479524229423e-08
2345 0.36849787255119115
2346 0.6708550229055483
2347 2.4541510103916484
2348 4.903313834662782
2349 4.7161300120812095
2350 5.5992192230526365
2351 5.954369092392316
2352 6.5386912790091145
2353 6.630918070310129
2354 7.629355002144244
2355 12.383359239186007
2356 13.782965999103448
2357 15.994452196328867
2358 13.168823269882209
2359 9.438551812642713
2360 5.292508282685623
2361 6.40417929182119
2362 6.817111295115592
2363 5.280285672090021
2364 6.112014504539657
2365 4.523852050479041
2366 2.428390867477803
2367 1.74985787074164
2368 0.5408226613805296
2369 1.2817132996244973
2370 3.0950591915213157
2371 3.8073130375136324
2372 5.352334343308588
2373 8.233554276443693
2374 14.460927948096998
2375 19.078687480935812
2376 19.228533976814333
2377 18.195314320069247
2378 16.849479020110312
2379 19.51160208641689
2380 28.52097764981774
2381 38.816776690996505
2382 40.632646964134054
2383 39.65875803532531
2384 41.17331771954002
2385 45.208316905401865
2386 48.29223174707686
2387 40.44432610299195
2388 37.931053417129995
2389 27.891498751039713
2390 15.787533709218968
2391 11.883649174990811
2392 10.096511065772612
2393 7.83685755729947
2394 6.310627069133213
2395 6.489519933030059
2396 4.998220655324281
2397 4.983814480360479
2398 5.158284651225377
2399 4.4116364720037975
2400 5.72283691552897
2401 7.253576536006906
2402 6.090614300778279
2403 3.8501108509929813
2404 3.621207962720695
2405 3.595519520108115
2406 2.2829284274799244
2407 1.162786159052952
2408 0.27459374656999674
2409 0.05919997728957199
2410 0.09559258044065855
2411 0.6821494107999317
2412 2.6275841527963846
2413 2.846801248332309
2414 3.6711599021230237
2415 4.7226584045658875
2416 5.967981989300821
2417 6.488076057230906
2418 10.122373160035075
2419 18.001919748311526
2420 19.38250588377
2421 19.38412188051626
2422 15.225528039785514
2423 11.946246575424924
2424 7.55590931998439
2425 8.238410940340593
2426 6.86423744894104
2427 5.885796343195454
2428 5.906460353221461
2429 3.0157784881471295
2430 1.729531118259215
2431 0.8841124496259346
2432 0.1006426957258807
2433 0.7519702059607594
2434 2.8844184914895794
2435 3.9821450807986682
2436 6.09780388665667
2437 9.909183592108633
2438 15.270697432389646
2439 19.573427309838205
2440 19.473273198448883
2441 19.77347052248014
2442 18.938291670298877
2443 18.932744733137007
2444 29.51737165953525
2445 35.13896390832238
2446 36.39624545308793
2447 39.14037351348799
2448 39.061564594303476
2449 37.13860386954399
2450 40.33278769219323
2451 31.9652392007668
2452 29.384159148568344
2453 19.16643282451609
2454 10.717847526662155
2455 8.287289578892121
2456 5.622869807053058
2457 5.847675306122702
2458 5.629163172982045
2459 5.034094948557269
2460 2.86920928421409
2461 2.7479825380894356
2462 3.1240530961084656
2463 4.401536512923595
2464 5.497828734038321
2465 6.143728026764311
2466 5.157961104324186
2467 4.558853484606152
2468 3.5995086418226254
2469 3.433778253043504
2470 2.28229412265802
2471 1.1030936711915913
2472 0.37232974960775467
2473 0.006658779275760837
2474 0.027387869679913284
2475 0.3597060847627616
2476 1.317639406670684
2477 1.7406514925571939
2478 2.49024428846595
2479 4.26011434067414
2480 7.048104854300188
2481 11.655647396170249
2482 16.87881262298848
2483 21.044484170047674
2484 19.59012236953825
2485 24.299934361627543
2486 16.951559407284293
2487 14.638111136542609
2488 8.944119769060785
2489 9.092492837172616
2490 7.2442126794610475
2491 5.119684666547249
2492 4.9218229247818845
2493 3.062459289649769
2494 0.5324429576194655
2495 0.20604960805874
2496 0.028769857320236236
2497 0.8297830552933073
2498 3.369130528172152
2499 3.8313976308471793
2500 7.304796206951244
2501 11.29509717852712
2502 16.588304863980465
2503 19.299107635731207
2504 19.39965283593973
2505 20.630412532494432
2506 20.420170063056876
2507 20.292332079576834
2508 30.04495191437694
2509 32.77047621700813
2510 40.4297214898552
2511 39.32597668884004
2512 39.2984296815675
2513 42.01602389123692
2514 35.78616200688927
2515 27.26755772217562
2516 25.730465545409345
2517 17.665624128008524
2518 8.66251198896236
2519 5.839748097544983
2520 4.698719992033401
2521 6.7550387528452145
2522 5.982826742135205
2523 3.5331937539681926
2524 2.360676625177854
2525 2.997300529936834
2526 5.051275210068242
2527 6.784657455192243
2528 8.154351959264066
2529 7.88936021119554
2530 7.551713773022587
2531 6.530311737676331
2532 6.33105496982229
2533 6.599237914734798
2534 7.587310410151249
2535 7.0164568522281225
2536 2.4880976839328497
2537 0.5221941581464841
2538 0.11057393532747825
2539 0.5662733875441814
2540 1.7230043433309055
2541 1.1017276507009455
2542 2.438496518496686
2543 4.677803900347022
2544 8.470513715214793
2545 16.022039974602883
2546 20.74317476770454
2547 23.18755881420326
2548 20.09767843357589
2549 23.22567248944564
2550 18.004123244229596
2551 16.84071294978318
2552 15.721537977134663
2553 9.12457286038996
2554 8.997560146657491
2555 6.760296386938544
2556 5.0429972830645236
2557 2.67883127949644
2558 1.1225934654734329
2559 0.41675007669363207
2560 0.0969077095644727
2561 0.26529030368177603
2562 2.6430322759285945
2563 3.916888494962993
2564 6.579304569697103
2565 12.50310629643613
2566 17.263118769699943
2567 19.6871741651523
2568 19.39344740889209
2569 21.451652090231338
2570 20.82718089409775
2571 22.37964238774288
2572 31.032524172615002
2573 36.8455232892212
2574 44.76877403945468
2575 40.88092441427131
2576 40.29305763565994
2577 41.73740121235696
2578 34.76109320380889
2579 24.9410212840072
2580 20.312564342889033
2581 13.339087824805112
2582 8.643976329758791
2583 6.574657610970347
2584 3.03645421526981
2585 4.404212158280142
2586 4.299098123190785
2587 3.2357075847433934
2588 2.9924629968551155
2589 3.8045043252782937
2590 8.849758576394338
2591 11.757991371512112
2592 10.475858748065052
2593 11.165926991662054
2594 9.425528544694584
2595 10.059416905719543
2596 10.993939081629543
2597 13.04591019377607
2598 14.40551733509909
2599 11.706725787892589
2600 4.830528406358098
2601 1.3480671393630053
2602 0.43587480000455725
2603 0.47421466647565086
2604 2.3792438446277933
2605 1.9433607103485742
2606 3.4960264432549257
2607 6.935830938258849
2608 9.464797173528547
2609 14.34623714651648
2610 14.846866619436511
2611 19.682523151784448
2612 17.609597586446828
2613 17.499861097276607
2614 13.154360303576427
2615 11.684662278435534
2616 13.7353571306565
2617 9.878665039136537
2618 9.099034201961494
2619 7.050350186078696
2620 5.2623615628964755
2621 3.2036532828588493
2622 1.391281954919676
2623 0.4666655245296682
2624 0.2454781767152432
2625 0.03193115671847014
2626 1.598459433105404
2627 3.830630206682315
2628 7.801000580222525
2629 12.058132060154804
2630 15.267400527101316
2631 17.307527292739604
2632 17.923520797458742
2633 18.758736063893373
2634 18.64061120399698
2635 26.42266600303131
2636 29.781067117412313
2637 39.82393121922227
2638 43.19224418439672
2639 40.00314882167548
2640 39.14135744558803
2641 34.720782160192606
2642 31.577296870211022
2643 26.056694957905634
2644 19.39150505627141
2645 14.770023048699311
2646 10.052012047964746
2647 6.683945211151865
2648 3.214588104728154
2649 2.977026730250606
2650 2.8023224393345316
2651 2.5314961715613613
2652 2.840237935504886
2653 4.403092980661534
2654 9.304311103752816
2655 12.489383740731238
2656 14.494640420288363
2657 13.738115255087273
2658 13.651711803834212
2659 11.415790549254822
2660 8.758696215761471
2661 6.694719372080179
2662 7.959735169060186
2663 8.376224563756232
2664 4.651575629752788
2665 1.2058273401344566
2666 0.16135980473107817
2667 0.32631552544824644
2668 2.126758205520946
2669 2.3159685255586497
2670 3.6814881775071946
2671 5.838449139533186
2672 6.695323492197088
2673 8.97274112977991
2674 11.182559256984058
2675 12.606267680258311
2676 11.747136152699763
2677 12.097602819727207
2678 11.420368877149512
2679 11.282844503139133
2680 8.951967351144502
2681 9.456504101786539
2682 7.429689556906575
2683 7.582703285213957
2684 3.517165972507883
2685 1.7850187191189264
2686 1.4333787087207808
2687 0.4891631714138433
2688 1.176358704820743
2689 0.3133745741341373
2690 0.475865473433074
2691 3.197688621811232
2692 8.007781050450003
2693 11.371428586363216
2694 13.546470360930716
2695 14.690576305060631
2696 14.153513557087464
2697 15.574923412811865
2698 17.23658906860329
2699 23.298973729625985
2700 27.160752878086086
2701 34.940091539922314
2702 32.410387437546675
2703 31.93809199964601
2704 36.50286829814039
2705 34.02629418310974
2706 28.86794094255966
2707 24.60604285103575
2708 22.593977811615503
2709 16.97367345310998
2710 10.528482251766954
2711 5.298996903853155
2712 3.0748742243652467
2713 2.7793340894950624
2714 2.108851274046074
2715 1.672079389402626
2716 2.2949385908484037
2717 4.552450155119199
2718 8.910671536031781
2719 11.505794413859977
2720 11.658616726867857
2721 13.146064873179558
2722 20.775438173830842
2723 16.866292367658193
2724 13.119086166538407
2725 9.936517246666746
2726 7.438042742643344
2727 3.5589938648996413
2728 4.107989342167765
2729 1.7477729634271042
2730 0.09436404005904526
2731 0.3038544027182879
2732 1.838751745643625
2733 2.5099133138840086
2734 3.259341295728845
2735 3.662301071491956
2736 5.169177552520148
2737 5.559055994822982
2738 6.450097346555678
2739 6.578450225752399
2740 10.037213038062283
2741 11.80445478923456
2742 9.652143698129063
2743 9.718627434989068
2744 6.177414127178827
2745 7.971364005510447
2746 7.020256829845915
2747 4.62449548337621
2748 2.1919475237493633
2749 1.2117837253535393
2750 0.9146280129382057
2751 0.33432493803677926
2752 1.4634252515437878
2753 0.9103499585448565
2754 0.01624002069870149
2755 1.3325702205119903
2756 6.545574264571095
2757 8.702230167360849
2758 10.248148693695136
2759 13.226603577983248
2760 13.834021471871631
2761 12.32245758069031
2762 14.284028735857548
2763 19.362569217560484
2764 24.37702761082824
2765 25.907610429988466
2766 22.85600352111407
2767 26.954722393667325
2768 34.69591449288524
2769 34.69288246675658
2770 28.06019772565583
2771 24.33144312262143
2772 20.885825006814077
2773 16.815746031564544
2774 11.596326190541564
2775 6.855010817776309
2776 3.486431839068748
2777 1.4615499494657205
2778 2.7219972837823265
2779 2.5445267080084037
2780 2.512930478953177
2781 4.87937943070238
2782 9.169730865452097
2783 14.738886728326408
2784 12.85532472254481
2785 16.175488312439526
2786 24.0562456937832
2787 24.412642034838523
2788 22.548546453124345
2789 14.016883373174727
2790 9.229870712681313
2791 4.804590329010574
2792 4.03317749637889
2793 0.8227516295488201
2794 0.006827407465257379
2795 0.14276426503000172
2796 1.05428475488334
2797 3.6272800112552153
2798 3.723823336317122
2799 3.566994325880883
2800 2.913956286855685
2801 3.2196921790400204
2802 3.6171490396286994
2803 5.228605454092652
2804 6.245283502267108
2805 7.166001664238756
2806 7.508806475442344
2807 8.75478394924066
2808 6.472443055462984
2809 7.606208195518274
2810 6.392354849946075
2811 3.902132673183623
2812 2.216940266098517
2813 1.3691859614135908
2814 0.2663695158047262
2815 0.05915175531857392
2816 1.3978513999396673
2817 1.2303188357515602
2818 0.09058490368498917
2819 0.5655409950160301
2820 4.544433412784044
2821 7.621463578036398
2822 8.341260679405442
2823 9.360553124053194
2824 9.501183249671715
2825 8.950986214245066
2826 10.536848110729899
2827 14.359246394884298
2828 18.803355018934134
2829 20.577085282491453
2830 23.84559088289095
2831 27.50129597402908
2832 33.06286774852015
2833 35.291473573883636
2834 30.341075470172086
2835 25.001047381035256
2836 19.51047869136223
2837 15.265123587707249
2838 12.325380020288181
2839 6.613034756919131
2840 5.033734560491997
2841 1.7405866795717124
2842 3.1846146115800322
2843 4.359591997186074
2844 3.3746091070950364
2845 6.415659563840542
2846 10.245334734667702
2847 15.409795850735206
2848 17.723023090146686
2849 21.070212759284612
2850 23.83962203791724
2851 26.455285300130594
2852 29.021289281223698
2853 12.10335736336693
2854 7.600316056187227
2855 4.565225809347512
2856 2.304942171058453
2857 0.18256423048729675
2858 0.1262146691196798
2859 0.08394839028163917
2860 0.6441648815966473
2861 1.5069922253487262
2862 2.187658536714262
2863 1.8297373489964057
2864 1.2546995567756454
2865 3.1685336026570368
2866 3.0594080674428774
2867 2.9298453081540523
2868 4.46397242992919
2869 3.818270132957086
2870 5.497661298903025
2871 7.760581184907423
2872 7.159882551885294
2873 7.516638567821208
2874 4.298255384124988
2875 2.7371783927871887
2876 1.5467835843833604
2877 0.8486623898812985
2878 0.04762860924768279
2879 0.050413030458949404
2880 1.6736619739189684
2881 1.0812028389172583
2882 0.03345875674060251
2883 0.14319500795149714
2884 2.4500367275460606
2885 5.463827539397673
2886 7.223326826356419
2887 7.213096755217532
2888 8.03278323546234
2889 6.0743645762664285
2890 6.147914859959606
2891 8.21615622584241
2892 17.780743686952587
2893 15.566793012903501
2894 20.874136497620714
2895 29.37190981328213
2896 34.0127358138425
2897 35.206395197733954
2898 30.576188625369223
2899 24.44823875452544
2900 20.231062995308424
2901 15.60411523531171
2902 10.319314243509375
2903 9.604447778853844
2904 4.703872664895652
2905 3.140008722910803
2906 4.957376737363766
2907 4.224746047323161
2908 5.563866666996246
2909 8.468445474033059
2910 10.32349874662385
2911 12.551479374241913
2912 14.638098915920345
2913 22.613405891978626
2914 26.548436653049603
2915 18.613258193168694
2916 18.394504028464524
2917 6.9921022729225095
2918 4.281287953565008
2919 2.7783714758365625
2920 0.964843382296168
2921 0.001099672126693802
2922 0.20596334377058584
2923 0.0036301438909509764
2924 0.07301434047407837
2925 0.13654151069588594
2926 0.6946832204864314
2927 0.8405149603451612
2928 0.8509270965135288
2929 2.988509336003788
2930 4.747129193992343
2931 5.0063561262165175
2932 6.154914867291265
2933 4.821786332742559
2934 7.39468807074542
2935 12.958815487937896
2936 8.035903422381068
2937 6.318084158277521
2938 2.9642367194692016
2939 1.2072787534545235
2940 0.8011666026813047
2941 0.22820187296683225
2942 0.0009986140665251254
2943 0.011032026665781888
2944 0.7453200388629853
2945 0.3351767577566862
2946 0.00033275821172497154
2947 0.07758322655743821
2948 1.3303057736212898
2949 2.922236302721608
2950 4.460968997310443
2951 5.918594057713156
2952 6.817279904880636
2953 4.841628222941326
2954 5.536909865874538
2955 8.52057834962051
2956 13.486799153937339
2957 14.559102020390114
2958 19.94323842318711
2959 24.783065425620716
2960 23.90935915155361
2961 27.788596764121568
2962 28.09758975908385
2963 27.03043715325516
2964 18.875409328134324
2965 11.331528882820855
2966 11.222879927200049
2967 7.849028555482072
2968 3.882166622527451
2969 4.288374738168919
2970 4.216909023476486
2971 5.380894245254215
2972 9.830884328815577
2973 9.609025207530266
2974 8.571546636387671
2975 10.432247036719659
2976 12.511774389176573
2977 17.53735051634785
2978 20.05829284577121
2979 16.354525450991378
2980 11.68133618391705
2981 8.378031153329038
2982 4.947473334788756
2983 2.067794456137832
2984 0.3643990774325503
2985 0.023555740952541628
2986 0.07001570373582097
2987 0.00020344179653587603
2988 0.07711509336228209
2989 0.19304030722677604
2990 0.6006069412089804
2991 0.7471539697918977
2992 1.17231206960257
2993 3.649025231611792
2994 5.228487507839931
2995 7.019327283732946
2996 9.381817872041653
2997 9.676545231100166
2998 7.661280649145307
2999 11.56295013217855
3000 9.208210217618118
3001 4.346013332310566
3002 2.7314264520051528
3003 0.359110630428358
3004 0.418299898631156
3005 0.16736195447762914
3006 0.009803111386707624
3007 0.012741086760564187
3008 0.2892106557725744
3009 0.11450719484713219
3010 0.05218407664664809
3011 0.5091855400471972
3012 0.6590951425820673
3013 1.6810110268400176
3014 3.0525418761606127
3015 5.329257881892384
3016 3.920195875278656
3017 5.5638140528349105
3018 8.651253705164411
3019 9.475427437161423
3020 12.447162845474812
3021 13.85861532819769
3022 18.885857205104713
3023 18.07694459058783
3024 17.816758182635034
3025 17.35476618770382
3026 17.64892300335369
3027 19.02289767816292
3028 11.348524355451522
3029 6.549415775619483
3030 7.207732375978535
3031 3.334665952170649
3032 2.8415561692175606
3033 1.9976276423786954
3034 2.0161789740956046
3035 4.881611083548784
3036 8.144638732984086
3037 6.6174069892514416
3038 5.988117143295602
3039 7.503424543904665
3040 10.820768749814732
3041 12.103671450334826
3042 13.160149408122054
3043 10.792564548638031
3044 9.013750579787017
3045 7.6379447783669
3046 2.490332392478732
3047 0.9524210148134151
3048 0.02548718639399694
3049 0.25227334842855575
3050 0.20391128014413376
3051 0.19158921292424175
3052 0.003935209897626774
3053 0.11525330432777206
3054 0.9565938256605474
3055 1.4149511221324753
3056 1.7440800288125469
3057 3.4460594638730315
3058 3.8611997880900275
3059 5.752723995179702
3060 6.2261162971965005
3061 7.312508238141518
3062 5.521680098534362
3063 6.791318433010368
3064 6.5649339382817775
3065 4.440736687061003
3066 1.0316130658927543
3067 1.0181168056350838
3068 0.4931961054775597
3069 0.3254315022048917
3070 0.2839075604655941
3071 0.05263328613175563
3072 0.2669646785944741
3073 0.0988753920128917
3074 0.048116261189663494
3075 0.6277279998096814
3076 0.7313703932344527
3077 1.582306040810167
3078 2.8889497336717693
3079 3.462849266994959
3080 4.035134337080726
3081 7.432377392163526
3082 9.074776764115507
3083 11.562866368709193
3084 13.206411642359363
3085 11.961598901522374
3086 11.06644033130041
3087 8.743463138817047
3088 10.373366012668573
3089 10.479919628899838
3090 9.999824159020159
3091 7.31121358009367
3092 3.939424983211529
3093 2.2884228749324955
3094 2.7885632992289033
3095 2.639323417433779
3096 2.996592361902777
3097 0.9094834168453833
3098 1.041474565389047
3099 1.633367626727179
3100 2.9981152118574768
3101 2.4851576598394645
3102 1.4201605413741094
3103 2.348652203803654
3104 4.859329461963477
3105 3.9557488978378776
3106 4.505257442777596
3107 5.284145459894669
3108 6.158062569775112
3109 1.9617610779918866
3110 0.404471916828029
3111 0.20894704605445238
3112 0.2721938317602114
3113 0.3685042126196627
3114 0.16369121329962885
3115 0.03848058055115325
3116 0.029246562120065357
3117 0.03233513610987277
3118 0.411610495861125
3119 1.670105737697631
3120 2.3610763351115804
3121 3.438302925487177
3122 4.49489285025215
3123 5.077247765418014
3124 6.4914932926703965
3125 6.464056473214476
3126 3.7231440477142757
3127 4.260757909559388
3128 2.520746193997975
3129 2.3713630496997147
3130 1.2423926618801535
3131 0.7484697201261239
3132 1.0328278621835774
3133 0.29036883212616654
3134 0.19049291946830413
3135 0.21852269830050938
3136 0.5754454218150952
3137 0.34296900097282057
3138 0.00701865906125419
3139 0.4881426900935761
3140 0.5577986643163106
3141 1.1026379236766854
3142 1.4784453728976883
3143 2.045131688764026
3144 5.057251578704065
3145 7.389794079387553
3146 9.516302446210569
3147 13.445136202473329
3148 12.446113839084244
3149 9.818261187238967
3150 6.758064343891719
3151 4.990131427767602
3152 5.046351790169469
3153 7.6348181207882995
3154 7.474665046008115
3155 5.622720898831255
3156 2.497632510508374
3157 0.8509672025705992
3158 1.6644642876914846
3159 3.190378069867443
3160 2.1558005500864033
3161 1.3970915519758638
3162 1.154585336243142
3163 1.6701553703665382
3164 1.7903294134623706
3165 2.391874151247316
3166 1.616455768146717
3167 2.808241090762683
3168 4.673197362943512
3169 4.461961108138457
3170 4.323945983714822
3171 3.9214856975000982
3172 2.1363004864168773
3173 0.5736470749114795
3174 0.5168916124907463
3175 0.12571581713480423
3176 0.06653008061961516
3177 0.05244499587154836
3178 0.038670595587510376
3179 0.007550646755477988
3180 0.06332917317231045
3181 0.03747084118281637
3182 0.6416692504360425
3183 1.563038725897992
3184 1.5093323262840967
3185 1.392184762079338
3186 1.2033250621407476
3187 2.4537931619292284
3188 3.6965397417664767
3189 5.104561156670007
3190 3.1817020183234592
3191 2.642700510864864
3192 1.0945023327477599
3193 1.4411152636177733
3194 2.385501872264428
3195 0.3053091710183725
3196 0.3654044787293119
3197 0.07609057477110408
3198 0.04209416321973552
3199 0.10819922280396727
3200 0.5079545896119436
3201 0.4687049166119779
3202 0.03214297371815781
3203 0.18884275650321045
3204 0.2848945626448644
3205 0.666871716454422
3206 2.4105386741425634
3207 3.4030285591930722
3208 4.240823450325758
3209 9.002342698902009
3210 10.36275026320923
3211 10.444214443454525
3212 9.852784655270607
3213 6.9501633659640705
3214 3.7825638991517705
3215 2.562005416312836
3216 1.9508961565656124
3217 3.450026737269481
3218 3.122395596481493
3219 2.6764642045586906
3220 0.6807624320967848
3221 0.6703841635087374
3222 1.6801964462005663
3223 1.6700588749252874
3224 2.0383519326467323
3225 2.162915431284352
3226 0.9913336734090707
3227 1.2614184510850062
3228 1.66743911730043
3229 1.6886971367835966
3230 1.693778631988287
3231 1.631320954757631
3232 2.1705655236834738
3233 3.621584453956247
3234 3.6603440196850197
3235 2.765202478566982
3236 1.1951014000468332
3237 0.3013809491344911
3238 0.028234424349179388
3239 0.001338318162622335
3240 0.08057783814225863
3241 0.1200448769654491
3242 0.04807263129725203
3243 0.014688186604046638
3244 0.018780568700691978
3245 0.13565554017142376
3246 1.2617669686486892
3247 1.8103438731925385
3248 0.9719616175907041
3249 0.6576639624277688
3250 0.40236217987730943
3251 1.021699903048641
3252 1.756636581003191
3253 2.295759483299328
3254 3.2389601913525197
3255 1.581400214672304
3256 1.8437676653531259
3257 0.8345924843281868
3258 0.7342499166689748
3259 0.6216594885021626
3260 0.30105576861151895
3261 0.15037455677989547
3262 0.003755988514674701
3263 0.09676620630692893
3264 0.6623158083021549
3265 0.7213042637141994
3266 0.5705450077346452
3267 0.057013782154996306
3268 0.09119519294739649
3269 0.5474858132397291
3270 2.0535610593649967
3271 4.629032761329501
3272 5.116755231355179
3273 10.350742533135396
3274 10.195726453719603
3275 9.397432926599253
3276 5.694428905845726
3277 4.211168872742498
3278 2.2057736564721084
3279 1.7465790190702315
3280 1.0257671866100395
3281 0.45831821986003085
3282 0.7180424468722509
3283 0.3009653954398003
3284 0.05347918446944461
3285 0.013671048888798765
3286 0.20408837171083632
3287 0.5799048576341507
3288 1.6209473051147152
3289 1.6310616284863868
3290 1.1599447309469324
3291 2.5758409736273373
3292 1.8068278355347944
3293 1.9185034132706156
3294 2.1258110764332208
3295 2.1153762433268444
3296 2.6041122191391994
3297 3.5763834722007606
3298 4.262631772414013
3299 2.319434435793099
3300 0.610459569790536
3301 0.09481270226005464
3302 0.05736262759046478
3303 0.003454406146646761
3304 0.06912476429563814
3305 0.004903527492003126
3306 0.038917530579709175
3307 0.053508334412680034
3308 0.04659850919750009
3309 0.0003929173762472973
3310 0.054766478039723454
3311 0.3867784508491506
3312 0.059662869041475976
3313 0.17251153838646005
3314 0.15865216623880732
3315 0.4916697520937878
3316 0.9735785543720613
3317 1.3432501834787423
3318 2.3463424056963604
3319 1.2483450312650313
3320 2.8337031362700893
3321 1.9136446677632388
3322 0.994768212921955
3323 1.126584220785255
3324 1.1997288351543076
3325 0.4387831676297573
3326 0.09892803975545968
3327 0.018480967662565344
3328 0.667971827878044
3329 0.9247536467903702
3330 0.8108487131304801
3331 0.3099677070257136
3332 0.011925232035008674
3333 0.6327705367689875
3334 2.1879876430898664
3335 4.915044775101033
3336 5.538735573640434
3337 6.149851495867623
3338 8.892473467262821
3339 8.212047648173241
3340 4.322542941849415
3341 2.7724393558572715
3342 1.7944558897070302
3343 0.9364537735809241
3344 0.3638439639015752
3345 0.08663425137638023
3346 0.053129831772326365
3347 0.0016741691680260623
3348 0.017401187776126297
3349 0.001251774072089419
3350 0.02202606899919475
3351 0.06361309019712545
3352 1.1768353241046892
3353 1.0302174512401345
3354 1.484577746908506
3355 2.754839872423396
3356 1.766781033664115
3357 3.0698603189193787
3358 2.5097027139651913
3359 3.3263440821902863
3360 2.620566551873021
3361 2.9284025485425564
3362 3.487164481534939
3363 2.8742534305260268
3364 0.7962117744637626
3365 0.12494110311870689
3366 0.008163787883424128
3367 0.031622746869430805
3368 0.033834292565992026
3369 0.017347450615216045
3370 0.13734073594734358
3371 0.08090127931131341
3372 0.1847669672253323
3373 0.002828381897559352
3374 0.009743965485971989
3375 0.22406118611014972
3376 0.00028897768823230426
3377 0.05240159733131889
3378 0.09388780784178086
3379 0.47486312249743523
3380 0.48186001519797006
3381 0.4987219812916735
3382 1.2148830844774507
3383 1.2125425465943964
3384 3.812938205511811
3385 2.6294736258333544
3386 1.1564662455469175
3387 0.5355969057266831
3388 1.3124783081769889
3389 0.994930756589394
3390 1.0517095036861535
3391 0.10901451367312086
3392 0.7069047027782311
3393 0.7077727640647782
3394 0.7615028296522426
3395 0.25912893014126526
3396 0.13146029861366895
3397 0.2965858387671519
3398 1.0542317114011224
3399 3.755680735090442
3400 2.3664461819568086
3401 2.591134154807036
3402 4.006353980604205
3403 4.645067378601741
3404 3.949226656711702
3405 1.7610118996304165
3406 0.9069495927844962
3407 0.47179175854401334
3408 0.06411738705969368
3409 0.027966197531213686
3410 0.2185404177713706
3411 0.050634095599260104
3412 0.01990045372442641
3413 0.04182282735671246
3414 0.08208566832842172
3415 0.11664840951513787
3416 0.953318784406489
3417 0.923665263977025
3418 1.5327067377489467
3419 2.606254457787884
3420 5.330136902033826
3421 4.897760118574272
3422 4.094730831933299
3423 3.6585728181109283
3424 3.3389287260112406
3425 3.9307278767894154
3426 3.4980289950182106
3427 3.174563898661566
3428 0.8247753523981229
3429 0.3660788511839557
3430 0.6640524287631435
3431 0.7808727265526854
3432 1.558098083056542
3433 0.7761079605140044
3434 0.13165054406975524
3435 0.031979499886155706
3436 0.044613673837966154
3437 0.02213982991743013
3438 0.006382670163288526
3439 0.1250362026188346
3440 0.08264022414713883
3441 0.3542838125935357
3442 1.2051814743690719
3443 0.6643893059893032
3444 0.6984613007491918
3445 0.5964990828763936
3446 1.2947799679848386
3447 1.2776389949603106
3448 2.564789951405261
3449 2.621701427677753
3450 0.9935562242906014
3451 0.6571183426165766
3452 0.703136773263237
3453 2.23385239770837
3454 1.7865517532716546
3455 0.6405195903096288
3456 0.6792485438785583
3457 0.6039224956189283
3458 0.15257317289466438
3459 0.0001231138128055723
3460 0.012436304112896753
3461 0.13290461414555665
3462 0.8920155103841202
3463 2.562718236998944
3464 0.9711568454386813
3465 1.067263025272774
3466 1.232597000549159
3467 1.7516201485271274
3468 1.516981522903847
3469 0.7808603308026024
3470 0.2663836565026107
3471 0.030527715882759935
3472 0.007166124843946834
3473 0.4292297500715779
3474 0.719272556561052
3475 0.23082628306145858
3476 0.008608334670580616
3477 0.008927232992759972
3478 0.19234218881683343
3479 0.06117773902793938
3480 0.35497357978680566
3481 1.5913077363244836
3482 2.9095876917670163
3483 4.268442603809996
3484 4.949070983809371
3485 3.9891938520943393
3486 4.330922704991195
3487 4.097304961442581
3488 3.2315298471099037
3489 3.4517890215018365
3490 4.022229457355991
3491 3.11993289178707
3492 2.6539105863703156
3493 2.436381385115931
3494 2.343837166693137
3495 2.1734222695471757
3496 2.130419329878247
3497 2.20989639727539
3498 1.4036606725400165
3499 0.22798848365946378
3500 0.02358553724842129
3501 0.015663425183060176
3502 0.011911889978207087
3503 0.43187233284687615
3504 1.1677347459838596
3505 0.6907750866381597
3506 1.0338526595167898
3507 0.6813678705027523
3508 1.6569496072782126
3509 1.353952699620871
3510 1.3416590457244626
3511 2.0168167208138112
3512 1.520964874611592
3513 2.747980111667812
3514 1.4118057149566194
3515 1.248123547181435
3516 0.36011875253666475
3517 0.9774206909072998
3518 1.2814574151554847
3519 0.4790890832221177
3520 0.9784761328763212
3521 0.8586408383850096
3522 0.2061129235801654
3523 0.022252415691044122
3524 0.0956985867935842
3525 0.1791362977743353
3526 0.30941218821342
3527 0.3402639505660623
3528 0.10319340408514571
3529 0.18853739951147347
3530 0.28062986229885306
3531 0.1911153436435115
3532 0.2583156127626198
3533 0.13528898043103052
3534 0.08613840334892284
3535 0.017863047282199986
3536 0.3727354355524861
3537 0.8613262000047882
3538 0.9710044784073433
3539 0.977518936450069
3540 0.4764050507448255
3541 0.3164126718187459
3542 0.13675850839363182
3543 0.22113665763389634
3544 0.287068453623111
3545 1.0568202009759937
3546 2.2598555114614527
3547 3.5508941838773103
3548 3.722993972467545
3549 3.694574397102743
3550 4.0270357691060585
3551 2.8413681798322776
3552 1.9534766752083914
3553 2.4465391998762795
3554 3.1269776449400726
3555 2.9950251297248065
3556 5.262977464947989
3557 4.602061235984551
3558 4.434820352177934
3559 2.1437556709550707
3560 1.7025297645282091
3561 1.8533670880032265
3562 0.9988778810991514
3563 0.16349271089241368
3564 0.033179456004511526
3565 0.10758955434651506
3566 0.34379132400830664
3567 0.740338792531455
3568 0.8968857040369972
3569 0.41500578719255043
3570 0.6958685940833054
3571 0.6571451558706293
3572 1.641200577595274
3573 1.2654444113667689
3574 1.012286016079015
3575 1.1667866715247308
3576 0.702982109970129
3577 2.1064385438268745
3578 1.7283095294611086
3579 1.280070078671367
3580 1.0865522247119621
3581 0.4486692824183019
3582 0.6136382883406304
3583 0.18356690996279468
3584 0.7106320071437096
3585 1.0944652154904648
3586 1.0884711890834946
3587 0.9060726301045179
3588 0.22197956861334786
3589 0.0014575683488737266
3590 0.026279010445239642
3591 0.039212746131545094
3592 0.0247285713608558
3593 0.05047983626546612
3594 0.0382310585983274
3595 0.06794288674308424
3596 0.05656794671652871
3597 0.1444581676456284
3598 0.023573922129512138
3599 0.07342523364074408
3600 0.43703409176217173
3601 0.6578543318433497
3602 1.1039312062366404
3603 1.4886862170492232
3604 0.7522427059151916
3605 0.4254493339868731
3606 0.29136963295688423
3607 0.04830085779042423
3608 0.6009610897536953
3609 2.123349975914348
3610 3.3760349390018747
3611 5.132970377584157
3612 5.13645588754714
3613 4.883654598857852
3614 3.277469863382974
3615 3.153236093596991
3616 1.9543987279708028
3617 2.0577735443082346
3618 2.3260711278898762
3619 3.3919444827104437
3620 3.715082779470724
3621 3.6198675600793
3622 3.4975889726537712
3623 3.6109101906175876
3624 3.4284274346108736
3625 2.1234489697159056
3626 1.2919367258669392
3627 0.19428246835736057
3628 0.01585543442376539
3629 0.05655029989362151
3630 0.2978005348980911
3631 0.61198724007915
3632 0.5208367408357873
3633 1.0013257687944928
3634 2.1474491465312093
3635 0.9094297681687861
3636 2.768391038954497
3637 2.0641863058746113
3638 0.5138733489160107
3639 0.35446122331583735
3640 0.3728247094996745
3641 0.40325814194646076
3642 1.7796786386917383
3643 0.7684295616106944
3644 0.5561698060371694
3645 0.3678749141130099
3646 0.035779650816512736
3647 0.06101436009164503
3648 0.5683127267202732
3649 0.8303037634357385
3650 1.1743542796470952
3651 1.167871455383949
3652 0.04171060773389152
3653 0.007575432049706183
3654 0.03770119160908432
3655 0.2719367007938713
3656 0.17093272195542203
3657 0.6505540436091378
3658 0.9307396180630368
3659 1.3928925305286703
3660 0.7835411155582778
3661 0.7765299843323973
3662 0.5109318027154923
3663 0.021921121493023117
3664 0.27154013823013856
3665 0.39476327158055485
3666 0.3697124854665009
3667 0.6798894647127063
3668 0.05454535394485482
3669 0.007982832468893914
3670 0.007917388494228067
3671 0.43637852839632657
3672 1.0658907401784958
3673 5.397315167352681
3674 6.983842112014439
3675 7.748030142951612
3676 7.03725714366676
3677 6.047588841660578
3678 4.500215808802181
3679 4.210919794125668
3680 2.204923221061845
3681 1.729246054217062
3682 4.201051361052046
3683 4.929685673904135
3684 5.987198745092537
3685 4.891295985180085
3686 4.247718588558402
3687 6.066205930072728
3688 6.213458740828033
3689 5.301202003276891
3690 3.1320853376338147
3691 1.0024040225350952
3692 0.11707914260832028
3693 0.05529858948060522
3694 0.26032780500954406
3695 0.2919832970895747
3696 0.34197557515579613
3697 1.0377423839446276
3698 3.1380350466372504
3699 1.7569600710391666
3700 1.8680559228061666
3701 1.331671652975806
3702 0.6725276466878402
3703 1.1296520181691285
3704 0.32945906129227254
3705 0.1832033592586962
3706 0.8759792320622376
3707 0.5935737104270449
3708 0.30184413096386653
3709 0.22917379196363694
3710 0.10381041528490907
3711 0.0197208919034801
3712 0.5349685331711787
3713 0.8751996509678854
3714 0.8898387283723908
3715 0.5725046812190729
3716 0.000653809384245044
3717 0.0006930215945683597
3718 0.1729741082236355
3719 0.11369616378425311
3720 0.25283806741201237
3721 0.4656282880891288
3722 0.6492705929283566
3723 1.6107564627027755
3724 1.5920463457707297
3725 1.234590882901451
3726 0.8101615698147816
3727 0.34335667720468377
3728 0.15073854070077197
3729 0.01846335751871815
3730 0.002866093686510104
3731 0.0004581665362206722
3732 0.30260228202414563
3733 0.3884584847529454
3734 0.49293534946023043
3735 1.3300792878817622
3736 2.2132688676143704
3737 5.742757939054354
3738 7.293255149876557
3739 7.383492231066633
3740 9.086444331893116
3741 6.086299399444905
3742 6.704136631220852
3743 4.060790043441806
3744 2.3319934386993366
3745 2.263963838663956
3746 3.250974203367105
3747 4.919218966720458
3748 4.937745021924278
3749 4.014543282418356
3750 4.262815586738466
3751 5.036996649954168
3752 5.656337858054331
3753 3.195613453822351
3754 1.5007005883022932
3755 0.8483261346089966
3756 0.10091996087585936
3757 0.00011856334742351863
3758 0.07303025838943801
3759 0.00013362264694329095
3760 0.02150580617738407
3761 0.31299331353906845
3762 2.7577040971094737
3763 2.3853450500080804
3764 1.69667111330932
3765 1.9462170154461493
3766 1.0054507041489045
3767 1.1122618326576208
3768 1.026276374444665
3769 0.36705693802378264
3770 0.36574066536948713
3771 0.2978791486425982
3772 0.22768782003921037
3773 0.07729780668533379
3774 0.19619553892011854
3775 3.510530338306271e-05
3776 0.34805146585220614
3777 0.8398874752914042
3778 0.5604342129513359
3779 0.13484787400864928
3780 0.025252940948566935
3781 0.12384612339595945
3782 0.019603720347790975
3783 0.0011362910169603877
3784 0.15193967546373446
3785 0.49148458848801174
3786 0.285870914354887
3787 1.1657752002182957
3788 1.6505927544231414
3789 1.734887209893021
3790 0.7697909509004399
3791 0.08821069543247531
3792 0.16097765364602692
3793 0.022824632066053365
3794 0.12046518023474036
3795 0.03674206041600435
3796 0.07145923374664755
3797 1.9909896165685876
3798 2.714791378649243
3799 2.6831069746320084
3800 4.1924526443567105
3801 7.749007685227001
3802 9.09993341522812
3803 7.8831851744036605
3804 6.9084707482950085
3805 4.277248430398967
3806 5.746235757240277
3807 3.574468974783104
3808 1.7721348864550532
3809 1.8821586085025501
3810 1.9915086066374765
3811 2.6273136586890744
3812 3.6322678842736584
3813 4.585015531634351
3814 4.733804469843161
3815 3.276898670787211
3816 2.589800160111039
3817 1.4841806553598593
3818 1.4105716616196697
3819 0.35486139327994404
3820 0.07009051917114525
3821 0.0372117198957529
3822 0.021718232692315126
3823 0.01884453113303423
3824 0.20346296431180308
3825 0.0033086931927490486
3826 0.9409791281575937
3827 1.2662971794774203
3828 1.7604734535513984
3829 2.129714814240135
3830 1.213282238171426
3831 0.9997826471947076
3832 0.5993485990582921
3833 0.3794271389336866
3834 0.44744328804715383
3835 0.19662261168928802
3836 0.008778993696217662
3837 0.01850604505609537
3838 0.23548118926614928
3839 0.004865744353017463
3840 0.5273263699905238
3841 0.8465736332340368
3842 0.32521546888341857
3843 0.08493292394743304
3844 0.0078271683886526
3845 0.31386797561478874
3846 0.36652146200291963
3847 0.5716160412566974
3848 0.15976675140522245
3849 0.09533799079395557
3850 0.005492727034853047
3851 0.6845447449314715
3852 0.7843252346495391
3853 1.1805603921135706
3854 1.0173519970766196
3855 0.37269733772281666
3856 0.11928061099938529
3857 0.005849884449022958
3858 0.02522108807937283
3859 0.0015909346499762402
3860 0.3547317283626315
3861 2.632647178539815
3862 3.6296351773645217
3863 4.572597058904868
3864 5.080610749936855
3865 6.894970820935723
3866 9.763803945039438
3867 9.855424688807851
3868 6.280362504813529
3869 3.1614467623656757
3870 3.9984357422047814
3871 4.140545984351211
3872 3.220071141781918
3873 3.6319020398731143
3874 2.739381195713889
3875 3.309496848538785
3876 3.5598625235913777
3877 4.407306270835962
3878 3.1889696271071477
3879 2.9785991396042477
3880 1.344653053275586
3881 1.3977177087885895
3882 1.6467399195448995
3883 1.2712808968216627
3884 0.26530135358278695
3885 0.1338834709220858
3886 0.16272473513428576
3887 0.42511286626868333
3888 0.4505068104982605
3889 0.1268465911065294
3890 0.34364331892704186
3891 1.9035166356546913
3892 1.9071150670692372
3893 1.012783468415644
3894 0.6009169518176026
3895 0.24579326269168986
3896 0.16970653052156795
3897 0.625356373378857
3898 0.32924667256903867
3899 0.05345051543890772
3900 0.022349375170825195
3901 0.000389047169211006
3902 0.2366365888820939
3903 0.042010023916786085
3904 0.4636502649495669
3905 0.6259936063808431
3906 0.22865994377042545
3907 7.96037309849355e-05
3908 0.0055675654465327335
3909 0.18151439875830616
3910 0.7903457305649165
3911 1.344393573640814
3912 2.0984899613701247
3913 1.9654217200708652
3914 1.2291316682318112
3915 0.2710663206602568
3916 0.006472986669884278
3917 0.13971605987945307
3918 0.2496454083601657
3919 0.09468136148628978
3920 0.11284926716992771
3921 0.043834592705236854
3922 0.03644608362765024
3923 0.2474979909231826
3924 0.31032038445808985
3925 1.296148572209688
3926 2.6156247279063143
3927 2.380336442055836
3928 3.3820373022244103
3929 4.803437947222056
3930 10.01474157144486
3931 13.186237450340117
3932 9.578001352801758
3933 7.634572276931475
3934 7.207387197583536
3935 4.9749825534153445
3936 4.450521371481001
3937 5.49475640374776
3938 5.080586327599957
3939 3.7446937449489535
3940 3.123750167900604
3941 2.751096453568238
3942 1.9442290385352476
3943 1.8905042923847035
3944 1.3462288784303593
3945 1.105396461652836
3946 1.3547510514013539
3947 0.7268612672979127
3948 0.2982123320258252
3949 0.5304819341756327
3950 0.5006062457905545
3951 0.36070792113224787
3952 0.16155337628484184
3953 0.004194906470290319
3954 0.295377971003639
3955 1.4911587095969714
3956 0.848815710849511
3957 0.7873033494238251
3958 0.7988292609889691
3959 0.3240934545811961
3960 0.07997784132303314
3961 0.12307508195026028
3962 0.0007561025640026976
3963 0.10970695147999723
3964 0.0007711731511154013
3965 0.2571508864176419
3966 0.21143556662221968
3967 0.16685495947813836
3968 0.6879406076972648
3969 0.8802289405776804
3970 0.5696085647545645
3971 0.08562414692262356
3972 0.012479672708032526
3973 0.16087830751754395
3974 0.5061963079969668
3975 0.7512003226604776
3976 1.4218622171081767
3977 0.9091327336354773
3978 0.3071360991153602
3979 0.05690265155598649
3980 0.019386964057040667
3981 0.18484633895787825
3982 0.04465816804662637
3983 0.16561714782625422
3984 0.49617490375734613
3985 0.11800810439401567
3986 0.005182618787634945
3987 0.26196069204959677
3988 0.7577153395519931
3989 1.6198940894391451
3990 2.675084191241101
3991 2.673146812572104
3992 2.0681942180711625
3993 2.998864825287574
3994 7.3353949885289715
3995 8.921885971295485
3996 8.875428628893982
3997 8.817894634238892
3998 9.007459739051352
3999 8.867953327475817
4000 9.477038487156683
4001 7.921968669215765
4002 6.332664395522328
4003 3.718546509789479
4004 2.497629080659176
4005 2.0705842052910626
4006 1.0288997446032748
4007 1.2323657591140722
4008 1.1578852750448094
4009 1.45180895621976
4010 1.37906199943331
4011 0.9039349924000115
4012 0.36230567808172764
4013 0.3732576756975806
4014 0.21414217514152262
4015 0.14854550851454562
4016 0.11020233730407969
4017 0.4157554877989102
4018 0.9274731783992948
4019 1.582000040193609
4020 1.2774137152447465
4021 1.0286573177596545
4022 0.7930805554074659
4023 0.5209922855206863
4024 0.36018586618408494
4025 0.28032072937187785
4026 0.06853794143981702
4027 0.037007749811071154
4028 0.2806597431136153
4029 0.5725327099403809
4030 0.5422205270183259
4031 0.8474479502094485
4032 2.7866926936736003
4033 2.390956645421507
4034 1.5445439789709183
4035 0.5966784835827053
4036 0.3363113009709809
4037 0.03046206731043497
4038 0.12321257430752044
4039 0.008442823734741174
4040 0.005477463434953543
4041 0.001523460490607615
4042 0.0010992173158939247
4043 0.03026529291098531
4044 0.4000376880179122
4045 0.14680183564433205
4046 0.030524696706017047
4047 0.03128907935931153
4048 0.11010164621307753
4049 0.054374015395917456
4050 0.0005188934529581888
4051 0.12322595074127907
4052 0.13245330316239007
4053 0.3026332263454199
4054 0.505936294588658
4055 0.700173172021422
4056 1.3394144795549279
4057 1.8461336842286113
4058 2.5766109204089473
4059 4.713839599440681
4060 5.106369040046031
4061 5.268192985599627
4062 7.210296800711597
4063 8.162700069150596
4064 8.619641722864808
4065 7.1896590039172485
4066 4.622210401198982
4067 2.2572837295722037
4068 1.8022638334560441
4069 1.9823795835499685
4070 1.6836213836808867
4071 2.4015728713623443
4072 1.5807372393697698
4073 1.8811786500103516
4074 1.6935347883252228
4075 0.9671825936217521
4076 0.41841997042997153
4077 0.060728991470335725
4078 0.039792870644279256
4079 0.06838281355435065
4080 0.19941482556996115
4081 1.1527759786272609
4082 1.6139356627592998
4083 2.521180454168936
4084 1.618626160683921
4085 0.7487510666598138
4086 0.4644414437834223
4087 0.7409839613124882
4088 0.48012619090284087
4089 0.419007943028039
4090 0.18764400088110902
4091 0.14370179164187277
4092 0.025072158111925126
4093 0.0059611561706988045
4094 0.036963397564818964
4095 0.10926282191438305
