 0
0 -0.0007637660555470304
1 -0.0006430961110745713
2 0.0
3 -0.0005982443632312969
4 -0.0019238211984460446
5 -0.0005907219446078531
6 0.0
7 0.0
8 0.0
9 0.0
10 0.0
11 0.0
12 0.0
13 0.0
14 0.0
15 0.0
16 -4.107004732737619e-06
17 0.0
18 0.0
19 0.0
20 0.0
21 0.0
22 0.0
23 0.0
24 0.0
25 0.0
26 0.0
27 0.0
28 0.0
29 0.0
30 0.0
31 0.0
32 0.0
33 0.0
34 0.0
35 0.0
36 0.0
37 0.0
38 0.0
39 0.0
40 0.0
41 0.0
42 0.0
43 0.0
44 0.0
45 0.0
46 0.0
47 0.0
48 0.0022410928309549425
49 0.0
50 0.0008381588020095501
51 0.0
52 5.627303100821091e-05
53 0.0007784815305265459
54 0.0016435036610330136
55 7.59291957421133e-05
56 0.0
57 0.0
58 0.0
59 0.0
60 0.0
61 0.0
62 0.0
63 0.0
64 -0.0006387328579776566
65 0.0
66 0.0
67 -0.0010435945410699832
68 -0.002366845778956134
69 0.0
70 0.0
71 0.0
72 0.0
73 0.0
74 0.0
75 0.0
76 0.0
77 0.0
78 0.0
79 0.0
80 0.0
81 0.0
82 0.0
83 0.0
84 0.0
85 0.0
86 0.0
87 0.0
88 0.0
89 0.0
90 0.0
91 0.0
92 0.0
93 0.0
94 0.0
95 0.0
96 0.0
97 0.0
98 0.0
99 0.0
100 0.0
101 0.0
102 0.0
103 0.0
104 0.0
105 0.0
106 -0.0006227212006899726
107 -0.0029753036173151073
108 -0.0023467440453992464
109 -0.0014768181311636595
110 0.0
111 0.0
112 0.0
113 0.0
114 0.0
115 0.0
116 0.0
117 6.875263598430317e-05
118 0.00124323210350347
119 0.0005265994377639887
120 0.0004301246424784167
121 0.001427374171565127
122 5.54609322168454e-06
123 0.0
124 0.0
125 0.0
126 0.0
127 0.0
128 -0.0025026353307132836
129 -0.0008299110872727243
130 -0.0017647516858111517
131 -0.0016705839372176006
132 -0.001528794673105032
133 -0.0013840995447302286
134 0.0
135 0.0
136 0.0
137 0.0
138 0.0
139 0.0
140 0.0
141 0.0
142 0.0
143 0.0
144 0.0
145 0.0
146 0.0
147 0.0
148 0.0
149 0.0
150 0.0
151 0.0
152 0.0
153 0.0
154 0.0
155 0.0001708655824857741
156 0.0006844162487185404
157 0.0
158 0.0
159 0.0
160 0.0
161 0.0
162 0.0
163 0.0
164 0.0
165 0.0
166 0.0
167 0.0
168 -0.0003372087315077195
169 -0.00017613740981701787
170 -0.0028368198575022432
171 -0.0034425690827543784
172 -0.0016060745074096174
173 0.0
174 0.0
175 0.0
176 0.0
177 0.0
178 0.0
179 0.0
180 0.0
181 0.0
182 0.001298251144321503
183 0.0012301140034139855
184 0.0014461701124190644
185 0.0009677341455508348
186 0.0
187 0.0
188 0.0
189 0.0
190 0.0
191 0.0
192 -0.0021456752555133823
193 -0.0005795977343832049
194 -0.001414649031995081
195 0.0
196 0.0
197 0.0
198 0.0
199 0.0008558677460581759
200 0.0007936887170174356
201 0.0
202 0.0007438141347463474
203 0.0
204 0.0
205 0.0
206 0.0
207 0.0
208 0.0
209 0.0
210 0.0
211 0.0
212 0.0
213 0.0
214 0.0
215 0.0
216 0.0
217 0.0
218 0.0
219 0.0
220 0.0001492418702457668
221 0.0
222 0.0003467394212630674
223 0.0
224 0.0011604510539826591
225 0.0
226 0.0
227 0.0
228 0.0
229 0.0
230 0.0
231 0.0
232 0.0
233 0.0
234 0.0
235 0.0
236 0.0
237 0.0
238 0.0
239 0.0
240 0.0
241 0.0
242 0.0
243 0.0
244 0.0
245 0.0
246 0.0
247 0.0005267470355580786
248 0.0016752697135329433
249 0.0
250 0.0
251 0.0
252 0.0
253 0.0
254 0.0
255 0.0
256 0.0
257 0.0
258 0.0
259 0.0
260 0.0023257939230645
261 0.0
262 0.0
263 1.2279130522686332e-05
264 0.0
265 0.0
266 0.0006870707185965205
267 0.0008388353023685706
268 0.0
269 0.0
270 0.0
271 0.0
272 0.0004307697615477572
273 0.000685775934585216
274 0.0007486076424084669
275 0.0008261888749975596
276 0.0
277 0.0
278 0.0
279 0.0
280 0.0
281 0.0
282 0.0
283 0.0
284 0.0
285 0.0
286 0.0
287 4.568752301635117e-05
288 0.0
289 0.0
290 0.0
291 0.0
292 0.0
293 0.0
294 0.0
295 0.0
296 0.0
297 0.0
298 0.0
299 0.0
300 0.0
301 0.0
302 0.0
303 0.0
304 0.0
305 0.0
306 0.0
307 0.0
308 0.0
309 0.0
310 0.0
311 0.0
312 0.0
313 0.0
314 0.0
315 0.0
316 0.0
317 0.0
318 0.0
319 0.0
320 0.0
321 0.0
322 0.0
323 0.0
324 0.0009237885442650314
325 0.0
326 0.0
327 0.0
328 0.0
329 0.0
330 0.0
331 0.0
332 0.0
333 0.0
334 0.0
335 0.0
336 0.0
337 0.0
338 0.0004964243250419243
339 0.0
340 0.0
341 0.0
342 0.0
343 0.0
344 0.0
345 0.0
346 0.0
347 0.0
348 0.0
349 0.0
350 0.0
351 0.0
352 0.0
353 2.586590391543856e-05
354 0.0
355 0.0
356 0.0
357 0.0
358 0.0
359 0.0
360 0.0
361 0.0
362 0.0024100686121118603
363 0.002259462648568819
364 0.0
365 0.0
366 0.0
367 0.0
368 0.0
369 0.0
370 0.0
371 0.0
372 0.0
373 0.0
374 0.0
375 8.801397727669309e-06
376 0.0
377 0.0
378 0.0
379 0.0
380 0.0
381 0.0
382 0.0
383 0.0
384 0.0
385 0.0
386 0.0
387 0.0
388 0.00036525550927114016
389 0.0003379509497849056
390 0.0
391 0.0
392 0.0
393 0.0
394 0.0
395 0.0
396 0.0
397 0.0
398 0.0
399 0.0
400 0.0
401 0.0
402 0.0
403 0.0
404 0.0
405 0.0
406 0.0
407 0.0
408 0.0
409 0.0
410 0.0
411 0.0
412 0.0
413 0.0
414 0.0
415 0.0
416 0.0
417 0.0
418 0.0
419 0.0
420 0.0
421 0.0
422 0.0
423 0.0
424 0.0
425 0.0
426 0.0
427 0.0
428 0.0
429 0.0
430 0.0
431 0.0
432 0.0
433 0.0
434 0.0
435 0.0
436 0.0
437 0.0
438 0.0
439 0.0
440 0.0
441 0.0005177807403255023
442 0.0
443 0.0
444 0.0
445 0.0
446 0.0
447 0.0
448 -0.000103406302374966
449 -0.0005508644214751008
450 0.0
451 0.0
452 0.0
453 0.0
454 0.0
455 0.0
456 0.0
457 0.0
458 0.0
459 0.0
460 0.0
461 0.0
462 0.0
463 0.0
464 0.0
465 0.0
466 0.0
467 0.0
468 0.0
469 0.0
470 0.0
471 0.0
472 0.0
473 0.0
474 0.0
475 0.0
476 0.0
477 0.0
478 0.0
479 0.0
480 0.0
481 0.0
482 0.0
483 0.0
484 0.0
485 0.0
486 0.0
487 0.0
488 0.0
489 0.0
490 0.0
491 0.0
492 0.0
493 0.0
494 0.0
495 0.0
496 0.0
497 0.0
498 0.0
499 0.0
500 0.0
501 0.0
502 0.0
503 0.0
504 0.0
505 0.0
506 0.0
507 0.0
508 0.0
509 0.0
510 0.0
511 0.0
512 0.0
513 -0.0002980093270716922
514 0.0
515 0.0
516 0.0
517 0.0
518 0.0
519 0.0
520 0.0
521 0.0
522 0.0
523 0.0
524 0.0
525 -0.0007040082510341237
526 0.0
527 0.0
528 0.0
529 0.0
530 0.0
531 0.0
532 0.0
533 0.0
534 0.0
535 0.0
536 0.0
537 0.0
538 0.0
539 0.0
540 0.0
541 0.0
542 0.0
543 0.0
544 0.0
545 0.0
546 -0.0002213461299509102
547 0.0
548 0.0
549 0.0
550 0.0
551 0.0
552 0.0
553 0.0
554 0.0
555 0.0
556 0.0
557 0.0
558 0.0
559 0.0
560 0.0
561 0.0
562 0.0
563 0.0
564 0.0
565 0.0
566 0.0
567 0.0
568 0.0
569 0.0
570 0.0
571 0.0
572 0.0
573 0.0
574 0.0
575 -0.0005217718743238413
576 0.0
577 0.0
578 0.0
579 0.0
580 0.0
581 0.0
582 0.0
583 0.00023091254816955397
584 0.0
585 0.0
586 0.0
587 0.0
588 0.0
589 0.0
590 0.0
591 0.0
592 0.0
593 0.0
594 0.0
595 0.0
596 0.0
597 0.0
598 0.0
599 -1.660524116152414e-05
600 -0.00041578199508212526
601 0.0
602 0.0
603 0.0
604 0.0
605 0.0
606 0.0
607 0.0
608 0.0
609 0.0
610 -0.00012201458530399322
611 0.0
612 0.0
613 -0.001808407603804415
614 0.0
615 0.0
616 0.0
617 0.0
618 0.0
619 0.0
620 0.0
621 0.0
622 0.0
623 0.0
624 0.0
625 0.0
626 0.0
627 0.0
628 0.0
629 0.0
630 0.0
631 0.0
632 0.0
633 0.0
634 0.0
635 0.0
636 0.0
637 0.0
638 0.0
639 0.0
640 0.0
641 0.0
642 0.0
643 0.0
644 0.0
645 0.0
646 0.0
647 0.001637547331733114
648 0.0
649 0.0
650 0.0
651 0.0
652 0.0
653 0.0
654 0.0
655 -0.0009337779056954593
656 0.0
657 0.0
658 0.0
659 0.0
660 0.0
661 0.0
662 -2.104512725151642e-05
663 -0.0009165665579248117
664 -0.00035756831786890205
665 0.0
666 0.0
667 0.0
668 0.0
669 0.0
670 0.0
671 0.0
672 0.0
673 0.0
674 -0.0005921700564492203
675 0.0
676 0.0
677 -0.0004883219294800538
678 -0.00024337366509876807
679 0.0
680 0.0
681 0.0
682 0.0
683 0.0
684 0.0
685 0.0
686 0.0
687 0.0
688 0.0
689 0.0
690 0.0
691 0.0
692 0.0
693 0.0
694 0.0
695 0.0
696 0.0
697 0.0
698 0.0
699 0.0
700 0.0
701 0.0
702 0.0
703 0.0
704 -0.000770019049068469
705 0.0
706 0.0
707 0.0
708 0.0
709 0.0
710 0.0
711 0.0
712 0.0
713 0.00023541266082043594
714 0.0
715 0.0
716 0.0
717 0.0
718 0.0
719 0.0
720 0.0
721 0.0
722 0.0
723 0.0
724 0.0
725 0.0
726 -0.0021884732496688913
727 -0.0006488966312951648
728 0.0
729 0.0
730 0.0
731 0.0
732 0.0
733 0.0
734 0.0
735 0.0
736 0.0
737 0.0
738 0.0
739 0.0
740 0.0
741 0.0
742 0.0
743 0.0
744 0.0
745 -2.5735974082910615e-05
746 0.0
747 0.0
748 0.0
749 0.0
750 0.0
751 0.0
752 0.0
753 0.0
754 0.0
755 0.0
756 0.0
757 0.0
758 0.0
759 0.0
760 0.0
761 0.0
762 0.0
763 0.0
764 0.0
765 0.0
766 0.0
767 0.0
768 0.0
769 0.0
770 0.0
771 0.0
772 0.0
773 7.590923212388319e-06
774 0.0
775 0.0
776 0.0
777 0.0004413198776879764
778 0.0
779 0.0
780 0.0
781 0.0
782 0.0
783 0.0
784 0.0
785 0.0
786 0.0
787 0.0
788 0.0
789 -0.0016575291722010924
790 -0.0018764625913872178
791 -0.004324360966634116
792 -0.0012178752852253368
793 0.0
794 0.0
795 0.0
796 0.0
797 0.0
798 0.0
799 0.0
800 0.0
801 0.0
802 0.0
803 0.0
804 0.0
805 0.0
806 0.0
807 0.0
808 0.0
809 0.0
810 0.0
811 0.0
812 0.0
813 0.0
814 0.0
815 0.0
816 0.0
817 0.0
818 0.0
819 0.0
820 0.0
821 0.0
822 0.0
823 -0.0008737315054269722
824 -0.001261562776206815
825 -0.00040502149573890575
826 -0.00020620023166210456
827 0.0
828 0.0
829 0.0
830 0.0
831 0.0
832 0.0
833 0.0
834 0.0
835 0.0
836 0.0
837 0.0
838 0.0
839 0.0
840 0.0
841 0.0007132385576794461
842 0.0013702661774714665
843 0.0
844 0.0
845 0.0
846 0.0
847 0.0
848 0.0
849 0.0
850 0.0
851 0.0
852 0.0
853 -0.0019322459367420103
854 -0.003276570526574823
855 -0.00284028053067457
856 -0.004275791066420669
857 -0.0009168276875313846
858 0.0
859 -0.0011230367211440583
860 0.0
861 0.0
862 0.0
863 -0.00015307715099096227
864 0.0
865 0.0
866 0.0
867 0.0
868 0.0
869 0.0
870 0.0
871 0.0
872 0.0
873 0.0
874 0.0
875 0.0
876 0.0
877 0.0
878 0.0
879 0.0
880 0.0
881 0.0
882 -0.0012351297004182396
883 -1.588159468810088e-05
884 -0.0007775409629135294
885 0.0
886 0.0
887 -0.0010500669474533984
888 -0.0018432475178883428
889 -0.001147313714055418
890 -0.0017121431593894892
891 -0.0018245527798182878
892 0.0
893 0.0
894 0.0
895 0.0
896 0.0
897 0.0
898 0.0
899 0.0
900 0.0
901 0.0
902 0.0
903 0.0
904 0.0
905 0.0
906 0.0
907 0.0
908 0.0
909 0.0
910 0.0
911 0.0
912 0.0
913 0.0
914 -0.0001318226972401551
915 0.0
916 0.0
917 -0.001249023542553148
918 -0.002156526060880785
919 -0.0014181717612842294
920 -0.00027319703939202993
921 0.0
922 0.0
923 0.0
924 0.0
925 0.0
926 0.0
927 0.0
928 0.0
929 0.0
930 0.0
931 0.0
932 0.0
933 0.0
934 0.0
935 0.0
936 0.0
937 0.0
938 0.0
939 0.0
940 0.0
941 -0.0008530255702678992
942 -0.00018968835950674764
943 -0.00023354481854916982
944 -0.00032340658373456886
945 -0.0019560075174667618
946 -0.0036337014445403737
947 -0.0019165157354893022
948 -0.0021365404725489697
949 0.0
950 0.0
951 -0.00044915652870086795
952 -0.0031441188082840417
953 -0.002097175230731155
954 -0.0026249033592579585
955 -0.0017212993873042459
956 -0.0011036516828651576
957 0.0
958 0.0
959 0.0
960 0.0
961 0.0
962 0.0
963 0.0
964 0.0
965 -0.00013301788205832116
966 0.0
967 2.2105183579371966e-05
968 0.0
969 0.0
970 0.0
971 0.0007645717515074861
972 0.0014637648414282918
973 0.0
974 0.0
975 0.0
976 0.0
977 0.0
978 0.0
979 0.0
980 0.0
981 -0.00021845560508440705
982 0.0
983 -0.0011316443734673567
984 0.0
985 0.0
986 0.0
987 0.0
988 0.0
989 0.0
990 0.0
991 0.0
992 0.0
993 0.0
994 0.0
995 0.0
996 8.150332778090526e-05
997 0.0
998 0.0
999 0.0
1000 0.0
1001 0.0
1002 0.0
1003 0.0
1004 0.0
1005 0.0
1006 -9.976107106827081e-05
1007 0.0
1008 0.0
1009 0.0
1010 0.0
1011 -0.0009100130219907497
1012 -0.00021755073876881463
1013 0.0
1014 0.0
1015 0.0
1016 -0.0019239062771629542
1017 -0.0004240826868420527
1018 -0.0003630968045336936
1019 -0.0007710675890710949
1020 -0.0004112739314267067
1021 -0.00048417442024829144
1022 -0.0003948675463994115
1023 0.0
1024 0.0
1025 0.0
1026 0.0
1027 0.0
1028 0.0
1029 0.0
1030 0.0
1031 0.0
1032 0.0
1033 0.0
1034 0.0
1035 0.0
1036 0.001127297268899481
1037 0.0007145976267333659
1038 0.0
1039 0.0
1040 0.0
1041 0.0
1042 0.0
1043 0.0
1044 -0.00036485320103011654
1045 0.0
1046 -0.0008275127433667566
1047 0.0
1048 0.0
1049 0.0
1050 0.0
1051 0.0
1052 -0.0012687652476785064
1053 0.0
1054 0.0
1055 0.0
1056 0.0
1057 0.0
1058 0.0
1059 0.0
1060 0.000450033099465976
1061 0.0
1062 0.0
1063 0.0
1064 0.0
1065 0.0
1066 0.0
1067 0.0
1068 0.0
1069 0.0
1070 0.0
1071 0.0
1072 0.0
1073 0.0
1074 0.0
1075 0.0
1076 0.0
1077 0.0
1078 0.0
1079 0.0
1080 0.0
1081 0.0
1082 0.0
1083 0.0
1084 -0.00019008021064086968
1085 0.0
1086 -3.217244597066821e-05
1087 0.0
1088 0.0
1089 0.0
1090 0.0
1091 0.0
1092 0.0
1093 0.0
1094 0.0
1095 -0.001214505868762073
1096 0.0
1097 0.0
1098 0.0
1099 0.0
1100 0.0012171886162073
1101 0.00196548839815893
1102 0.0
1103 0.0
1104 0.0
1105 0.0
1106 0.0
1107 0.0
1108 -0.00018256307110436416
1109 -0.0003096451168957693
1110 -0.0005727241310424768
1111 -0.0005235805787156695
1112 0.0
1113 0.0
1114 0.0
1115 -0.0015524533630241642
1116 -0.0028158808108969236
1117 -0.002642594946035052
1118 0.0
1119 0.0
1120 0.0
1121 0.0
1122 0.0
1123 0.0
1124 0.0
1125 0.0
1126 0.0
1127 0.0
1128 0.0
1129 0.0
1130 0.0
1131 0.0
1132 0.0
1133 0.0
1134 0.0
1135 0.0
1136 0.0
1137 0.0
1138 0.0
1139 0.0
1140 0.0
1141 0.0
1142 0.0
1143 0.0
1144 0.0
1145 0.0
1146 0.0
1147 0.0
1148 0.0
1149 0.0
1150 0.0
1151 0.0
1152 0.0
1153 0.0
1154 0.0
1155 0.0
1156 0.0
1157 0.0
1158 0.0
1159 0.0
1160 0.0
1161 0.0
1162 0.0
1163 0.0
1164 0.0
1165 0.00220698196881312
1166 0.001087916554755762
1167 0.00024349797483568994
1168 0.0
1169 0.0
1170 0.0
1171 0.0
1172 0.0
1173 0.0
1174 0.0
1175 0.0
1176 0.0
1177 0.0
1178 0.0
1179 -0.0002726413108376994
1180 -0.0002363218122576808
1181 -0.0005771107284913582
1182 0.0
1183 0.0
1184 0.0
1185 0.0
1186 0.0
1187 0.0
1188 0.0
1189 -6.351542040240935e-06
1190 -0.001580197117478747
1191 -0.000897245494877398
1192 0.0
1193 0.0
1194 0.0
1195 0.0
1196 0.0
1197 0.0
1198 0.0
1199 0.0
1200 0.0
1201 0.0
1202 0.0
1203 0.0
1204 0.0
1205 0.0
1206 0.0
1207 0.0
1208 0.0
1209 0.0
1210 0.0
1211 0.0
1212 0.0
1213 0.0
1214 0.0
1215 0.0
1216 0.0
1217 0.0
1218 0.0
1219 0.0
1220 0.0
1221 0.0
1222 0.0
1223 0.0
1224 0.0
1225 0.0
1226 0.0
1227 -0.0001792799934461822
1228 0.0
1229 0.0
1230 9.515517873890198e-05
1231 0.0
1232 0.0
1233 0.0
1234 0.0
1235 0.0
1236 0.0
1237 0.0
1238 0.0
1239 0.0
1240 0.0
1241 0.0
1242 0.0
1243 0.0
1244 0.0
1245 0.0
1246 0.0
1247 0.0
1248 1.0144107347186956e-05
1249 0.0031404904332153548
1250 0.002577904776253864
1251 0.001346000494216055
1252 0.0
1253 0.0
1254 0.0
1255 -6.577557818639853e-05
1256 -0.0004491621347020976
1257 0.0
1258 0.0
1259 0.0
1260 0.0
1261 0.0
1262 0.0
1263 0.0
1264 0.0
1265 0.0
1266 0.0
1267 0.0
1268 0.0
1269 0.0
1270 0.0
1271 0.0
1272 0.0
1273 0.0
1274 0.0
1275 0.0
1276 0.0
1277 0.0
1278 0.0
1279 0.0
1280 0.0
1281 0.0
1282 0.0
1283 0.0
1284 0.0
1285 0.0
1286 0.0
1287 0.0
1288 0.0
1289 0.0
1290 0.0
1291 -1.996390588281338e-05
1292 0.0
1293 0.0
1294 0.0
1295 0.0
1296 0.0
1297 0.0
1298 0.0
1299 0.0
1300 0.0
1301 0.0
1302 0.0
1303 0.0
1304 0.0
1305 0.0
1306 0.0
1307 0.0
1308 0.0
1309 0.0
1310 0.0
1311 0.0
1312 0.0005495642506191299
1313 0.0027701692185497827
1314 0.006293439183431668
1315 0.002617981610481795
1316 0.0
1317 0.0
1318 0.0
1319 0.0
1320 0.0
1321 0.0
1322 0.0
1323 0.0
1324 0.0
1325 0.0
1326 0.0
1327 0.0
1328 0.0
1329 0.0
1330 0.0
1331 0.0
1332 0.0
1333 0.0
1334 0.0
1335 0.0
1336 0.0
1337 0.0
1338 0.0
1339 0.0
1340 0.0
1341 0.0
1342 0.0
1343 0.0
1344 0.0
1345 0.0
1346 0.0
1347 0.0
1348 0.0
1349 0.0
1350 0.0
1351 0.0
1352 0.0
1353 0.0
1354 0.0
1355 0.0
1356 0.0
1357 0.0
1358 0.0
1359 0.0
1360 0.0
1361 0.0
1362 0.0
1363 0.0
1364 0.0
1365 0.0
1366 0.0
1367 0.0
1368 0.0
1369 0.0
1370 0.0
1371 0.0
1372 0.0
1373 0.0
1374 0.0
1375 0.0
1376 0.0
1377 0.0013548384900729004
1378 0.0037950662097795467
1379 0.0021660481028335957
1380 0.0
1381 0.00019340733832451024
1382 1.5458672686058908e-05
1383 0.0
1384 0.0
1385 0.0
1386 0.0
1387 0.0
1388 0.0
1389 0.0
1390 0.0
1391 0.0
1392 0.0
1393 -0.00019747262345979358
1394 0.0
1395 0.0
1396 0.0
1397 0.0
1398 -0.001365367536976243
1399 0.0
1400 0.0
1401 0.0
1402 0.0
1403 0.0
1404 0.0
1405 0.0
1406 0.0
1407 0.0
1408 0.0
1409 0.0
1410 0.0
1411 0.0
1412 0.0
1413 0.0
1414 0.0
1415 0.0
1416 0.0
1417 0.00012066843856715277
1418 0.0
1419 0.0
1420 0.0
1421 0.0
1422 0.0003858099323147251
1423 0.0
1424 0.0
1425 0.000275699376949118
1426 0.0
1427 0.0005015646168572864
1428 0.0
1429 0.0
1430 0.0
1431 0.0
1432 0.0
1433 0.0
1434 0.0
1435 0.0
1436 0.0
1437 0.0
1438 0.0
1439 0.0
1440 0.0
1441 0.0004796756659734626
1442 0.002157714485591575
1443 0.0016732696696578698
1444 0.0
1445 0.00131993177153692
1446 0.0016954596730753748
1447 0.0
1448 0.0
1449 0.0
1450 0.0
1451 0.0
1452 0.0
1453 0.0
1454 0.0
1455 0.0
1456 0.0
1457 0.0
1458 0.0
1459 0.0
1460 0.0
1461 0.0
1462 -0.0016437477959298983
1463 -0.00039514080717518047
1464 0.0
1465 0.0
1466 0.0
1467 0.0
1468 0.0
1469 0.0
1470 0.00044004054532919873
1471 0.0011320095180850094
1472 0.0003425610257397919
1473 0.0
1474 0.0
1475 0.0
1476 0.0
1477 0.0
1478 0.0
1479 0.0
1480 0.0
1481 0.0
1482 0.0
1483 0.0
1484 0.0
1485 0.0
1486 0.0010790636451769341
1487 0.0
1488 0.0
1489 0.0003046010924104768
1490 0.0
1491 0.0
1492 0.0
1493 0.0
1494 0.0
1495 0.0011336680290957887
1496 0.0004083362924225287
1497 0.00198113867235395
1498 0.0005816572474262467
1499 0.0
1500 0.0
1501 0.0
1502 0.0
1503 0.0
1504 0.0
1505 0.0
1506 0.00025879980890403277
1507 0.0
1508 0.0
1509 0.001140634682973853
1510 0.003678883676169146
1511 0.0
1512 0.0
1513 0.0006885019155035257
1514 0.0
1515 0.0
1516 -0.000474504855032095
1517 0.0
1518 0.0
1519 0.0
1520 0.0
1521 0.0
1522 0.0
1523 0.0
1524 0.0
1525 0.0
1526 -0.0005833508936515187
1527 0.0
1528 0.0
1529 0.0
1530 0.0
1531 0.0
1532 0.0
1533 0.0
1534 0.0010129742328398848
1535 0.0019310559642493686
1536 0.0003600137889114396
1537 0.0
1538 0.0
1539 0.0
1540 0.0
1541 0.0
1542 0.0
1543 0.0
1544 0.0
1545 0.0
1546 0.0
1547 0.0
1548 0.0
1549 0.0
1550 0.0
1551 0.0001507162150692492
1552 0.0
1553 0.0
1554 0.0
1555 0.0
1556 0.0
1557 0.0
1558 0.0
1559 0.0009785578205572171
1560 0.00044165813238662097
1561 0.001077796905868677
1562 0.0008074890695050211
1563 0.0
1564 0.0
1565 -5.928349527133571e-05
1566 0.0
1567 0.0
1568 0.0
1569 0.0
1570 0.0007027045218200322
1571 0.0009196499223810438
1572 0.0003894066984426891
1573 0.0
1574 0.0
1575 0.0
1576 0.0021616501013802915
1577 0.001396316111994958
1578 0.0
1579 0.0
1580 0.0
1581 0.0
1582 0.0
1583 0.0
1584 0.0
1585 0.0
1586 0.0
1587 0.0
1588 0.0
1589 0.0
1590 -0.0009666377333739337
1591 0.0
1592 0.0
1593 0.0
1594 0.0
1595 0.0
1596 0.0
1597 0.0
1598 0.0008978831192213125
1599 0.001825493973296276
1600 0.0
1601 0.0
1602 0.0
1603 0.0
1604 0.0
1605 0.0
1606 0.0
1607 0.0
1608 0.0
1609 0.0
1610 0.0
1611 0.0
1612 0.0
1613 0.0
1614 0.0
1615 0.00022144328347502464
1616 0.0
1617 0.0
1618 0.0
1619 0.0
1620 0.0
1621 0.0
1622 0.0002052401010521332
1623 0.00020559792459192
1624 0.0
1625 0.0
1626 0.0
1627 0.0
1628 0.0
1629 -0.0003623599937829434
1630 0.0
1631 0.0
1632 0.0
1633 0.0
1634 0.0015912296498640725
1635 0.003941909853900287
1636 0.004129571044870714
1637 0.0018605373668927772
1638 0.00010993060189537211
1639 0.0025131174969326526
1640 0.0022853248333378055
1641 0.0011553141777153966
1642 0.0
1643 0.0
1644 -0.00014505192253869509
1645 0.0
1646 0.0
1647 0.0
1648 0.0
1649 0.0
1650 0.0
1651 0.0
1652 0.0
1653 0.0
1654 0.0
1655 0.0
1656 0.0
1657 0.0
1658 0.0
1659 0.0
1660 0.0
1661 0.0
1662 0.0004592798708777014
1663 0.00029763767352118523
1664 0.0
1665 0.0
1666 0.0
1667 0.0
1668 0.0
1669 0.0
1670 0.0
1671 0.0
1672 0.0
1673 0.0
1674 0.0
1675 0.0
1676 0.0
1677 0.0
1678 0.0005387250328753968
1679 0.0
1680 0.0
1681 0.0
1682 0.0
1683 0.0
1684 0.0
1685 0.0
1686 0.0003259077400898507
1687 0.0003845075523393902
1688 0.0
1689 0.0
1690 0.0
1691 0.0
1692 0.0
1693 0.0
1694 0.0
1695 0.0
1696 0.0
1697 0.0
1698 0.0
1699 0.0
1700 0.0013164266869118107
1701 0.0009404339353625925
1702 0.0
1703 0.0
1704 0.0011050722163150955
1705 0.0
1706 0.0
1707 0.0
1708 0.0
1709 0.0
1710 0.0
1711 0.0
1712 0.0
1713 0.0
1714 0.0
1715 0.0
1716 0.0
1717 0.0
1718 0.0
1719 0.0
1720 0.0
1721 0.0
1722 0.0
1723 0.0
1724 0.0
1725 0.0
1726 0.0
1727 0.0005240422781248227
1728 0.00045169399101234643
1729 0.0
1730 0.0
1731 0.0
1732 0.0
1733 0.0
1734 0.0
1735 0.0
1736 0.0
1737 0.0
1738 0.0
1739 0.0
1740 0.0
1741 0.0
1742 0.0
1743 0.0
1744 0.0
1745 0.0
1746 0.0
1747 0.0
1748 0.0
1749 9.535256093332899e-05
1750 0.0
1751 0.0
1752 0.0
1753 0.0
1754 0.0
1755 0.0
1756 0.0
1757 0.0
1758 0.0
1759 0.0
1760 0.0014920446354169763
1761 0.0
1762 0.0
1763 0.0
1764 0.0
1765 0.0014351391098056448
1766 0.0
1767 0.0
1768 0.0
1769 0.0
1770 0.0
1771 0.0
1772 0.0
1773 0.0
1774 0.0
1775 0.0
1776 -0.0010044221281864077
1777 -0.00018684033262456452
1778 -0.0014617422471679452
1779 -0.0013659083101496107
1780 0.0
1781 0.0
1782 0.0
1783 0.0
1784 0.0
1785 0.0
1786 0.0
1787 0.0
1788 0.0
1789 0.0
1790 0.0
1791 0.0007256032730595537
1792 0.0
1793 0.0
1794 0.0
1795 0.0
1796 0.0
1797 0.0
1798 0.0
1799 0.0
1800 0.0
1801 0.0
1802 0.0
1803 0.0
1804 0.0
1805 0.0
1806 0.0
1807 0.0
1808 0.0
1809 0.0
1810 0.0
1811 0.0
1812 0.0
1813 0.0
1814 0.0
1815 0.0
1816 0.0
1817 0.0
1818 0.0
1819 0.0
1820 0.0
1821 0.0
1822 0.0
1823 0.0
1824 0.0
1825 0.0
1826 0.0
1827 0.0
1828 0.0
1829 0.0
1830 0.0
1831 0.0
1832 0.0
1833 0.0
1834 0.0
1835 0.0
1836 0.0
1837 0.0
1838 0.0
1839 0.0
1840 -0.002292156862706153
1841 -0.0037243171811840105
1842 -0.0027120419019994973
1843 -0.0025753165999004303
1844 -0.000469881954756522
1845 -4.4866979856707803e-05
1846 0.0
1847 0.0
1848 0.0
1849 0.0
1850 0.0
1851 0.0
1852 0.0
1853 0.0
1854 0.0
1855 9.672707217076358e-05
1856 0.0
1857 0.0
1858 0.0
1859 0.0
1860 0.0
1861 0.0
1862 0.0
1863 0.0
1864 0.0
1865 0.0
1866 0.0
1867 0.0
1868 0.0
1869 0.0
1870 0.0
1871 0.0
1872 0.0
1873 0.0
1874 0.0
1875 0.0
1876 0.0
1877 0.0005528164009395436
1878 0.0002258919308105572
1879 0.0014143723180599789
1880 0.0018605566527156636
1881 9.618737823712656e-05
1882 0.0006217649525047927
1883 0.0
1884 0.0006638016915529155
1885 0.0008943635312120146
1886 0.0
1887 0.0
1888 0.0
1889 0.0
1890 0.0
1891 0.0
1892 0.0
1893 0.0
1894 0.0
1895 0.0
1896 0.0
1897 0.0
1898 0.0
1899 0.0
1900 0.0
1901 0.0
1902 -0.0006303889005705802
1903 -0.0019495153609488378
1904 -0.0032708531733176807
1905 -0.0023402256890968716
1906 -0.0031229995848077027
1907 -0.002554699485454236
1908 0.0
1909 0.0
1910 -8.165247953796816e-05
1911 0.0
1912 0.0
1913 0.0
1914 0.0
1915 0.0
1916 0.0
1917 0.0
1918 0.0
1919 0.0
1920 0.0
1921 0.0
1922 0.0
1923 0.0
1924 0.0
1925 0.0
1926 0.0
1927 0.0
1928 0.0
1929 0.0
1930 0.0
1931 0.0
1932 0.0
1933 0.0
1934 0.0
1935 1.264295999952862e-05
1936 0.0002412736736553633
1937 0.0
1938 0.0
1939 0.0
1940 0.0
1941 0.0
1942 2.6829113866242834e-06
1943 0.0012123831979749928
1944 0.0012200484122450775
1945 0.0011161270372694902
1946 0.0012132270076338507
1947 0.0005203458945189054
1948 0.0008843864778731707
1949 0.0
1950 7.969368263704312e-06
1951 0.0
1952 0.0
1953 0.0
1954 0.0
1955 0.0
1956 0.0
1957 0.0
1958 0.0
1959 0.0
1960 0.0
1961 0.0
1962 0.0
1963 0.0
1964 -0.00033390643100238707
1965 -0.0009076051211099812
1966 -0.00012308554842377554
1967 -0.002555922334957721
1968 -0.0011722881026231806
1969 0.0
1970 0.0
1971 0.0
1972 0.0
1973 0.0
1974 0.0
1975 0.0
1976 0.0
1977 0.0
1978 0.0
1979 0.0
1980 0.0
1981 0.0
1982 0.0
1983 0.0
1984 0.0
1985 0.0
1986 0.0
1987 -0.00027927938161285986
1988 0.0
1989 0.0
1990 0.0
1991 0.0
1992 0.0
1993 0.0
1994 0.0
1995 0.0
1996 0.0
1997 0.0001344990981860694
1998 0.0
1999 0.0
2000 0.0
2001 0.0
2002 0.0
2003 0.0
2004 0.0
2005 0.0
2006 0.0
2007 0.0007018455046581406
2008 0.0
2009 0.0012714383728601824
2010 0.0003849518959691388
2011 0.000304366698354387
2012 0.0
2013 0.0
2014 0.0
2015 0.0
2016 0.0
2017 0.0005653563798658395
2018 3.307600721799093e-05
2019 0.0
2020 0.0
2021 0.0
2022 0.0
2023 0.0
2024 0.0
2025 0.0
2026 0.0
2027 0.0
2028 -0.0006823508458499931
2029 -0.0014255003690992758
2030 -0.0025025082348920985
2031 -0.001366115190653445
2032 -0.0016931621785954397
2033 0.0
2034 0.0
2035 0.0
2036 0.0
2037 -0.0021705283916002498
2038 -0.0025720038289603273
2039 0.0
2040 0.0
2041 0.0
2042 0.0
2043 0.0
2044 0.0
2045 0.0
2046 0.0
2047 0.0
2048 0.0
2049 0.0
2050 -0.00030618983273974647
2051 0.0
2052 0.0
2053 0.0
2054 0.0
2055 0.0
2056 0.0
2057 0.0
2058 0.0
2059 0.0
2060 0.0
2061 0.00019814105076276737
2062 0.0
2063 0.0
2064 0.0
2065 0.0
2066 0.0
2067 0.0
2068 0.0
2069 0.0
2070 0.0
2071 0.0
2072 0.0
2073 0.0002064342647903158
2074 0.0
2075 0.0
2076 0.0
2077 0.0
2078 0.0
2079 0.0
2080 0.0
2081 5.24323815615806e-05
2082 0.0
2083 0.0
2084 0.0
2085 0.0
2086 0.0
2087 0.0
2088 0.0
2089 0.0
2090 0.0
2091 0.0
2092 0.0
2093 -0.0019922247343442676
2094 -0.0021256328520892144
2095 -0.0006320115281453693
2096 -0.000366493979742681
2097 0.0
2098 0.0
2099 -0.0005416299433196678
2100 -0.0012636803496576421
2101 -0.0014372221118369147
2102 -0.0036313773346873146
2103 -0.0019983235045078437
2104 0.0
2105 0.0
2106 0.0
2107 0.00026667080388688555
2108 0.0
2109 0.0
2110 0.0
2111 0.0
2112 0.0
2113 0.0
2114 0.0
2115 0.0
2116 0.0
2117 0.0
2118 0.0
2119 0.0
2120 0.0
2121 0.0
2122 0.0
2123 0.0
2124 0.0
2125 0.0004782148374537845
2126 0.0
2127 0.0
2128 0.0006353753999554856
2129 0.0010414978573177766
2130 0.0
2131 0.0
2132 0.0
2133 0.0
2134 0.0
2135 0.0
2136 0.0
2137 0.002054492435011395
2138 0.001674281156977668
2139 0.0004910286544086654
2140 0.00010491330027440155
2141 0.0
2142 0.0
2143 0.0
2144 0.0
2145 2.322895846563972e-05
2146 0.0
2147 0.0
2148 0.0
2149 0.0
2150 0.0
2151 0.0
2152 0.0
2153 0.0
2154 0.0
2155 0.0
2156 0.0
2157 -0.0011061506632070338
2158 0.0
2159 0.0
2160 0.0
2161 0.0
2162 0.0
2163 0.0
2164 0.0
2165 0.0
2166 -0.002131246972706101
2167 -5.866619454682057e-05
2168 0.0
2169 0.0
2170 1.882735107431512e-05
2171 0.0
2172 0.0
2173 0.0
2174 0.0
2175 0.0
2176 0.0
2177 0.0
2178 -0.0007329544174116526
2179 0.0
2180 0.0
2181 0.0
2182 0.0006763509800340678
2183 0.0006360879453947264
2184 0.0
2185 0.0
2186 0.0
2187 0.0
2188 0.0
2189 0.0009060214836033487
2190 0.0
2191 0.0
2192 8.482850102394813e-05
2193 0.0
2194 0.0
2195 0.0
2196 0.0
2197 0.0
2198 0.0
2199 0.0003712495690138271
2200 0.0
2201 0.0
2202 0.0006518974639817303
2203 0.001413521201924402
2204 0.0012257816093375552
2205 0.0011201769427913479
2206 0.0005909393207547507
2207 0.00042760296154022734
2208 0.0
2209 0.0009792083087747702
2210 0.0
2211 0.0
2212 0.0
2213 0.0
2214 0.0
2215 0.0
2216 0.0
2217 0.0
2218 0.0
2219 0.0
2220 0.0
2221 0.0
2222 0.0
2223 0.0
2224 0.0
2225 0.0
2226 0.0
2227 0.0
2228 0.0
2229 0.0
2230 0.0
2231 0.0
2232 0.0
2233 0.0
2234 0.0
2235 0.0005951103850805145
2236 0.0
2237 0.0
2238 0.0
2239 0.0
2240 0.0
2241 0.0
2242 -6.072917042092357e-05
2243 0.0
2244 0.0
2245 0.0
2246 3.893943546060702e-05
2247 0.0005089867252132869
2248 1.7444571018867557e-05
2249 0.0
2250 0.0
2251 0.0
2252 0.0
2253 0.0
2254 0.0
2255 0.0
2256 0.0
2257 0.0
2258 0.0
2259 0.0
2260 0.0
2261 0.0
2262 0.0
2263 0.0017322647486674788
2264 0.0
2265 0.0
2266 0.0
2267 0.0
2268 0.0
2269 0.0
2270 0.0
2271 0.0
2272 0.0
2273 0.00036215674716956746
2274 0.0
2275 0.0
2276 0.0
2277 0.0
2278 0.0
2279 0.0
2280 0.0
2281 0.0
2282 0.0
2283 0.0
2284 0.0
2285 0.0
2286 0.0
2287 0.0
2288 0.0
2289 4.850023690760837e-05
2290 0.0
2291 0.0007856646311320105
2292 0.0
2293 0.0
2294 0.0
2295 0.0
2296 0.0
2297 0.0
2298 0.0013002205251053556
2299 0.0008706986399482783
2300 0.0004898483699457555
2301 0.0
2302 0.0
2303 0.000624713160256624
2304 0.0
2305 0.0
2306 0.0
2307 0.0
2308 0.0
2309 0.0
2310 0.0
2311 0.0
2312 0.00023080923031802133
2313 0.0
2314 0.0
2315 0.0
2316 0.0
2317 0.0
2318 0.0
2319 0.0
2320 0.0
2321 0.0
2322 0.0
2323 0.0
2324 0.0
2325 0.00032576660578891904
2326 0.0
2327 0.0
2328 0.0
2329 0.0
2330 0.0
2331 0.0
2332 0.0
2333 0.0
2334 0.0
2335 0.0
2336 0.0
2337 0.0
2338 0.0
2339 0.0
2340 0.0
2341 0.0
2342 0.0
2343 0.0
2344 0.0
2345 0.0
2346 0.0
2347 0.0
2348 -0.00016030080884237244
2349 -0.00011646177207994163
2350 -0.0005136089370331252
2351 0.0
2352 0.0
2353 0.0
2354 0.0
2355 0.0
2356 0.0
2357 0.0
2358 0.0
2359 0.0
2360 0.0
2361 0.0
2362 0.0
2363 0.001198843059785543
2364 0.0
2365 0.0
2366 0.0
2367 0.001684013521855925
2368 0.0
2369 0.0
2370 0.0
2371 0.0
2372 0.0
2373 0.0
2374 0.0001717227645609145
2375 9.265785534249875e-05
2376 0.0
2377 0.0
2378 0.0
2379 0.0
2380 0.0
2381 0.0007136360829427036
2382 0.0
2383 3.98478249098333e-05
2384 0.0
2385 1.839088110509275e-05
2386 0.0027715409426267226
2387 0.0
2388 0.0015554737568432926
2389 0.0
2390 0.0
2391 0.0
2392 0.0
2393 0.0
2394 0.0
2395 0.0
2396 0.0
2397 0.0
2398 0.0
2399 0.0
2400 0.0
2401 0.0
2402 0.0
2403 -3.810202653686339e-05
2404 0.0
2405 0.0
2406 0.0
2407 0.0
2408 0.0
2409 0.0
2410 0.0
2411 0.0
2412 0.0
2413 -0.0002230568609030025
2414 -0.0008481483852066225
2415 0.0
2416 0.0
2417 0.0
2418 0.0
2419 0.0
2420 -0.00022566100195550476
2421 0.0
2422 0.0
2423 -0.0005652509705846195
2424 -0.0009620599117382565
2425 0.0
2426 0.0
2427 0.00047360243483217645
2428 0.0
2429 0.0003298497938113015
2430 0.0017508707905554031
2431 0.0005114520563911687
2432 0.0
2433 0.0
2434 0.0
2435 0.0
2436 0.0
2437 0.0
2438 4.736234207520121e-05
2439 7.370883231023933e-06
2440 2.3470844099089695e-05
2441 0.0
2442 0.0
2443 0.0
2444 0.0
2445 0.0
2446 0.0
2447 0.0
2448 0.0
2449 0.0
2450 0.0013812755256570862
2451 0.0029633342946472885
2452 0.0007913601939207844
2453 0.0
2454 0.0
2455 0.0
2456 0.0
2457 0.0
2458 0.0
2459 0.0
2460 0.0
2461 0.0
2462 0.0
2463 0.0
2464 0.0
2465 0.0
2466 0.0
2467 0.0
2468 0.0
2469 0.0
2470 0.0
2471 0.0
2472 0.0
2473 0.0
2474 0.0
2475 0.0
2476 0.0
2477 -0.0011152144564346685
2478 -0.005019015189626614
2479 0.0
2480 0.0
2481 0.0
2482 -0.0022975240916409605
2483 0.0
2484 -0.0011063185749899751
2485 -0.0023265341937413865
2486 -0.001589826063695196
2487 -0.0007589833384326607
2488 -0.0007264756054063145
2489 0.0
2490 0.0
2491 0.0
2492 8.03610050051431e-05
2493 0.0009552803914664798
2494 0.0017917285066356451
2495 0.002970791498742602
2496 0.0
2497 0.0
2498 0.0
2499 0.0
2500 0.0
2501 0.0
2502 0.0
2503 6.649431590026114e-05
2504 0.0
2505 0.0001780072700567495
2506 0.0
2507 0.0
2508 0.0
2509 0.0
2510 0.0
2511 0.0
2512 0.0003142074797419475
2513 0.0011442407626669202
2514 0.001207118194337187
2515 0.00017076142407856048
2516 0.0013539826074918525
2517 0.0
2518 0.0
2519 0.0
2520 0.0
2521 0.0
2522 0.0
2523 0.0
2524 0.0
2525 0.0
2526 0.000287899193538967
2527 0.00027018005200644496
2528 0.0
2529 0.0
2530 0.0
2531 0.0
2532 0.0
2533 0.0
2534 0.0
2535 0.0
2536 0.0
2537 0.0
2538 0.0
2539 0.0
2540 0.0
2541 0.0
2542 0.0
2543 -0.0007593599457482449
2544 -0.0013381635961264781
2545 -0.003019141518296957
2546 -0.00500698636882925
2547 -0.0023319806830274254
2548 -0.0025790997952936756
2549 -0.004567353795729642
2550 -0.004004910195237647
2551 -0.0018942243507370858
2552 -0.0009416843637589186
2553 0.0
2554 0.0
2555 0.0001896073529265776
2556 0.0012841990930884876
2557 0.0016293681492272217
2558 0.0016111861033823768
2559 0.0011385946622586788
2560 0.0
2561 0.0
2562 0.0
2563 0.0
2564 0.0
2565 0.0
2566 0.0
2567 0.0005151118158791673
2568 0.0
2569 5.396005985561505e-05
2570 0.0
2571 0.0
2572 0.0
2573 0.0
2574 0.0003951323559283417
2575 6.293512044649403e-05
2576 0.0014605163931471535
2577 0.0011605786450951902
2578 0.0022827326943555774
2579 0.0010626777675305796
2580 8.727651826767442e-05
2581 0.0
2582 0.0
2583 0.0
2584 0.0
2585 0.0
2586 0.0
2587 0.0
2588 0.0
2589 0.0006166388568075629
2590 0.0002541463634189638
2591 0.0004578617572957204
2592 0.0
2593 0.0
2594 0.0
2595 0.0
2596 0.0
2597 0.0
2598 0.0
2599 0.0
2600 0.0
2601 0.0
2602 0.0
2603 0.0
2604 0.0
2605 0.0
2606 0.0
2607 -1.9978491165675112e-05
2608 0.0
2609 -0.002274486898461189
2610 -0.002237452375977031
2611 -0.0017251192019833853
2612 -0.0032528590855369086
2613 -0.0015003874456060407
2614 -0.0008013223382449444
2615 0.0
2616 0.0
2617 0.0
2618 0.0
2619 0.001136301874346637
2620 0.000997298800944662
2621 0.000815117692445863
2622 0.0013807684766516536
2623 0.0
2624 0.0
2625 0.0
2626 0.0
2627 0.0
2628 0.0
2629 0.0
2630 0.0010165509077510952
2631 0.0004742919944697539
2632 0.0006012318151837986
2633 0.0
2634 0.0
2635 0.0
2636 0.0
2637 0.0
2638 0.0009279062359810248
2639 0.0009566205248000776
2640 0.0
2641 0.001921923479430662
2642 0.002521897101549705
2643 0.0
2644 0.0
2645 0.0
2646 0.0
2647 0.0
2648 0.0
2649 0.0
2650 0.0
2651 0.0
2652 0.0
2653 0.0
2654 0.0
2655 0.0
2656 0.0
2657 0.0
2658 0.0
2659 0.0
2660 0.0
2661 0.0
2662 0.0
2663 0.0
2664 0.0
2665 0.0
2666 0.0
2667 0.0
2668 0.0
2669 0.0
2670 0.0
2671 0.0
2672 0.0
2673 0.0
2674 -1.7984407640550326e-05
2675 -0.0008312633216435262
2676 -0.0003147876690523817
2677 0.0
2678 0.0
2679 0.0
2680 0.0
2681 0.0
2682 0.0
2683 0.0
2684 0.0
2685 0.0017396753608452263
2686 4.684122830234297e-05
2687 0.001286883261399552
2688 0.0
2689 0.0
2690 0.0
2691 0.0
2692 0.0
2693 0.0
2694 0.0
2695 0.0
2696 0.0
2697 0.0
2698 0.0
2699 0.0
2700 0.0
2701 0.0
2702 0.0
2703 0.0
2704 0.0
2705 0.0
2706 0.0003741359103798068
2707 0.0
2708 0.0
2709 0.0
2710 0.0
2711 0.0
2712 -0.0017058254127982667
2713 0.0
2714 0.0
2715 0.0
2716 0.0
2717 0.0
2718 0.0
2719 0.0
2720 0.0
2721 0.0
2722 0.0008312104063435155
2723 0.001020066587548705
2724 0.0
2725 0.00028539887359153523
2726 0.0
2727 0.0
2728 0.0
2729 0.0
2730 0.0
2731 0.0
2732 0.0
2733 0.0
2734 0.0
2735 0.0
2736 0.0
2737 0.0
2738 0.0
2739 0.0
2740 0.0
2741 0.0
2742 0.0
2743 0.0
2744 0.0
2745 0.0
2746 0.00018030111629958838
2747 0.00041592853046985444
2748 0.0
2749 0.0002619624361928218
2750 0.0
2751 0.0
2752 0.0
2753 0.0
2754 0.0
2755 0.0
2756 0.0
2757 0.0
2758 0.0
2759 0.0
2760 0.0006369649715292327
2761 0.0
2762 0.0
2763 0.0
2764 0.0
2765 0.0
2766 -0.00021751029453331646
2767 0.0
2768 0.0
2769 3.658861531786672e-05
2770 0.0
2771 0.0
2772 0.0
2773 0.0004399207817731346
2774 0.0008946285776630669
2775 0.0
2776 0.0
2777 0.0
2778 0.0
2779 0.0
2780 0.0
2781 0.0
2782 0.0
2783 0.0
2784 0.0
2785 0.0
2786 0.0
2787 0.0006260082207888697
2788 0.002571285115636795
2789 0.0012557941689810743
2790 0.0
2791 0.0
2792 0.0
2793 0.0
2794 0.0
2795 0.0
2796 0.0
2797 0.0
2798 0.0
2799 -0.0006327533298151008
2800 0.0
2801 0.0
2802 0.0
2803 0.0
2804 0.0
2805 0.0
2806 0.0
2807 0.0
2808 0.0
2809 0.0
2810 0.0
2811 0.0
2812 0.0
2813 0.0
2814 0.0
2815 0.0
2816 0.0
2817 -1.3837611544890873e-05
2818 0.0
2819 0.0
2820 0.0
2821 0.0
2822 0.0
2823 0.0
2824 0.0
2825 0.0
2826 0.0
2827 0.0
2828 0.0
2829 -0.0012290919363283656
2830 0.0
2831 0.0
2832 0.0
2833 0.0010927011237577516
2834 0.0009830513872967825
2835 0.0
2836 0.00022268875099564365
2837 0.0
2838 0.0
2839 0.0006107998640423742
2840 0.0
2841 0.0
2842 0.0
2843 0.0
2844 0.0
2845 0.0
2846 0.0
2847 0.00048098992604378064
2848 0.0
2849 0.0
2850 0.0009195893275503282
2851 0.00114957786014809
2852 0.0014621349892437522
2853 0.0
2854 0.0
2855 0.0
2856 0.0
2857 0.0
2858 0.0
2859 0.0
2860 0.0
2861 0.0
2862 0.0
2863 0.0
2864 0.0
2865 0.0
2866 0.0
2867 0.0
2868 0.0
2869 0.0
2870 0.0
2871 0.0
2872 0.0
2873 0.0
2874 0.0
2875 0.0
2876 0.0
2877 0.0
2878 0.0
2879 0.0
2880 -0.00013952040096497565
2881 -0.0007926704758770628
2882 -0.00034013924460063233
2883 0.0
2884 0.0
2885 0.0
2886 0.0
2887 0.0
2888 0.0
2889 0.0
2890 0.0
2891 -0.0007639579929327886
2892 0.0
2893 0.0
2894 0.0007681319646890725
2895 0.0009290873011719479
2896 0.0017268182260092525
2897 0.004672572021501306
2898 0.003210371837744753
2899 0.0002456661372780031
2900 6.271860685343817e-05
2901 0.0008993284747298145
2902 0.0005966666736803314
2903 0.0008232841032864936
2904 0.0
2905 0.0
2906 0.0
2907 0.0
2908 0.0
2909 0.0
2910 0.0
2911 0.0
2912 0.0
2913 0.0
2914 0.0
2915 0.0
2916 0.0
2917 0.0
2918 0.0
2919 0.0
2920 0.0
2921 0.0
2922 0.0
2923 0.0
2924 0.0
2925 0.0
2926 0.0
2927 0.0
2928 0.0
2929 0.0
2930 0.0
2931 0.0
2932 0.0
2933 0.0
2934 -0.0009177956851738373
2935 0.0
2936 0.0
2937 0.0
2938 0.0
2939 0.0
2940 0.0
2941 0.0
2942 0.0
2943 0.0
2944 0.0
2945 0.0
2946 0.0
2947 0.0
2948 0.0
2949 0.0
2950 0.0
2951 0.0
2952 0.0
2953 0.0
2954 -0.0017232310058842531
2955 0.0
2956 0.0
2957 0.0
2958 0.0008792289200088669
2959 0.0008352828717462396
2960 0.0020683209645965678
2961 0.00294865372429978
2962 0.007486379525805481
2963 0.0018104753382874557
2964 0.0
2965 0.0
2966 0.0
2967 0.0
2968 0.0
2969 0.0
2970 0.0
2971 0.0
2972 0.0
2973 0.0
2974 0.0
2975 0.0
2976 0.0
2977 0.0
2978 0.0
2979 0.0
2980 0.0
2981 0.0
2982 0.0
2983 0.0
2984 0.0
2985 0.0
2986 0.0
2987 0.0
2988 0.0
2989 0.0
2990 0.0
2991 0.0
2992 0.0
2993 0.0
2994 0.0
2995 0.0
2996 0.0
2997 -0.000501306914477529
2998 0.0
2999 -0.00047264584427159095
3000 0.0
3001 0.0
3002 0.0
3003 0.0
3004 0.0
3005 0.0
3006 0.0
3007 0.0
3008 0.0
3009 0.0
3010 0.0
3011 0.0
3012 0.0
3013 0.0
3014 0.0
3015 0.0
3016 -0.0022015492689697485
3017 -0.0022955722883012996
3018 0.0
3019 0.0
3020 0.0
3021 0.0007242530739638672
3022 0.0
3023 0.0
3024 0.0
3025 0.0
3026 0.0
3027 0.0001553664416325239
3028 0.0
3029 0.0
3030 0.0
3031 0.0
3032 0.0
3033 0.0
3034 0.0
3035 0.0
3036 0.0
3037 0.0
3038 0.0
3039 0.0
3040 0.00034479897504433596
3041 0.0009713220077862406
3042 0.0
3043 0.0
3044 0.0
3045 0.0
3046 0.0
3047 0.0006937217302747115
3048 0.0
3049 0.0
3050 0.0
3051 0.0
3052 0.0
3053 0.0
3054 0.0
3055 0.0
3056 0.0
3057 0.0
3058 0.0
3059 0.0
3060 0.0
3061 -0.00026826982080447475
3062 0.0
3063 0.0
3064 0.0
3065 0.0
3066 0.0
3067 0.0
3068 0.0
3069 0.0
3070 0.0
3071 0.0
3072 0.0
3073 0.0
3074 0.0
3075 0.0
3076 0.0
3077 0.0
3078 0.0
3079 0.0
3080 -0.001980970150191789
3081 0.0
3082 0.0
3083 0.0
3084 2.1620611075923694e-05
3085 0.000785218227104945
3086 0.0002852193480288076
3087 0.0
3088 0.0
3089 0.0
3090 0.0
3091 0.0
3092 0.0
3093 0.0
3094 0.0
3095 0.0
3096 0.0
3097 0.0
3098 0.0
3099 0.0
3100 0.0
3101 0.0
3102 0.0
3103 0.0
3104 0.0
3105 0.0
3106 0.0
3107 0.0
3108 0.0
3109 1.2496583119629511e-05
3110 0.00034994153695399417
3111 0.0
3112 0.0
3113 0.0
3114 0.0
3115 0.0
3116 0.0
3117 0.0
3118 0.0
3119 0.0
3120 0.0
3121 0.0
3122 0.0
3123 0.0
3124 0.0
3125 0.0
3126 0.0
3127 0.0
3128 0.0
3129 0.0
3130 0.0
3131 0.0
3132 0.0
3133 0.0
3134 0.0
3135 0.0
3136 0.0
3137 0.0
3138 0.0
3139 0.0
3140 0.0
3141 0.0
3142 0.0
3143 0.0
3144 0.0
3145 0.0
3146 0.0
3147 0.0004693118989594719
3148 0.001004318138476617
3149 0.0011598082732834942
3150 7.953143251417463e-05
3151 0.0
3152 0.0
3153 0.0
3154 0.0
3155 0.0
3156 0.0
3157 0.0
3158 0.0
3159 0.0
3160 0.0
3161 0.0
3162 0.0
3163 0.0
3164 0.0
3165 0.0
3166 0.0
3167 0.0
3168 0.0
3169 0.0
3170 0.0
3171 0.0
3172 0.0
3173 0.0
3174 0.0
3175 0.0
3176 0.0
3177 0.0
3178 0.0
3179 0.0
3180 0.0
3181 0.0
3182 0.0
3183 0.0
3184 0.0
3185 0.0
3186 0.0
3187 0.0
3188 0.0
3189 0.0
3190 0.0
3191 -0.00036594932321507435
3192 0.0
3193 -0.0008697996234250319
3194 0.0
3195 0.0
3196 0.0
3197 0.0
3198 0.0
3199 0.0
3200 0.0
3201 0.0
3202 0.0
3203 0.0
3204 -0.0001311652559940447
3205 0.0
3206 0.0
3207 0.0
3208 0.0
3209 0.0
3210 0.0
3211 0.0
3212 0.0
3213 0.0
3214 0.0
3215 0.0
3216 0.0
3217 0.0
3218 0.0
3219 0.0
3220 0.0
3221 0.0
3222 0.0
3223 0.0
3224 0.0
3225 0.0
3226 0.0
3227 0.0
3228 0.0
3229 0.0
3230 0.0
3231 -0.0008403781811595295
3232 0.0
3233 0.0
3234 0.0
3235 0.0
3236 0.0
3237 0.0
3238 0.0
3239 0.0
3240 0.0
3241 0.0
3242 0.0
3243 0.0
3244 0.0
3245 0.0
3246 0.0
3247 0.0
3248 0.0
3249 0.0
3250 0.0
3251 0.0
3252 0.0
3253 0.0
3254 0.0
3255 0.0
3256 -0.00015789354550454652
3257 -0.001324051486410305
3258 -0.0012975640653777618
3259 0.0
3260 0.0
3261 0.0
3262 0.0
3263 0.0
3264 0.0
3265 0.0
3266 0.0
3267 0.0
3268 0.0
3269 0.0
3270 0.0
3271 0.0
3272 0.0
3273 0.0026834579488446207
3274 0.001366664868874014
3275 0.0
3276 0.0
3277 0.0
3278 0.0
3279 0.0
3280 0.0
3281 0.0
3282 0.0
3283 -0.00025779536136400367
3284 0.0
3285 0.0
3286 0.0
3287 0.0
3288 0.0
3289 0.0
3290 0.0
3291 0.0
3292 0.0
3293 0.0
3294 0.0
3295 0.0
3296 0.0
3297 0.0
3298 0.0
3299 0.0
3300 0.0
3301 -0.0004921401378604631
3302 -0.0005776716713911929
3303 -0.001745936062267318
3304 0.0
3305 0.0
3306 0.0
3307 0.0
3308 0.0
3309 0.0
3310 0.0
3311 0.0
3312 0.0
3313 0.0
3314 0.0001653534019482562
3315 8.508020562604078e-05
3316 0.0
3317 0.0
3318 0.0
3319 0.0
3320 0.0
3321 -0.0006485486045867858
3322 0.0
3323 0.0
3324 0.0
3325 0.0
3326 0.0
3327 0.0
3328 0.0
3329 0.0
3330 0.0
3331 0.0
3332 -0.0005834228502313619
3333 0.0
3334 0.0
3335 0.0
3336 0.0008896834842219372
3337 0.0011520463039556908
3338 0.001265882518185157
3339 0.0014611900692399703
3340 0.0
3341 0.0
3342 0.0
3343 0.0
3344 0.0
3345 0.0
3346 0.0
3347 0.0
3348 0.0
3349 0.0
3350 0.0
3351 -0.0009548097587388201
3352 0.0
3353 0.0
3354 0.0
3355 0.0
3356 0.0
3357 0.0
3358 0.0
3359 0.0
3360 0.0
3361 0.0
3362 0.0
3363 0.0
3364 0.0
3365 -0.0005994356212483485
3366 -0.00047333001072058143
3367 0.0
3368 0.0
3369 0.0
3370 0.0
3371 0.0
3372 0.0
3373 0.0
3374 0.0
3375 0.0
3376 0.0
3377 0.0
3378 0.0
3379 0.0
3380 0.0
3381 0.0
3382 0.0
3383 0.0
3384 -0.0005785243511755333
3385 -0.00016004507801574267
3386 0.0
3387 0.0
3388 0.0
3389 0.0
3390 0.0
3391 0.0
3392 0.0
3393 0.0
3394 0.0
3395 0.0
3396 0.0
3397 0.0
3398 0.0
3399 0.0
3400 0.0
3401 0.0
3402 0.0
3403 0.0
3404 0.0
3405 0.0
3406 0.0
3407 -0.00017069225833222428
3408 0.0
3409 0.0
3410 0.0
3411 0.0
3412 0.0
3413 0.0
3414 -0.00036723793528957465
3415 0.0
3416 0.0
3417 0.0
3418 0.0
3419 0.0
3420 0.0
3421 0.0
3422 0.0
3423 0.0
3424 0.0
3425 0.0
3426 0.0
3427 0.0
3428 0.0
3429 0.0
3430 0.0
3431 0.0
3432 0.0
3433 0.0
3434 0.0
3435 0.0
3436 0.0
3437 0.0
3438 0.0
3439 0.0
3440 0.0
3441 0.0
3442 0.0
3443 0.0
3444 0.0
3445 0.0
3446 0.0
3447 0.0
3448 -0.0008651732208410344
3449 -0.0016667055669546504
3450 -0.0003844278649088053
3451 -6.68431365100757e-05
3452 0.0
3453 0.0
3454 0.0
3455 0.0
3456 0.0
3457 0.0
3458 0.0
3459 0.0
3460 0.0
3461 0.0
3462 0.0
3463 0.0
3464 0.0
3465 0.0
3466 0.0
3467 0.0
3468 0.0
3469 0.0
3470 0.0
3471 0.0
3472 -0.0010414304019418974
3473 0.0
3474 0.0
3475 0.0
3476 0.0
3477 0.0
3478 0.0
3479 0.0
3480 0.0
3481 0.0
3482 0.0
3483 0.0
3484 0.0
3485 0.0
3486 0.0
3487 0.0
3488 0.0
3489 0.0
3490 0.0
3491 0.0
3492 0.0
3493 0.0
3494 0.0
3495 0.0
3496 0.0
3497 0.0
3498 0.0
3499 0.0
3500 0.0
3501 0.0
3502 0.0
3503 0.0
3504 0.0
3505 0.0
3506 0.0
3507 0.0
3508 0.0
3509 -0.0010032168839920832
3510 -0.0007074213425473706
3511 -0.001273256460897596
3512 -0.001718936876464538
3513 -0.001075288832296785
3514 -0.0013101542649110276
3515 0.0
3516 0.0
3517 0.0
3518 0.0
3519 0.0
3520 0.0
3521 0.0
3522 0.0
3523 0.0
3524 0.0
3525 0.0
3526 0.0
3527 0.0
3528 0.0
3529 0.0
3530 0.0
3531 0.0
3532 0.0
3533 0.0
3534 0.0
3535 0.0
3536 -0.0008044775591255456
3537 -0.00032051372375104296
3538 -0.0005987257404097794
3539 -0.00048147698022569016
3540 -0.000429702148276518
3541 0.0
3542 0.0
3543 0.0
3544 0.0
3545 0.0
3546 0.0
3547 0.0
3548 0.0
3549 0.0
3550 0.0
3551 0.0
3552 0.0
3553 0.0
3554 0.0
3555 0.0
3556 0.0
3557 0.0
3558 0.0
3559 0.0
3560 0.0
3561 0.0
3562 0.0
3563 0.0
3564 0.0
3565 0.0
3566 0.0
3567 -5.751136775968509e-05
3568 0.0
3569 0.0
3570 0.0
3571 0.0
3572 -0.0006273497164644926
3573 -0.0015708960774252385
3574 -0.0017868096267858267
3575 -0.0010626492854841714
3576 -0.00022046872994557954
3577 -0.0007313915536781648
3578 -0.0010920988667312938
3579 -0.0015062661380967754
3580 0.0
3581 0.0
3582 0.0
3583 0.0
3584 0.0
3585 0.0
3586 0.0
3587 0.0
3588 0.0
3589 0.0
3590 0.0
3591 0.0
3592 0.0
3593 0.0
3594 0.0
3595 0.0
3596 0.0
3597 0.0
3598 0.0
3599 0.0
3600 0.0
3601 -0.00040062632937167117
3602 -0.0010413824499329546
3603 -0.002155693952069225
3604 -0.00010813237743771445
3605 -1.5531855301927957e-05
3606 0.0
3607 0.0
3608 0.0
3609 0.0
3610 0.0
3611 0.0
3612 0.0
3613 0.0
3614 0.0
3615 0.0
3616 0.0
3617 0.0
3618 0.0
3619 0.0
3620 0.0
3621 0.0
3622 0.0
3623 0.0
3624 0.0
3625 0.0
3626 0.0
3627 0.0
3628 0.0
3629 0.0
3630 0.0
3631 0.0
3632 0.0
3633 0.0
3634 -0.0016656463782504184
3635 -0.0005925315012057888
3636 -0.002177898581397646
3637 -0.0014843267143765607
3638 0.0
3639 0.0
3640 -4.032800097194917e-05
3641 0.0
3642 -0.0011050441967872541
3643 0.0
3644 0.0
3645 0.0
3646 0.0
3647 0.0
3648 0.0
3649 0.0
3650 0.0
3651 0.0
3652 0.0
3653 0.0
3654 0.0
3655 0.0
3656 0.0
3657 0.0
3658 0.0
3659 0.0
3660 0.0
3661 0.0
3662 0.0
3663 0.0
3664 0.0
3665 0.0
3666 -0.000903493940283722
3667 -0.001069473181507122
3668 -0.001343549810829484
3669 -0.00045475912847624505
3670 0.0
3671 0.0
3672 0.0
3673 0.0
3674 0.0
3675 0.0
3676 0.0
3677 0.0
3678 0.0
3679 0.0
3680 0.0
3681 0.0
3682 0.0
3683 0.0
3684 0.0
3685 0.0
3686 0.0
3687 0.0
3688 0.0
3689 0.0
3690 0.0
3691 0.0
3692 0.0
3693 0.0
3694 0.0
3695 0.0
3696 0.0
3697 0.0
3698 -0.0005108256051790007
3699 -0.00024895576629143377
3700 0.0
3701 0.0
3702 0.0
3703 0.0
3704 0.0
3705 0.0
3706 0.0
3707 0.0
3708 0.0
3709 0.0
3710 0.0
3711 0.0
3712 0.0
3713 0.0
3714 0.0
3715 0.0
3716 0.002782998879284938
3717 0.0
3718 0.0
3719 0.0
3720 0.0
3721 0.0
3722 0.0
3723 0.0
3724 0.0
3725 0.0
3726 0.0
3727 0.0
3728 0.0
3729 0.0
3730 0.0
3731 -0.00023110978260117512
3732 0.0
3733 0.0
3734 0.0
3735 0.0
3736 0.0
3737 0.0
3738 0.0
3739 0.0
3740 0.0
3741 0.0
3742 0.0
3743 0.0
3744 -0.0014394106038993903
3745 -0.0015325410736566362
3746 -0.0009942619420566226
3747 0.0
3748 0.0
3749 0.0
3750 0.0
3751 0.0
3752 0.0
3753 0.0
3754 0.0
3755 0.0
3756 0.0
3757 0.0
3758 0.0
3759 0.0
3760 0.0
3761 0.0
3762 0.0
3763 0.0
3764 0.0
3765 0.0
3766 0.0
3767 0.0
3768 0.0
3769 0.0
3770 0.0
3771 0.0
3772 0.0
3773 0.0
3774 0.0
3775 0.0
3776 0.0
3777 0.0
3778 0.0
3779 0.0008688940951405763
3780 0.0005410639286935375
3781 0.0002747046031812694
3782 0.0
3783 0.0
3784 0.0
3785 0.0
3786 0.0
3787 0.0
3788 0.0
3789 0.0
3790 0.0
3791 0.0
3792 0.0
3793 0.0
3794 0.0
3795 0.0
3796 -0.0018581783942048433
3797 0.0
3798 0.0
3799 -0.0005638067994652705
3800 0.0
3801 0.0
3802 0.0
3803 0.0
3804 0.0
3805 0.0
3806 0.0
3807 -0.00041228429343513677
3808 -0.0024126925448868046
3809 -0.002723582187426427
3810 0.0
3811 0.0
3812 0.0
3813 0.0
3814 0.0
3815 0.0
3816 0.0
3817 0.0
3818 0.0
3819 0.0
3820 0.0
3821 0.0
3822 0.0
3823 0.0
3824 0.00036700221494242677
3825 0.00016376725091758661
3826 0.0
3827 0.0
3828 0.0
3829 0.0
3830 0.0
3831 0.0
3832 0.0
3833 0.0
3834 0.0
3835 0.0
3836 0.0
3837 0.0
3838 0.0
3839 0.0
3840 0.0
3841 0.0
3842 0.0
3843 0.0005031397859680757
3844 0.0017038146084028614
3845 0.0017869367377459152
3846 0.0016979655588312322
3847 0.0011117045139673943
3848 0.0005749584854772656
3849 0.0
3850 0.0
3851 0.0
3852 0.0
3853 0.0
3854 0.0
3855 0.0
3856 0.0
3857 0.0
3858 0.0
3859 0.0
3860 0.0
3861 0.0
3862 0.0
3863 0.0
3864 0.0
3865 0.0
3866 0.0
3867 0.0
3868 0.0
3869 -5.056739325188444e-05
3870 -0.0011455783081069446
3871 -9.329945502431562e-05
3872 0.0
3873 0.0
3874 0.0
3875 0.0
3876 0.0
3877 0.0
3878 0.0
3879 0.0
3880 0.0
3881 0.0
3882 0.0
3883 0.0
3884 0.0
3885 0.0
3886 0.0
3887 0.0004614063067188057
3888 0.00043545980629058526
3889 0.0
3890 0.0003231294431647687
3891 0.0
3892 0.0
3893 0.0
3894 0.0
3895 0.0
3896 0.0
3897 0.0
3898 0.0
3899 0.0
3900 0.0
3901 0.0
3902 0.0
3903 0.0
3904 0.0
3905 0.0
3906 0.0
3907 0.0
3908 0.0
3909 0.001002057080146556
3910 0.0014536398101277549
3911 0.00354473901084767
3912 0.004694265599697382
3913 0.003332412644169046
3914 0.001750616384618777
3915 0.001275941747471664
3916 0.0
3917 0.0
3918 0.0
3919 0.0
3920 0.0
3921 0.0
3922 0.0
3923 0.0
3924 0.0
3925 0.0
3926 0.0
3927 0.0
3928 -0.00017088550767480095
3929 0.0
3930 0.0
3931 0.0
3932 0.0
3933 0.0
3934 0.0
3935 0.0
3936 0.0
3937 0.0
3938 0.0
3939 0.0
3940 0.0
3941 0.0
3942 0.0
3943 0.0
3944 0.0
3945 0.0
3946 4.406909294837355e-05
3947 0.0
3948 0.0
3949 0.0
3950 0.00156801934971005
3951 0.00022122402299984528
3952 0.0
3953 0.00035302347706968383
3954 0.0
3955 0.0
3956 0.0
3957 0.0
3958 0.0
3959 0.0
3960 0.0
3961 0.0
3962 0.0
3963 0.0
3964 0.0
3965 0.0
3966 0.0
3967 0.0
3968 0.0
3969 0.0
3970 0.0
3971 0.0
3972 0.0
3973 0.0
3974 0.0
3975 0.00019842293700087708
3976 0.0026619497282622537
3977 0.0005027812560217579
3978 0.0
3979 0.0
3980 0.0
3981 0.0
3982 0.0
3983 0.0
3984 -0.0006957125897106937
3985 0.0
3986 -0.0014192157939848598
3987 0.0
3988 0.0
3989 0.0
3990 0.0
3991 0.0
3992 -0.0003494987674459757
3993 0.0
3994 0.0
3995 0.0
3996 0.0
3997 0.0
3998 0.0017939357606873297
3999 0.00044901834318210006
4000 0.0
4001 0.0
4002 0.0
4003 0.0
4004 0.0
4005 0.0
4006 0.0
4007 0.0
4008 0.0
4009 0.0
4010 0.0007376159256294867
4011 0.0009548971873547669
4012 0.0
4013 0.0
4014 0.0
4015 0.0
4016 0.0
4017 0.0
4018 0.0
4019 0.0
4020 0.0
4021 0.0
4022 0.0
4023 0.0
4024 0.0
4025 0.0
4026 0.0
4027 0.0
4028 0.0
4029 0.0
4030 0.0
4031 0.0
4032 -0.0015612833810159502
4033 -0.002582025394067619
4034 -0.0013367790864153098
4035 0.0
4036 0.0
4037 -0.00035702026714815055
4038 -0.0020216692739670125
4039 -0.0010556424601051175
4040 0.0
4041 -7.398443143267148e-06
4042 0.0
4043 -8.393692109089494e-05
4044 -0.0017223068858388242
4045 -0.0016592389388979266
4046 -0.0013864699644746058
4047 -0.001240343156160616
4048 -0.0010741908029573977
4049 -0.00015853277268413894
4050 -0.0005662866519740245
4051 0.0
4052 0.0
4053 0.0
4054 0.0
4055 0.0
4056 0.0
4057 0.0
4058 0.0
4059 0.0
4060 0.0
4061 0.0
4062 0.003940514072086247
4063 0.0049811382511297355
4064 0.003455010065559234
4065 0.00023845559556211126
4066 0.0
4067 0.0
4068 0.0
4069 0.0
4070 0.0
4071 0.0
4072 0.0
4073 0.0
4074 0.0
4075 0.0
4076 0.0
4077 0.0
4078 0.0
4079 0.0
4080 0.0
4081 0.0
4082 0.0
4083 0.0
4084 0.0
4085 0.0
4086 0.0
4087 0.0
4088 0.0
4089 0.0
4090 0.0
4091 0.0
4092 0.0
4093 0.0
4094 0.0
4095 0.0
