 0
0 1.5573116229254989
1 0.7041633196562389
2 0.6802791717161739
3 0.9720284140636781
4 1.1085005809134145
5 0.5415096815745867
6 0.31221755114219724
7 0.011069116299221096
8 5.8038412655899816e-05
9 0.0039330531846625775
10 0.0009999225177432555
11 0.05253811239225687
12 0.04661476234215976
13 0.22080589302175166
14 0.4707300888975604
15 0.3848249900310293
16 0.6150834638394829
17 0.2357174143859953
18 0.05724960909313697
19 0.10963396876416481
20 0.4923219014668621
21 0.624445598103914
22 0.10503891576641249
23 6.53964059700681e-05
24 0.11043195568972243
25 0.0028218297317641737
26 0.0090293090562484
27 0.030632631199903147
28 0.2707220349630868
29 0.7462386846095417
30 0.710821342858938
31 0.786020160255962
32 1.2904854177167393
33 2.1387256155392533
34 1.836078915916377
35 1.1069850135197283
36 1.0570059102546088
37 1.6844477346422317
38 2.2085882403071224
39 2.134506237843081
40 2.3800731736618226
41 1.8341982909124077
42 1.8333944472226225
43 1.1507707724462553
44 1.2508309222886271
45 1.0951457077512583
46 1.6463457898655585
47 1.8868946199032495
48 0.8751540670991464
49 0.2873198455538958
50 0.44440469205645194
51 0.2836412450059576
52 0.19940439226174259
53 0.3302376966116198
54 0.40218977555993923
55 0.22105967523448158
56 0.3158269071978022
57 0.5629742482820413
58 0.3921558110075604
59 0.5349030242836255
60 0.19449927625430896
61 0.521938681547894
62 0.45685949888241073
63 0.22048687304442524
64 0.9039219019191662
65 0.6758232119217258
66 0.541521145724246
67 0.4200231609681506
68 0.16681091208826176
69 0.07095370490945078
70 0.0004323366456741392
71 0.1583714251654299
72 0.3392470011663833
73 0.6346808332878902
74 1.1927416576734051
75 0.5905731043223776
76 0.10827115793191432
77 0.059301139258539325
78 0.5932210332063458
79 0.624557599949149
80 0.3995858009730825
81 0.13349278492002636
82 0.2079670870900241
83 0.09923940854670274
84 0.26834169868073776
85 0.30902922396212845
86 0.01427972025507532
87 0.012819731523176586
88 0.09860354490278316
89 0.03789253097597291
90 0.1885295222206808
91 0.16202162873984136
92 0.6882023866306286
93 0.9551420725396159
94 1.0457786965570304
95 1.0774530068656571
96 1.850652809380091
97 2.0680378410125795
98 1.5324214425546554
99 1.5856252819883603
100 1.8709562661235517
101 2.8417782989582077
102 2.449557844765875
103 2.073368418513791
104 1.024004474941031
105 1.0629535800813048
106 0.8421258332516119
107 0.381681473452268
108 0.4472599942463424
109 0.32420706359752743
110 0.41838942758350073
111 0.3528835094008719
112 0.07780475213850473
113 0.009909323646978298
114 0.05993309738247283
115 0.15302111566033
116 0.22231473748890707
117 0.3027052652887588
118 0.4557131949507081
119 0.5325484803057394
120 0.5357437674721595
121 0.845265893367189
122 0.3495043904733063
123 0.308610856658808
124 0.16465914894804415
125 0.17661059242837954
126 0.0761003508499196
127 0.10214869991453876
128 0.7342467244623537
129 0.5273741153694497
130 0.5687665636620949
131 0.2333203028316077
132 0.0961989590996226
133 0.23493371091011958
134 1.1122812193776148
135 2.105725243232645
136 1.8637654502902532
137 1.403637385560418
138 1.6412040733814324
139 1.2475694048506785
140 1.1082315994423373
141 0.6504170296037013
142 0.09091012845020718
143 0.01277902783999533
144 0.00020067680852574503
145 0.02440906468783939
146 0.14291704665573254
147 0.0001269554142840942
148 1.4747282120738256e-05
149 0.04412211460142488
150 0.000324201146334562
151 0.24174989491604137
152 0.29052467829848777
153 0.10708663512440937
154 0.07647136103639543
155 0.13405731082639163
156 0.5985417953228427
157 0.7532453462456374
158 1.3058688806343648
159 2.1794081975596233
160 3.7645658021650954
161 3.000854775871797
162 1.7907870632034844
163 2.111488290411943
164 2.28943665939538
165 1.8753118150887038
166 1.9291805509438988
167 1.8167771448841372
168 0.39008313411525625
169 0.3885729048648546
170 0.20810810889767511
171 0.039644094373829285
172 0.00023755490290264345
173 0.006829250881939627
174 0.0042319517840952005
175 0.08214974256929225
176 0.0001377706264652456
177 0.04507742393829157
178 0.0001528673507984147
179 0.11781486302485585
180 0.14380057700183843
181 0.1540098778853578
182 0.16244525603001234
183 0.3917833755936277
184 0.4693164547118231
185 0.4368065075894051
186 0.3459369166597993
187 0.003313557248540719
188 0.0011492662804112308
189 0.015813463094998845
190 0.16454130401112912
191 0.04531238281588786
192 0.40487418788102414
193 0.012399509117578823
194 0.09316548799446703
195 0.0321721993682844
196 0.44749871697234594
197 0.38076587877832413
198 0.7153886532682932
199 0.7154199050369797
200 1.397574274660306
201 1.1793621882667344
202 1.0721679473919423
203 0.33280979852920356
204 0.08002074978987717
205 0.018850930325736193
206 0.12852784234040013
207 0.20012777863526
208 0.32733122866848957
209 0.0029002773970586296
210 0.006331887236808004
211 0.4838959682882028
212 0.11677077063711519
213 0.09119881538627136
214 0.19563452787474994
215 0.29489336719017734
216 0.13442736580542108
217 0.1153353011127954
218 0.2629968672163663
219 0.21930067046382118
220 0.8414399545081575
221 1.1641170739059057
222 1.6344856307478772
223 2.73078343221703
224 3.632453765720084
225 1.381347937395504
226 1.1278035146012917
227 1.4308727880953114
228 0.732470254489697
229 0.6637267761164937
230 1.1886101297092215
231 1.1835588696688852
232 0.5748100302401336
233 0.5391694006954979
234 0.7439143131580838
235 0.5997339534123747
236 0.2084080640482952
237 0.01789572109918534
238 0.045438855430096084
239 0.017747909680790278
240 0.02494030945009473
241 0.14812050609545396
242 0.1597630608013792
243 0.008079973132398582
244 0.009548226208586915
245 0.05164985016228693
246 0.0009390922397509813
247 0.04087489668682394
248 0.14478918595326054
249 0.33117693282474175
250 0.08995616102113212
251 0.0002138395738819971
252 0.07624087490389006
253 0.1363879450321816
254 0.2982144216879623
255 0.56013299012194
256 0.27271549868339434
257 0.02390819718004682
258 0.11517134724241848
259 0.3984452004331672
260 0.9246567267973569
261 0.17555672805507505
262 0.2268041320860234
263 0.14509675374601372
264 0.014994530312632013
265 0.017623373951198344
266 0.0001952682939043675
267 0.24199087616920176
268 0.41341251730804013
269 0.4243466859368407
270 0.2567539050046817
271 0.11018269652497487
272 0.003276560653918783
273 0.010280780577899521
274 0.024578861121125086
275 0.0018302586644433421
276 0.03990014087084026
277 0.2115296470885178
278 0.26878246845715803
279 0.1268403671015006
280 0.051573535859707864
281 0.2885920774928748
282 0.5469746654177361
283 1.0041310781524357
284 1.4292876798959648
285 1.5092864397371473
286 1.1509978677184756
287 1.4696766329564606
288 1.4546685548778135
289 0.7258872706299543
290 0.6431496287660807
291 0.6786234510294038
292 0.41962957395249467
293 1.0050554600844845
294 0.9378289319595645
295 0.9984221958463779
296 1.3349468272659255
297 1.4252514065842257
298 1.8863242804489655
299 1.7844296399410062
300 0.5782819541102547
301 0.4076120866046409
302 0.11116528664562189
303 0.1040195570083611
304 0.022948771671813188
305 0.28388599012334587
306 0.28992547457681833
307 0.09922597443764798
308 0.10163992659592885
309 0.5517547004140013
310 0.025786099385913207
311 4.095858357409508e-06
312 0.03730411660682147
313 0.25939940875686085
314 0.07251958174208839
315 0.27503497742801947
316 0.6355574949735018
317 0.5950869682906771
318 0.5128377957736026
319 0.6458916609673643
320 0.8033023374577789
321 0.1431682618892393
322 0.133412601715948
323 0.16325775452505867
324 0.12457792891970633
325 0.010049004392692254
326 0.013202009473946015
327 0.309178626002583
328 0.6236604067103246
329 1.8059011501230062
330 1.7024696226673184
331 1.646477422033532
332 1.502519556418831
333 2.5831248060525205
334 2.290608503348897
335 1.8011529051211763
336 1.0623997386521242
337 1.2000098286375567
338 0.43341592282567426
339 0.9497353931246729
340 1.0923856325858081
341 0.2950494740190415
342 0.042114860846291034
343 0.04134866341249046
344 0.000876280553265795
345 0.04471407868656957
346 0.1069312511787225
347 1.1694909146183057
348 1.0643936115666068
349 1.2561770552003404
350 0.6347522630600424
351 0.5584841113918539
352 0.2761405926988964
353 0.23295840671801943
354 0.03816335048972841
355 0.20608474895795065
356 0.2312692275436213
357 0.47511782391603824
358 0.626779265043458
359 0.971671857702669
360 2.2447856596722002
361 2.190636311716332
362 2.751677133856874
363 1.8739679256230024
364 1.4773291534548254
365 1.007103730174057
366 0.7115758553260151
367 0.5451477928199571
368 0.14124455288736695
369 0.012167676518993158
370 0.1665116173466538
371 0.16492863794973456
372 0.3097613748564061
373 0.7095088227493809
374 0.008161311056785489
375 1.1225978734456502e-05
376 0.006347073903624103
377 0.2050471988336411
378 0.41782866819128095
379 0.4217937013257589
380 0.4681638309614599
381 0.6504634852025692
382 0.6965091551243855
383 0.4694919480597858
384 0.6899254610713437
385 0.629911050927166
386 0.0037421638011663387
387 0.34563401246008985
388 0.15793275896437997
389 8.61394238531241e-05
390 0.41762274547460765
391 0.8608111343725311
392 1.8944068830622651
393 3.3737773607866517
394 3.046955696550023
395 2.6183925625055937
396 2.276266136089949
397 4.117415924886326
398 3.3580884945490226
399 2.5382114825495328
400 2.175595901501471
401 2.4308676358394985
402 1.801808884125044
403 1.0472080569939883
404 0.3387711076429096
405 0.2384177254032127
406 0.0033396131992626562
407 0.04951782294616406
408 0.0591158488444578
409 0.10271720247830511
410 0.5000990780642741
411 0.8202324688092842
412 1.6182260354629867
413 1.3980829364240344
414 0.28691767059256856
415 0.006114849679578338
416 0.009868254287409945
417 0.0020683840166249947
418 0.13235649201275346
419 0.006049740893814711
420 0.032087742003903845
421 0.018185500954524102
422 0.07114028393417036
423 0.1570822248145741
424 0.43577525450462157
425 0.8905674002021379
426 1.4095926572104374
427 0.6478836910748373
428 0.43601319013957934
429 0.3280460365873152
430 0.34080189849281645
431 1.1977798233739627
432 0.5255526172022688
433 0.04032893185347589
434 0.04096995402387336
435 0.02283037969757921
436 0.32653106863249126
437 0.2695314483694595
438 0.09439127007322884
439 0.22801894645825488
440 0.02009998483291613
441 3.522389365528881e-05
442 0.1361590430199783
443 0.20960501116527458
444 0.21687079010191046
445 0.2034928864629991
446 0.10535534996278989
447 0.06799630690939884
448 0.8001335754022071
449 0.5150411529222688
450 0.25793924660515033
451 0.2329186973257169
452 0.4349104066794364
453 0.02337494606879356
454 0.3509944118653883
455 1.3306182325250586
456 2.0061521092779917
457 2.870086841411267
458 2.6277963905425805
459 3.184936283848155
460 3.5785661374588322
461 4.58259597437117
462 4.087606001591557
463 4.036799560101953
464 4.904624009220805
465 4.8372188440434805
466 3.1326986752183434
467 1.1513439524636528
468 0.0030607803477842623
469 0.0009889480415913082
470 0.08519783479872804
471 0.07004441854841237
472 0.052612775798548166
473 0.06920866150054762
474 0.36480894061547603
475 0.5123688048753106
476 0.5045803479371778
477 0.30302760899782405
478 0.007501525594380156
479 0.014482555403125864
480 0.10197602640147319
481 0.23966036362025428
482 0.2895196312496198
483 0.0866217396616263
484 0.003676594364605865
485 0.07598987338827345
486 0.1547694048183452
487 0.03380134684953506
488 0.007053166723917638
489 0.025427581185071154
490 0.09677728599790593
491 0.0015346809190701512
492 0.0002929057640780596
493 0.04908245511113629
494 0.1470883971271748
495 1.218179026269771
496 1.4095299086851996
497 0.3297454664928613
498 0.035015834255953976
499 0.004902544235307416
500 0.3673096872315963
501 0.14980269035797528
502 0.21491146261709654
503 0.3721979292414796
504 0.4463528688261538
505 0.06076584289848153
506 0.00012676210765060923
507 0.01139242245951115
508 0.1392171724481644
509 0.09391696219564023
510 0.038244563354501465
511 0.0020659442617384513
512 1.1351314035670097
513 0.6071604995749822
514 0.6372074357869087
515 0.2071766547013942
516 0.31938742326216213
517 0.047481269641653584
518 0.14497399918281975
519 1.1767313093174183
520 2.126893285726116
521 2.5111060018247247
522 2.0756797261618516
523 3.467415083182985
524 3.959397297767381
525 3.9799722082147713
526 4.381607054283207
527 5.409726934677544
528 5.111823510036636
529 5.208822222945728
530 4.232772471404582
531 1.507060172918861
532 0.2647056723503843
533 0.12628756936805693
534 0.00477044801838809
535 0.020657480340088744
536 0.00028120343759353134
537 0.05335845580153928
538 0.36956997347525866
539 0.00215801478904886
540 0.09122822953997599
541 0.03136231322247743
542 0.12018622563628181
543 0.4241609797618156
544 0.41403874329086754
545 0.3439128621435036
546 0.3425052228628661
547 0.03171551411104564
548 0.02942590496147871
549 0.017915235802643183
550 0.0005035148055766469
551 0.002570184227323073
552 0.030831425599920092
553 0.004868905520796046
554 0.0004889047995457458
555 0.3374946220589879
556 0.3910732795096079
557 0.2760889898250169
558 0.06776028224345582
559 0.48210990063307596
560 1.4653161335797664
561 0.36147928354099956
562 0.12515755572352275
563 0.027639821591431423
564 0.19671517690224236
565 0.27049757788949924
566 0.3596532525914492
567 0.6397373818729829
568 1.3477391875978701
569 0.8214462950152531
570 0.11270457129121285
571 0.025165874386983273
572 0.011269786848366594
573 0.0266089603115475
574 0.06720244312010869
575 0.13113484471059766
576 0.8528024993558876
577 0.5407913168941066
578 0.3328136669448224
579 0.5380102677358563
580 0.2108050069684954
581 0.33583983575390786
582 0.12626567783153345
583 0.03283712516849416
584 0.5409780803566208
585 0.7954212984948614
586 0.8705718504882527
587 1.9100290586299549
588 1.8015699166885932
589 2.4001732046221096
590 4.001564600478572
591 4.665709467337614
592 4.9511767237663245
593 3.930803470493782
594 2.777971517720836
595 1.672290475504083
596 0.8013588025080771
597 0.5337174186603237
598 0.6115926385770457
599 1.1011635871142218
600 1.571315413678953
601 0.4665001679191395
602 0.0010452595429025736
603 0.0015108241841268885
604 0.00021915710276648368
605 0.00618116826539525
606 0.005307778630579243
607 0.3177845426678015
608 0.38407316899044697
609 0.4053907382806574
610 0.7315377681759854
611 0.29357031058524086
612 0.0195778598101931
613 0.0039358986765242
614 0.004570195797553008
615 0.053394114961833404
616 0.0016387580659725006
617 0.15873322337218906
618 0.4124411405153516
619 0.9347813911966988
620 0.6955797486745913
621 0.6834573220015443
622 0.23959371836834079
623 0.07687573621599077
624 0.21260440210912018
625 0.1542428881426104
626 0.026660741395747797
627 0.01431117669258145
628 0.5470747860720359
629 0.4568021279496564
630 0.9064063643503121
631 1.4324844618287584
632 1.7130353687236484
633 1.8374966036597842
634 0.44327682141626107
635 0.5828314746546492
636 0.705178866157001
637 0.5929247092810211
638 0.3300556636412204
639 0.5089209152961675
640 0.7156375883118689
641 0.32295761387007726
642 0.30004356038642277
643 0.31933121105800927
644 0.5290779902974385
645 0.07195387803755907
646 0.8555169217559573
647 0.8096522670478346
648 0.06741820787624336
649 0.018225269306738436
650 0.058193268768675345
651 0.4228168446574418
652 0.4374909166055629
653 1.0273238502546052
654 2.4448609641522068
655 3.908442318440395
656 4.315276243646891
657 3.9280277566837025
658 3.0828646280199337
659 1.7622577897948475
660 1.1720180635627928
661 0.8545601181741707
662 1.4472473964491284
663 1.623919417761681
664 1.33578616553925
665 0.9468609170002126
666 0.06473480412116926
667 0.1782261781866023
668 0.053487431728186
669 0.043743326635835106
670 0.030624444598484426
671 0.3329975515403446
672 0.5409473151264621
673 1.5607921274202383
674 1.205687051935049
675 0.7225979538129288
676 0.05794712093028638
677 0.0015119800574011097
678 0.01151479272424744
679 0.010614295967053716
680 0.002305173583439351
681 0.008107472397000605
682 0.2329844239182031
683 0.654630510403137
684 0.7778880627213015
685 1.0491744504005969
686 0.29591996774279705
687 0.009879467912273766
688 0.0005695740815026662
689 0.0002919056592533133
690 0.0996151622065193
691 0.25554953254427704
692 1.2715777361978082
693 1.8770566801150812
694 1.3616678717593422
695 4.350390762328014
696 3.150937014290038
697 3.78761119954299
698 2.6005686412617983
699 2.208502870370002
700 1.0801080860127494
701 1.0937185248115084
702 1.1984832238664755
703 0.9449614322955309
704 1.505428215879937
705 0.8154935875683406
706 0.5829684954198586
707 0.6713555334078449
708 0.7491074564812314
709 0.10629259408639903
710 0.07533960371831469
711 0.7515459158962108
712 0.5486417654374464
713 0.42510153902958825
714 0.11607241611463107
715 0.005562340148758438
716 0.0045443832389870835
717 0.3333681963801473
718 1.6271284639968715
719 2.952419330404477
720 3.8912389416611104
721 3.209069889626692
722 2.088789963938187
723 1.4630561952012144
724 0.8985636804601086
725 0.833286037982991
726 2.836446194639983
727 2.4830221006571853
728 2.296668734527246
729 0.8792420143309504
730 0.2876484579141661
731 0.1451297909006288
732 0.04202034496832218
733 0.03182957576053512
734 0.14025785302447935
735 0.46180977736833034
736 0.9015096508375035
737 0.8665414374865109
738 0.17469060900063696
739 0.09542468995901958
740 0.0046953796720128
741 0.26944878001697226
742 0.052265082246688105
743 0.022075731217114314
744 0.1766912673116394
745 0.13771823589048648
746 0.2111981504578786
747 0.4071320002164669
748 0.625873551701964
749 1.3457961631967137
750 1.3446131616112553
751 0.2728947773176841
752 0.31966987260285784
753 0.7530262774585608
754 0.9604159521896042
755 0.9298891945663892
756 1.3028317410633687
757 1.403557562522649
758 1.432011576600673
759 4.139192056016297
760 4.183279920218921
761 4.49837703398595
762 5.20137823788968
763 3.7303628067160033
764 2.321153050271717
765 2.6267602243477555
766 2.2296258953385357
767 1.4683019085299442
768 1.710923089215359
769 1.0551086356795625
770 0.5554253084883738
771 0.8719522702419075
772 0.6087279387354099
773 0.08481595586545744
774 0.00035178912158758633
775 0.16913484057291525
776 1.371529755290097
777 1.2467359551392445
778 0.6079262720471131
779 0.20184861929096465
780 0.09081688143488492
781 0.02802931905425325
782 0.8965351966506699
783 1.731854414920447
784 2.444650183607033
785 1.9890633027055233
786 1.7588800905019402
787 1.5538437589941783
788 1.7625763947233424
789 2.5922094394885415
790 3.9062719662075525
791 4.577342345554314
792 3.5353635528542924
793 2.0380882845007275
794 1.9790375075920776
795 1.731082198896618
796 1.0848296178065466
797 0.7219137034276404
798 1.7767787869243938
799 1.0429761602542533
800 0.7197054093733133
801 0.8275803363978411
802 0.2613501506955608
803 0.24439971105137948
804 0.013910813599771496
805 0.036851987100397374
806 0.17830374313668568
807 0.08501652993831611
808 0.19982879304761006
809 0.20559715144907234
810 0.10669782410093843
811 0.1366084792967871
812 0.5806921218564559
813 1.1251558558935177
814 1.131577185765932
815 0.8340919907720136
816 0.8999199222482307
817 1.5463363180272272
818 2.006555631556676
819 1.4414297717135849
820 1.830387765729406
821 1.7838244317967138
822 2.0231161991557918
823 3.708279840981393
824 3.877254497761041
825 5.496425646934175
826 7.82460691367034
827 5.2943396714206905
828 5.159251566848819
829 4.930950801961002
830 4.6462956850815464
831 3.479783963777147
832 2.223927418593794
833 0.8049117961815363
834 0.42192284234480554
835 0.20097749743946283
836 0.02798783078400113
837 0.03165173022503727
838 0.004587337816997063
839 0.15417075953664505
840 2.0367109073670133
841 2.9905894707945646
842 3.5645743498884923
843 1.5200312709157267
844 1.0463630464388505
845 0.0287293974996824
846 0.298060979711198
847 0.40692017854378315
848 1.1250716798221894
849 1.2235282628536728
850 1.1760853990066487
851 0.8423082162190568
852 2.4423338433943838
853 3.8550527775730625
854 4.699879560316023
855 4.007874089274287
856 3.4023730186991568
857 1.374802051214416
858 1.3749816894219318
859 2.0369619767548626
860 1.5200371507285446
861 1.535636995857023
862 1.5899963155248034
863 1.4439545864256886
864 0.9960886739200284
865 1.8450769153766569
866 1.5017429913328708
867 1.2499258708442256
868 0.3205203191153599
869 0.7504756821989037
870 1.7847552217112115
871 1.195026043029216
872 0.5435895161185712
873 0.9059164186788805
874 0.8535839149759344
875 1.054641331695273
876 1.935993462726616
877 2.327103003379546
878 2.9216475336978682
879 3.15749374930521
880 2.9667708974161697
881 4.414624849449956
882 4.427362323452645
883 2.7350521632440428
884 3.821909798051738
885 3.1011515186805565
886 4.986884447901278
887 5.311044987292826
888 4.26589453694758
889 6.926817641579141
890 9.35532943777823
891 8.144017735180284
892 5.896325964637927
893 8.409962756541566
894 7.59107587072342
895 6.140732923404071
896 1.5733951058302376
897 0.33809868622323686
898 0.039255566813151864
899 0.035303142896378675
900 0.06451097705623984
901 0.0015876657798350742
902 0.18475690225881425
903 1.1041242612486584
904 1.7624843796769551
905 3.406883722078537
906 5.647926544026232
907 4.0102608301340155
908 2.022201634278949
909 0.6846179894704775
910 0.05636047220863219
911 0.014469754511095997
912 0.32273702486504735
913 1.3390612121709449
914 1.332837600611121
915 1.8423308446053754
916 2.6498652131595053
917 4.040954003198181
918 3.835979112956291
919 2.8444903106003903
920 1.4320917696348765
921 0.9257889717022199
922 0.5746139311773327
923 1.6304704852525194
924 2.00557422107804
925 1.3886360594697633
926 1.4805896286768327
927 1.0085702104511107
928 1.1014535585670922
929 1.632719998728225
930 1.3639944389036094
931 2.376761568308935
932 1.732329356870487
933 2.8456538639362923
934 5.617786831397802
935 4.171844784332615
936 3.737978767640082
937 4.484884241640391
938 2.8939773450055313
939 3.973680695146479
940 4.653996140220495
941 5.702103416471085
942 7.069830311206783
943 7.564276236360875
944 7.159654840352937
945 7.607055261583987
946 7.500951993403096
947 5.305515760779205
948 6.062142693845962
949 4.07154968447757
950 4.50039821207705
951 5.7362534258851365
952 8.554138580890523
953 8.690322554627834
954 10.080152754547282
955 8.399473877358046
956 9.15785019374638
957 9.412447359839723
958 9.70385813330721
959 7.255246694725976
960 1.1646053018758626
961 0.41352942594638403
962 0.0225859495801103
963 0.057440273509062646
964 0.14028338831808793
965 0.0014206122361565118
966 0.40355652993895663
967 1.0437356356783378
968 1.3809448821079502
969 1.7970062811264191
970 4.063029245934647
971 7.155201561869166
972 4.911717426659944
973 2.685790644733586
974 1.7637769583054708
975 0.7024252867361008
976 0.14670957635119242
977 0.0039310758108247875
978 0.3495150276313829
979 0.6519611345813078
980 1.1969534020233918
981 1.7539480957857576
982 2.119332256210108
983 1.2955215920769223
984 0.6254603103919006
985 0.2895156194727834
986 0.05920653739427632
987 0.1265928352766543
988 0.2887981114143847
989 0.8555790513564724
990 1.328118519084955
991 1.0574475633553824
992 0.5632101422971135
993 0.7108590978834705
994 0.35151907416213873
995 0.8518312480019878
996 0.6548802434852689
997 4.033074184793168
998 7.531516837100359
999 7.405253568456763
1000 5.944339629503275
1001 4.432566864806733
1002 3.810473925661134
1003 4.853783048335539
1004 3.738188076792407
1005 6.232028614793192
1006 7.0361585361929
1007 6.065204985520779
1008 6.537515776230682
1009 8.256542737243942
1010 8.659913000678245
1011 6.94109961046069
1012 7.039325937908747
1013 5.345729077926053
1014 4.632838838338263
1015 6.851655454078193
1016 10.189924283197232
1017 9.23535684315746
1018 7.973948883574691
1019 7.374431030482558
1020 7.580954514923809
1021 9.723476858853918
1022 8.852812061014456
1023 6.700347905351722
1024 0.7037802538365253
1025 0.35197780885662794
1026 0.003401600952036534
1027 0.00019240081567695286
1028 0.01509946022564682
1029 0.21014793944020088
1030 0.4891137222044041
1031 0.3828493212227886
1032 1.030777124552991
1033 1.624313117147741
1034 2.7124390602818025
1035 6.675265510575454
1036 8.944833193606575
1037 6.891290393511589
1038 4.892427528086539
1039 2.5772004720476445
1040 1.2495003623430696
1041 0.758755960395212
1042 0.3573636363126297
1043 0.0035136618939492895
1044 0.3491121739679425
1045 0.46032713541831005
1046 0.9539741845668307
1047 0.15072440321691669
1048 0.1271614537306049
1049 0.22689978531446287
1050 0.11268653177811437
1051 0.32586334115511095
1052 0.7333697718225052
1053 0.751173572959802
1054 0.8567087456634461
1055 0.1979289085870807
1056 0.260634869897215
1057 0.2740489274121389
1058 0.07867665047584078
1059 0.058855813728536356
1060 0.10945484743265879
1061 1.366739698637003
1062 4.778370167829568
1063 6.848014667321753
1064 5.480075989018698
1065 3.6776771955912024
1066 3.829548496890268
1067 4.141162716709917
1068 3.9322815874185513
1069 6.240439777580822
1070 8.269878582364624
1071 6.895172714540028
1072 7.002856476477557
1073 8.290063158314423
1074 7.05217417861883
1075 7.715137715860474
1076 7.584145239270072
1077 7.626101929775336
1078 7.297867457525598
1079 7.366794556675181
1080 8.285638105634478
1081 8.328030792074676
1082 7.261416687498489
1083 7.67096674067103
1084 8.40766196021896
1085 7.080252183874411
1086 7.106921694248223
1087 5.5121155838367875
1088 0.42493439586987153
1089 0.4688778386709698
1090 0.02761096270548214
1091 0.00037589059951591546
1092 0.30299890562860005
1093 0.6384234879493951
1094 0.4990617490318375
1095 0.34827702978911773
1096 0.9960817011442566
1097 4.800631666442445
1098 4.997416247586635
1099 5.591495099723011
1100 10.70801370247449
1101 12.12705539355358
1102 8.257215550672312
1103 5.015970060333069
1104 3.262280383777537
1105 2.6807789696938
1106 1.4485078514396394
1107 0.24296740205516315
1108 0.12265586917796982
1109 0.006025650306652764
1110 0.0007670214435629278
1111 0.11938230367930484
1112 0.10448498645463575
1113 0.08986948153554265
1114 0.030755558994002036
1115 0.08020065641054822
1116 0.15562850583053384
1117 0.1543871749987091
1118 0.12422940854914101
1119 0.029855618803746906
1120 0.11480787079598806
1121 0.061311785396591496
1122 0.732031206620681
1123 2.742977402087045
1124 1.5763396536884309
1125 0.1018196563242163
1126 0.8986728310377218
1127 2.466457881627092
1128 2.3875366314213102
1129 3.3192446445954498
1130 5.844232801011543
1131 4.560410574459521
1132 4.0396879975724245
1133 4.417825138528798
1134 6.332291986637373
1135 6.439750497674383
1136 7.548218979315929
1137 10.613886662546488
1138 10.127141369209019
1139 11.016054934087574
1140 11.214638207756982
1141 11.234428854268245
1142 9.80603089441578
1143 6.7390800519827945
1144 6.380451797440217
1145 6.352627502632009
1146 7.093125106536672
1147 7.515546794048334
1148 8.744517467579952
1149 6.870654810917469
1150 4.2538812913912265
1151 4.121197880453512
1152 0.5460930956120993
1153 0.32485087544171143
1154 0.07167533614559438
1155 0.008618043213661842
1156 0.27904020035949334
1157 0.7363405798165565
1158 1.4008708669699186
1159 1.9329925413997577
1160 3.0619115116294298
1161 4.696780045048573
1162 5.700636113826265
1163 5.722479684878694
1164 9.390512117852973
1165 13.277761500544765
1166 14.338214362498128
1167 10.50392695945582
1168 8.331469526588778
1169 6.509933096821644
1170 5.166577959275477
1171 3.403595692410915
1172 3.1644400536136965
1173 1.7410994223966014
1174 0.44630860908627484
1175 0.2880919026395072
1176 0.3377848624588466
1177 0.222288989951805
1178 0.10787993918563872
1179 0.030602269211631294
1180 0.16235983655579636
1181 0.1695867615433665
1182 0.4272601025975489
1183 0.6496995746417368
1184 0.3443441521315636
1185 0.7015024393568582
1186 3.2925874155341677
1187 5.996017062448975
1188 5.606861071704224
1189 3.622236810748221
1190 1.0463124929413783
1191 0.10579869336060414
1192 1.028534412944944
1193 2.4390426027788146
1194 2.4622055590399667
1195 4.1906532067681335
1196 2.998723821648973
1197 2.21563575064845
1198 3.5798848956255784
1199 4.023435516624982
1200 6.2677618430302955
1201 9.359101153380463
1202 10.701665741050483
1203 13.334731460052081
1204 15.04674646970931
1205 15.868310689317799
1206 13.367099188657049
1207 10.817462074220003
1208 7.562764760186567
1209 4.773948544726832
1210 5.197576967358996
1211 4.706680584178719
1212 6.169737379487742
1213 4.655556933585117
1214 3.9008683187211464
1215 2.7195120099037986
1216 0.4740023550036193
1217 0.28169374691237
1218 0.13690045858107816
1219 0.011627701946729043
1220 0.8296694000373829
1221 1.0609568759174401
1222 2.255395078996349
1223 4.548331562039186
1224 5.590232309459978
1225 5.990414309724459
1226 6.8925555508976775
1227 6.740100478269248
1228 8.643493508151233
1229 13.336932470705586
1230 16.325232967627933
1231 18.350370469437177
1232 12.737083335263128
1233 12.934361487866516
1234 11.236268484269702
1235 7.882223109368555
1236 6.031004592541967
1237 2.6480358219809155
1238 1.154790473838423
1239 0.5660452190266886
1240 0.7780181160783072
1241 0.11088400267849516
1242 0.03500749749243054
1243 0.019029430368749274
1244 0.522797610343771
1245 1.6424030908954876
1246 1.641610142845893
1247 1.795793703465556
1248 3.534044943212448
1249 6.204215049041627
1250 11.781405523215293
1251 9.753915653088784
1252 5.992497410135405
1253 4.773455304155726
1254 4.6432397368380895
1255 1.446218229130335
1256 0.11658114159080285
1257 1.5599347903492267
1258 1.749477266094394
1259 4.27197831741912
1260 3.699944836848744
1261 2.3930259309226134
1262 4.247840166560325
1263 6.028392884268366
1264 7.9633659634923415
1265 13.885120209787754
1266 14.098702250931797
1267 13.602493402165349
1268 14.564228037270764
1269 16.4117606054646
1270 14.449568590659808
1271 12.534060890328078
1272 10.3307638250208
1273 7.021781051504516
1274 5.683668198625724
1275 6.722464154403395
1276 6.078635978011445
1277 3.8317514300848874
1278 2.3870079083541103
1279 1.8120380217194059
1280 0.2158766985205002
1281 0.10631817518642568
1282 0.015376686839768509
1283 0.07985204008929968
1284 1.0477382341208343
1285 2.1932773792515894
1286 4.58665876964973
1287 7.4585013321433395
1288 7.4437051592306105
1289 5.763470381028284
1290 5.468045137258293
1291 6.37386697142865
1292 8.787702607187136
1293 10.973678358887108
1294 18.597956889804184
1295 23.958720607820705
1296 23.163902369822782
1297 19.2540974764043
1298 14.87521992097856
1299 8.794685217145183
1300 6.437358663118506
1301 4.545665919727429
1302 3.1612258651775726
1303 1.6054466194944106
1304 0.7174539143973089
1305 0.1202075507998355
1306 0.08709298876144331
1307 0.05677683609588031
1308 0.06609889552881075
1309 0.5616609522031012
1310 0.8764884280404379
1311 1.8805155320440567
1312 5.908370667512746
1313 11.666652416436083
1314 20.01921022487447
1315 13.948247239710492
1316 10.075083064900284
1317 6.055378788250036
1318 5.758764055677729
1319 2.499799544829144
1320 0.2067537807028613
1321 1.360783295825249
1322 1.3313779833123047
1323 3.3037090962098463
1324 3.626259830237588
1325 3.0011761241870856
1326 5.153625550663338
1327 6.675281141168017
1328 9.950021468688863
1329 11.137610375233299
1330 13.586626904501633
1331 12.237001318285571
1332 11.639004262203192
1333 14.818370557464847
1334 12.652990656257058
1335 10.832234302984105
1336 9.470652303812646
1337 9.12560897012954
1338 8.595427824878252
1339 8.605677259701553
1340 7.225636577543313
1341 4.412527267690254
1342 2.2698526811432385
1343 1.5879638448245912
1344 0.3781031693665842
1345 0.10753900275642975
1346 0.10371092495404563
1347 0.20821057368576765
1348 2.0800669182992606
1349 3.5319833228778315
1350 6.4055544661442
1351 9.754201061774754
1352 9.541735273679127
1353 7.008591796368816
1354 7.683677212279483
1355 6.245603961961803
1356 11.101146302030093
1357 16.713020078605393
1358 18.258005303482335
1359 25.809437172732444
1360 30.717924750848454
1361 24.503739591332653
1362 18.348505867735387
1363 12.044252413436663
1364 7.825806664361956
1365 6.721809437917009
1366 4.670118848591953
1367 2.8001157705208315
1368 0.6268243174479617
1369 0.02470949445004379
1370 0.08518133073455669
1371 0.5803581478431065
1372 0.18094244057992823
1373 0.005156569559198922
1374 0.3434348876796278
1375 1.267651475086213
1376 5.441414830805691
1377 9.696340530416357
1378 18.612351636852342
1379 17.777518526785276
1380 10.516419609159131
1381 8.603817959880537
1382 7.3497541047682216
1383 3.8739593266177716
1384 1.3844976931230197
1385 0.27975434156666606
1386 0.9546901114644184
1387 0.9978507345876307
1388 1.9811875172932596
1389 2.4124167969048274
1390 4.353201218820217
1391 6.465711128656875
1392 7.6856713875466465
1393 9.527780000760453
1394 11.05746701724066
1395 11.661765893294314
1396 10.58921968663098
1397 14.39798412470909
1398 12.595764715763597
1399 11.707899672970806
1400 7.4649900346657905
1401 7.725276784228293
1402 6.6246225121245015
1403 10.609565876610954
1404 8.713268850888186
1405 5.49051157867085
1406 3.2141231901134715
1407 2.4033814880383915
1408 0.3646254395962991
1409 0.11223817954218626
1410 0.007460606572671344
1411 0.4599646126296427
1412 3.4378870131164527
1413 4.871548202685619
1414 5.527580531967876
1415 9.612540950024341
1416 9.657686568478427
1417 9.458756965772857
1418 9.434260221159187
1419 8.93005656132585
1420 11.515039559331376
1421 22.312845883630445
1422 25.381366265300006
1423 24.904550216528083
1424 32.715970022893565
1425 30.674124997428525
1426 23.84360730674318
1427 17.272471175968505
1428 11.054977486864669
1429 7.5380037983166925
1430 4.771346828061407
1431 2.798727392155099
1432 0.7473590896098007
1433 0.049888059536084606
1434 0.037838099730363624
1435 0.31020419919329206
1436 0.5222628101497456
1437 0.002190668174798356
1438 0.4347924039829626
1439 1.5068410053714718
1440 4.94230263084788
1441 9.038761332932069
1442 11.664108288188531
1443 12.155633923210832
1444 8.226934760451673
1445 6.761266970330688
1446 8.206844412726749
1447 4.281235718629725
1448 3.1446550124835935
1449 0.0906281697447095
1450 0.38570108649700197
1451 0.8146585509736705
1452 1.6724507391300416
1453 1.948473638677614
1454 2.4032414306886176
1455 3.31758957481601
1456 4.555846560431458
1457 6.148736492200617
1458 10.03114134345913
1459 9.788835230427264
1460 10.315385575226031
1461 12.44744990487774
1462 9.628034580987535
1463 9.241611868619485
1464 7.029326020553561
1465 5.866783676963628
1466 5.7985645245852275
1467 5.892628650749077
1468 6.4968336955876875
1469 6.569974771811043
1470 3.9192188416384957
1471 2.5456796442411145
1472 0.009858965457048003
1473 0.0009011426882515225
1474 0.09671893535058912
1475 0.7463750395789995
1476 4.464802091012111
1477 6.076006245397597
1478 6.129901655117542
1479 10.34940885915692
1480 10.324228464156505
1481 11.879719328856948
1482 11.877244146192423
1483 13.585515799945044
1484 15.384058971731356
1485 22.04710674097383
1486 27.701026756605465
1487 28.51875144713254
1488 28.227317789258542
1489 28.883169435054803
1490 21.19265027252483
1491 15.900981141365039
1492 9.525591257989138
1493 5.316570997531479
1494 2.0997632614488415
1495 1.2780745609898765
1496 0.5047300971190609
1497 0.6150092144125247
1498 0.1009136804287219
1499 0.22478531966989973
1500 1.3130417639095089
1501 0.20670637536838948
1502 0.006909378837625675
1503 0.4064780985096176
1504 1.7949930284392854
1505 3.7392944926864486
1506 5.453429310707726
1507 6.660768456510406
1508 8.518993817905676
1509 7.785800198448443
1510 8.019122702344518
1511 6.263619521552259
1512 3.8977899252584187
1513 1.0528077266478442
1514 0.2533978380858311
1515 1.0387507193907395
1516 2.106066444985949
1517 2.271392614727363
1518 2.1059345894397943
1519 2.7541625150678675
1520 4.155702368097422
1521 4.930274085463575
1522 7.192309185529626
1523 9.950488351781203
1524 10.676060271568444
1525 9.683462069223305
1526 7.594868387451461
1527 8.86395612396098
1528 8.066859581276983
1529 6.73610134585374
1530 7.247929513678214
1531 7.095333345304273
1532 6.437185339010617
1533 5.999003233193714
1534 4.01495388698417
1535 3.6323311421030233
1536 0.02138620380954034
1537 0.015918373140548434
1538 0.3108207591942076
1539 1.42414474221701
1540 4.72774176538613
1541 5.93984749259156
1542 6.717926592166695
1543 10.317147656205332
1544 11.576695730849499
1545 12.106914601621446
1546 12.036492249436927
1547 16.73395679335857
1548 19.930233496106275
1549 25.985153235231174
1550 28.647913243343357
1551 30.355086502428613
1552 29.353787461779486
1553 30.147503347473446
1554 26.810476322859078
1555 16.339875153039994
1556 8.258363046218578
1557 4.6017373111249995
1558 2.148817524319418
1559 1.0665239308939891
1560 0.5947797733729917
1561 0.3178161889165929
1562 0.2109617938539448
1563 0.09626664227276006
1564 1.3001406020078212
1565 1.3915294461661898
1566 0.1715453909695007
1567 0.006648974212932498
1568 0.295804943163608
1569 1.3896681711075296
1570 3.9498371100707583
1571 6.067181830255136
1572 9.027647886609444
1573 9.033906770167427
1574 6.809920295312283
1575 6.838989837469441
1576 4.498662343709735
1577 1.9601050851588406
1578 0.07536182472272863
1579 0.19025095526273264
1580 0.8061259460478091
1581 0.7061595679854875
1582 0.7649868351565203
1583 1.5999639400755201
1584 2.4981567316858095
1585 4.197178283380683
1586 6.732151375456317
1587 8.720358846013822
1588 9.626007646464487
1589 9.16577026880775
1590 8.412351268019425
1591 7.8835796397724875
1592 8.36028078621269
1593 9.154483118423816
1594 7.1703811332055585
1595 7.647198339386564
1596 6.697196951034912
1597 6.487002869575375
1598 3.905148642165776
1599 3.6525156685666427
1600 0.010150713812876935
1601 0.033653027300120854
1602 0.3053016958272322
1603 2.0286122730007143
1604 4.5394993422605445
1605 6.0974398008150095
1606 8.08544801018438
1607 10.61055725013257
1608 14.18835196853375
1609 16.57070990641712
1610 13.444503295188314
1611 17.55860020711586
1612 25.03630346545567
1613 30.276731293027733
1614 37.878957969107944
1615 36.58796911306077
1616 29.75808309576607
1617 31.530476141963053
1618 30.623916006416056
1619 19.212784350829303
1620 9.936167247802409
1621 4.8265981760232295
1622 2.7698923158652473
1623 1.634922316524349
1624 0.9659177683461015
1625 0.5033920143886599
1626 0.04433535075157278
1627 0.03972803833221462
1628 0.4731297871958965
1629 0.4908620466217971
1630 0.005098029461045339
1631 0.17948257391768951
1632 0.45178635430295966
1633 0.4992554377601936
1634 0.5943654026958131
1635 2.069261687104001
1636 4.997755271809507
1637 8.071897228394372
1638 8.596781791620474
1639 6.980850549006963
1640 4.4397348750965
1641 1.8431200952698619
1642 0.28332123902027445
1643 0.1078529504587742
1644 0.5694348289018917
1645 0.4114344419105037
1646 1.3095806165038206
1647 2.414878352197058
1648 4.961344404978286
1649 9.075614303684366
1650 10.390706506316942
1651 12.831341414404397
1652 13.183400598871357
1653 14.757894957315907
1654 12.582878114025132
1655 10.55238214681022
1656 9.762505054116609
1657 10.520321219274189
1658 8.351684083341853
1659 10.66103203448441
1660 11.285241013411465
1661 7.703917182277894
1662 6.958631335343143
1663 5.196250940356787
1664 0.051447746048668315
1665 0.0045693418763188155
1666 0.5796824638688269
1667 1.9889366975211527
1668 3.2499317224519513
1669 5.486546701355339
1670 8.447794518630143
1671 10.455075236138983
1672 12.74877353692132
1673 14.803978695817394
1674 15.740846369507354
1675 17.462601933958204
1676 28.272138687689555
1677 33.35930722380704
1678 42.81727073147496
1679 41.4210528089672
1680 35.9119586671312
1681 34.819041950527925
1682 34.52375724135995
1683 22.28466050608664
1684 14.73582740707303
1685 8.925162212076392
1686 6.654143081446561
1687 5.904304760964174
1688 3.3482331112548023
1689 1.6255774933257285
1690 0.3548170764654026
1691 0.17540338370612266
1692 0.05998649631498023
1693 0.23967643669913774
1694 0.7921301779198477
1695 1.5513143296898306
1696 1.7168215658538462
1697 1.2051535304235534
1698 0.2797973384378589
1699 0.45545319285639807
1700 1.4161187465234932
1701 4.0978040975334595
1702 5.474309423888508
1703 2.899650125457704
1704 1.6845542031890668
1705 0.32660246809786414
1706 0.036343112482556644
1707 0.24615990940606142
1708 0.6056922982254198
1709 1.3975055194503996
1710 2.157857993050097
1711 3.972410321253045
1712 6.554836435795056
1713 9.929799311578634
1714 12.795721918471726
1715 19.360420253761873
1716 21.58115141716614
1717 22.522306103565125
1718 17.962303522520198
1719 14.515702865874971
1720 10.155295184540508
1721 10.796742034355159
1722 10.698454544552087
1723 13.173218463047808
1724 13.324054618945436
1725 11.059547608425554
1726 7.981667011716434
1727 7.026999805364394
1728 0.004736399369931453
1729 0.001957416922681835
1730 0.4493479706597265
1731 1.7713010881363807
1732 3.0247566359734663
1733 4.400212158841458
1734 6.735004413133693
1735 9.234480460805276
1736 12.305224502341787
1737 14.582006249754091
1738 15.931177098466305
1739 17.360597167629464
1740 26.31542698345896
1741 33.46681056161596
1742 35.036130428829644
1743 36.60457382837557
1744 36.71750450097904
1745 38.342496337802494
1746 33.23943491701264
1747 22.263922625185558
1748 15.55447889401827
1749 12.872120108085243
1750 8.740342030760035
1751 6.48232640850636
1752 4.427472269685637
1753 2.8374038875162086
1754 1.7489910762657044
1755 2.018648878084936
1756 1.6159424878625661
1757 1.322524474891416
1758 1.5572162721784113
1759 1.9595846201338782
1760 2.820679058989039
1761 2.2452705394299484
1762 1.594290790504883
1763 0.44337746277908996
1764 0.7681800744727515
1765 1.6216819333611536
1766 2.523619703176128
1767 0.5741166171856111
1768 0.08025965348653925
1769 0.12784392309275483
1770 0.20032218157676593
1771 0.9725790415001737
1772 1.342101189059126
1773 1.7440689158030143
1774 2.930523669378867
1775 5.418301346945876
1776 6.358874411837981
1777 8.196772885247777
1778 11.955899211818362
1779 15.676191899489716
1780 19.17294451336491
1781 23.037599461537727
1782 15.611349003125426
1783 16.07554904449214
1784 9.881233487653796
1785 8.417808230139883
1786 11.003557579136842
1787 15.09951938523187
1788 17.36545686268092
1789 12.750854020017638
1790 8.77097589450993
1791 6.9331363303830775
1792 0.4852183396195446
1793 0.610023970457359
1794 1.3803938066397694
1795 1.5128413090129404
1796 2.55127525476858
1797 3.8190992715878163
1798 5.62439904930534
1799 8.72318670189913
1800 12.48298653002543
1801 15.105410403128134
1802 15.520189840090145
1803 17.015925885017825
1804 23.876526445284945
1805 29.72595960007354
1806 29.76975207956521
1807 31.860218586647942
1808 41.526647672203175
1809 43.275361767167375
1810 34.8118674955244
1811 27.278779909007696
1812 21.551573089900316
1813 16.891639075152955
1814 10.511474970192143
1815 6.524123203647641
1816 7.553484260338365
1817 7.407074774918073
1818 5.052571844623826
1819 6.012222327604001
1820 3.825528550171764
1821 3.3763741418949675
1822 3.0002274355855283
1823 3.566098463594771
1824 4.388057046437013
1825 2.7290190276700352
1826 1.9782385178184947
1827 0.5754368725778072
1828 0.701260541460847
1829 0.4131032862264629
1830 0.12765501989553188
1831 0.018629745452940695
1832 0.32283481770916816
1833 1.7584999827994467
1834 3.395951875685758
1835 4.75873512268192
1836 5.194507612897115
1837 4.6708621603407
1838 4.904774535741495
1839 5.972093148960147
1840 8.269414042326016
1841 7.827740427190983
1842 8.64064374399318
1843 10.218493259480727
1844 11.304087072842146
1845 15.15420970835339
1846 15.419783461015768
1847 13.868782830322058
1848 10.000475259818966
1849 9.621446980533635
1850 11.016616647822083
1851 15.077011786977733
1852 20.579145827266817
1853 17.63611375211884
1854 10.398766178038976
1855 6.397343578298248
1856 0.6448113860360584
1857 0.7326058674527259
1858 1.0665038897791226
1859 1.8384123371462056
1860 3.0093153411504616
1861 4.905724097812853
1862 6.836297382431739
1863 8.782357032267047
1864 13.157649933184723
1865 14.991552080044498
1866 14.770207599067245
1867 17.31844917518641
1868 22.134154081496366
1869 30.584350323088913
1870 35.865315387751366
1871 36.16952182028784
1872 41.25616432601075
1873 40.51084061680353
1874 35.77340367393534
1875 28.955611733718015
1876 24.39834190577339
1877 18.436690838597244
1878 14.171741259620527
1879 12.478115611838252
1880 13.19856978669202
1881 10.316942704360189
1882 10.280531595755892
1883 8.053778816360959
1884 7.714311184018869
1885 7.431441645476414
1886 6.290372290466549
1887 5.308290721794521
1888 4.670371048277051
1889 3.755304364664498
1890 2.0030392048877306
1891 0.34538919086659986
1892 0.022200313690578215
1893 0.015749447649242188
1894 0.28538398461922526
1895 0.6566236480659388
1896 1.6723041332500659
1897 3.9923931308760747
1898 5.354776529963952
1899 8.083767885072806
1900 9.550056687485286
1901 7.864208047800931
1902 8.188597666455866
1903 11.215603019469084
1904 12.907088611463442
1905 10.20637493487574
1906 7.798499011690922
1907 7.2308688934670835
1908 6.388918903510099
1909 9.245593954277693
1910 11.01277064920472
1911 10.218599362717061
1912 9.870908007575462
1913 9.296581483382777
1914 11.884713303012012
1915 16.155889699524774
1916 20.247131289744814
1917 21.927893083077542
1918 13.088468183569642
1919 6.946626237364819
1920 0.8393730572057647
1921 0.9234165432734619
1922 1.4478477003881425
1923 2.385285678557562
1924 4.356589037217691
1925 6.359431900784843
1926 8.78786270450116
1927 12.670364444930177
1928 17.21135077415745
1929 15.69964768025948
1930 13.443623349187748
1931 17.095970952661155
1932 21.810623098694393
1933 30.808634583616904
1934 37.72458240760933
1935 40.422650166975735
1936 44.07261080404515
1937 45.09225980441507
1938 40.19458068124701
1939 30.652268418681874
1940 25.507842053932404
1941 19.74790437611052
1942 17.493937218062094
1943 17.23793493343767
1944 17.41785186440944
1945 16.354532283595336
1946 16.57925827630352
1947 12.14749954408307
1948 9.536717679895203
1949 9.554739863842912
1950 8.042144847916852
1951 7.614164624978441
1952 6.483121441450155
1953 4.124583900197541
1954 2.0428203344501847
1955 0.5159606092602956
1956 0.08458988571049517
1957 0.05728208303092622
1958 0.3092906151968053
1959 1.2581454911085312
1960 2.9957695101822073
1961 5.831014272620287
1962 6.413507057051251
1963 9.648571793142349
1964 10.964611065118484
1965 11.273899333503778
1966 12.461593452005708
1967 14.305414313557666
1968 14.238587102632073
1969 11.211023684982562
1970 8.405343791458618
1971 6.312683008937322
1972 5.03312184801471
1973 7.441199101571183
1974 7.041230428544568
1975 5.620508005015635
1976 8.486261023790114
1977 10.482941346477569
1978 15.09262455553291
1979 17.58647956548593
1980 17.880690342077084
1981 21.592102705418338
1982 15.709568409018727
1983 6.932025644307512
1984 1.2747176677556045
1985 1.0873407822159182
1986 1.2195295219440647
1987 2.0072607059092147
1988 3.155520802936848
1989 5.718097090314472
1990 8.93428597923086
1991 13.730082281207991
1992 16.281579289147896
1993 17.105796944274815
1994 13.658594638263535
1995 17.27899341852099
1996 23.22591776218971
1997 30.657282243886666
1998 39.52180068670632
1999 37.49610062745537
2000 44.9235113199928
2001 47.16526165868529
2002 43.144237635379596
2003 36.316763142760216
2004 29.274150281157056
2005 24.201536591678618
2006 21.501408509504117
2007 20.114098333542486
2008 17.636048944630875
2009 17.83388208089402
2010 16.973512463333496
2011 13.221183210080238
2012 10.947253022203633
2013 8.54514660518334
2014 8.157806792624662
2015 5.800194880568744
2016 4.036078041981727
2017 2.652919587298776
2018 1.1704412412648368
2019 0.05355043444899839
2020 0.011513596802555908
2021 0.006175521648460875
2022 0.2640914279894284
2023 1.2009566217164125
2024 3.2176046045132205
2025 5.8596299725568395
2026 6.6490670891243395
2027 8.962449647219096
2028 10.667664168468148
2029 12.843551790427304
2030 14.556207512814503
2031 14.662294123839153
2032 13.00038456436226
2033 10.988001098325851
2034 8.71401233576081
2035 6.1823258727287556
2036 6.67415608335223
2037 8.163683543014224
2038 5.593642909952798
2039 2.7921246089220935
2040 8.590634981722825
2041 11.949395489909604
2042 14.709044195026573
2043 12.588253288796096
2044 15.150433561214822
2045 19.459458866497844
2046 16.787129218086406
2047 8.262594579707764
2048 0.9406630950062513
2049 0.868795482724634
2050 1.594316135722854
2051 1.9506548796463223
2052 2.440608919960796
2053 5.209483176766631
2054 9.1437490622904
2055 12.642303143065524
2056 13.23693006879477
2057 11.949143187613465
2058 10.868652993731557
2059 14.698352302455067
2060 19.4954191305185
2061 29.61437776015177
2062 34.97723975769362
2063 32.355605719292654
2064 43.010755552319324
2065 48.35761370052026
2066 45.104222802965324
2067 33.875777207841224
2068 34.40724539311444
2069 25.71742468078777
2070 21.217684400659437
2071 19.068763187737655
2072 18.362922431863815
2073 22.299961867751506
2074 19.82673678235773
2075 16.16290680342167
2076 10.4626378950588
2077 8.720492349166594
2078 7.319767424873301
2079 4.972954342759141
2080 3.958280719335455
2081 3.529609998007486
2082 1.743909692409187
2083 0.26112565920289244
2084 0.11579114423720452
2085 0.020307375348652266
2086 0.00035654550775320943
2087 0.2917325873678054
2088 1.9960315766997037
2089 4.714842955054457
2090 6.343011179996011
2091 7.54291956565985
2092 9.62768979009043
2093 14.022345918315418
2094 13.769729263991792
2095 13.582386449087267
2096 13.620231802957221
2097 9.905685962694038
2098 8.901322734857315
2099 9.344785802524909
2100 7.965359827682646
2101 7.988878825315118
2102 8.01313048550833
2103 7.416808486641804
2104 9.991184926974071
2105 13.151073144316976
2106 12.20169460607565
2107 11.372032887558907
2108 13.172131851072285
2109 18.786356480833163
2110 16.98956994732741
2111 8.714693110165207
2112 1.2211783315185563
2113 0.7983340930765507
2114 1.086340953064406
2115 1.8534221878271988
2116 3.1370896734595277
2117 6.401970419477349
2118 9.168978947678095
2119 12.207563631778322
2120 12.31845382390543
2121 11.814803345862597
2122 9.58140026993713
2123 13.286596763368618
2124 18.7112626360146
2125 30.01963743810818
2126 37.05501656001382
2127 33.5729959288662
2128 44.732781162736046
2129 53.794773358507726
2130 48.18366881258951
2131 39.23083324342385
2132 34.247328139392586
2133 27.555231565556376
2134 26.33235429686697
2135 23.152321064755213
2136 20.60340774901288
2137 20.23796877716553
2138 18.69104401691012
2139 13.700748668383875
2140 11.591934081756598
2141 10.258470607564696
2142 8.791663941237104
2143 6.326883403301457
2144 5.1367695910520625
2145 3.982901219330577
2146 1.9443973298027062
2147 0.41372645164570065
2148 0.34107807078307395
2149 0.07777873469092222
2150 0.00016471613029936247
2151 0.055918547420710396
2152 0.7574140890710259
2153 1.8151623025579275
2154 4.493034055828505
2155 6.111736163684986
2156 6.380674594016509
2157 10.37417060359607
2158 11.548070277834915
2159 12.53676083571242
2160 13.418018179571577
2161 9.627846628092087
2162 8.35290525453494
2163 9.584599720875982
2164 7.294596991564583
2165 6.0360927624455
2166 8.213118310079235
2167 9.027941663873357
2168 11.528890877831866
2169 11.63235135759807
2170 12.310298410104789
2171 8.70473978677909
2172 11.07641454034232
2173 18.056171796575
2174 16.759291237081467
2175 9.87493802082546
2176 1.0064025435460562
2177 0.244841169958403
2178 0.3988833836422164
2179 1.1966021247257996
2180 2.984061136538401
2181 5.80984101917994
2182 9.856416729054748
2183 12.896290704252404
2184 11.64479277646799
2185 11.97138650946946
2186 10.561344371716306
2187 13.727524467096696
2188 17.970514650753316
2189 30.1359011679966
2190 35.58324144871892
2191 35.92837739393605
2192 45.43757130411138
2193 53.205951130985675
2194 48.25099529698782
2195 41.466136336916314
2196 34.586737149863424
2197 28.391789085451254
2198 24.605064051726078
2199 28.381164625954113
2200 24.199733514887967
2201 20.253209767784067
2202 18.482331145396106
2203 17.30480476723388
2204 15.171388099511503
2205 12.029624848751766
2206 8.219293021848367
2207 5.708591140428784
2208 3.6736966712365353
2209 3.820172009775528
2210 2.8362782750880546
2211 0.8417755001787165
2212 0.30988221033728686
2213 0.03104920647782719
2214 0.00045929080541421807
2215 0.2359183012916106
2216 1.28190410612318
2217 2.4437829340130035
2218 3.5987367255441867
2219 5.173340809429427
2220 5.687802964047037
2221 9.165783777102336
2222 9.84211651191423
2223 10.139107968727506
2224 10.799131689503433
2225 10.864939400961068
2226 10.2979426837456
2227 11.473657749381102
2228 9.311699341602276
2229 10.512763157222572
2230 9.306927624488516
2231 10.153442881277046
2232 10.725515552999068
2233 9.220127957100004
2234 12.789332561419965
2235 9.334397323227579
2236 10.882713142046715
2237 16.701715392429204
2238 13.090053215558166
2239 7.88746068831765
2240 0.21440412491141722
2241 0.4075133034994491
2242 0.6131861733424465
2243 0.8720927012013201
2244 2.795324149049758
2245 5.366928417711167
2246 9.332411640436712
2247 11.981044780426195
2248 12.359532730453969
2249 11.26250778570663
2250 10.792192954675734
2251 13.894418660395914
2252 19.624754974161913
2253 29.870519847776567
2254 36.17561050859088
2255 35.6504311414458
2256 39.20180254990659
2257 42.699856052235404
2258 44.90432032183318
2259 40.17792335344706
2260 35.8235237616378
2261 27.426172135907315
2262 24.23408388873662
2263 25.59265148676921
2264 22.559313864730655
2265 18.348671476293212
2266 15.736683584294669
2267 16.464270559367712
2268 12.955362834747811
2269 9.610275595390519
2270 5.309791211097623
2271 3.9883313461629406
2272 3.4907731703848697
2273 2.9455073437131523
2274 2.425362817557074
2275 0.7560012553095554
2276 0.2311159492676187
2277 0.001316926046060638
2278 0.12459894357817229
2279 0.1334354266371978
2280 0.6501209212298777
2281 2.173458776685809
2282 2.4049710023255604
2283 3.3079607187992104
2284 4.63830926086583
2285 6.687412985133355
2286 7.421637243795872
2287 7.2631147820115025
2288 8.849786770975788
2289 9.740972232933826
2290 9.231210706821328
2291 11.710964912572184
2292 12.089313320129865
2293 15.086006954378762
2294 11.579172715500796
2295 9.863992955760247
2296 9.412861646974639
2297 7.823404858945793
2298 9.866631676100024
2299 10.289593715852261
2300 12.068036591878803
2301 14.213653215541415
2302 10.068969699182782
2303 7.049537813272148
2304 0.08415431637430092
2305 0.4818133150715801
2306 0.6506717020572741
2307 0.7129799259891371
2308 1.8565107618557013
2309 4.193215725415414
2310 8.942492902554322
2311 11.883490476379578
2312 11.28135144322491
2313 10.363715088129625
2314 9.781593933489969
2315 13.574886069990262
2316 19.171114274399848
2317 30.027182855581557
2318 38.789160774039104
2319 39.596006008306304
2320 43.44371387842612
2321 48.7393721952363
2322 46.567385971225136
2323 40.252513073657205
2324 35.181710720498934
2325 28.839500316606756
2326 21.336660386635174
2327 19.29356771434876
2328 18.183161145134537
2329 16.385756072870016
2330 11.231382282314382
2331 8.132277296272411
2332 6.154869375652551
2333 5.905653461492257
2334 5.4183737207352305
2335 4.207658035773241
2336 3.463528500796931
2337 3.5444815953185707
2338 2.0721474767951746
2339 0.703956590959344
2340 0.37016404750942195
2341 0.13642337450605374
2342 0.004585051688526164
2343 0.10355955024424254
2344 1.2046244724885473
2345 2.0025175166315816
2346 2.409237275695118
2347 4.3571472898608095
2348 6.508092211760186
2349 6.346805991162218
2350 8.566776084782935
2351 9.391299060719213
2352 9.498890158860439
2353 9.535532537948994
2354 10.867810280798844
2355 15.836940353223005
2356 17.30791430922438
2357 15.864520254044434
2358 12.058587781376573
2359 8.655598329901563
2360 7.922569174736274
2361 8.768727094652395
2362 10.528787436345421
2363 12.544544721369494
2364 13.355702852411905
2365 10.125835157823262
2366 8.763412483780145
2367 5.686795593198225
2368 0.012709636809851281
2369 0.11927665985674162
2370 0.6968360312796289
2371 0.5990310707393913
2372 1.5572559209213994
2373 3.9973542812990583
2374 8.18626058641755
2375 10.337068983880487
2376 11.681617125891087
2377 11.199928576153626
2378 10.665335036792015
2379 12.907309865950678
2380 19.682283108394653
2381 30.089153237835422
2382 38.77137607974183
2383 39.62345660225358
2384 43.94229926975679
2385 48.531368766443435
2386 48.67052135332315
2387 38.22809241676505
2388 35.95690898966806
2389 24.61653474784943
2390 15.431487930539802
2391 13.090400598736705
2392 9.753901526318101
2393 7.227992980291453
2394 6.341216369103877
2395 5.054100005690803
2396 5.070597391369906
2397 4.858083702167623
2398 5.358214710456494
2399 4.551054029376557
2400 2.727727911432884
2401 2.2380698585387813
2402 1.6683227310690296
2403 0.6596310270565741
2404 0.7398509759469715
2405 0.7135964139095162
2406 0.06292928224711215
2407 0.006744332160546546
2408 0.44974231419664823
2409 1.0014709401877333
2410 2.7586625276982515
2411 3.385085318798273
2412 5.89655718580511
2413 8.195670948571992
2414 10.962475572009835
2415 12.804895506751029
2416 12.137086130872742
2417 11.858348256015757
2418 13.657958486551438
2419 17.750248927842073
2420 20.642333049186497
2421 18.912159848023006
2422 13.600807953436254
2423 10.368760654459003
2424 9.737634133075886
2425 12.483734522562553
2426 10.312102342132656
2427 12.900724250135287
2428 12.430804935662811
2429 8.267832208600696
2430 6.126470656072908
2431 4.167791577538548
2432 0.3596994695525657
2433 0.006318803340601444
2434 0.56167852314184
2435 0.6832011477949477
2436 1.899646643094843
2437 4.443515745878382
2438 7.8946921397850005
2439 10.768009638363745
2440 13.023649822636973
2441 12.727757937387533
2442 11.952774545683985
2443 12.093316720692046
2444 21.77102829931334
2445 28.67212339161415
2446 32.083750287139225
2447 36.35292675524554
2448 41.26362623355853
2449 41.86457160935107
2450 45.349450704770796
2451 37.4523852123793
2452 31.09784338111643
2453 19.56472969400048
2454 11.027414664250873
2455 7.750256662350794
2456 5.767444338421654
2457 5.760800787890251
2458 4.884769494888867
2459 4.679036963773212
2460 3.2331554875546065
2461 2.9984713383064583
2462 3.885010447017275
2463 4.636195937752261
2464 2.5987896374589377
2465 1.6564733121579498
2466 1.3979543363978144
2467 1.9136543519304758
2468 1.7072437380207985
2469 1.670998542079219
2470 0.5921443650555066
2471 0.03492825961989774
2472 0.0343211401028207
2473 0.666444539247438
2474 1.2374519464187517
2475 3.1796010055221595
2476 5.534743852151626
2477 8.960812239712194
2478 12.368421481652897
2479 14.108024763246828
2480 14.276828734815295
2481 16.518070146929894
2482 17.6574301839118
2483 17.169891397167024
2484 15.69832350420763
2485 20.018115907377894
2486 13.491212339466781
2487 13.114401540638026
2488 10.896411289466085
2489 11.680569389053097
2490 9.180743303544956
2491 10.35539607784937
2492 11.351102626276107
2493 8.221847771704844
2494 4.098195609155699
2495 2.2332369839297823
2496 0.2884194993369827
2497 0.0058918589891364245
2498 0.9098230353256219
2499 1.0969109942216357
2500 2.745459707637231
2501 4.799207256236466
2502 8.475545964215568
2503 9.949499411712168
2504 11.78846884831609
2505 12.554949589263897
2506 11.749710032378646
2507 12.032489548505245
2508 21.398899246024932
2509 22.04573884757433
2510 30.687340384993593
2511 34.01037189004483
2512 36.60265751265792
2513 39.18447291256048
2514 33.77210936248879
2515 28.235506271691058
2516 27.86765644431344
2517 19.94588199368455
2518 9.550129666042913
2519 5.953282507633253
2520 5.297652649815738
2521 5.194009433081385
2522 3.55928683148371
2523 3.233135626482417
2524 3.008456361572588
2525 3.918019349559316
2526 5.45302929189303
2527 4.540155366170709
2528 3.7791836641426535
2529 3.3147882325422136
2530 3.8584865904789356
2531 6.265555303890198
2532 7.333578377254066
2533 6.379717968840322
2534 5.142933815002396
2535 4.4012914740914475
2536 0.6732559745254473
2537 0.0627319481487559
2538 1.0799279974584266
2539 4.6095003565073265
2540 8.439904136693261
2541 7.603455766890142
2542 11.539553906662007
2543 13.281694348542544
2544 14.834888651515406
2545 17.89949494989957
2546 16.127847212644532
2547 15.63882640051786
2548 16.181774897674433
2549 19.235818698667295
2550 16.31313292459759
2551 13.991876334291137
2552 15.551607465877236
2553 11.168960198988508
2554 10.518125588940405
2555 10.743110237020817
2556 10.152576168392299
2557 7.930136361079734
2558 5.422467155686295
2559 2.540514058204616
2560 0.6697549953061023
2561 0.00816141346539439
2562 0.8854360116307218
2563 1.4104839417264665
2564 2.222791826844153
2565 4.395878417949477
2566 8.170677441591982
2567 9.515391255606943
2568 10.087514580928572
2569 11.99869195990128
2570 12.154986899050929
2571 12.154459744369387
2572 18.45830781920146
2573 21.826000175198054
2574 32.80851430227929
2575 33.86143035008442
2576 31.95101840693366
2577 32.845177289349586
2578 29.01364507153365
2579 27.67034440890917
2580 22.489732772128068
2581 16.59564459766105
2582 8.699647986601585
2583 5.051310523415151
2584 2.839771086088394
2585 2.114546573954884
2586 1.4727187071476906
2587 1.5917133610583973
2588 2.095106681324183
2589 2.93897072369729
2590 4.656934622378333
2591 5.889034319205571
2592 4.915893024602025
2593 5.924091581568646
2594 7.396682855045786
2595 8.50682941175354
2596 11.442315850896232
2597 13.925306070561685
2598 11.237879572504227
2599 9.59707468566427
2600 2.9006379879092834
2601 0.0016886012481875225
2602 0.3934544251728641
2603 2.823143196484516
2604 6.939976650776332
2605 6.2931394880835
2606 7.0867886907824476
2607 9.49053801143792
2608 10.67143314435408
2609 13.610488474121302
2610 12.734671075045085
2611 15.635033113339393
2612 14.32530182796669
2613 14.968551435574819
2614 13.102171316323892
2615 11.344802020044447
2616 15.349019066860416
2617 13.200956563639034
2618 11.046726728631462
2619 9.621670485431983
2620 9.79445818175248
2621 7.148396279946634
2622 4.996330282254755
2623 3.2546165439100796
2624 0.3216188885264771
2625 0.04443295533458983
2626 0.1925473085065754
2627 1.1147479892247423
2628 2.6038351732798946
2629 4.07148225237155
2630 6.831083708306378
2631 8.977934448940294
2632 10.06503966653588
2633 10.379631431976142
2634 10.950586841212955
2635 13.218682017097471
2636 14.90946740305163
2637 24.508902372627052
2638 30.264028394913836
2639 31.726099688209036
2640 28.70131597135348
2641 28.441440196627827
2642 26.265442170427324
2643 22.912619086102115
2644 19.287047138112374
2645 14.437479552731306
2646 7.142754335362488
2647 4.996441596118465
2648 1.5421432632535779
2649 0.8234743333596827
2650 0.28083146205011633
2651 0.5845174872820083
2652 0.7117263695704517
2653 1.564794590452037
2654 4.293213543309169
2655 5.257288912087496
2656 7.0731323373548465
2657 8.36145519429897
2658 7.902849703632636
2659 8.123732841237201
2660 9.510123234030626
2661 10.31896551181407
2662 8.435890389252862
2663 6.54129027693298
2664 1.7413560364063645
2665 0.002157026090867714
2666 0.1035049418766928
2667 1.186146848622267
2668 3.8925713767719863
2669 4.381759383867876
2670 4.7045076812347215
2671 6.240433717327293
2672 6.845230047763911
2673 7.95141092064726
2674 9.953036597153314
2675 11.592495159257574
2676 10.485660319363197
2677 11.611677669559793
2678 11.561590780174866
2679 11.374639286038054
2680 11.04657644160149
2681 13.28571860027568
2682 11.183192856422336
2683 11.485949890704465
2684 8.083975444328368
2685 5.911104696221543
2686 6.920925929377764
2687 4.747186707567274
2688 0.8728022106481884
2689 0.4107583719094664
2690 0.004589297646723999
2691 0.6397729016233675
2692 3.0422866420733334
2693 3.2338584157021595
2694 4.578217910270631
2695 6.0521252131697505
2696 6.6039447563468885
2697 8.56101246814386
2698 9.051072722976842
2699 10.883498821990871
2700 12.632384108013776
2701 17.537294669916573
2702 24.030414383326903
2703 24.392516460738758
2704 26.116718146821306
2705 23.989217079554468
2706 18.333117093328408
2707 18.127219850012473
2708 18.624438853302333
2709 12.018867227614383
2710 6.693057401989128
2711 3.5314602125124246
2712 1.0284359422923832
2713 0.48809777141239086
2714 0.06574919285260977
2715 0.0009083717571036602
2716 0.3447238102580087
2717 2.075197696785066
2718 4.60747944631176
2719 5.016504524395654
2720 5.509844157581117
2721 7.3546739917016515
2722 10.259920130635658
2723 11.495105392412073
2724 10.828586224585115
2725 10.291115883663078
2726 5.816291199202409
2727 4.441208376588243
2728 2.0429865059964336
2729 0.09225558209925473
2730 0.12528715653270497
2731 0.6048618970721304
2732 2.240577416992304
2733 3.16149219821994
2734 3.658360778295701
2735 4.8781753643935915
2736 5.630263354410111
2737 6.53974062238213
2738 8.37023411666472
2739 9.499204589083645
2740 11.371335916164274
2741 13.426860146366137
2742 12.88695152778724
2743 15.819001976383058
2744 11.700097881241826
2745 10.949513300079913
2746 11.687258221455533
2747 10.307511077537953
2748 7.912544114650696
2749 7.6569276154311465
2750 5.74718259105844
2751 4.041094930580998
2752 1.228755310386969
2753 0.7151816809576095
2754 0.22770610118723747
2755 0.18624482852808394
2756 2.0215512120411656
2757 2.1485244006594684
2758 2.3603295078328506
2759 3.9467031662410363
2760 5.876942912361973
2761 5.271448600480907
2762 5.851287349372169
2763 7.0054863652900226
2764 10.504484221803331
2765 15.55855256037239
2766 18.215461868468857
2767 20.096428410327984
2768 25.635764235070045
2769 21.951548588623943
2770 15.92736499548461
2771 15.672668038664588
2772 15.485286662637634
2773 11.338197348409329
2774 7.2197441162248355
2775 2.6299962212534025
2776 1.3112138009445313
2777 0.29986290191256515
2778 0.20894855114773572
2779 0.26336971971220957
2780 0.7360172778320809
2781 2.219521020498333
2782 3.720434059032516
2783 5.9621775294405746
2784 8.543893050943538
2785 9.300211035391243
2786 17.06990975907132
2787 15.849646885992739
2788 13.850065324603776
2789 8.607032968184663
2790 7.355352966968409
2791 8.340324403801645
2792 3.33763194781813
2793 0.1854125887577872
2794 0.03422397932354321
2795 0.14383680530204612
2796 1.0057270260994873
2797 2.2151181070154657
2798 3.3183383502747765
2799 5.6436208002384225
2800 4.944382720657734
2801 5.856781386262065
2802 7.028105246458432
2803 8.867779101000906
2804 9.156460247133916
2805 10.078040088454044
2806 12.857142234873626
2807 16.572865427052434
2808 14.571963653890192
2809 10.241091497253034
2810 11.146797384334132
2811 9.751000128288046
2812 8.751787263178729
2813 8.416588758300371
2814 4.912071514293416
2815 3.0352603634008557
2816 0.9099480940171492
2817 1.0947161121509752
2818 0.47481299338128263
2819 0.0010301703072555166
2820 1.1117113256450981
2821 2.197091270695733
2822 1.6902643527679009
2823 1.7822278470512192
2824 2.6947052812412715
2825 2.491304068730834
2826 3.1619019737719634
2827 4.51687213310375
2828 7.089021011998246
2829 13.546648122879539
2830 19.956145822404704
2831 21.85194002516653
2832 22.885238609025514
2833 22.904180570681177
2834 18.297822005155844
2835 16.765790536051178
2836 13.952277003105257
2837 10.045857397141068
2838 5.900823300276359
2839 2.268346689366966
2840 1.8280966668698815
2841 0.35972155578713816
2842 0.7457745475125677
2843 1.7215776411624018
2844 1.1970891797455363
2845 2.313294056995751
2846 4.474496684749743
2847 8.167656024380387
2848 11.037669592204479
2849 12.922034935301152
2850 14.26834808351224
2851 14.13454056433369
2852 17.483057430293886
2853 7.050601580089504
2854 5.532118728433784
2855 5.372173551147894
2856 1.4930792514802818
2857 0.027569613025906034
2858 0.29055102355893486
2859 0.2283656642087812
2860 0.5463844963596596
2861 1.3060765557094907
2862 3.2746328056441065
2863 4.98542543428916
2864 4.758585185542818
2865 8.846097059117177
2866 6.914477967959117
2867 7.365934845960654
2868 8.563107236006768
2869 7.518587733925378
2870 12.367495048431566
2871 14.774148570286554
2872 13.042648402074917
2873 10.85106139134347
2874 10.112570052406735
2875 9.917421342429126
2876 8.908250191178396
2877 8.475393964154973
2878 4.4567264853279065
2879 4.3896930977833435
2880 0.6679532519953408
2881 0.6776938275797013
2882 0.31940636992208604
2883 0.09031200776634415
2884 0.48832768778686986
2885 1.8432209525674292
2886 1.3347903270180013
2887 1.0560239996214733
2888 1.4468942816006887
2889 0.9737043485740812
2890 1.9729064448835534
2891 2.9101220436152655
2892 6.954227715573272
2893 10.107417335225398
2894 14.314539801706996
2895 17.659528148248192
2896 22.91300666905068
2897 23.07997491972504
2898 17.372572410043855
2899 15.173057701789746
2900 13.277379922821403
2901 8.23265112414602
2902 4.346608638610601
2903 3.3117392924470614
2904 0.9984593264202877
2905 0.4333071309812393
2906 1.715584763514603
2907 1.6135147388757367
2908 2.4641249715655102
2909 3.310787472948764
2910 4.651442300612545
2911 8.348029120038046
2912 10.606015855675636
2913 13.373415748819607
2914 15.426875479391924
2915 11.815428922549035
2916 14.847851223115626
2917 5.652479696797359
2918 2.226840667257626
2919 0.7009359495180039
2920 0.012173482761489036
2921 0.41829149247462805
2922 0.6780442271676175
2923 0.3039885125890598
2924 0.18153110934817732
2925 0.47650087798817925
2926 1.7174206965605228
2927 3.6253766860774936
2928 4.2318444390088406
2929 6.968264705759442
2930 6.517330863135719
2931 9.108931952496471
2932 9.769968914403718
2933 9.694734013223574
2934 14.259122746127348
2935 17.06341452141598
2936 11.82983168546932
2937 12.25869448657153
2938 9.793824260992745
2939 9.350407018373073
2940 9.43386587687786
2941 7.469778735667396
2942 4.987935586190256
2943 4.425575927043276
2944 0.10233013747444218
2945 0.04838411087537603
2946 0.03927118556190758
2947 0.0012217185426816612
2948 0.4978760806398935
2949 1.1950859988317313
2950 0.7784991122684571
2951 0.9373607788738423
2952 1.1151961962594608
2953 1.2417509872302503
2954 2.531436191642185
2955 3.2088143371757014
2956 6.011874370696238
2957 8.810157511097971
2958 11.994094852737119
2959 14.804827932505884
2960 14.704152993379905
2961 16.61517701601588
2962 14.015573871431648
2963 13.277503712350002
2964 9.76028481901251
2965 8.126902079871792
2966 6.332194093934912
2967 3.13896486882253
2968 1.2423235429419988
2969 1.2570756020608924
2970 0.9282936686263897
2971 0.9118506016917267
2972 2.6498923038912694
2973 3.559088944447357
2974 3.1802066001116454
2975 6.059676599057191
2976 7.835581386708813
2977 11.75619936999651
2978 12.070461439042052
2979 9.810244054453749
2980 8.405824145068815
2981 5.6935898820061075
2982 2.1051995046476573
2983 0.3360475928565162
2984 0.027144398941379752
2985 0.2593982132055589
2986 0.6164960709638752
2987 0.28662242938996807
2988 0.14583423421762418
2989 0.3024747203851079
2990 1.0069807677886855
2991 2.0536483201352924
2992 3.89852781679239
2993 6.9116432969628505
2994 6.381937308201305
2995 11.361489351091265
2996 13.368986482051909
2997 15.561064534636227
2998 14.308811331313033
2999 17.684089470606533
3000 16.16854207939068
3001 13.581349020408416
3002 13.059226085722583
3003 7.095622492358227
3004 8.265577259939738
3005 5.645098194778163
3006 4.850360221719301
3007 4.937114269346998
3008 0.0003123395851986764
3009 0.008628439744401833
3010 0.0004943821446595497
3011 0.1590661187109335
3012 0.5135988866744519
3013 0.9155833361302914
3014 0.6453630781202502
3015 0.8387642823945254
3016 0.8335327518918194
3017 1.5571076234696026
3018 2.997785657841457
3019 3.8773723717256123
3020 7.333593885599846
3021 7.172208691380096
3022 8.027205386916012
3023 9.489414586940201
3024 10.987606085071738
3025 11.426269552383474
3026 9.689045357695187
3027 7.845643418087684
3028 4.994467227043117
3029 4.895845630148483
3030 4.24750482853128
3031 1.6947707531088343
3032 1.1689766755560356
3033 0.17379530673585566
3034 0.020978174344309285
3035 0.23387605589478241
3036 0.7959012459137287
3037 1.4912126739654648
3038 1.298537352080611
3039 3.214624879863732
3040 5.427122023063001
3041 9.484139013880613
3042 8.893400408338705
3043 6.976407583663041
3044 4.565365708737105
3045 4.18177650333143
3046 1.5919636937991388
3047 1.0157984402618208
3048 0.034477120270037465
3049 0.393760082357222
3050 0.2660929369152498
3051 0.4527987018308254
3052 0.05601009128309044
3053 0.21397000656499426
3054 1.3748974501575573
3055 2.614971380985282
3056 5.753177162963715
3057 8.662731545548342
3058 8.811320660153221
3059 13.50338808992273
3060 13.260424518886182
3061 15.252286357181363
3062 12.931733511650423
3063 13.841748207391875
3064 13.49153490276922
3065 14.864218734724506
3066 12.433449112827377
3067 12.72713702501888
3068 9.65082668147064
3069 8.089561570107646
3070 7.474713325127729
3071 6.184972387940371
3072 0.004089056015257726
3073 0.014420389398135995
3074 0.0030879765503972
3075 0.4051815145941086
3076 0.784808417926142
3077 0.816369847231401
3078 0.8381516191809415
3079 0.770318476120154
3080 1.5194872100694106
3081 3.598489061249032
3082 4.689677391329275
3083 7.086182899278885
3084 6.745496168777748
3085 4.3042366313612295
3086 4.205930834328578
3087 4.052790933499393
3088 5.707556538487868
3089 6.083063699190586
3090 7.283302535811601
3091 4.314869540964074
3092 2.2058744566374817
3093 1.7586164179432664
3094 1.7099224512915707
3095 1.1650276694233286
3096 0.5048536154313626
3097 0.000318286872945708
3098 8.117703171138371e-05
3099 0.0028678903955692103
3100 0.0011865511245549522
3101 0.06783785979948535
3102 0.018928113862673016
3103 0.21757351339560957
3104 0.6922313950708083
3105 1.4382756546474302
3106 2.0540837476785523
3107 1.8000973002543073
3108 3.0482325883683927
3109 1.5276038382362005
3110 0.5668643489699887
3111 0.043290628507087016
3112 0.17261481809937468
3113 0.666907468104285
3114 0.6146875660824408
3115 0.8122773092402364
3116 0.262655583884879
3117 0.13729169849274692
3118 1.0196338655106942
3119 2.5782302624425286
3120 5.728158202110978
3121 8.459428644386374
3122 9.914446231932168
3123 12.195699445356144
3124 13.786431072818244
3125 13.863388838777684
3126 9.371699248517814
3127 9.94025539130168
3128 9.18240042527934
3129 10.155603609784528
3130 10.95140011535714
3131 11.893120306698105
3132 12.335239807001852
3133 7.900589268988223
3134 7.440669919294896
3135 6.893885277449085
3136 0.07772972051062436
3137 0.05175594289903538
3138 0.024296864586349838
3139 0.6417763007062923
3140 0.7822771964279095
3141 1.0717731252575609
3142 0.9615144973214031
3143 0.5717479263678958
3144 2.7280546414266102
3145 5.9756963029358
3146 8.470275393006588
3147 7.64045622887031
3148 4.245458530447377
3149 2.852022323612148
3150 2.488099386613409
3151 1.931774244322594
3152 2.3886506253750843
3153 4.358113028038041
3154 4.760653876455705
3155 3.19114391793929
3156 1.280251806714376
3157 0.9510276691545184
3158 1.2746469072009
3159 1.6514237353521535
3160 0.662314859481165
3161 0.19126268977923144
3162 0.09100702910505792
3163 0.14598288010904273
3164 0.0011777869158588537
3165 0.1740512043236099
3166 0.16634130696262314
3167 0.5435416849169811
3168 0.8328538805449217
3169 1.0391554075112772
3170 1.7291531285183295
3171 1.915019700947918
3172 1.013328167553273
3173 0.48808822433056825
3174 0.23597966219252173
3175 0.039448867794983175
3176 0.07784075362194211
3177 0.17898922073568038
3178 0.38693349069990834
3179 0.36600169970344304
3180 0.1045951561260475
3181 0.1284073314485666
3182 0.9363665841146452
3183 1.8914214658632562
3184 3.235767975510805
3185 4.406556811687176
3186 5.878521827612106
3187 8.486406302856441
3188 9.924362568658106
3189 12.987131577472919
3190 7.727021915057941
3191 8.497148217356502
3192 7.595123709791293
3193 8.114062273185512
3194 11.849503641067898
3195 10.654492517647205
3196 8.182006674779558
3197 5.116393827253089
3198 4.913872604817606
3199 5.142101419891773
3200 0.05192083359244241
3201 0.051893487872152456
3202 0.00624867375149619
3203 0.37943089010595366
3204 0.34214066841972873
3205 0.836994827049982
3206 1.7192510708610629
3207 1.7630029563706178
3208 3.5297123039081955
3209 9.149917751875245
3210 6.227436586820539
3211 4.207598850189478
3212 3.0179507186941055
3213 3.348223881347871
3214 1.701707857116644
3215 0.3499144022891341
3216 0.3787587069367328
3217 1.140377957589913
3218 1.567315841482795
3219 1.0851341932541858
3220 0.1731428516147046
3221 0.4260480581994448
3222 0.754540959769984
3223 0.2795432865401097
3224 0.6429016692658523
3225 0.41553270565827044
3226 0.13963700134328708
3227 0.17969865575017133
3228 0.272054317351403
3229 0.13754734637189364
3230 0.4921779131918807
3231 0.2550782329593441
3232 0.23430798316441107
3233 0.6264543654923571
3234 0.5654890721949283
3235 0.1705284495261332
3236 0.0059152340178895
3237 0.1263954651889167
3238 0.35324025900006406
3239 0.09151690939514423
3240 0.033241364736403996
3241 0.07430524042838148
3242 0.14063567068158375
3243 0.06458817340363568
3244 0.040799777148709186
3245 0.26471699684136346
3246 0.8867201429929019
3247 1.0860529814039344
3248 1.4047255765917308
3249 1.4086711879430094
3250 2.4351156836490815
3251 4.311618583809663
3252 4.7451274152704865
3253 6.9361954099701135
3254 8.07416495935291
3255 7.733457420699265
3256 8.85039931456223
3257 8.278998498540101
3258 7.70378825036496
3259 10.328187316500985
3260 7.467591958362217
3261 6.15214577545527
3262 4.5084725185579435
3263 4.769442476617367
3264 0.08225102135408496
3265 0.029764442090328736
3266 0.07726005103881907
3267 0.02076492685699285
3268 0.08039770339696736
3269 0.44941531499462134
3270 2.1555726608174703
3271 4.800650439847691
3272 7.148503646991167
3273 8.139357102116183
3274 3.795482620026739
3275 2.8289484436908086
3276 1.9909426472571958
3277 1.413346288816359
3278 0.7998463335204056
3279 0.1670732717822471
3280 0.019491794777148692
3281 0.001126786629684955
3282 0.16322027710645878
3283 0.06620363353237128
3284 0.0012812848566339918
3285 0.013092005486471797
3286 0.04862315437916664
3287 0.025900211251099856
3288 0.37770836765859006
3289 0.2273915179909722
3290 0.25911758157253617
3291 0.5516945041350972
3292 0.221921032644382
3293 0.18732623199129456
3294 0.18216016512884217
3295 0.30555987784758876
3296 0.9150473513602531
3297 0.8266988039777039
3298 0.737216065546497
3299 0.07550244355893843
3300 0.07625163572723952
3301 0.212356522413666
3302 0.0019591929925348527
3303 0.0032231993501897413
3304 0.018438102918692037
3305 0.005179634763187099
3306 0.06774207962281745
3307 0.0036801137082602274
3308 0.0218984803283538
3309 0.050822756431049144
3310 0.0127907361017016
3311 0.053597022867735475
3312 0.2264783282700553
3313 0.46576159368348424
3314 0.8061138245239238
3315 2.0426828932099133
3316 3.7988640116151675
3317 5.960944731080202
3318 7.057882175895951
3319 7.997674904482341
3320 11.612850056296551
3321 11.439405878386689
3322 8.394355799178513
3323 9.155252743029346
3324 10.340911858949067
3325 7.432504672364515
3326 5.979420851928119
3327 4.777398286133586
3328 0.06662258034364726
3329 0.13761946463663494
3330 0.23481915421500119
3331 0.10565817411531107
3332 0.03215882986767691
3333 0.6410597349300217
3334 3.1699015846843484
3335 8.57135683586065
3336 7.52941182312335
3337 4.060017359852918
3338 3.3585990745685503
3339 3.9352575812184414
3340 1.4779129308955103
3341 0.5776779914588005
3342 0.3074180276130441
3343 0.00666007850629197
3344 0.08398577100278239
3345 0.25525374030412584
3346 0.09109033260884243
3347 0.032941359919904045
3348 0.047502906400871875
3349 0.0032396777670421154
3350 0.0514265128479535
3351 0.0003350746352314307
3352 0.17973943809276918
3353 0.11409829812354177
3354 0.23264873408667977
3355 0.5343946738446788
3356 0.1572609890751657
3357 0.6982540662954614
3358 0.7437837501791482
3359 1.718566017918179
3360 1.7979128240812434
3361 1.5489318579865825
3362 1.408003517178656
3363 0.6817582780541105
3364 0.06249674958233103
3365 0.0018816592323138198
3366 0.024684581224282916
3367 0.07228256010622998
3368 0.0032380066806172816
3369 0.03286651932207878
3370 0.14625747648962986
3371 0.266148955638796
3372 0.38826602302598995
3373 0.023139706247420403
3374 0.0014668254668378066
3375 0.0927705249460033
3376 0.07812343863862614
3377 0.5716310233913448
3378 1.007585457751961
3379 2.146996730492291
3380 3.312643244336248
3381 5.337726095924688
3382 6.116400403023969
3383 8.385441882120837
3384 12.503811383927344
3385 11.978789930242502
3386 9.665919194368948
3387 6.219237383106312
3388 8.782712874280222
3389 8.52982311545976
3390 9.849758373758068
3391 6.1488680164002165
3392 0.10172669315110394
3393 0.14872046437401026
3394 0.17872331113751092
3395 0.08485438211352692
3396 0.23458315984597283
3397 1.0077507335264895
3398 3.4684653552323286
3399 6.745896108338909
3400 3.4435315252741168
3401 1.7859104715891185
3402 1.9934860478467529
3403 2.472408098026196
3404 1.8141377094791298
3405 0.39351248014033025
3406 0.053194504075072147
3407 0.09903171883427757
3408 0.344774670888495
3409 0.533539221989069
3410 0.5219941313082224
3411 0.12249966079824169
3412 0.0043522935131130504
3413 0.017847283402958727
3414 0.020896686482432817
3415 0.040667263505894946
3416 0.27755697042597494
3417 0.17750652885148066
3418 0.15122346541046588
3419 0.2760302564203397
3420 1.4739646085598923
3421 2.702030758923241
3422 2.6092084606539885
3423 2.0206559780745734
3424 1.5134977189938241
3425 2.2576806258913806
3426 1.3988892433754356
3427 0.7026106902430336
3428 0.12300587299965549
3429 0.07980267787176414
3430 0.35922958876776806
3431 0.7416191611554903
3432 0.8946879649912622
3433 0.0667006282234333
3434 0.10935269445530915
3435 0.6443868422360427
3436 0.5498959872896242
3437 0.15301951144005108
3438 0.14678882481324024
3439 0.3735983479638786
3440 0.6439007731836862
3441 1.0303002905588532
3442 2.5590017839832746
3443 3.355592100595208
3444 4.187545148140682
3445 6.775711355990624
3446 7.745692246707433
3447 7.068065356879723
3448 9.563895530390438
3449 8.76322365680784
3450 9.811541831812034
3451 7.230984519538769
3452 7.181534131423775
3453 9.731444040080167
3454 10.88483991521536
3455 9.202394757459706
3456 0.3454246989826298
3457 0.3724178125441352
3458 0.035376175473552575
3459 0.0058874142894725446
3460 0.2735958499034144
3461 1.202210269849197
3462 4.142506892490173
3463 4.539746116205871
3464 2.1140335482364154
3465 1.542809539071186
3466 1.7015653200081462
3467 1.4246770261399122
3468 1.3677226883322064
3469 0.40803179300361875
3470 0.00634833373101335
3471 0.2418618997584626
3472 0.6767999346307463
3473 0.7985411364079206
3474 0.4941062525095204
3475 0.1193052684143247
3476 9.69982814260579e-05
3477 0.08057794925288958
3478 0.0049166310616081755
3479 0.20222156645421058
3480 0.6194103184720471
3481 0.8115025998519729
3482 1.0538706752595144
3483 1.1360468240436474
3484 1.6988239043167133
3485 2.202320178317306
3486 1.8707832477013058
3487 1.5259809239285937
3488 1.069361603024305
3489 1.105442895612422
3490 1.3110678304442924
3491 0.7566451244265676
3492 1.091948663201506
3493 1.4866467863761852
3494 1.845329005070644
3495 2.000024091356827
3496 1.6138512718764582
3497 0.580699461750506
3498 0.2532128914204167
3499 0.01862989909252359
3500 0.19504844141815686
3501 0.04782936760002396
3502 0.2244618428048322
3503 1.0894449001630597
3504 2.382852678571675
3505 1.3156527450453632
3506 2.9226187008457702
3507 4.384765728095842
3508 5.496112904204321
3509 8.41898830440066
3510 8.073862117092299
3511 9.910949322605877
3512 7.30205782840697
3513 8.340507094875262
3514 7.352927653617041
3515 8.614947698787052
3516 5.756650030485496
3517 7.3089902304845875
3518 9.553728300665655
3519 8.949238614679377
3520 0.8606089836296199
3521 0.6249783324455438
3522 0.29836431387506496
3523 0.008307550109918248
3524 0.004271781412319855
3525 0.9243934123185076
3526 2.314703291874824
3527 1.642584779585593
3528 2.1759794623987188
3529 1.7466151941697912
3530 1.20730448355409
3531 0.7393177172779991
3532 0.9404828233559763
3533 0.21662971051073987
3534 0.028042999048015934
3535 0.1566654156981769
3536 1.322361285580527
3537 1.0985308831473908
3538 0.5172655254980222
3539 0.36216030488613465
3540 0.31860822457423543
3541 0.0818165097411348
3542 0.010122805391705788
3543 0.32883525669717123
3544 0.22723433558269385
3545 0.5592945198797796
3546 0.8967991325858052
3547 1.1415623280601639
3548 1.1776620964942097
3549 1.3382766535778006
3550 1.3549266822329322
3551 0.7749612213058854
3552 0.4674997212167044
3553 0.819982943153233
3554 1.4306384306032727
3555 1.7569937745349355
3556 3.2090785666878627
3557 3.212667600378213
3558 3.5167375848739475
3559 1.6854819444571685
3560 1.2323381478994067
3561 0.8460879185594656
3562 0.242400604963005
3563 0.03183568325017951
3564 0.0032990538986156378
3565 0.05368370605854149
3566 0.40962903056873007
3567 1.1850127974948705
3568 1.8073400429349025
3569 1.6001218692200563
3570 2.900357640629591
3571 3.618423221770806
3572 5.253486631427874
3573 7.602829007610835
3574 8.847549262958886
3575 7.862880769584941
3576 6.343900323123025
3577 9.657711808929502
3578 7.532189794140327
3579 9.11202928672373
3580 8.286244976876633
3581 7.1866547162297145
3582 8.759164667032367
3583 6.756839646641727
3584 0.5685188571906806
3585 0.6688984018794065
3586 0.4035479191449141
3587 0.18837059325475555
3588 0.03147196842533668
3589 0.8855710194686119
3590 1.6577916903177674
3591 1.2794294250444729
3592 1.9802090392463607
3593 1.5029755002018141
3594 1.173589770630829
3595 0.5580639052222197
3596 0.5096203436465693
3597 0.08308871459762619
3598 0.029749113481683808
3599 0.04173773421889025
3600 0.5551802672495016
3601 0.8232890049745901
3602 0.8250818233469694
3603 0.7813672019306724
3604 0.5640262500473281
3605 0.361935541051814
3606 0.22180733321682655
3607 0.0006618516013919296
3608 0.17290892948287914
3609 0.8826198912686978
3610 1.3091406655421889
3611 1.7647182431504924
3612 1.9288271599719558
3613 1.822740678356799
3614 1.082688549305471
3615 0.687949088314643
3616 0.28623464705628615
3617 0.4652016546012618
3618 1.0770426539610616
3619 1.8294250260902436
3620 2.1349130920392962
3621 2.7441677309162817
3622 2.7182318089407205
3623 2.266120554092107
3624 1.5921193478240114
3625 0.8680723476556564
3626 0.618058449581611
3627 0.23858814331930767
3628 0.1724902993811993
3629 0.003877832193232816
3630 0.5145366558791635
3631 0.8932070355464655
3632 1.3852337433004123
3633 2.459594868239314
3634 4.505988115888186
3635 3.23142468815929
3636 6.539836270474122
3637 8.612295881953745
3638 4.686681745667085
3639 3.7273556471347673
3640 5.093110711616192
3641 5.946337626695986
3642 8.847423920684408
3643 7.84603613375706
3644 7.052578265387502
3645 6.392066117980134
3646 5.179427015888348
3647 5.25171046803555
3648 0.8024912470289979
3649 0.6457993335129545
3650 0.21031314967420756
3651 0.17501145463052903
3652 0.3074662254228744
3653 0.9870476183735122
3654 0.8873506417290296
3655 0.7615000455113039
3656 1.093413128485435
3657 0.6237997338607829
3658 0.3805492573717012
3659 0.12073459399568261
3660 0.16933279424624337
3661 0.037387995966644424
3662 0.0016278765966175623
3663 0.0013555049952947754
3664 0.10874778156308888
3665 0.43790212007683466
3666 0.6607208523925755
3667 0.8805452643021805
3668 0.6014424924983043
3669 0.3982947032109949
3670 0.3193856184662522
3671 0.01152977919307081
3672 0.09767163660956366
3673 1.4889023590094996
3674 1.7682710411291767
3675 1.1249463177108683
3676 1.3077614035346912
3677 1.1622089702439469
3678 0.9618288135992762
3679 0.6452299504979124
3680 0.20558006435720097
3681 0.18724455448526492
3682 1.21235082245924
3683 2.054512666362744
3684 3.9288027531174303
3685 3.535228141167854
3686 2.614313671379912
3687 3.666794000367058
3688 3.040790924383119
3689 2.5834042282037726
3690 1.5605992399302646
3691 0.6039393605740373
3692 0.08253614458548832
3693 0.018561161834432398
3694 0.4282723630987218
3695 0.7865344841081255
3696 1.280775213007372
3697 2.099011261337309
3698 3.37792216768017
3699 2.786070165992445
3700 3.481549904373703
3701 3.0056631802138174
3702 3.094261690339212
3703 4.93896947251496
3704 4.849549095221148
3705 5.701875950422072
3706 8.068270849463152
3707 9.945777011109312
3708 8.279852899888983
3709 6.291909896974474
3710 5.850064863422149
3711 5.121076248240546
3712 0.48062255849843843
3713 0.4418592810452561
3714 0.22266395859271038
3715 0.029884836289928905
3716 0.8990467001335308
3717 1.3898335053522335
3718 0.9801077825041655
3719 0.952063931481413
3720 0.8254681232349242
3721 0.9934513009156851
3722 0.6008862851621657
3723 0.05373468767212075
3724 0.002443030862346712
3725 0.0001440571838488422
3726 0.0066418248830523345
3727 0.03544742182750997
3728 0.016943118863871492
3729 0.019002613222643707
3730 0.012385951690467356
3731 0.0015638524445397823
3732 0.000236910390231534
3733 0.0028995357209894946
3734 0.047222046152903346
3735 0.32175305706641943
3736 0.7391659627552278
3737 1.8208502782961682
3738 1.8358343426886312
3739 0.8829044739105403
3740 0.8148785406804687
3741 0.25452615941089274
3742 0.47577631104037155
3743 0.11624504205781627
3744 0.017347659956882335
3745 0.1729297473240481
3746 0.8520415064193552
3747 2.048937624306557
3748 2.3425216935187314
3749 1.6075922600538983
3750 1.3691367274492954
3751 2.070706824734308
3752 2.387034331551427
3753 1.2805334794953172
3754 0.5677125021706921
3755 0.22323682826448307
3756 0.010418428574649854
3757 0.008423605018987411
3758 0.0032651929590605962
3759 0.14562452411795201
3760 0.44678207239584206
3761 0.9173639968994023
3762 2.691030785621928
3763 3.491223538425893
3764 2.9641319403389845
3765 3.1658547408132867
3766 3.1273114090354617
3767 4.278206123929192
3768 5.111683142903129
3769 5.424749295402241
3770 6.985184789705669
3771 7.863788673099567
3772 7.918937084468599
3773 5.932881829508734
3774 7.559255807961022
3775 6.093994784276995
3776 0.27950648202184303
3777 0.4989150685138152
3778 0.6593962851014595
3779 0.10123051692392836
3780 1.2668349092122242
3781 2.8518441061121513
3782 2.3089618216949437
3783 1.7880439812604096
3784 0.6182902605556208
3785 0.3425542331099486
3786 0.5066667001362277
3787 0.005149225924610221
3788 0.01517804417932537
3789 0.0019504352830487662
3790 0.0010600873756852279
3791 0.06055357212674037
3792 0.003087660368879992
3793 0.005151530343291135
3794 0.006225211313813652
3795 0.08248840335786951
3796 0.009684072435975874
3797 0.4611910883407285
3798 0.8112678432306519
3799 0.8524196804375477
3800 0.8387778965366602
3801 1.5604166287712484
3802 2.330161698977495
3803 0.5169249090512913
3804 0.5008126137327623
3805 0.1758427090226161
3806 0.21022445997370287
3807 0.025776246816921814
3808 0.2734415329467004
3809 0.14341062509837882
3810 0.0033155574871294316
3811 0.22984973865286695
3812 0.6367506796248726
3813 1.2542098179867098
3814 1.6888426237490815
3815 1.3358481903725223
3816 0.688466974587944
3817 0.13350094210883484
3818 0.23109493804903866
3819 0.013646392803177247
3820 0.13211485651588642
3821 0.003817661875962747
3822 0.01404667570041324
3823 0.08974541883755893
3824 0.006445105253365244
3825 0.41020210977531835
3826 1.2679200328932652
3827 2.362278594726464
3828 3.1177146034926837
3829 3.4361901517638915
3830 3.541316591962545
3831 3.284217305030127
3832 3.2225673186154196
3833 5.087888744281466
3834 6.627083363585907
3835 6.472859648136826
3836 6.289827483929918
3837 5.8696900805380965
3838 6.95250381183912
3839 5.920699936835121
3840 0.23040345686015273
3841 0.20790713638808578
3842 0.3016940181550747
3843 0.05717951211280549
3844 0.7627501575488228
3845 2.129228546816638
3846 2.893229339217871
3847 3.1427199090234335
3848 1.7957867349085708
3849 1.236668224638342
3850 0.7555771494650352
3851 0.027479710166877055
3852 0.0022061728560410923
3853 0.11278435974177344
3854 0.298554687225532
3855 0.008278811055384562
3856 0.05205064056573836
3857 0.08989834090463807
3858 0.08038568628576044
3859 0.006460103574692305
3860 0.05150285671711665
3861 1.3811755310473046
3862 1.5068872155322803
3863 1.5524330567814084
3864 1.2638875469188164
3865 1.612612029810157
3866 1.5245164318679347
3867 1.0931594194241203
3868 0.9666685869944925
3869 0.38107601206285785
3870 0.4112400977846923
3871 0.5664395709508147
3872 0.059466124958998154
3873 0.13823722452645362
3874 0.180939738793105
3875 0.2686073350497752
3876 0.3239994493509623
3877 0.7588760646158568
3878 0.5476819533372543
3879 0.8716379420282038
3880 0.18797548626547508
3881 0.17957761943510597
3882 0.40947443022319846
3883 0.38604257764960637
3884 0.03142892209065882
3885 0.000896618809948326
3886 0.013211208814455862
3887 0.003712461776514736
3888 0.0006244716284687909
3889 0.041656244277790105
3890 0.8319516072593904
3891 2.920347132171682
3892 4.40673949361093
3893 3.2644103952733365
3894 2.285908315057572
3895 1.8819348406590704
3896 2.056502075555507
3897 3.473428295056287
3898 3.98890955841383
3899 4.092506235300919
3900 4.954597866465316
3901 4.0305631828383355
3902 4.7687149561527304
3903 4.043533262491354
3904 0.49579631519728834
3905 0.16745661148909785
3906 0.08580643750340923
3907 0.06510152374306219
3908 0.2186830656639579
3909 0.9408314203972149
3910 3.4340435909358518
3911 4.624196294498482
3912 6.005947374589526
3913 4.23983807168577
3914 2.6939191723714124
3915 1.3704548466192987
3916 0.5107632627766195
3917 0.0751266463330992
3918 0.020289382898933797
3919 0.010129630803828912
3920 0.03079013037410233
3921 0.11528959228834404
3922 0.008305568397246705
3923 0.0017192888671469459
3924 0.028447123519971276
3925 0.5969960864159575
3926 1.1783860080242683
3927 1.6620640479221578
3928 2.1255284753115853
3929 2.108048229184497
3930 2.549083795853125
3931 2.558207059585764
3932 1.7145383820287778
3933 1.3557139778806677
3934 1.6863454668292166
3935 0.936330824840813
3936 0.5436816753784948
3937 0.9863365732015734
3938 1.3378822276814415
3939 0.9301483379140367
3940 1.069951569878526
3941 0.9256626769345426
3942 0.40988754604327715
3943 0.22270424261154004
3944 0.14400529997781106
3945 0.052973776301991043
3946 0.35709733939762817
3947 0.1328119136464936
3948 0.0025631044332412273
3949 0.06368728263766658
3950 0.02725619160508626
3951 0.017643527102229314
3952 0.0004696231038788178
3953 0.08588941935098515
3954 0.7024251752913301
3955 2.31535993723595
3956 2.8227710143677185
3957 2.397148405264934
3958 3.150926467128737
3959 2.25492037984535
3960 1.8301323679747374
3961 2.3052414214487476
3962 2.9953138563641306
3963 2.7868728099215487
3964 3.4907665787036497
3965 4.2189340109823705
3966 4.399680914044445
3967 4.721821144234283
3968 1.2532456631945696
3969 0.8301793235544288
3970 0.14432049249535212
3971 0.0033314883844994185
3972 0.20458825065509761
3973 0.4353283208819001
3974 0.8074961023762416
3975 1.2022498049213501
3976 2.0371397822816584
3977 1.5903498157083555
3978 1.3141917359375772
3979 1.1126112877211365
3980 0.2639029162724544
3981 0.0015471561127557364
3982 0.02472337383001709
3983 0.03711065007933686
3984 0.15672906556001823
3985 0.009352757058159354
3986 0.07238516433450505
3987 0.020252330578197815
3988 0.3329870468474141
3989 1.1816674944390253
3990 1.9386172292159662
3991 2.2823944017239812
3992 2.050054569583589
3993 2.5078714265245092
3994 3.1715424675045014
3995 2.7796548803100425
3996 2.3503179607614015
3997 2.870536785583289
3998 2.1429999590578928
3999 2.130022296588402
4000 3.1176604396101286
4001 2.6759716272895235
4002 3.0978850576263754
4003 1.599664706564894
4004 1.1273059646951482
4005 1.4633464116471333
4006 0.5103311450937356
4007 0.4129005525343145
4008 0.20702361627064617
4009 0.30296866334681855
4010 0.28328295235651957
4011 0.30563371873783235
4012 0.023059866702762197
4013 0.029032579482830865
4014 0.01992354446223645
4015 0.04434229652267626
4016 0.3171923960093839
4017 0.8906810641215688
4018 2.3655166921863433
4019 3.596859953769805
4020 2.8770794445427836
4021 2.8222847071952373
4022 2.556320323656338
4023 3.297321048223283
4024 2.6386442212144994
4025 2.7405324482503812
4026 2.994181368636355
4027 2.890975997313534
4028 4.2266540989277335
4029 4.906764774508218
4030 4.874449549763708
4031 4.749326115949603
4032 2.342004901678293
4033 2.258215937451535
4034 1.1504797006782155
4035 0.09281721928043533
4036 0.04407931651549722
4037 0.00585065626996217
4038 0.19156178302819962
4039 0.048430832603098835
4040 0.05045092740574721
4041 0.008534123879409558
4042 0.08351436626181831
4043 0.2074708306275576
4044 0.013643892439531687
4045 0.13167604224100088
4046 0.30363670326051834
4047 0.22036216109279347
4048 0.10383565508447448
4049 0.08786843413396099
4050 0.06340568255655808
4051 0.02838820927208606
4052 0.15072397237734966
4053 0.48760516050890373
4054 0.9374074913129362
4055 0.8084127703080192
4056 1.0669087386311449
4057 1.0324677329526653
4058 1.4090039659949154
4059 2.190027194507242
4060 1.5194886980438398
4061 1.3377432710210804
4062 2.0906403063068466
4063 2.299991190279036
4064 2.4736963410023
4065 2.7073572966396426
4066 2.167834673446054
4067 1.0391061738028007
4068 0.6988184680365536
4069 1.409271533406097
4070 1.0391527414511257
4071 0.8928410201662756
4072 0.4436645163787157
4073 0.2769811114883784
4074 0.12442519502056222
4075 0.1286785014913326
4076 0.0015179299647043246
4077 0.025236212418218953
4078 0.21223241287136366
4079 0.13568895728760338
4080 1.012935855294637
4081 1.996824415441611
4082 3.164485190364021
4083 4.940883363201934
4084 3.9388854975204626
4085 3.140353635444681
4086 3.2200584177822447
4087 3.6642460908824566
4088 3.602166221454522
4089 2.8163859947270145
4090 2.4325589583231717
4091 2.6353214926409883
4092 3.176768555299196
4093 2.6607263137811454
4094 2.641558362430371
4095 2.9753338745384266
