 0
0 0.0
1 0.0
2 0.0
3 -0.000799486502467145
4 -0.002190799168590534
5 -0.0011491453324665158
6 0.0
7 0.0
8 0.0
9 0.0
10 0.0
11 0.0
12 0.0
13 0.0
14 0.0
15 -0.00020095609738807023
16 0.0
17 0.0
18 0.0
19 0.0
20 0.0
21 -0.00039229835688072784
22 -0.0007106115618583015
23 -0.00047950247609778156
24 -0.00023847715078863412
25 -0.0018928781648433828
26 -0.003727843165165423
27 -0.0022975821757384093
28 0.0
29 0.0
30 0.0
31 0.0
32 0.0
33 0.0
34 0.0
35 0.0
36 0.0
37 5.706171858589289e-06
38 0.00042983005604061233
39 0.0014175729196927826
40 7.5276564111399895e-06
41 0.0
42 0.0
43 0.0
44 0.0
45 0.0
46 0.0
47 0.0005032083205206029
48 0.0025163016266460166
49 0.002249784438613633
50 0.0006066510539870688
51 0.0
52 0.0003000020116796352
53 0.0015388679138720169
54 0.0025546161721308586
55 0.0006788845984125995
56 0.0
57 0.0
58 0.0
59 0.0
60 0.0
61 0.0
62 0.0
63 0.0
64 0.0
65 0.0
66 0.0
67 0.0
68 0.0
69 0.0
70 0.0
71 0.0
72 0.0
73 0.0
74 0.0
75 0.0
76 0.0
77 0.0
78 0.0
79 -0.0010956758696224326
80 -0.0010034611965690577
81 0.0
82 0.0
83 0.0
84 -0.00026174720968957907
85 0.0
86 0.0
87 0.0
88 -0.0006527082111951572
89 -0.0003450750802507477
90 0.0
91 0.0
92 0.0
93 0.0
94 0.0
95 0.0
96 0.0
97 0.0
98 0.0
99 0.0
100 0.0
101 0.0
102 0.0
103 0.0
104 0.0
105 0.0
106 0.0
107 -0.0003204091513981
108 -9.308072161120059e-05
109 -0.002500483372317057
110 0.0
111 0.0
112 0.0
113 0.0
114 0.0
115 0.0
116 0.0
117 0.0
118 0.0
119 0.0
120 0.0
121 2.821543132940664e-05
122 0.0
123 0.0
124 0.0
125 0.0
126 0.0
127 0.0
128 0.0
129 0.0
130 0.0
131 0.0
132 0.0
133 0.0
134 0.00028689774768494785
135 0.00023054865588701296
136 0.0
137 0.0
138 0.0006485513969676034
139 0.0
140 0.0
141 0.0
142 0.0
143 0.0
144 0.0
145 0.0
146 0.0
147 -0.00021363876749263565
148 0.0
149 0.0
150 0.0
151 0.0
152 0.0
153 0.0
154 0.0
155 0.0
156 0.0
157 0.0
158 0.0
159 0.0
160 0.0
161 0.0
162 0.0
163 0.0
164 0.0
165 0.0
166 0.0
167 0.0
168 0.0
169 0.0
170 -0.0018614336700684567
171 -0.0041756023239573935
172 -0.0019523899979728423
173 -0.0026550403557281657
174 0.0
175 0.0
176 0.0
177 0.0
178 0.0
179 0.0
180 0.0
181 0.0
182 0.0
183 0.0
184 0.0
185 0.0
186 0.0
187 0.0
188 0.0
189 0.0
190 0.0
191 0.0
192 0.0
193 0.0
194 0.0
195 0.0
196 0.00209306744649862
197 0.0008493155109414261
198 0.001096438187865987
199 0.0007972623663764672
200 0.0004942224120435177
201 0.0
202 0.0
203 0.0
204 0.0
205 0.0
206 0.0
207 0.0
208 0.0
209 0.0
210 0.0
211 0.0
212 0.0
213 0.0
214 0.0
215 0.0
216 0.0
217 0.0
218 0.0
219 0.0
220 0.0002579433294056393
221 6.356142574686985e-07
222 0.0
223 0.0
224 0.0
225 0.0
226 0.0
227 0.0
228 0.0
229 0.0
230 0.0
231 0.0
232 0.0
233 0.0
234 0.0
235 0.0
236 0.0
237 0.0
238 0.0
239 0.0
240 0.0
241 0.0
242 0.0
243 0.0
244 0.0
245 0.0
246 0.0
247 0.0
248 0.0
249 0.0
250 0.0
251 0.0
252 0.0
253 0.0
254 0.0
255 0.0
256 0.0
257 0.0
258 0.0
259 8.502703912363123e-05
260 0.0012971982565378117
261 0.0
262 0.0
263 0.0
264 0.0
265 0.0
266 0.0
267 0.0
268 0.0
269 0.0
270 0.0
271 0.0
272 0.000565545932659849
273 0.0
274 0.0
275 0.0
276 0.0
277 0.0
278 0.0
279 0.0
280 0.0
281 0.0
282 0.0
283 0.0
284 0.00017766359837077328
285 0.00016647224093025985
286 0.0
287 0.0
288 0.0
289 0.0
290 0.0
291 0.0
292 0.0
293 0.0
294 0.0
295 0.0
296 0.0
297 0.0
298 0.0
299 0.0
300 0.0
301 0.0
302 0.0
303 0.0
304 0.0
305 0.0
306 0.0
307 0.0
308 0.0
309 0.0
310 0.0
311 0.0
312 0.0
313 0.0
314 0.0
315 0.0
316 0.0
317 0.0
318 0.0
319 0.0
320 0.0
321 0.0
322 0.0
323 0.0
324 0.0
325 0.0
326 0.0
327 0.0
328 0.0
329 0.0
330 0.0
331 0.0
332 0.0
333 0.0
334 0.0
335 0.0
336 0.0
337 0.0
338 0.00045662499770238673
339 0.0
340 0.0
341 0.0
342 0.0
343 0.0
344 0.0
345 0.0
346 0.0
347 0.0008577193365732125
348 0.001743016705245539
349 0.0
350 0.0
351 0.0
352 0.0
353 0.0
354 0.0
355 0.0
356 0.0
357 0.0
358 0.0
359 0.0
360 0.0
361 0.0
362 0.0
363 0.0
364 0.0
365 0.0
366 0.0
367 0.0
368 0.0
369 0.0
370 0.0
371 0.0
372 -0.0002271829549137636
373 0.0
374 0.0
375 0.0
376 0.0
377 0.0
378 0.0
379 0.0
380 0.0
381 0.0
382 0.0
383 0.0
384 0.0
385 0.0
386 0.0
387 0.0
388 0.0
389 0.0
390 0.0
391 0.0
392 0.0
393 -0.0012665213890639528
394 0.0
395 0.0
396 0.0
397 -0.0006861382885719824
398 0.0
399 0.0
400 0.0
401 0.0
402 0.0
403 0.0
404 0.0
405 0.0
406 0.0
407 0.0
408 0.0
409 0.0
410 0.0
411 0.0
412 0.0
413 0.0
414 0.0
415 0.0
416 0.0
417 0.0
418 0.0
419 0.0
420 0.0
421 0.0
422 0.0
423 0.0
424 0.0
425 0.0
426 0.0
427 0.0
428 0.0
429 0.0
430 0.0
431 0.0
432 0.0
433 0.0
434 0.0
435 0.0
436 0.0
437 0.0
438 0.0
439 0.0
440 0.0
441 0.0
442 0.0
443 0.0
444 0.0
445 0.0
446 0.0
447 0.0
448 0.0
449 0.0
450 0.0
451 0.0
452 0.0
453 0.0
454 0.0
455 0.0
456 0.0
457 -0.0002797369763464946
458 0.0
459 0.0
460 0.0
461 -0.0006277231264537101
462 -0.0016192032802104562
463 -0.0001597449799097317
464 -0.0004089503036683456
465 0.0
466 0.0
467 0.0
468 0.0
469 0.0008354372019345906
470 0.002962536677076691
471 0.001652255333672234
472 0.0006490761072512406
473 0.0
474 0.0
475 0.0
476 0.0
477 0.0
478 0.0
479 0.0
480 0.0
481 0.0
482 0.0
483 0.0
484 0.0
485 0.0
486 0.0
487 0.0
488 0.0
489 0.0
490 0.0
491 0.0
492 0.0
493 0.0
494 0.0
495 0.0
496 0.0
497 0.0
498 0.0
499 8.792508061216444e-05
500 0.0
501 0.0
502 0.0
503 0.0
504 0.0
505 0.0
506 0.0
507 0.0
508 0.0
509 0.0
510 0.0
511 0.0
512 0.0
513 0.0
514 0.0
515 -0.0003028609519036945
516 0.0
517 0.0
518 0.0
519 0.0
520 -0.00023403723811773116
521 -0.0018453104252961101
522 0.0
523 0.0
524 -0.0018038186138844379
525 -0.0017476765587286693
526 -0.0010008433178962024
527 0.0
528 0.0
529 0.0
530 0.0
531 0.0
532 0.0
533 0.0
534 0.0
535 0.0
536 4.255355504093454e-05
537 0.0
538 0.0
539 0.0
540 0.0
541 0.0
542 -1.5201577544324615e-05
543 0.0
544 0.0
545 0.0
546 0.0
547 0.0
548 0.0
549 0.0
550 0.0
551 0.0
552 0.0
553 0.0
554 0.0
555 0.0
556 0.0
557 0.0
558 0.0
559 0.0
560 0.0007773163480200512
561 7.664819935400844e-05
562 0.0
563 0.0
564 0.0
565 0.0
566 0.0
567 0.0
568 0.0
569 0.0
570 0.0
571 0.0
572 0.0
573 0.0
574 0.0
575 0.0
576 0.0
577 0.0
578 0.0
579 -0.0009348663263684928
580 -0.001990774318175267
581 0.0
582 0.0
583 0.0
584 0.0
585 0.0
586 0.0
587 0.0
588 0.0
589 -0.001959003227489366
590 -0.0006026601170192954
591 -0.000666048917039165
592 -0.00020010096915432617
593 0.0
594 0.0
595 0.0
596 0.0
597 0.0
598 0.0
599 0.0
600 0.0
601 0.0
602 0.0
603 0.0
604 0.0
605 0.0
606 0.0
607 0.0
608 0.0
609 0.0
610 0.0
611 0.0
612 0.0
613 0.0
614 0.0
615 0.0
616 0.0
617 0.0
618 0.0
619 0.0
620 0.0
621 0.0
622 0.0
623 0.0
624 0.0
625 0.0
626 0.0
627 0.0
628 0.0
629 0.0
630 0.0
631 0.0
632 0.0
633 0.0
634 0.0
635 0.0
636 0.0
637 0.0
638 0.0
639 0.0
640 0.0
641 0.0
642 0.0
643 0.0
644 0.0
645 0.0
646 0.0
647 0.0
648 0.0
649 0.0
650 0.0
651 0.0
652 0.0
653 -1.90559074111276e-05
654 0.0
655 -0.0012666575576029346
656 -0.0005457156992421937
657 0.0
658 0.0
659 0.0
660 0.0
661 0.0
662 -0.0007400723831731216
663 0.0
664 0.0
665 0.0
666 0.0
667 0.0
668 0.0
669 0.0
670 0.0
671 0.0
672 0.0
673 0.0
674 0.0
675 0.0
676 0.0
677 -0.0006387924901262162
678 0.0
679 0.0
680 0.0
681 0.0
682 0.0
683 0.0
684 0.0
685 0.0
686 0.0
687 0.0
688 0.0
689 0.0
690 0.0
691 0.0
692 0.0
693 0.0
694 0.0
695 0.0
696 0.0
697 0.0
698 0.0
699 0.0
700 0.0
701 0.0
702 0.0
703 0.0
704 0.0
705 0.0
706 0.0
707 0.0
708 0.0
709 0.0
710 0.0
711 0.0
712 0.0
713 0.0
714 0.0
715 0.0
716 0.0
717 0.0
718 0.0
719 0.0
720 -0.0008028373743347065
721 -0.0008477441660222533
722 0.0
723 0.0
724 0.0
725 0.0
726 -0.0018778199442354487
727 -0.0006751223660119874
728 -0.0004816618251198508
729 0.0
730 0.0
731 0.0
732 0.0
733 0.0
734 0.0
735 0.0
736 0.0
737 0.0
738 0.0
739 0.0
740 0.0
741 0.0
742 -0.00101160385375427
743 -0.0008709206336469859
744 0.0
745 0.0
746 0.0
747 0.0
748 0.0
749 0.0
750 0.0
751 0.0
752 0.0
753 0.0
754 0.0
755 0.0
756 0.0
757 0.0
758 0.0
759 0.0
760 0.0
761 0.0
762 0.0
763 0.0
764 0.0
765 0.0
766 0.0
767 0.0
768 0.0
769 0.0
770 0.0
771 0.0
772 0.0
773 0.0
774 0.0
775 0.0
776 0.0
777 0.0
778 0.0
779 0.0
780 0.0
781 0.0
782 0.0
783 0.0
784 0.0
785 0.0
786 0.0
787 -6.163592125278211e-05
788 -7.111209232578639e-05
789 -0.002169323250467096
790 -0.0028419119495839535
791 -0.002586576196685057
792 -0.0013195733763055732
793 -0.00011034913856320766
794 0.0
795 0.0
796 0.0
797 0.0
798 0.0
799 0.0
800 0.0
801 0.0
802 0.0
803 0.0
804 0.0
805 0.0
806 -0.0020301448319886483
807 -0.000535834499186192
808 0.0
809 0.0
810 0.0
811 0.0
812 0.0
813 0.0
814 0.0
815 0.0
816 0.0
817 0.0
818 0.0
819 0.0
820 0.0
821 0.0
822 0.0
823 0.0
824 0.0
825 0.0
826 0.0
827 0.0
828 0.0
829 0.0
830 0.0
831 0.0
832 0.0
833 0.0
834 0.0
835 0.0
836 0.0
837 0.0
838 0.0
839 0.0
840 0.0
841 0.0
842 0.0
843 0.0
844 0.0
845 0.0
846 0.0
847 0.0
848 0.0
849 0.0
850 0.0
851 -6.362974537263649e-06
852 -0.0016893556417833012
853 -0.0023500207918390526
854 -0.00240951110628028
855 -0.0007668879185103727
856 -0.0014695633141203455
857 0.0
858 0.0
859 -0.00016809488073420503
860 -0.0019087111087296613
861 0.0
862 0.0
863 0.0
864 0.0
865 0.0
866 0.0
867 0.0
868 0.0
869 0.0
870 -0.0006712634346371882
871 0.0
872 0.0
873 0.0
874 0.0
875 0.0
876 0.0
877 0.0
878 0.0
879 0.0
880 0.0
881 0.0
882 0.0
883 0.0
884 0.0
885 0.0
886 0.0
887 0.0
888 0.0
889 0.0
890 0.0
891 0.0
892 0.0
893 0.0
894 -0.0009866535766980128
895 -2.131122926678581e-05
896 0.0
897 0.0
898 0.0
899 0.0
900 0.0
901 0.0
902 0.0
903 0.0
904 0.0
905 0.0
906 0.0
907 0.0
908 0.0
909 0.0
910 0.0
911 0.0
912 0.0
913 0.0
914 0.0
915 0.0
916 0.0
917 -0.0021567762150462868
918 -6.289285338751008e-05
919 0.0
920 0.0
921 0.0
922 0.0
923 0.0
924 -0.0003370724262978588
925 0.0
926 0.0
927 0.0
928 0.0
929 0.0
930 0.0
931 0.0
932 0.0
933 0.0
934 -0.00020126817213509367
935 0.0
936 0.0
937 0.0
938 0.0
939 0.0
940 0.0
941 0.0
942 0.0
943 0.0
944 0.0
945 0.0
946 0.0
947 0.0
948 0.0
949 0.0
950 0.0
951 0.0
952 -0.00021003790393180638
953 0.0
954 0.0
955 0.0
956 0.0
957 -0.0006545935296924862
958 -0.0025699139677100077
959 -0.0002119411391670886
960 0.0
961 0.0
962 0.0
963 0.0
964 0.0
965 -0.0011767948942344568
966 0.0
967 0.0
968 0.0
969 0.0
970 0.0
971 0.0
972 0.0
973 0.0
974 0.0
975 0.0
976 0.0
977 0.0
978 0.0
979 0.0
980 0.0
981 0.0
982 0.0
983 0.0
984 0.0
985 0.0
986 0.0
987 0.0
988 -0.00011491200967674736
989 -0.0009029918243178029
990 -0.0005682682060259425
991 0.0
992 0.0
993 0.0
994 0.001934983279366096
995 0.0
996 0.0
997 0.0
998 0.0
999 0.0
1000 0.0
1001 0.0
1002 0.0
1003 0.0
1004 0.0
1005 0.0
1006 0.0
1007 0.0
1008 0.0
1009 0.0
1010 0.0
1011 0.0
1012 0.0
1013 0.0
1014 0.0
1015 0.0
1016 -0.0006685096738799029
1017 0.0
1018 0.0
1019 0.0
1020 0.0
1021 -0.0007588485859750115
1022 -0.0019045810340456314
1023 0.0
1024 0.0
1025 0.0
1026 0.0
1027 0.0
1028 0.0
1029 0.0
1030 0.0
1031 0.0
1032 0.0
1033 0.0
1034 0.0
1035 0.0
1036 0.0
1037 0.0
1038 0.0
1039 0.0
1040 0.0
1041 0.0
1042 0.0
1043 0.0
1044 0.0
1045 0.0
1046 -0.0012764722408392442
1047 -0.00033978110848132716
1048 -0.001309958399749902
1049 -6.111276580317781e-06
1050 0.0
1051 -0.0017075032050355233
1052 -0.0026932717702751125
1053 -0.0023748936908777538
1054 -0.0030297922354434203
1055 -0.0014371258480371401
1056 0.0
1057 0.0
1058 0.00021666466958437388
1059 0.0
1060 0.0023174034212058918
1061 0.000801362450405099
1062 0.0
1063 0.0
1064 0.0
1065 0.0
1066 0.0
1067 0.0
1068 0.0
1069 0.0
1070 0.0
1071 0.0
1072 0.0
1073 0.0
1074 0.0
1075 0.0
1076 0.0
1077 0.0
1078 0.0
1079 0.0
1080 0.0
1081 0.0
1082 0.0
1083 0.0
1084 0.0
1085 0.0
1086 0.0
1087 0.0
1088 0.0
1089 0.0
1090 0.0
1091 0.0
1092 0.0
1093 0.0
1094 0.0
1095 -4.288799890917078e-05
1096 -0.00016162591976684118
1097 0.0
1098 0.0
1099 0.0
1100 0.0
1101 0.0005737837618276421
1102 0.0
1103 0.0
1104 0.0
1105 0.0
1106 0.0
1107 0.0
1108 0.0
1109 0.0
1110 0.0
1111 0.0
1112 0.0
1113 0.0
1114 0.0
1115 0.0
1116 -0.001954019468516674
1117 -0.0031810576994540595
1118 -0.003325168709664882
1119 0.0
1120 0.0
1121 0.0
1122 0.0
1123 0.0014144388799653452
1124 0.0007425730968590617
1125 0.0
1126 0.0
1127 0.0
1128 0.0
1129 0.0
1130 0.0
1131 0.0
1132 0.0
1133 0.0
1134 0.0
1135 0.0
1136 0.0
1137 0.0
1138 0.0
1139 0.0
1140 0.0
1141 0.0
1142 0.0
1143 0.0
1144 0.0
1145 0.0
1146 0.0
1147 0.0
1148 0.0
1149 0.0
1150 0.0
1151 0.0
1152 0.0
1153 0.0
1154 0.0
1155 0.0
1156 0.0
1157 0.0
1158 0.0
1159 0.0
1160 0.0
1161 0.0
1162 0.0
1163 0.0
1164 0.0
1165 0.0
1166 0.0
1167 0.0
1168 0.0
1169 0.0
1170 0.0
1171 0.0
1172 0.0
1173 0.0
1174 0.0
1175 0.0
1176 0.0
1177 0.0
1178 0.0
1179 0.0
1180 0.0
1181 -0.00036653931261472136
1182 0.0
1183 0.0
1184 0.0
1185 0.0
1186 0.00029557745203690286
1187 0.0009894920499096732
1188 0.0
1189 0.0
1190 0.0
1191 0.0
1192 0.0
1193 0.0
1194 0.0
1195 0.0
1196 0.0
1197 0.0
1198 0.0
1199 0.0
1200 0.0
1201 0.0
1202 0.0
1203 0.0
1204 0.0
1205 0.0
1206 0.0
1207 0.0
1208 0.0
1209 0.0
1210 0.0
1211 0.0
1212 0.0
1213 0.0
1214 0.0
1215 0.0
1216 0.0
1217 0.0
1218 0.0
1219 0.0
1220 0.0
1221 0.0
1222 0.0
1223 0.0
1224 0.0
1225 -4.8014787748451544e-05
1226 -0.0003791973136798858
1227 0.0
1228 0.0
1229 0.0
1230 0.0
1231 0.0
1232 0.0
1233 0.0
1234 0.0
1235 0.0
1236 0.0
1237 0.0
1238 0.0
1239 0.0
1240 0.0
1241 0.0
1242 0.0
1243 0.0
1244 0.0
1245 0.0
1246 0.0
1247 0.0
1248 0.0013550957154535013
1249 0.0029548675600219866
1250 0.0031394735434293083
1251 0.0021397427166136023
1252 0.0
1253 0.0
1254 0.0
1255 -0.0006327820548571294
1256 -0.001995701647490207
1257 -0.0008449678128720384
1258 -0.0002701688904471557
1259 0.0
1260 0.0
1261 0.0
1262 0.0
1263 0.0
1264 0.0
1265 0.0
1266 0.0
1267 0.0
1268 0.0
1269 0.0
1270 0.0
1271 0.0
1272 0.0
1273 0.0
1274 0.0
1275 0.0
1276 0.0
1277 0.0
1278 0.0
1279 0.0
1280 0.0
1281 0.0
1282 0.0
1283 0.0
1284 0.0
1285 0.0
1286 0.0
1287 0.0
1288 0.0
1289 0.0
1290 0.0
1291 -0.0013754691868491408
1292 -3.843880355280085e-06
1293 0.0
1294 0.0
1295 0.0
1296 0.0
1297 0.0
1298 0.0
1299 0.0
1300 0.0
1301 0.0
1302 0.0
1303 0.0
1304 0.0
1305 0.0
1306 0.0
1307 0.0
1308 0.0
1309 0.0
1310 0.0
1311 0.0
1312 0.0
1313 0.004304106449875551
1314 0.006434459159363779
1315 0.0014745180285282236
1316 0.0
1317 0.0
1318 0.0
1319 -0.0009635250850286787
1320 0.0
1321 -0.0009651852065199513
1322 0.0
1323 0.0
1324 0.0
1325 0.0
1326 0.0
1327 0.0
1328 0.0
1329 0.0
1330 0.0
1331 0.0
1332 0.0
1333 0.0
1334 0.0
1335 0.0
1336 0.0
1337 0.0
1338 0.0
1339 0.0
1340 0.0
1341 0.0
1342 0.0
1343 0.0
1344 0.0
1345 0.0
1346 0.0
1347 0.0
1348 5.9588519112252614e-05
1349 0.0
1350 0.0
1351 0.0
1352 0.0
1353 0.0
1354 0.0
1355 0.0
1356 0.0
1357 0.0
1358 0.0
1359 0.0
1360 0.0
1361 0.0
1362 0.0
1363 0.0
1364 0.0
1365 0.0
1366 0.0
1367 0.0005264144607696858
1368 0.0
1369 0.0
1370 -0.0008765231270473244
1371 -0.0003778052825794285
1372 0.0
1373 0.0
1374 0.0
1375 0.0
1376 0.0008003925896248838
1377 0.00405489371190992
1378 0.0034307188082249324
1379 0.0
1380 0.0
1381 0.0
1382 0.0
1383 0.0
1384 0.0
1385 0.0
1386 0.0
1387 0.0
1388 0.0
1389 0.0
1390 0.0
1391 0.0
1392 0.0
1393 0.0
1394 0.0
1395 0.0
1396 0.0
1397 0.0
1398 0.0
1399 0.0
1400 0.0
1401 0.0
1402 0.0
1403 0.0
1404 0.0
1405 0.0
1406 0.0
1407 0.0
1408 0.0
1409 0.0
1410 0.0
1411 0.0
1412 0.0
1413 0.0
1414 0.0
1415 0.0
1416 0.0
1417 0.0
1418 0.0
1419 0.0
1420 0.0
1421 0.0
1422 0.0
1423 0.0
1424 0.0
1425 0.0023792174622201227
1426 0.0007709282850480503
1427 0.0011434479154609249
1428 0.0
1429 7.788474238957434e-05
1430 0.0014775231670353553
1431 0.0001817285273004651
1432 0.0
1433 0.0
1434 0.0
1435 -0.0009206437049013267
1436 0.0
1437 0.0
1438 0.0
1439 0.0
1440 0.0009702790342616376
1441 0.0020242665521264572
1442 0.0
1443 0.0
1444 0.0
1445 0.0
1446 0.0
1447 0.0
1448 0.0
1449 0.0
1450 0.0
1451 0.0
1452 0.0
1453 0.0
1454 0.0
1455 0.0
1456 0.0
1457 0.0
1458 0.0
1459 0.0
1460 -3.0787219092923866e-05
1461 0.0
1462 0.0
1463 0.0
1464 0.0
1465 0.0
1466 0.0
1467 0.0
1468 0.0
1469 0.0
1470 0.0
1471 0.0
1472 8.823954966199544e-05
1473 0.0
1474 0.0
1475 0.0
1476 0.0
1477 0.0
1478 0.0
1479 0.0
1480 0.0
1481 0.0
1482 0.0
1483 0.0
1484 0.0
1485 0.0
1486 0.0
1487 0.0
1488 0.0
1489 0.002266274938381514
1490 0.0
1491 0.0
1492 0.0
1493 0.0
1494 0.0
1495 0.00043502128682418827
1496 0.0006064485648876312
1497 0.0
1498 0.0
1499 0.0
1500 0.0
1501 0.0
1502 0.0
1503 0.0
1504 0.0
1505 0.0
1506 0.0
1507 0.0
1508 0.0
1509 0.0
1510 0.0009083952328436472
1511 0.0
1512 8.031695263780331e-05
1513 0.0
1514 0.0
1515 0.0
1516 0.0
1517 0.0
1518 0.0
1519 0.0
1520 0.0
1521 0.0
1522 0.0
1523 0.0
1524 0.0
1525 0.0
1526 0.0
1527 0.0
1528 0.0
1529 0.0
1530 0.0
1531 0.0
1532 0.0
1533 0.0
1534 0.0005288876389511293
1535 0.0
1536 0.002271455810444649
1537 0.0
1538 0.0
1539 0.0
1540 0.00010505683401973997
1541 0.0
1542 0.0
1543 0.0
1544 0.0
1545 0.0
1546 0.0
1547 0.0
1548 0.0
1549 0.0
1550 0.0
1551 0.0
1552 0.0
1553 0.001576531737340572
1554 0.0009908589751813017
1555 0.0
1556 0.0
1557 0.0
1558 0.0
1559 0.0
1560 0.0
1561 0.0
1562 0.0005581039162766431
1563 0.0
1564 0.0
1565 0.0
1566 0.0
1567 0.0
1568 0.0
1569 0.0
1570 7.804258406526372e-05
1571 0.0
1572 0.0
1573 0.0
1574 0.0
1575 0.0008012270906145415
1576 0.002796513292576927
1577 0.0024293063944813304
1578 5.857639377736783e-05
1579 0.0
1580 0.0
1581 0.0
1582 0.0
1583 0.0
1584 0.0
1585 0.0
1586 0.0
1587 0.0
1588 0.0
1589 0.0
1590 0.0
1591 0.0
1592 0.0
1593 0.0
1594 0.0
1595 0.0
1596 0.0
1597 0.0
1598 0.0
1599 0.00034470569227344495
1600 0.00024332252704373624
1601 0.0
1602 0.0
1603 0.0
1604 0.0
1605 0.0
1606 0.0
1607 0.0
1608 0.0
1609 0.0
1610 0.0
1611 0.0
1612 0.0
1613 0.0
1614 0.00011473247081629797
1615 0.0
1616 0.0
1617 0.0
1618 0.0
1619 0.0
1620 0.0
1621 0.0
1622 0.0
1623 0.0
1624 0.0
1625 0.0
1626 0.0
1627 0.0
1628 0.0
1629 -0.00012741559069143131
1630 0.0
1631 0.0
1632 0.0
1633 0.0
1634 0.00021414594327892974
1635 0.001158413303726629
1636 0.0007689126200012083
1637 0.0
1638 0.0
1639 0.00027481179385577064
1640 0.00021060718990025782
1641 0.0008041889735668989
1642 3.7295823929277115e-05
1643 0.0
1644 0.0
1645 0.0
1646 0.0
1647 0.0
1648 0.0
1649 0.0
1650 0.0
1651 0.0
1652 0.0
1653 0.0
1654 0.0
1655 0.0
1656 0.0
1657 0.0
1658 0.0
1659 0.0
1660 0.0
1661 0.0
1662 0.0
1663 0.0006059938552763095
1664 0.0
1665 0.0
1666 0.0
1667 0.0
1668 0.0
1669 0.0
1670 0.0
1671 0.0
1672 0.0
1673 0.0
1674 0.0
1675 0.0
1676 0.0
1677 0.00043537032181616744
1678 0.0008213419229302199
1679 0.0
1680 0.0
1681 0.0
1682 0.00038574788726361754
1683 0.000907568231911021
1684 0.0
1685 0.0
1686 0.0
1687 0.0
1688 0.0
1689 0.0
1690 0.0
1691 0.0
1692 0.0
1693 0.0
1694 0.0
1695 0.0
1696 0.0
1697 0.0
1698 0.0
1699 0.0
1700 0.0
1701 0.0
1702 0.0
1703 0.0
1704 0.0
1705 0.0
1706 0.0
1707 0.0
1708 0.0
1709 0.0
1710 0.0
1711 0.0
1712 0.0
1713 0.0
1714 -0.000463616852384885
1715 0.0
1716 0.0
1717 0.0
1718 0.0
1719 0.0
1720 0.0
1721 0.0
1722 0.0
1723 0.0
1724 0.0
1725 0.0
1726 0.0
1727 0.0
1728 0.0
1729 0.0
1730 0.0
1731 0.0
1732 0.0
1733 0.0
1734 0.0
1735 0.0
1736 0.0
1737 0.0
1738 0.0
1739 0.0
1740 0.0
1741 0.0012908044793715273
1742 0.0
1743 0.0
1744 0.0
1745 0.0
1746 0.0018391269431001066
1747 9.080903303414509e-05
1748 0.0
1749 0.0
1750 0.0
1751 0.0
1752 0.0
1753 0.0
1754 0.0
1755 0.0
1756 0.0
1757 0.0
1758 0.0
1759 0.0
1760 0.0
1761 0.0
1762 0.0
1763 -0.001050810025149381
1764 0.0
1765 0.0
1766 0.0
1767 0.0
1768 0.0
1769 0.0
1770 0.0
1771 0.0
1772 0.0
1773 0.0
1774 0.0
1775 0.0
1776 -0.0014132738757871518
1777 -0.0025588143843664904
1778 -0.001984098561807795
1779 -0.0028533807607469775
1780 -0.001285254760268688
1781 -0.0006871286037589506
1782 0.0
1783 0.0
1784 0.0
1785 0.0
1786 0.0
1787 0.0
1788 0.0
1789 0.0
1790 0.0
1791 0.0
1792 0.0001231382713359251
1793 0.0
1794 0.0
1795 0.0
1796 0.0
1797 0.0
1798 0.0
1799 0.0
1800 0.0
1801 0.0
1802 0.0
1803 0.0
1804 0.0
1805 0.0
1806 0.0
1807 0.0
1808 0.0
1809 0.0005587098678027814
1810 3.8839051925106764e-05
1811 0.0012668506600656225
1812 2.142110812939464e-05
1813 0.0
1814 0.0
1815 0.0
1816 0.0
1817 0.0
1818 0.0
1819 0.0
1820 0.0
1821 6.746420823179691e-05
1822 0.0
1823 0.0
1824 0.0
1825 0.0
1826 0.0
1827 0.0
1828 0.0
1829 0.0
1830 0.0
1831 0.0
1832 0.0
1833 0.0
1834 0.0
1835 0.0
1836 0.0
1837 0.0
1838 0.0
1839 0.0
1840 -0.0018518083598190243
1841 -0.002839311653709942
1842 -0.0023120292580252853
1843 -0.004042608351167724
1844 -0.001455263324440452
1845 -0.0009056966045996385
1846 -0.0018589444466116563
1847 0.0
1848 0.0
1849 0.0
1850 0.0
1851 0.0
1852 0.0
1853 0.0
1854 0.0
1855 0.0024984922029164377
1856 0.001168821305488949
1857 0.0
1858 0.0
1859 0.0
1860 0.0
1861 0.0
1862 0.0
1863 0.0
1864 0.0
1865 0.0
1866 0.0
1867 0.0
1868 0.0
1869 0.0004894177798924674
1870 0.00016393918543609388
1871 0.0006759380374176318
1872 0.00025585367920455914
1873 0.0
1874 0.0
1875 0.0
1876 0.001821433526776611
1877 0.0006048206676270811
1878 0.0005126846675753368
1879 0.000808737661092751
1880 0.0
1881 0.0009188993562398195
1882 0.00010218561798220387
1883 0.0006707909372226972
1884 0.0026292342794537187
1885 0.0018877874829264138
1886 0.0013408402389618159
1887 0.0008824132676054728
1888 0.0005968513786433748
1889 0.0
1890 0.0
1891 0.0
1892 0.0
1893 0.0
1894 0.0
1895 0.0
1896 0.0
1897 0.0
1898 0.0
1899 0.0
1900 0.0
1901 0.0
1902 0.0
1903 0.0
1904 -0.002123681394274143
1905 -0.002764299311223745
1906 -0.0024838786022392347
1907 -0.004593961051231334
1908 -0.000453821042682181
1909 -7.636158304811698e-05
1910 -0.003332916022440429
1911 -0.001279258945636234
1912 0.0
1913 0.0
1914 0.0
1915 0.0
1916 0.0
1917 0.0
1918 0.0
1919 0.0
1920 0.0
1921 0.0
1922 0.0
1923 0.0
1924 0.0
1925 0.0
1926 0.0
1927 0.0
1928 0.0002544544302736749
1929 0.0
1930 0.0
1931 0.0
1932 0.0
1933 0.0009560143310989035
1934 0.0010384161539399826
1935 0.002008103136407969
1936 0.0016034049554784749
1937 0.001447356311704341
1938 0.0008144947265629231
1939 0.0
1940 9.408942966598149e-05
1941 0.0
1942 0.0
1943 0.00040394971108232374
1944 0.000997398624459486
1945 0.0013358535760439171
1946 0.003188881932111259
1947 0.0022750778972338514
1948 0.0011325393183361089
1949 0.0011204153712729204
1950 0.0020494471606545142
1951 0.00238978448262687
1952 0.002458110383836457
1953 0.001082918327223768
1954 0.0
1955 0.0
1956 0.0
1957 0.0
1958 -0.00011795610700914413
1959 -0.00036693634456460645
1960 0.0
1961 0.0
1962 0.0
1963 0.0
1964 -0.0003135115736534944
1965 -0.0011587427982203064
1966 0.0
1967 -0.00032100953350774734
1968 -0.00011990165582489377
1969 0.0
1970 -0.0011634245191184198
1971 -0.0009677891837019536
1972 0.0
1973 -0.00041988225391433666
1974 0.0
1975 0.0
1976 0.0
1977 0.0
1978 0.0
1979 0.0
1980 0.0
1981 0.0
1982 0.0
1983 0.0
1984 0.0
1985 0.0
1986 0.0
1987 0.0
1988 0.0
1989 0.0
1990 0.0
1991 0.0
1992 0.0
1993 0.0
1994 0.0
1995 0.0
1996 0.0
1997 0.0
1998 0.0022520288552224633
1999 6.251608783889448e-05
2000 0.0004239952625298439
2001 0.001751529734252243
2002 0.0013253709425185755
2003 0.00043555383527477527
2004 0.0
2005 0.0010800843473153564
2006 0.0
2007 0.0005441534814514689
2008 0.0006496897915293107
2009 0.001959939093622336
2010 0.002541644120888677
2011 0.00184882882421614
2012 0.00041910767019830874
2013 0.0005433304211969926
2014 0.0007430889833030257
2015 0.00039705148786506556
2016 0.0006997380613200607
2017 0.0012249806659215099
2018 0.00022569841208344038
2019 0.0
2020 0.0
2021 0.0
2022 0.0
2023 -3.190552752562445e-05
2024 0.0
2025 0.0
2026 0.0
2027 -2.0813414275430535e-05
2028 -0.0017022197691967862
2029 -0.0020219665632187104
2030 -0.00246049592356297
2031 -0.0008108573014954106
2032 0.0
2033 0.0
2034 0.0
2035 0.0
2036 0.0
2037 -0.001985977514367636
2038 0.0
2039 0.0
2040 0.0
2041 0.0
2042 0.0
2043 0.0
2044 0.0
2045 0.0
2046 0.0
2047 0.0015762318920248956
2048 0.0
2049 0.0
2050 0.0
2051 0.0
2052 0.0
2053 0.0
2054 0.0
2055 0.0
2056 0.0
2057 0.0
2058 0.0
2059 0.0
2060 0.0
2061 0.0004078002310780236
2062 0.0
2063 0.0
2064 0.0
2065 0.0
2066 0.0
2067 0.0
2068 0.0
2069 0.0
2070 0.0
2071 0.0
2072 0.0
2073 0.0010919387286223207
2074 0.0015184964247191084
2075 0.0009075412267163319
2076 0.0
2077 0.00013636219058762403
2078 0.0
2079 0.0
2080 0.0
2081 0.0011564815629090549
2082 0.0
2083 0.0
2084 0.0
2085 0.0
2086 0.0
2087 0.0
2088 0.0
2089 0.0
2090 0.0
2091 0.0
2092 -0.00028550883919151236
2093 -0.002615307322368557
2094 -0.00030482518251004126
2095 0.0
2096 0.0
2097 0.0
2098 0.0
2099 0.0
2100 0.0
2101 -0.001587241440251084
2102 -0.0014475540755751217
2103 -0.0009111903123907852
2104 0.0
2105 0.0
2106 0.0
2107 0.0
2108 0.0
2109 0.0
2110 0.0
2111 0.0005064277947749762
2112 0.0
2113 0.0
2114 0.0
2115 0.0
2116 0.0
2117 0.0
2118 5.79988329575144e-05
2119 3.6823346610530076e-05
2120 0.0
2121 3.739872240750622e-05
2122 0.0
2123 0.0
2124 0.0
2125 0.0003611292963466427
2126 0.0001427311081652667
2127 0.0
2128 0.0
2129 0.0009939607586692129
2130 0.0010561318748077621
2131 2.9319705639282962e-05
2132 0.0
2133 0.0
2134 0.0
2135 0.0
2136 0.0
2137 0.0005456660183043039
2138 0.001438641751310072
2139 0.0
2140 0.0
2141 0.0
2142 0.0
2143 0.0
2144 0.0
2145 0.0021161380281766017
2146 0.00019056139207584548
2147 0.0
2148 0.0
2149 0.0
2150 0.0
2151 0.0
2152 0.0
2153 0.0
2154 0.0
2155 0.0
2156 0.0
2157 0.0
2158 0.0
2159 0.0
2160 0.0
2161 0.0
2162 0.0
2163 0.0
2164 0.0
2165 0.0
2166 -0.001860576378320213
2167 -0.0010198261750239837
2168 0.0
2169 0.0
2170 0.0
2171 0.0
2172 0.0
2173 -0.00017467304758870476
2174 0.0
2175 0.0
2176 0.0
2177 0.0
2178 0.0
2179 0.0
2180 0.0
2181 0.0
2182 0.0006478079773981898
2183 0.0010320985821105691
2184 3.881378783929872e-05
2185 0.0
2186 0.0
2187 0.0
2188 0.0
2189 2.0579431142065165e-05
2190 0.0006700032159104365
2191 0.0
2192 0.0
2193 0.0
2194 0.0
2195 0.0
2196 0.0
2197 0.0
2198 0.0
2199 0.0
2200 0.0
2201 0.0
2202 0.0
2203 0.0
2204 0.0
2205 0.0
2206 0.0
2207 0.0
2208 0.0
2209 0.0006959205098309952
2210 0.0010138345436362726
2211 0.0
2212 0.0
2213 0.0
2214 0.0
2215 0.0
2216 0.0
2217 0.0
2218 0.0
2219 0.0
2220 0.0
2221 -4.1344021644149935e-05
2222 0.0
2223 0.0
2224 0.0
2225 0.0
2226 0.0
2227 0.0
2228 0.0
2229 0.0
2230 0.0
2231 0.0
2232 0.0
2233 0.0
2234 0.0
2235 0.0
2236 0.0
2237 0.0
2238 0.0
2239 0.0
2240 0.0
2241 0.0
2242 0.0
2243 0.0
2244 0.0
2245 0.0
2246 0.00017046924426804651
2247 0.000975837478891287
2248 0.0005167122739405383
2249 0.0004185191087396184
2250 0.0
2251 0.0
2252 0.0
2253 0.0
2254 0.0
2255 0.0
2256 0.0
2257 0.0
2258 0.0
2259 0.0
2260 0.0
2261 0.0
2262 0.0
2263 0.0
2264 0.0
2265 0.0
2266 0.0
2267 0.0
2268 0.0
2269 0.0
2270 0.0
2271 0.0
2272 0.0
2273 0.00011491915632084294
2274 0.0012700259498962876
2275 0.0015626720363424243
2276 0.0
2277 0.0
2278 0.0
2279 0.0
2280 0.0
2281 0.0
2282 0.0
2283 0.0
2284 0.0
2285 0.0
2286 0.0
2287 0.0
2288 0.0
2289 0.0
2290 0.0
2291 0.0
2292 0.0
2293 0.0
2294 0.0
2295 0.0
2296 0.0
2297 0.0
2298 0.0
2299 0.0
2300 0.0
2301 0.0
2302 0.0
2303 0.0
2304 0.0
2305 0.0
2306 0.0
2307 -0.0007014902900224144
2308 0.0
2309 0.0
2310 0.0
2311 0.0
2312 0.0005931569754260903
2313 0.0
2314 0.0
2315 0.0
2316 0.0
2317 0.0
2318 9.841475336509916e-05
2319 0.00032917059898123955
2320 0.0001694546977049528
2321 0.0007004679914335235
2322 0.0
2323 0.0
2324 0.0
2325 0.0
2326 0.0
2327 0.0
2328 0.0
2329 0.0
2330 0.0
2331 0.0
2332 0.0
2333 0.0
2334 0.0
2335 0.0
2336 0.0
2337 0.0
2338 0.0
2339 0.0
2340 0.0
2341 0.0
2342 0.0
2343 0.0
2344 0.0
2345 0.0
2346 -0.0005859849098156972
2347 -0.0023299155500260925
2348 -0.0011989552264593075
2349 0.0
2350 0.0
2351 0.0
2352 0.0
2353 0.0
2354 0.0
2355 0.0
2356 0.0
2357 0.0
2358 0.0
2359 0.0
2360 0.0
2361 -0.00016212097102003955
2362 0.0
2363 0.0
2364 0.0
2365 0.0
2366 0.0
2367 0.0
2368 0.0
2369 0.0
2370 0.0
2371 0.0
2372 0.0
2373 0.0
2374 0.0
2375 0.00033575506707081865
2376 1.4187807698880013e-05
2377 0.00011908797861509519
2378 0.0
2379 0.0
2380 0.0
2381 0.0002675205093275651
2382 6.068828896345997e-05
2383 0.0013567332185271189
2384 8.354173962125128e-05
2385 1.1207546240747607e-06
2386 0.0008645792634685162
2387 0.0
2388 0.0
2389 0.0
2390 0.0
2391 0.0
2392 0.0
2393 0.0
2394 0.0
2395 0.0
2396 0.0
2397 0.0
2398 0.0
2399 0.0
2400 0.0
2401 0.0
2402 0.0
2403 0.0
2404 0.0
2405 0.0
2406 0.0
2407 0.0
2408 0.0
2409 0.0
2410 0.0
2411 0.0
2412 -0.0010233667471857496
2413 -0.002244633730690826
2414 -0.003845328569487263
2415 -0.0029256136961881203
2416 0.0
2417 0.0
2418 0.0
2419 0.0
2420 0.0
2421 0.0
2422 0.0
2423 0.0
2424 0.0
2425 0.0
2426 0.0
2427 0.0
2428 0.0
2429 0.0
2430 0.0
2431 0.0
2432 0.0
2433 0.0
2434 0.0
2435 0.0
2436 0.0
2437 0.0
2438 9.922578197331641e-05
2439 0.0007172901495444976
2440 0.0009576013744940839
2441 0.0008561893261075907
2442 0.0
2443 0.0
2444 0.0
2445 6.041675485440682e-05
2446 0.0
2447 0.0
2448 0.0005589827279414572
2449 0.0
2450 0.001617221725196314
2451 0.0007011326849549271
2452 0.0
2453 0.0
2454 0.0
2455 0.0
2456 0.0
2457 0.0
2458 0.0
2459 0.0
2460 0.0
2461 0.0
2462 0.0
2463 0.0
2464 0.0
2465 0.0
2466 0.0
2467 0.0
2468 0.0
2469 0.0
2470 -8.564973203979134e-05
2471 0.0
2472 0.0
2473 0.0
2474 0.0
2475 0.0
2476 0.0
2477 -0.0021015098988774687
2478 -0.0005230600700698705
2479 -0.0010638946044702997
2480 0.0
2481 -0.000667268936505543
2482 -0.0011395792170674306
2483 0.0
2484 0.0
2485 0.0
2486 0.0
2487 0.0
2488 0.0
2489 0.0
2490 0.0
2491 0.0
2492 0.0
2493 0.0
2494 0.0
2495 0.0020659053355300268
2496 -0.00040713233565301443
2497 0.0
2498 0.0
2499 0.0
2500 0.0
2501 0.0
2502 0.0
2503 0.0
2504 0.0
2505 0.0
2506 0.0
2507 0.0
2508 0.0
2509 0.0
2510 0.0
2511 0.0
2512 0.0
2513 0.0011057523179431891
2514 0.0026968954566664767
2515 0.0
2516 0.0
2517 0.0009466560214584315
2518 0.0
2519 0.0
2520 0.0
2521 0.0
2522 0.0
2523 0.0
2524 0.0
2525 0.0
2526 0.0
2527 0.0
2528 0.0
2529 0.0
2530 0.0
2531 0.0
2532 0.0
2533 -0.000493160081891665
2534 0.0
2535 0.0
2536 0.0
2537 0.0
2538 0.0
2539 -0.0010807208206403559
2540 -0.002081514038663905
2541 -0.0005256889278259797
2542 -0.000306365550743017
2543 -0.0009652616665655565
2544 -0.0011835674314640524
2545 -0.00401253492695798
2546 -0.0031184599741862083
2547 -0.00039649193590316547
2548 0.0
2549 0.0
2550 -0.0017977197879562206
2551 0.0
2552 0.0
2553 0.0
2554 0.0
2555 0.0
2556 0.0
2557 0.0
2558 0.0008998500988797298
2559 0.002821514208988276
2560 -0.0006845834587218276
2561 0.0
2562 0.0
2563 0.0
2564 0.0
2565 0.0
2566 0.0007303952886912006
2567 0.0001805344698190522
2568 0.0
2569 0.0
2570 0.0
2571 0.0
2572 0.0
2573 0.0
2574 0.0
2575 0.0
2576 0.0
2577 0.0
2578 0.0018189676404681907
2579 0.0004610110335849478
2580 0.0004971240553494621
2581 0.0
2582 0.0
2583 0.0
2584 0.0
2585 0.0
2586 0.0
2587 0.0
2588 0.0
2589 0.0
2590 0.0
2591 0.0
2592 0.0
2593 0.0
2594 0.0
2595 0.0
2596 0.0
2597 0.0
2598 0.0
2599 0.0
2600 0.0
2601 0.0
2602 0.0
2603 0.0
2604 0.0
2605 0.0
2606 0.0
2607 -0.0011171472028643976
2608 -0.00042831575091413623
2609 -0.0024420090961208684
2610 -0.0024596639752456034
2611 -0.0012815824495296196
2612 0.0
2613 0.0
2614 0.0
2615 0.0
2616 0.0
2617 0.0
2618 0.0
2619 0.0
2620 0.0
2621 0.0
2622 0.0015285598301026547
2623 0.0029481209294845096
2624 0.0
2625 0.0
2626 0.0
2627 0.00028065751224028114
2628 0.00042997432288817444
2629 0.0
2630 0.0
2631 0.0
2632 0.0
2633 0.0
2634 0.0
2635 0.0
2636 0.0
2637 0.0
2638 0.0
2639 0.0
2640 0.0
2641 0.0
2642 0.0
2643 0.0009451521469955475
2644 0.0
2645 0.0
2646 0.0
2647 0.0
2648 0.0
2649 0.0
2650 0.0
2651 0.0
2652 0.0
2653 0.0
2654 0.0
2655 0.0
2656 0.0
2657 0.0008537957330683049
2658 0.0020716887065806147
2659 2.0830709220377754e-05
2660 0.0
2661 0.0
2662 0.0
2663 0.0
2664 0.0
2665 0.0
2666 0.0
2667 0.0002733310398179826
2668 0.0
2669 0.0
2670 -0.0003504516116984126
2671 -0.00135611360062589
2672 -0.0014763454100342778
2673 -0.00024551779032290873
2674 -0.001983180666689983
2675 -0.000860981747510464
2676 -0.0017212312068545779
2677 -0.0005454180403917399
2678 0.0
2679 0.0
2680 0.0
2681 -0.0006127008835535921
2682 0.0
2683 0.0
2684 0.0
2685 0.0005746377639716589
2686 0.00046315260409027855
2687 0.0010965428551905757
2688 -0.0011399083986212346
2689 0.0
2690 0.0
2691 0.0
2692 0.0001954620142817785
2693 0.0
2694 0.0
2695 0.0
2696 0.0
2697 0.0
2698 0.0
2699 0.0
2700 0.0
2701 0.0
2702 0.0
2703 0.0
2704 0.0
2705 0.0
2706 0.0
2707 0.0
2708 0.0001062270526754516
2709 0.0
2710 0.0
2711 0.0
2712 0.0
2713 0.0
2714 0.0
2715 0.0
2716 0.0
2717 0.0
2718 0.0
2719 0.0
2720 0.0
2721 0.00017513589541069154
2722 0.0036619330566172526
2723 0.0018398375605390887
2724 0.0
2725 0.0
2726 0.0
2727 0.0
2728 0.0
2729 0.0
2730 0.0
2731 0.0
2732 0.0
2733 0.0
2734 0.0
2735 0.0
2736 -0.0008566587158634829
2737 0.0
2738 -0.0006045384374817303
2739 -0.0009876742004027539
2740 0.0
2741 0.0
2742 0.0
2743 0.0
2744 0.0
2745 0.0
2746 0.0
2747 0.0
2748 0.0008040992842628901
2749 0.0003977822297693811
2750 0.0
2751 0.0
2752 -9.281608803574811e-05
2753 0.0
2754 0.0
2755 0.0
2756 0.0004872525294288058
2757 0.0
2758 0.0
2759 0.0
2760 0.0
2761 0.0
2762 0.0
2763 0.0
2764 0.0
2765 0.0
2766 0.0
2767 0.0
2768 0.0
2769 0.0
2770 0.0
2771 0.0
2772 0.0
2773 0.0
2774 0.0
2775 0.0
2776 0.0
2777 0.0
2778 0.0
2779 0.0
2780 0.0
2781 0.0
2782 0.0
2783 0.0
2784 0.0
2785 0.0
2786 4.770934438170191e-05
2787 0.0017090548000081723
2788 0.0018209897650067583
2789 0.0
2790 0.0
2791 0.0
2792 0.0
2793 0.0
2794 0.0
2795 0.0
2796 0.0
2797 0.0
2798 0.0
2799 -0.0004849976613588444
2800 0.0
2801 0.0
2802 0.0
2803 0.0
2804 0.0
2805 0.0
2806 0.0
2807 0.0
2808 0.0
2809 0.0
2810 0.0
2811 0.0
2812 0.0004319083499712941
2813 0.0
2814 0.0
2815 0.0
2816 0.0
2817 0.0
2818 0.0
2819 0.0
2820 0.0
2821 0.0
2822 0.0
2823 0.0
2824 0.0
2825 0.0
2826 0.0
2827 0.0
2828 0.0
2829 0.0
2830 0.0
2831 0.0
2832 0.0
2833 0.0014213854633358817
2834 0.0014735946981798353
2835 0.0005322002964055401
2836 0.0
2837 0.0
2838 0.0
2839 0.0
2840 0.0
2841 0.0
2842 0.0
2843 0.0
2844 0.0
2845 0.0
2846 0.0
2847 0.0
2848 0.0
2849 4.8135254643748456e-05
2850 0.0018972489194728406
2851 0.0021091525867232928
2852 0.0038397002463626748
2853 0.0015722937076470013
2854 0.0
2855 0.0
2856 0.0
2857 0.0
2858 0.0
2859 0.0
2860 0.0
2861 0.0
2862 0.0
2863 0.0
2864 0.0
2865 0.0
2866 0.0
2867 0.0
2868 0.0
2869 0.0
2870 0.0
2871 0.0
2872 0.0
2873 0.0
2874 0.0
2875 0.0
2876 0.0
2877 0.0
2878 0.0
2879 0.0
2880 0.0
2881 0.0
2882 0.0
2883 0.0
2884 0.0
2885 0.0
2886 0.0
2887 0.0
2888 0.0
2889 0.0
2890 -0.00066369919748138
2891 -0.0012033949271902486
2892 -0.00014258555723222147
2893 0.0
2894 0.0004622785032964387
2895 0.0012834326963905161
2896 0.0015542824656893663
2897 0.0024221062923342226
2898 0.002704285641802816
2899 0.0022964665345406796
2900 0.001122673588402175
2901 0.0
2902 0.0
2903 0.0
2904 0.0
2905 -0.0014099512576523743
2906 0.0
2907 0.0
2908 0.0
2909 0.0
2910 0.0
2911 0.0
2912 0.0
2913 0.0007842169247047118
2914 0.0004353229230258639
2915 0.0
2916 0.0
2917 0.0
2918 -0.0005005734513585912
2919 -0.00021474095583820277
2920 0.0
2921 0.0
2922 0.0
2923 0.0
2924 0.0
2925 0.0
2926 0.0
2927 0.0
2928 0.0
2929 0.0
2930 0.0
2931 0.0
2932 0.0
2933 0.0
2934 0.0
2935 0.0
2936 0.0
2937 -0.0003649433737817701
2938 0.0
2939 0.0
2940 0.0
2941 0.0
2942 0.0
2943 0.0
2944 0.0
2945 0.0
2946 0.0
2947 0.0
2948 0.0
2949 0.0
2950 0.0
2951 0.0
2952 0.0
2953 0.0
2954 -0.001062533369869447
2955 -0.00031334324444419725
2956 0.0
2957 0.0
2958 0.0
2959 0.0
2960 0.0
2961 0.001813842500372617
2962 0.001641860552936382
2963 0.0031947187753310685
2964 0.000318676659386836
2965 0.0
2966 0.0
2967 0.0
2968 0.0
2969 0.0
2970 0.0
2971 0.0
2972 0.0
2973 0.0
2974 0.0
2975 0.0
2976 0.0
2977 0.0
2978 0.0
2979 0.0
2980 0.0
2981 0.0
2982 -0.000918088940141959
2983 -2.2963523845001695e-05
2984 0.0
2985 0.0
2986 0.0
2987 0.0
2988 0.0
2989 0.0
2990 0.0
2991 0.0
2992 0.0
2993 0.0
2994 0.0
2995 0.0
2996 -0.0007319448333414454
2997 -0.000883632136878994
2998 0.0
2999 -0.0019907325186939977
3000 0.0
3001 0.0
3002 0.0
3003 0.0
3004 0.0
3005 0.0
3006 0.0
3007 0.0
3008 0.0
3009 0.0
3010 0.0
3011 0.0
3012 0.0
3013 0.0
3014 0.0
3015 0.0
3016 -0.00011286739633917615
3017 -0.00025623973567909974
3018 -0.00012168839370428534
3019 0.0
3020 0.0
3021 0.00027712109755028975
3022 0.0
3023 0.0
3024 0.0
3025 0.0
3026 0.0
3027 0.0
3028 0.0
3029 0.0
3030 0.0
3031 0.0
3032 0.0
3033 0.0
3034 0.0
3035 0.0
3036 0.0
3037 0.0
3038 0.0
3039 0.0
3040 0.0
3041 0.0
3042 0.0
3043 0.0
3044 0.0
3045 -0.0004334224099783091
3046 -9.523122559988724e-05
3047 0.0
3048 0.0
3049 0.0
3050 0.0
3051 0.0
3052 0.0
3053 0.0
3054 0.0
3055 0.0
3056 0.0
3057 0.0
3058 0.0
3059 -0.001996220432555796
3060 -0.0009775134432398933
3061 -0.003313732968534173
3062 -0.0016330870154068957
3063 -0.0017716143439708673
3064 -0.0019733820711777296
3065 0.0
3066 0.0
3067 0.0
3068 0.0
3069 0.0
3070 0.0
3071 0.0
3072 0.0
3073 0.0
3074 0.0
3075 0.0
3076 0.0
3077 0.0
3078 0.0
3079 0.0
3080 0.0
3081 0.0
3082 0.0
3083 0.0
3084 0.0
3085 0.0
3086 0.0
3087 0.0
3088 0.0
3089 0.0
3090 0.0
3091 0.0
3092 0.0
3093 0.0
3094 0.0
3095 0.0
3096 0.0
3097 0.0
3098 0.0
3099 0.0
3100 0.0
3101 0.0
3102 0.0
3103 0.0
3104 0.0
3105 0.0
3106 0.0
3107 0.0
3108 0.0
3109 -0.0005993484356262744
3110 0.0
3111 0.0
3112 0.0
3113 0.0
3114 0.0
3115 0.0
3116 0.0
3117 0.0
3118 0.0
3119 0.0
3120 0.0
3121 0.0
3122 -0.0006545770169865718
3123 -0.0015372912271647925
3124 -0.000472379505229175
3125 -0.0005513622105586454
3126 0.0
3127 0.0
3128 0.0
3129 0.0
3130 0.0
3131 0.0
3132 0.0
3133 0.0
3134 0.0
3135 0.0
3136 0.0
3137 0.0
3138 0.0
3139 0.0
3140 0.0
3141 0.0
3142 0.0
3143 0.0
3144 0.0
3145 0.0
3146 0.0
3147 0.0
3148 0.0
3149 0.0
3150 0.0
3151 0.0
3152 0.0
3153 0.0
3154 0.0
3155 0.0
3156 0.0
3157 -0.0006486169465717087
3158 0.0
3159 0.0
3160 0.0
3161 0.0
3162 0.0
3163 0.0
3164 0.0
3165 0.0
3166 0.0
3167 0.0
3168 0.0
3169 0.0
3170 0.0
3171 0.0
3172 0.0
3173 -4.6857023951678235e-05
3174 0.0
3175 0.0
3176 0.0
3177 0.0
3178 0.0
3179 0.0
3180 0.0
3181 0.0
3182 0.0
3183 0.0
3184 0.0
3185 0.0
3186 0.0
3187 -0.0002640805190769637
3188 0.0
3189 -0.0001384118016237475
3190 0.0
3191 -0.0007881746514309783
3192 0.0
3193 0.0
3194 0.0
3195 0.0
3196 0.0
3197 0.0
3198 0.0
3199 0.0
3200 0.0
3201 0.0
3202 0.0
3203 0.0
3204 0.0
3205 0.0
3206 0.0
3207 0.0
3208 0.0
3209 0.0003661527414805428
3210 0.0
3211 0.0
3212 0.0
3213 0.0
3214 0.0
3215 0.0
3216 0.0
3217 0.0
3218 0.0
3219 0.0
3220 0.0
3221 -0.0011490194688130299
3222 -0.0001281387105735464
3223 -0.0002237735119744377
3224 0.0
3225 0.0
3226 0.0
3227 0.0
3228 0.0
3229 0.0
3230 0.0
3231 -0.0010642740851967444
3232 -4.642164651751412e-05
3233 0.0
3234 0.0
3235 0.0
3236 0.0
3237 0.0
3238 -3.2061703023647086e-05
3239 -0.0003604836597074313
3240 0.0
3241 0.0
3242 0.0
3243 0.0
3244 0.0
3245 0.0
3246 0.0
3247 0.0
3248 0.0
3249 0.0
3250 0.0
3251 0.0
3252 0.0
3253 0.0
3254 0.0
3255 0.0
3256 0.0
3257 -0.0019162695587274378
3258 -0.0005433194687405477
3259 0.0
3260 0.0
3261 0.0
3262 0.0
3263 0.0
3264 6.40448633414424e-05
3265 5.4914377822081086e-05
3266 0.0
3267 0.0
3268 0.0
3269 0.0
3270 0.0
3271 0.0
3272 0.0
3273 0.0015304332722763402
3274 0.0018970349042237737
3275 5.9129174511568786e-05
3276 0.0
3277 0.0
3278 0.0
3279 0.0
3280 0.0
3281 0.0
3282 0.0
3283 -1.4013794890727977e-05
3284 -0.00011199945282518799
3285 -0.0020521771795379853
3286 0.0
3287 -0.0026655750017730716
3288 0.0
3289 0.0
3290 0.0
3291 0.0
3292 0.0
3293 0.0
3294 0.0
3295 0.0
3296 0.0
3297 0.0
3298 0.0
3299 0.0
3300 0.0
3301 0.0
3302 0.0
3303 0.0
3304 0.0
3305 0.0
3306 0.0
3307 0.0
3308 0.0
3309 0.0
3310 0.0
3311 0.0
3312 0.0
3313 0.0
3314 0.0
3315 0.0
3316 0.0002491744229915813
3317 0.0
3318 0.0
3319 0.0
3320 -0.0011200257829549975
3321 -0.0014226183550480013
3322 0.0
3323 -0.0001121655130245592
3324 -0.0004075715640023751
3325 0.0
3326 0.0
3327 0.0
3328 0.0
3329 0.0
3330 0.0
3331 0.0
3332 0.0
3333 0.0
3334 0.0
3335 0.00040179463332951114
3336 0.0010568280827776486
3337 0.00010788866753200792
3338 0.00045394860824313107
3339 0.0005711645968853406
3340 0.0
3341 0.0
3342 0.0
3343 0.0
3344 0.0
3345 0.0
3346 0.0
3347 0.0
3348 0.0
3349 0.0
3350 -4.0371116706042735e-05
3351 -0.0010623704529182645
3352 0.0
3353 0.0
3354 0.0
3355 0.0
3356 0.0
3357 0.0
3358 0.0
3359 0.0
3360 0.0
3361 0.0
3362 0.0
3363 0.0
3364 0.0
3365 0.0
3366 0.0
3367 0.0
3368 0.0
3369 -0.0004081392283185241
3370 0.0
3371 0.0
3372 0.0
3373 0.0
3374 0.0
3375 0.0
3376 0.0
3377 0.0
3378 0.0
3379 0.0
3380 0.0
3381 0.0
3382 0.0
3383 0.0
3384 -0.0003144339124019557
3385 -0.001640470842051057
3386 -0.0003903125769253532
3387 0.0
3388 0.0
3389 0.0
3390 -0.00120690173933959
3391 0.0
3392 0.0
3393 0.0
3394 0.0
3395 0.0
3396 0.0
3397 0.0
3398 0.0
3399 0.0
3400 0.0
3401 0.0
3402 0.0
3403 0.0
3404 0.0
3405 0.0
3406 0.0
3407 0.0
3408 0.0
3409 0.0
3410 -0.00020276046923998136
3411 0.0
3412 0.0
3413 0.0
3414 -3.0037315205827236e-06
3415 0.0
3416 0.0
3417 0.0
3418 0.0
3419 0.0
3420 0.0
3421 0.0
3422 0.0
3423 0.0
3424 0.0
3425 0.0
3426 0.0
3427 0.0
3428 0.0
3429 0.0
3430 0.0
3431 0.0
3432 0.0
3433 0.0
3434 0.0
3435 0.0
3436 0.0
3437 0.0
3438 0.0
3439 0.0
3440 0.0
3441 0.0
3442 0.0
3443 0.0
3444 0.0
3445 0.0
3446 0.0
3447 0.0
3448 -0.0012513397065069421
3449 -0.000403687277015146
3450 -0.0005374925328682174
3451 0.0
3452 0.0
3453 0.0
3454 0.0
3455 0.0
3456 0.0
3457 0.0
3458 0.0
3459 0.0
3460 0.0
3461 0.0
3462 0.0013989144909161441
3463 0.0
3464 0.0
3465 0.0
3466 0.0
3467 0.0
3468 0.0
3469 0.0
3470 0.0
3471 0.0
3472 0.0
3473 0.0
3474 0.0
3475 0.0
3476 0.0
3477 0.0
3478 0.0
3479 0.0
3480 0.0
3481 0.0
3482 0.0
3483 0.0
3484 0.0
3485 0.0
3486 0.0
3487 0.0
3488 0.0
3489 0.0
3490 0.0
3491 0.0
3492 0.0
3493 0.0
3494 0.0
3495 0.0
3496 0.0
3497 0.0
3498 0.0
3499 0.0
3500 0.0
3501 0.0
3502 0.0
3503 0.0
3504 0.0
3505 0.0
3506 0.0
3507 0.0
3508 0.0
3509 -0.0007808717122653609
3510 0.0
3511 -0.0010054880662918944
3512 -0.002897988618596698
3513 -0.0005426770217986799
3514 -0.0008331657618601636
3515 0.0
3516 0.0
3517 0.0
3518 0.0
3519 0.0
3520 0.0
3521 0.0
3522 -0.0016192091990385653
3523 -0.0003007548472859505
3524 0.0
3525 0.0
3526 0.0014899953701823655
3527 0.0
3528 0.0
3529 0.0
3530 0.0
3531 0.0
3532 0.0
3533 0.0
3534 0.0
3535 0.0
3536 0.0
3537 0.0
3538 0.0
3539 0.0
3540 0.0
3541 0.0
3542 0.0
3543 0.0
3544 0.0
3545 0.00042093417040093087
3546 0.0
3547 0.0
3548 0.0
3549 0.0
3550 0.0
3551 0.0
3552 0.0
3553 0.0
3554 0.0
3555 0.0
3556 0.0
3557 0.0
3558 0.0
3559 0.0
3560 0.0
3561 0.0
3562 0.0
3563 0.0
3564 0.0
3565 0.0
3566 0.0
3567 0.0
3568 0.0
3569 0.0
3570 0.0
3571 0.0
3572 0.0
3573 -0.00149703757519039
3574 -0.0003004248028986954
3575 0.0
3576 0.0
3577 -0.0008610835889846434
3578 0.0
3579 -1.1001981090676177e-05
3580 0.0
3581 0.0
3582 0.0
3583 0.0
3584 0.0
3585 0.0
3586 -0.001665017755138011
3587 0.0
3588 0.0
3589 0.0
3590 0.0
3591 0.0
3592 0.0
3593 0.0
3594 0.0
3595 0.0
3596 0.0
3597 -1.914794809689847e-05
3598 0.0
3599 0.0
3600 0.0
3601 -6.170094517354849e-05
3602 0.0
3603 -0.0007392408756670939
3604 -8.090343661309654e-06
3605 -4.5335850991829974e-05
3606 0.0
3607 0.0
3608 0.0
3609 0.0
3610 0.0
3611 0.0
3612 0.0
3613 0.0
3614 0.0
3615 0.0
3616 0.0
3617 0.0
3618 0.0
3619 0.0
3620 0.0
3621 0.0
3622 0.0
3623 0.0
3624 0.0
3625 0.0
3626 0.0
3627 0.0
3628 0.0
3629 0.0
3630 0.0
3631 0.0
3632 0.0
3633 -5.9103623167041576e-05
3634 0.0
3635 0.0
3636 -0.0016708253797995667
3637 -0.0006344573634343562
3638 -1.8879567176562227e-05
3639 0.0
3640 0.0
3641 0.0
3642 0.0
3643 0.0
3644 0.0
3645 0.0
3646 0.0
3647 0.0
3648 0.0
3649 0.0
3650 0.0
3651 0.0
3652 0.0
3653 0.0013412568255287737
3654 0.0
3655 0.0
3656 0.0
3657 0.0
3658 0.0
3659 0.0
3660 0.0
3661 -0.00012917236522114352
3662 -5.3073590505045006e-05
3663 0.0
3664 0.0
3665 0.0
3666 -0.0015132217227488934
3667 -0.0016079805912955357
3668 -0.0005508231856488322
3669 -0.0005978498223851771
3670 0.0
3671 0.0
3672 0.0
3673 0.0
3674 0.0
3675 0.0
3676 0.0
3677 0.0
3678 0.0
3679 0.0
3680 0.0
3681 -4.6490070011639326e-05
3682 0.0
3683 0.0
3684 0.0
3685 0.0
3686 0.0
3687 0.0
3688 0.0
3689 0.0
3690 0.0
3691 0.0
3692 0.0
3693 0.0
3694 0.0
3695 0.0
3696 0.0
3697 -6.670157487558706e-05
3698 -0.0004820906545581208
3699 0.0
3700 -0.0004364614058528597
3701 0.0
3702 -0.00046394042103422407
3703 0.0
3704 0.0
3705 0.0
3706 0.0
3707 0.0
3708 -0.0001421691713420638
3709 0.0
3710 0.0
3711 0.0
3712 0.0
3713 0.0
3714 0.0
3715 0.0018248839611360538
3716 0.002659219704315441
3717 0.000762003630093313
3718 0.0
3719 0.0
3720 0.0
3721 0.0
3722 0.0
3723 0.0
3724 0.0
3725 0.0
3726 0.0
3727 0.0
3728 0.0
3729 0.0
3730 0.0
3731 0.0
3732 0.0
3733 0.0
3734 0.0
3735 0.0
3736 0.0
3737 0.0
3738 0.0
3739 0.0
3740 0.0
3741 0.0
3742 0.0
3743 0.0
3744 -9.81580689569588e-07
3745 -0.001034129950416642
3746 0.0
3747 0.0
3748 0.0
3749 0.0
3750 0.0
3751 0.0
3752 0.0
3753 0.0
3754 0.0
3755 0.0
3756 0.0
3757 0.0
3758 0.0
3759 0.0
3760 0.0
3761 0.0
3762 0.0
3763 0.0
3764 0.0
3765 0.0
3766 0.0
3767 0.0
3768 0.0
3769 -0.00016742872277789326
3770 0.0
3771 0.0
3772 -0.00039748996094679404
3773 -4.824373134586259e-05
3774 -3.9097259642071036e-06
3775 0.0
3776 0.0
3777 0.0
3778 0.0
3779 0.0015285775192638389
3780 0.0042515947927556355
3781 0.0027485582939516997
3782 0.0003425350229414927
3783 0.00034873563674703723
3784 0.0
3785 0.0
3786 0.0
3787 0.0
3788 -7.506004094883337e-05
3789 -0.0009293842559914902
3790 0.0
3791 0.0
3792 0.0
3793 0.0
3794 0.0
3795 0.0
3796 0.0
3797 0.0
3798 0.0
3799 0.0
3800 0.0
3801 0.0
3802 0.0
3803 0.0
3804 0.0
3805 0.0
3806 0.0
3807 0.0
3808 -0.0018266657293567205
3809 -0.0018784241999904303
3810 0.0
3811 0.0
3812 0.0
3813 0.0
3814 0.0
3815 0.0
3816 0.0
3817 0.0
3818 0.0
3819 0.0
3820 0.0
3821 0.0
3822 0.0
3823 0.0
3824 0.0
3825 0.0
3826 0.0
3827 0.0
3828 0.0
3829 -0.0010815654252488542
3830 0.0
3831 0.0
3832 0.0
3833 0.0
3834 -0.00115780938779607
3835 0.0
3836 0.0
3837 -0.0007919031249417042
3838 -0.002889513561002423
3839 -0.001548302078679357
3840 0.0
3841 0.0
3842 0.0
3843 0.00024154950918680787
3844 0.0013940761320487237
3845 0.002153261102395124
3846 0.005102298441610756
3847 0.004337278138474182
3848 0.005185879450646398
3849 0.0028373985717917868
3850 0.0022135835402696735
3851 0.0
3852 0.0
3853 0.0
3854 0.0
3855 0.0
3856 0.0
3857 0.0
3858 0.0
3859 0.0
3860 0.0
3861 0.0
3862 0.0
3863 0.0
3864 0.0
3865 0.0
3866 0.0
3867 0.0
3868 0.0
3869 0.0
3870 0.0
3871 0.0
3872 0.0
3873 0.0
3874 0.0
3875 0.0
3876 0.0
3877 0.0
3878 0.0
3879 0.0
3880 0.0
3881 0.0
3882 0.0
3883 0.0
3884 0.0
3885 0.0
3886 0.0
3887 0.0
3888 0.0
3889 0.0
3890 0.0
3891 0.0
3892 0.0
3893 0.0
3894 0.0
3895 0.0
3896 0.0
3897 -0.0010003501528627896
3898 -0.002124774146699995
3899 0.0
3900 0.0
3901 0.0
3902 -0.0005839621790660156
3903 0.0
3904 0.0
3905 0.0
3906 0.0
3907 0.0
3908 0.0
3909 0.0
3910 0.0023523277042412746
3911 0.004985356077295676
3912 0.006892420371986313
3913 0.006129158432141643
3914 0.002067906443944312
3915 0.0004267442272933317
3916 0.0
3917 0.0
3918 0.0
3919 0.0
3920 0.0
3921 0.0
3922 0.0
3923 0.0
3924 0.0
3925 0.0
3926 0.0
3927 0.0
3928 0.0
3929 0.0
3930 0.0
3931 0.0
3932 0.0
3933 0.0
3934 0.0
3935 0.0
3936 0.0
3937 0.0
3938 0.0
3939 0.0
3940 0.0
3941 0.0
3942 0.0
3943 0.0
3944 0.0
3945 0.0
3946 0.0
3947 0.0
3948 0.0
3949 0.0
3950 0.0
3951 0.0
3952 0.0
3953 0.0
3954 0.0
3955 0.0
3956 0.0
3957 0.0
3958 0.0
3959 0.0
3960 0.0
3961 -0.0004637600333020413
3962 -0.0005455454558711222
3963 0.0
3964 0.0
3965 0.0
3966 0.0
3967 0.0
3968 -0.002433110462232428
3969 -0.0019479577860968137
3970 0.0
3971 0.0
3972 0.0
3973 0.0
3974 0.0
3975 0.0
3976 0.0
3977 0.0
3978 0.0
3979 0.0
3980 0.0
3981 0.0
3982 0.0
3983 0.0
3984 0.0
3985 0.0
3986 -0.0003016337735023808
3987 0.0
3988 0.0
3989 0.0
3990 0.0
3991 0.0008784940858777544
3992 0.0
3993 0.0
3994 0.0
3995 0.0
3996 0.0
3997 0.0
3998 0.0
3999 0.00037673525562636784
4000 0.0
4001 0.0
4002 0.0005354393002175927
4003 0.0
4004 0.0014385258623013464
4005 0.00031526703780980356
4006 0.0
4007 0.0
4008 0.0
4009 0.0006140800550803877
4010 0.0007760409297424134
4011 0.0006766263614119718
4012 0.0
4013 0.0
4014 0.0
4015 0.0
4016 0.0
4017 0.0
4018 0.0
4019 0.0
4020 0.0
4021 0.0
4022 0.0
4023 -1.8102344563723928e-05
4024 -0.000702668478746655
4025 -0.00038352426213854757
4026 0.0
4027 0.0
4028 -0.00023029307097818878
4029 -0.0009779913968129819
4030 -0.0013670800774739711
4031 -0.00122121835656488
4032 -0.0037525851783309404
4033 -0.0025452446607767097
4034 -0.001716989519394031
4035 -0.002598333010988742
4036 -0.0013777772659631933
4037 -0.0017445779650430788
4038 -0.0027939656248397947
4039 -0.001527131603956747
4040 0.0
4041 0.0
4042 0.0
4043 0.0
4044 -0.0005852958847013631
4045 0.0
4046 0.0
4047 0.0
4048 0.0
4049 0.0
4050 0.0
4051 0.0
4052 0.0
4053 0.0
4054 0.0
4055 0.00032712471633086554
4056 0.0020702599443276058
4057 9.791002224723436e-05
4058 0.0
4059 0.0005232984047829498
4060 0.0
4061 0.0
4062 0.00032904802169572575
4063 0.0009021266955118547
4064 6.561251981352702e-05
4065 0.0015264812669674517
4066 0.0015475312239186009
4067 0.00020066505206814807
4068 0.0012525057948135844
4069 0.0
4070 5.332977356057686e-05
4071 7.778819798313172e-07
4072 0.0
4073 0.0004308228916352773
4074 0.0012557278888490912
4075 0.0008294858644743875
4076 0.0003884170865876857
4077 0.0
4078 0.0
4079 0.0
4080 0.0
4081 0.0
4082 0.0
4083 0.0
4084 0.0
4085 0.0
4086 0.0
4087 -0.0007594448500843918
4088 -0.0010566867754341156
4089 0.0
4090 0.0
4091 0.0
4092 0.0
4093 -0.0009053506115825011
4094 -0.0006040920130571862
4095 0.0
