 0
0 1.518056258986727
1 1.484437941324432
2 1.4489443356937755
3 1.8262233470732212
4 1.6991411042344433
5 0.7482132133210767
6 0.5614329207979162
7 0.1770200716391252
8 0.35725414536828
9 0.5894267544674472
10 0.35370447967760976
11 0.5665234286389543
12 0.8363262640450088
13 1.212115177111907
14 1.2972280397195124
15 1.3808246483831734
16 1.6514591141582904
17 0.6203576558464419
18 0.21680274050127055
19 0.29061241423922135
20 0.7556233547471102
21 1.0520560386094187
22 0.1779845283284257
23 1.2502832734070577e-06
24 0.014554354371448535
25 3.27344797530643e-05
26 0.0032290730973194206
27 0.015325763117816386
28 0.2532201712332696
29 0.5305433803216624
30 0.7195804137770099
31 1.2104889450753797
32 2.261593012818082
33 2.9847539690230396
34 2.886409611976757
35 1.7113603255369394
36 1.1506240996895623
37 1.617731251462866
38 2.0566698155551246
39 1.9914193131972395
40 1.2540515968818895
41 0.6455752101249103
42 0.34324250515645194
43 0.08681385757967242
44 0.16544550302152222
45 0.11443906335874941
46 0.7063457038081697
47 0.9089537997395897
48 0.6441920384561909
49 0.2312110337583752
50 0.6604847607601729
51 0.5144175252889355
52 0.6750300994602773
53 0.38620601986719555
54 0.5754938163763424
55 0.17262836073884272
56 0.24224262051140114
57 0.4341887701508789
58 0.7634667828041805
59 1.0298409856839807
60 0.39452425890751197
61 0.6867872585605808
62 0.6919984979751526
63 0.925527837029084
64 1.054888362028786
65 1.0418758711150133
66 1.122805677032692
67 1.4004102121751796
68 1.4232814774667237
69 0.7825296297933575
70 0.5357680243745722
71 0.3059903476255978
72 0.30033332953673236
73 0.17917546272519727
74 0.0018481132852458152
75 0.02847924701976119
76 0.3422823161765893
77 0.9451893336339414
78 1.4119517428803878
79 1.756183447153531
80 1.2602858995709658
81 0.5270317415238657
82 0.40074375379511024
83 0.1897868006166922
84 0.2641391936391389
85 0.1658565710741762
86 0.016507455887655818
87 0.2147168532277333
88 0.22163218719566324
89 0.24250751946297397
90 0.4673650653073398
91 0.5020746201478943
92 1.0640181056338947
93 1.3452158222255959
94 1.6161785539078763
95 2.254851042520026
96 3.3275515913840503
97 3.739358661672374
98 3.1525950113589642
99 2.2427161705027996
100 2.219553712890046
101 2.793680320901421
102 2.2901160192741847
103 2.0492882524449887
104 0.6675999118741894
105 0.11060690755706687
106 0.0011707599710831735
107 0.017514776655967568
108 1.4901172416904537e-06
109 0.0023636969175477494
110 0.05558717737261926
111 0.1017108648014039
112 0.11470206661005679
113 0.01271430924340323
114 0.06098564717081361
115 0.2906636145371874
116 0.4235102266322317
117 0.3513169812356584
118 0.5810644771724393
119 0.6040122732486582
120 0.5801108115930734
121 0.9755162330753835
122 0.8276798069681713
123 0.86620671734264
124 0.4229561651394397
125 0.4175548542687441
126 0.19352679931142552
127 0.4483938328389802
128 0.6764559690367378
129 0.5739140144512385
130 0.688390275546506
131 0.8515389829281751
132 1.4470743009133726
133 0.47418183945906156
134 0.11501970358587232
135 0.06749550975249188
136 0.1212830418810315
137 0.4633314484878877
138 0.26310836445998237
139 0.39340499184370914
140 0.27452233708221047
141 0.3997323782361549
142 0.5959735636839871
143 0.8131096189159838
144 0.366891190117174
145 0.3412208998886735
146 0.27901052914469454
147 0.0464853861515363
148 0.004320636636521129
149 0.024623564875274156
150 0.3367567194424638
151 1.785284616649016
152 1.7812795564461392
153 1.506869557773154
154 1.1866804070960062
155 1.1935087590880409
156 2.082870772411092
157 2.545075174662261
158 4.021697470905868
159 5.11004411637335
160 6.487524905712552
161 5.349381989629369
162 3.6521102205919234
163 3.3205768784803302
164 2.9735532819108164
165 2.0050195919216662
166 1.7469127508985811
167 1.9507218945472613
168 0.4226278760081029
169 0.06640239241010912
170 0.00015659586384120147
171 0.0017596307031990154
172 0.011731907101454348
173 0.06761889135612384
174 0.012800692161823179
175 0.00014512391127586476
176 0.0005778190313612084
177 0.07402455314327755
178 0.00701376773741366
179 0.18744145298880763
180 0.3050704591762206
181 0.24337442736993428
182 0.3045161111743354
183 0.6660230739024963
184 0.5069890870323024
185 0.9503925856001992
186 0.728088651988193
187 0.08541830164577405
188 0.09085907680999868
189 0.14956709090249085
190 0.27011516052692797
191 0.24739376240074518
192 0.5706398621920121
193 0.24085449816683302
194 0.7668940323735192
195 0.35196036559701216
196 0.21540579599410653
197 0.659453717921001
198 0.2675912519147269
199 0.0785009963721149
200 0.1022517372515906
201 0.2829234376434042
202 0.19219185453809237
203 0.7866743991478253
204 1.4453074824480254
205 1.1568186050811875
206 0.752437361077056
207 0.9891129240887266
208 0.2309194717864629
209 0.17193608222932893
210 0.01476204113548892
211 0.34089781146924564
212 0.11872869945751492
213 0.42150914361221814
214 1.539703147531136
215 2.5145074309727247
216 2.167580074708563
217 2.194336183126009
218 2.101243296254954
219 2.0425780716488515
220 3.3725065607928792
221 4.421700069222792
222 5.453890459800072
223 6.926730475105658
224 7.601534241643959
225 3.9215782118348037
226 3.316603423228228
227 3.0965815182561416
228 1.602018473775276
229 1.460488244787259
230 1.9971324808635254
231 1.811488164895238
232 0.6742547413949778
233 0.2447720088441696
234 0.21511450962051779
235 0.2727377359070579
236 0.086554084144949
237 0.004630680528413525
238 0.007317272948194607
239 0.00695745392309279
240 0.01707513416968377
241 0.24550382868629567
242 0.3243185774098959
243 0.0292507021567139
244 1.5486787121360864e-06
245 0.0007562032933551026
246 0.015381799676180377
247 0.13860582998842202
248 0.25080109214372603
249 0.4116857993369296
250 0.17211546554143223
251 0.010802561069384155
252 0.07100184643399891
253 0.20989989532536527
254 0.5505890854076946
255 1.14454932279832
256 0.3598974917437276
257 0.0023868319759503837
258 0.15978196836849484
259 0.2834682743686031
260 0.023766325757056856
261 1.380406723027915
262 1.2276461248313708
263 1.3737403121894327
264 2.3386210330505572
265 3.0804301604837927
266 2.5562083813164542
267 3.422945302490626
268 3.1082509974696713
269 2.147555460518401
270 1.1372161123349889
271 0.8133948774039044
272 0.15731483275198832
273 0.21462132744161938
274 0.005720536578348758
275 0.3502654507312533
276 1.7841710267331659
277 2.8344577848689587
278 3.4844920181357315
279 2.9529861716001267
280 2.3094877779746548
281 3.016681506008723
282 3.4329279927046694
283 4.187619141609571
284 5.185214891997957
285 5.757642439077618
286 4.902909598165113
287 5.591737353568642
288 7.218601831895038
289 4.89080764407538
290 3.7273215814923946
291 3.1482534335277
292 2.5107673906835273
293 2.7725214110401235
294 2.682180782801176
295 2.205400668801534
296 1.597758991946283
297 1.2853935914954904
298 1.1062054980977
299 1.1111846158543615
300 0.37670378913280406
301 0.27996736614333173
302 0.04635785584960034
303 0.0438698009427142
304 0.015502673636197074
305 0.31744275310701225
306 0.32427242267003115
307 0.08693629039728393
308 0.12029306173482658
309 0.2557198112512915
310 0.002129496792559871
311 0.07595745966743171
312 0.13562614626905475
313 0.49411658781383394
314 0.27048416412448584
315 0.6888195086673038
316 1.1406809594230023
317 0.8214564426090867
318 0.7640374646988151
319 1.2403582259118686
320 1.030643030701739
321 0.5331961230032578
322 0.07814084035189775
323 0.47488197491908585
324 0.5812507372706611
325 2.4510949944425198
326 2.83644739544113
327 4.506461171023304
328 5.439770454421807
329 8.000500046421053
330 7.97922031120918
331 7.322860466467095
332 5.429236183405957
333 5.575741398863272
334 2.8659574760436466
335 2.3456268553364
336 1.012748705730556
337 0.49413261173822337
338 0.039263593458940954
339 0.082877179113053
340 0.005683255392120458
341 0.9532043535102065
342 2.387278838133757
343 3.257983847457288
344 4.799235062801529
345 4.465964309038808
346 3.864445564580086
347 5.581005200502564
348 7.743210537673376
349 6.346479454883314
350 3.6286252947868785
351 2.8940910920709193
352 3.2148136648741445
353 4.48114082778011
354 3.142577933349973
355 3.2183444513133
356 3.4689153639140295
357 3.0509042690077854
358 3.2719483470918265
359 2.9802025388152016
360 4.347886112502359
361 3.0229330209140093
362 2.288067383302998
363 1.3540361628736777
364 1.4047766112598405
365 1.2218999839104665
366 0.9295078192826057
367 0.43049359618277655
368 0.19380689322854713
369 0.00010397072612996622
370 0.03609013695077113
371 0.1178884740251947
372 0.14855888411389864
373 0.3320928818765138
374 0.013907618333611847
375 0.1663914597041724
376 0.1838710420793964
377 0.9073679929233303
378 1.1239539158948026
379 0.9934325714360548
380 1.0410486220754582
381 1.2185806329753428
382 1.1698734557866162
383 1.358524297786895
384 0.807792547465017
385 1.0978441444138507
386 0.30966117577597196
387 0.08718102661302211
388 0.358285524108171
389 0.9222027968887508
390 3.4893349398889417
391 5.243852318616431
392 6.384796473235436
393 8.240984715626931
394 9.702878346515144
395 8.77265002019135
396 6.185687415368234
397 7.152258226088678
398 3.729863436268395
399 2.073620758274242
400 0.9948439298073304
401 0.3731382422161177
402 0.06655129985590935
403 8.843522795728517e-06
404 0.2903070609089874
405 0.738420128125663
406 1.0776017225888639
407 2.39965075423893
408 2.2709923244592556
409 2.28486964569272
410 2.931425928680922
411 4.361366688894119
412 6.604223782459135
413 6.333245184753555
414 3.6938536370917
415 1.5746005704600126
416 1.2572989807283612
417 2.7073643649325874
418 2.076363610709571
419 2.820387077821734
420 3.3408467717782466
421 2.2000236084921934
422 2.1488446786467454
423 1.9962697752135539
424 2.6149157927205358
425 2.3274467816977356
426 2.3554094255212803
427 1.3743138927669123
428 0.985502801233607
429 1.2040843454348704
430 1.1629896856240227
431 1.4251249038593525
432 0.6151061788668516
433 0.06143009897615219
434 0.004679442784443536
435 0.0009583272960722431
436 0.06256370467699494
437 0.033579751837157425
438 0.00090689053427008
439 0.014152096375054804
440 0.3578980074184536
441 0.23770666852869973
442 0.4436591679568234
443 0.43303725008927746
444 0.5793801532655111
445 0.775695321016013
446 0.8342627283940762
447 1.018480524508925
448 1.2763509416291636
449 1.0062072039290517
450 1.7666051125897957
451 0.4562091650237394
452 0.3318716101624226
453 0.583731518725865
454 1.746523623451277
455 4.387137449191145
456 5.659226202309922
457 7.751986751845314
458 6.6299230621173235
459 6.970884499420863
460 5.7501404833859535
461 6.4326692835595
462 4.042596052995747
463 3.0090353682605984
464 2.6925655593521434
465 1.3016228750951302
466 0.12579533923401726
467 0.010243801894481736
468 0.7070618195764812
469 0.9687798848527001
470 1.4245240301126123
471 1.944309156889143
472 1.5299761514060042
473 0.879280690225827
474 1.3625640521364928
475 2.565241058264368
476 2.2779467324948066
477 2.6590257342985057
478 1.312834914346892
479 1.1230940223832928
480 0.7287251222168089
481 0.7520086063498314
482 0.5920404972023802
483 0.7816193517942411
484 0.9040382008156767
485 0.8563223352938721
486 1.030774574355776
487 1.111836600558254
488 1.1147159128459194
489 0.7847520184522696
490 1.2017980052746353
491 0.47809131145382255
492 0.44221105929688903
493 0.20287386998068627
494 0.8744529818691986
495 1.4411403196156776
496 1.1396816880183511
497 0.11546278663856524
498 0.005373310634118205
499 0.09735275793045425
500 0.03388142138309669
501 0.009750754119464007
502 2.4518046922730866e-05
503 0.0003423475456108729
504 0.0038580499988652046
505 0.04722743095953564
506 0.08892303723312903
507 0.125482922797213
508 0.5806814694074001
509 0.5308694634455241
510 0.08080648549149849
511 0.4069860647363323
512 1.081466162861376
513 0.9208200236151871
514 1.7824084795380144
515 1.844469723174828
516 0.23309594322611127
517 0.9340941904434453
518 0.8986898869377953
519 3.1544202922938993
520 5.536601957316839
521 6.204704543962631
522 4.073235134981644
523 4.845557460120807
524 4.763721655964193
525 4.6351772702628615
526 4.275543822974688
527 3.108180473480746
528 2.1278777153463144
529 1.4920410041766892
530 0.47121897481690567
531 0.000902650713602351
532 0.25888727315577237
533 0.6008295595150027
534 0.8731865709776253
535 1.055385182657165
536 1.485520360866384
537 1.2502362194839742
538 1.3566843256450816
539 0.8614654707511632
540 1.4432526895999902
541 1.0966333203384726
542 0.4085812174170932
543 0.2371104424861875
544 0.029796672439155555
545 0.10146705438787537
546 0.26065189565580543
547 0.778134073531222
548 1.5321224005895486
549 0.80680853781507
550 0.5324124462759853
551 0.39598421371455184
552 1.1498893360086413
553 0.82900127636118
554 0.8069550579988849
555 0.06334188339334876
556 0.004576530743745946
557 0.0009827137421158727
558 0.02805295452625609
559 0.41066241548661725
560 0.5659832858311951
561 0.0007914537234340234
562 0.0020674492169292127
563 0.09452716503172587
564 0.0009040084214274604
565 0.00025670223571669175
566 0.028542247509806166
567 0.03248321257257602
568 0.16628805355306356
569 0.0037912641441027956
570 0.07950686791190766
571 0.06291379588452131
572 0.0894188118564192
573 0.027964309300800207
574 0.08304947578980809
575 0.10683552935760011
576 0.9763930234055802
577 0.9267585303097716
578 1.1996604991646551
579 1.7636322849856592
580 1.6759050570586307
581 0.15508533688192885
582 0.20366005689947952
583 0.14673614806526597
584 2.2309767330527026
585 2.1096577719392964
586 1.3444491443485782
587 2.2292914392349372
588 1.7746815930963256
589 2.479927644417096
590 2.898147324051669
591 2.225842669160302
592 1.4548396003182316
593 0.6191003912753547
594 0.03234102534248892
595 0.0010625294993629342
596 0.009806396542086973
597 0.3028903192754047
598 0.32608958080615513
599 0.21452466413501634
600 0.172113565173191
601 0.43341171063374023
602 0.7955466883710987
603 0.6129090390609834
604 0.6636750283617124
605 0.8838191797694075
606 1.123698977165507
607 0.46063696265476
608 0.05219370076026993
609 0.08079948656825651
610 0.0572337845793639
611 0.18379961214642146
612 0.26828311793296233
613 0.09229898318985214
614 0.27263561256257085
615 0.5839678392864354
616 0.530811240367701
617 0.33260645094802976
618 0.10197440318627356
619 0.00028019992991433837
620 0.05085004420823198
621 0.08497678584051567
622 0.03842390035943525
623 0.16602009458902464
624 0.0744877102966979
625 0.023537021454302778
626 0.07149226928445529
627 2.4603806317767913e-05
628 0.0024801806665491625
629 0.0014297176723296887
630 0.013941275999075782
631 0.13625090047965324
632 0.06360301609758129
633 0.013189125207067586
634 0.1152464337250985
635 0.00968154040309418
636 0.014764001851939552
637 0.00015947559919993602
638 0.1208118710927213
639 0.10358174390962727
640 0.9153475923487292
641 0.7628094575737783
642 0.9283882927235549
643 1.0094848113783057
644 0.8457581903997505
645 0.1557297508134224
646 0.0079938502166882
647 0.054865876216842496
648 0.03026520408489208
649 0.1539515735051448
650 0.15307585652921757
651 0.18900166166726734
652 0.24716389078575618
653 0.891577078414911
654 0.9295793961384009
655 1.1961451956511198
656 0.5746390072815296
657 0.36919741484808644
658 0.08642249555381026
659 0.04251162562811585
660 0.005530545604297051
661 0.20313428433640537
662 0.09239709394760637
663 0.2537482055521498
664 0.4199396580275663
665 0.48985757062951235
666 1.1291170372207417
667 0.46857872756032437
668 1.2517886669173919
669 1.9729411404690984
670 1.4123665177882883
671 0.4720457024803416
672 0.13469175546313936
673 0.006829735245952913
674 0.005303506415373939
675 0.03754748376287029
676 0.10526498460526638
677 0.2228271661775341
678 0.3737331656860132
679 0.43905383190137204
680 0.5191306330634339
681 0.8875347355333036
682 0.24595598694166163
683 0.019052231953412754
684 0.004829715552750675
685 0.08392796955561944
686 0.0008088133126828155
687 0.15433079213676906
688 0.008014035089154124
689 0.08143356805080895
690 0.31555475249721165
691 0.19856913440762874
692 0.42545340524083264
693 0.3989286643552334
694 0.0010391718391794225
695 1.1429471401908564
696 0.2513918414144729
697 0.32083197551678305
698 0.10028219755601711
699 0.06483066078046291
700 0.05156095577144402
701 0.027167523707599343
702 0.01222382812692682
703 0.28548437342480637
704 1.9364844227621827
705 1.41333005551391
706 0.9710684136894367
707 1.0554720822363184
708 0.6812134474441768
709 0.14262166534108792
710 0.02110635496418099
711 0.0007267363026036632
712 0.5542034807497738
713 0.9344995073270445
714 0.17805623286816544
715 0.18877976792979612
716 0.07654787866040243
717 0.000767816519067579
718 0.03339363502529788
719 0.14133271425108712
720 0.15438338211513655
721 0.10950936109320986
722 0.02132581327625724
723 0.04190162976215093
724 0.39889397409048605
725 0.7295377385011598
726 0.10305855997749906
727 0.08015385020427326
728 0.07504658026143424
729 0.5054037800798844
730 0.9082898207871805
731 0.608672204553185
732 1.8274773394581458
733 2.138640966078945
734 1.197210644950523
735 0.5281313528897457
736 0.17036529297120312
737 0.11661709949469358
738 0.378864418704424
739 0.26692533801281076
740 0.36135090189661834
741 1.329832990537308
742 1.1856592966390556
743 0.6171128968152061
744 0.1864379086573751
745 0.07039549934303571
746 0.04213870046371185
747 0.0014092104428625734
748 0.006360170310268195
749 0.16689195101997742
750 0.2629063623250105
751 0.022049719056501778
752 0.15253883054985476
753 0.8781187089037223
754 0.9260155172409554
755 0.8671034035496346
756 0.9211652648548689
757 0.5027590399350695
758 0.07095363531951367
759 0.6256924729212842
760 0.3912413981802452
761 0.7045366170435955
762 0.5891782200199277
763 0.3120776986436932
764 0.07533713771068158
765 0.03295729847986764
766 0.0010274637795938798
767 0.0533565144105298
768 1.6842251104449293
769 1.2459568930263725
770 1.104262392385216
771 1.2404440122064224
772 0.35094148245555573
773 8.273115302364785e-05
774 0.0199549474778927
775 0.07162280314169442
776 0.9850261114345276
777 2.4242039687801102
778 1.4536739470527964
779 0.7684064960879881
780 0.46336927275936457
781 0.21208434540082274
782 0.051681036387824036
783 0.04996262484056675
784 0.02413903332152033
785 0.04068777978179793
786 0.09788230322895149
787 0.07131617107672965
788 0.13258879343380725
789 0.0004811767431607192
790 0.14845526371088058
791 0.11713979350680624
792 0.0007387845880125767
793 0.1035528457514543
794 0.07649714488559146
795 0.023712216004538045
796 0.3444862425650869
797 0.5357836845018014
798 0.22439861248575912
799 0.4116509549037304
800 0.5775399135672549
801 0.0963787573584157
802 0.2075301830535472
803 0.32357403485328573
804 0.7772000719488875
805 0.7740545017183499
806 0.417780592546566
807 0.6662557548579154
808 0.43526035961246023
809 0.14323277703445175
810 0.07647615216021514
811 0.3948398422812106
812 0.28935783971673396
813 0.005754600965670585
814 0.07325099992349156
815 0.0027146246360016885
816 0.018848933850523972
817 0.31814194615182734
818 0.8518834998271289
819 0.5795892898141619
820 0.8558566493090932
821 0.5149239969464818
822 0.5394707078911606
823 0.7799406862589224
824 0.4554272539872113
825 0.9705200211685541
826 1.589390254456533
827 0.7543852581761057
828 0.8443320113030988
829 0.515615836229722
830 0.2587962095811007
831 0.08122704273119943
832 3.3692857944519736
833 1.178769364828889
834 0.6703131493565427
835 0.4132210465815619
836 8.802340812652932e-05
837 0.3124621290179765
838 0.8352595850486738
839 0.9846121651325548
840 3.1050538600781614
841 3.410141032026656
842 5.994380937406201
843 3.7525894390790504
844 2.2683778956112257
845 1.1188635164089134
846 0.2761817083871721
847 0.19530031522630778
848 0.1119818541318753
849 0.08964979519567425
850 0.0080075849713236
851 0.021346856179155126
852 0.07529878255373743
853 0.21082646201516753
854 0.4654504599504892
855 0.21537315763245998
856 0.11900222792867474
857 0.02968968052685169
858 0.04172958347150383
859 0.030161233619356746
860 0.1929808953669051
861 0.30102935298748074
862 0.22060568133396546
863 0.1466618981523722
864 0.09227065333457433
865 0.014529177686221629
866 0.013208078558760886
867 0.11286858101761989
868 0.5496275592293272
869 0.19053315194562356
870 0.00039624067567866326
871 0.04138153062470019
872 0.37998916491296253
873 0.3265698716966006
874 0.41888370174896944
875 0.3719277447116135
876 0.1501532471837484
877 0.01231221075004082
878 0.04164461627082119
879 0.12129980774870916
880 0.11731143146479629
881 0.6425265056931558
882 0.8216146725895724
883 0.5498107032006813
884 1.3484493654641163
885 0.9271193010158422
886 2.474441130161912
887 1.8175673953252376
888 0.8748530253345683
889 1.4624703435492037
890 2.0926950452815754
891 2.191584224560513
892 0.9668115400811855
893 1.660522299936868
894 1.6646949536490008
895 0.4886050853672808
896 2.552767348921855
897 0.6880319405350875
898 0.2873720495427216
899 0.0869596247075816
900 0.0017046399603568227
901 0.6229161003457744
902 1.844786160016097
903 4.775856295854367
904 3.842476131350281
905 4.298164537513967
906 7.202166891705394
907 7.830149954394218
908 4.763684924626845
909 3.1530391806909206
910 1.8887212574223518
911 1.0798720008043807
912 0.7683733552005948
913 0.4425094397346081
914 0.25106519634573593
915 0.1823444261521218
916 0.013177536339293828
917 0.037156562041944015
918 0.11838184658163454
919 0.03686784630867872
920 0.01120930062897167
921 0.030464258579145084
922 0.04134145621790794
923 0.027295115990966044
924 0.0010084220000853255
925 0.07738728437765294
926 0.15905425344988036
927 0.20911287694881897
928 0.028004373511289593
929 0.005911453496589945
930 0.14332668534752338
931 0.048218439600386034
932 0.12280615868517987
933 0.006486687927936978
934 0.5361702666157502
935 0.1815901161185098
936 0.0013142239745325478
937 0.003921831352094689
938 0.1640035543480983
939 0.00263593436113612
940 0.017483682813707685
941 0.30315732870016526
942 0.7845310634479203
943 1.0028807506270487
944 1.150629034581395
945 1.7333170267421554
946 2.7762307927034593
947 1.6887165614265138
948 1.8035062608656098
949 1.3414258902145755
950 1.7135538393878988
951 2.2973631728893658
952 4.775917484039581
953 4.238216129618205
954 4.476433407480755
955 2.8133708291274098
956 2.880522273986233
957 2.6418095019103527
958 2.7238634852653987
959 0.8434019972639943
960 2.220579504858695
961 1.1812964599637958
962 0.2039450964662117
963 0.03055053362069394
964 0.021691891597415632
965 0.54319976408829
966 2.887075312129704
967 4.466373977203927
968 3.5515507487857634
969 4.246313016097462
970 6.570501596426574
971 10.32900898257062
972 10.50458503395213
973 6.178249156193007
974 5.203685781494338
975 4.809820820593754
976 3.7958681897781306
977 2.7479214034830957
978 1.348223461906681
979 0.8145846528561581
980 0.6134060924757541
981 0.17296631464064352
982 0.005875450391728921
983 0.011284993185933305
984 0.014130930150590033
985 0.050923104560161685
986 0.06713844935517713
987 0.029622132834926644
988 0.003488794702399223
989 0.001710235894042998
990 9.654344901085034e-05
991 0.0591485853467014
992 0.05845746011398778
993 0.09929600609434378
994 0.5160813546009239
995 0.5325571956498095
996 0.731958835907732
997 0.0648786378774256
998 1.1615376537567519
999 1.1828698763919927
1000 0.3244725361783502
1001 0.011744114820479419
1002 0.06908775111887024
1003 7.984909386104302e-05
1004 0.009774280859228207
1005 0.1518013041228508
1006 0.4359220966578581
1007 0.21273903284420698
1008 0.5711443209103287
1009 1.0838578831866184
1010 1.8180075074774475
1011 1.5428728732871055
1012 1.6794884829444854
1013 1.3140764625235037
1014 1.3801264236247717
1015 4.122042067867851
1016 7.20394179077113
1017 5.127347891834976
1018 4.325637080687887
1019 3.0601078431556172
1020 3.050978516224691
1021 4.202765004796045
1022 3.0276348637463135
1023 1.2923230447597436
1024 1.0229187772942454
1025 0.7257640475756194
1026 0.026078574595226573
1027 0.001695077081042198
1028 0.5366355377466814
1029 1.462684112235046
1030 1.8056574747567522
1031 1.9365780833378867
1032 3.6553672058741724
1033 5.783027050911602
1034 6.967029067037712
1035 9.16327884392614
1036 12.200221928395251
1037 10.870132141390078
1038 9.997211017353612
1039 8.4023846641843
1040 6.509616429035767
1041 5.587569186095598
1042 4.360166189467657
1043 1.965851906030417
1044 0.6201344216775884
1045 0.2245941076576273
1046 0.0013233411023317
1047 0.03324370196444869
1048 0.006873106947562938
1049 0.03368583313369821
1050 0.001447974987734772
1051 0.06465701465458965
1052 0.13308821353277084
1053 0.06161637368842177
1054 0.006444776342507768
1055 0.0010338063766549813
1056 0.0025351764068442645
1057 0.011034062408687288
1058 0.33466417917571406
1059 0.4815754976326205
1060 1.042609490954111
1061 0.017353126654990513
1062 1.169172216591226
1063 1.5727448708357856
1064 1.0692848499919914
1065 0.05993705968867982
1066 0.004228103287305578
1067 0.0005775958413755074
1068 1.6113660617041346e-06
1069 0.25559323887148444
1070 0.6383721421254701
1071 0.18085880709525434
1072 0.5003611614385348
1073 0.8136115428607933
1074 0.7304631684554598
1075 1.1470455612931776
1076 0.8671438267666607
1077 1.4351650250453358
1078 1.4258792121372545
1079 2.5704283344299563
1080 3.640178342266874
1081 3.6683994883211164
1082 2.7984574748466264
1083 3.016667771866909
1084 3.503193587358098
1085 3.444230745945778
1086 2.8989001110685444
1087 1.1688929872107892
1088 0.8300505221753568
1089 0.872214700317316
1090 0.1257028054762706
1091 0.03283537240870263
1092 1.639614345344736
1093 2.9373128676079077
1094 2.2641246857406925
1095 1.4943936530900908
1096 3.8096580367781576
1097 9.784505494516765
1098 8.680822375427791
1099 8.09757695582805
1100 12.493242396055049
1101 17.596237076638147
1102 14.184604422817893
1103 11.460414649147133
1104 9.404452040337555
1105 8.03335330956875
1106 5.243151750433618
1107 2.2497894047348233
1108 1.031719209855827
1109 0.2754459693636762
1110 0.15703760491798735
1111 0.04418141454794241
1112 0.15756609190966261
1113 0.2904664833166314
1114 0.4040563161393596
1115 0.11065307052634596
1116 0.019567688648611203
1117 0.03461582866224971
1118 0.09877143532066301
1119 0.26093530770129975
1120 0.03274148641219274
1121 0.011660454450760763
1122 1.302103094756793
1123 4.9722053825984345
1124 4.351777896822384
1125 0.6831762006967196
1126 0.2497058556698331
1127 0.9565561239812004
1128 0.4960833473420016
1129 0.2187110854341015
1130 0.902219884535612
1131 0.7127577650380411
1132 0.5337198611472115
1133 0.5727116657464638
1134 0.7020389155666612
1135 0.5919742959097513
1136 0.7699130525624098
1137 1.3875617835891039
1138 2.0093101781498066
1139 2.3640470014716994
1140 2.053651887306625
1141 2.0852754244229788
1142 1.7751447547435433
1143 1.888902320343811
1144 2.1285777400773678
1145 2.6629188667183676
1146 2.1222762988552564
1147 1.869222937993945
1148 3.4018462143261488
1149 2.412579592089788
1150 1.3292431396782913
1151 0.7700066384963675
1152 0.614222315848166
1153 0.5164442141090596
1154 0.03166833905429629
1155 0.4476519710562091
1156 1.5047380916486448
1157 2.9218682733510417
1158 4.257344263795613
1159 4.0251960959438895
1160 5.036803169269764
1161 7.246225932837135
1162 9.022331279649146
1163 8.757752495576534
1164 12.555372308770044
1165 17.128817020013546
1166 17.691455905657
1167 14.066801381699008
1168 12.492280660860288
1169 8.926068549347786
1170 6.084866920282591
1171 3.522437503333349
1172 2.834408702746161
1173 1.70172746427626
1174 0.6404967621974719
1175 0.6605272343822104
1176 0.3555448629931747
1177 0.332183634527415
1178 0.6155976185972217
1179 0.4761330562376009
1180 0.8300181742389873
1181 0.49472461196732764
1182 0.7564499362725168
1183 0.9061315598819684
1184 0.22721001025601512
1185 1.2815968534939606
1186 4.033765014445042
1187 6.7000229378714184
1188 8.156205999430552
1189 3.3133546391475903
1190 0.25716452466594075
1191 0.16119837481463303
1192 0.25808668088420544
1193 0.3892963945482956
1194 0.7136718357288204
1195 1.0705182831610751
1196 0.6771435383740673
1197 0.288915186586405
1198 0.3723774574661216
1199 0.2549938297352877
1200 0.6838203076925266
1201 1.9614794930753847
1202 3.157461229910351
1203 3.836601074111422
1204 4.383092864211392
1205 4.377648892617772
1206 3.145811346069057
1207 3.651880556713003
1208 2.451933648854357
1209 1.8881066665511415
1210 1.4597158851054197
1211 0.9464309570378334
1212 1.5187279439234431
1213 0.9594147496714472
1214 0.7408126937928713
1215 0.16329129074477858
1216 0.3909536344323407
1217 0.4039329670102167
1218 0.08816142481284077
1219 0.21686779625829
1220 2.2672910940548823
1221 3.4424664559634746
1222 5.403903695538898
1223 7.707170982370024
1224 8.132907843012726
1225 8.44134216847599
1226 9.82224640538755
1227 10.018499232628736
1228 11.883855426299078
1229 13.55410973252344
1230 16.406590815020806
1231 17.08337557513897
1232 11.660520591477189
1233 9.098534492284612
1234 7.3533118986879975
1235 4.921530055719712
1236 3.5270895967896467
1237 1.7211109969981397
1238 0.7649890730531584
1239 0.5674402222942962
1240 0.5941111018658607
1241 0.11477085511478785
1242 0.510856083620431
1243 0.40417055328109813
1244 1.091090358175359
1245 1.6993734098108635
1246 1.3487202551721056
1247 1.3332851190772763
1248 2.7450582472272322
1249 6.937965337019838
1250 10.84783210636116
1251 9.818525224278867
1252 6.56861985446253
1253 3.8144184012112032
1254 2.543253911762837
1255 0.49051913082315407
1256 0.10002065326796226
1257 0.4417874710676324
1258 0.37910097750249716
1259 1.1732083228991708
1260 0.8048647559837231
1261 0.3544788671905487
1262 1.0237993343239575
1263 1.4722544795037251
1264 2.0923125255941963
1265 5.060468225617887
1266 6.228772520760929
1267 5.813717833869861
1268 6.0102879795999
1269 6.8113234337669715
1270 5.153024026571616
1271 5.063510476992908
1272 3.800894494552861
1273 2.1268057487057437
1274 1.3395996476837964
1275 1.1113074964304104
1276 1.2407479380322275
1277 0.5304316977619707
1278 0.2992668565338913
1279 0.00365533720245942
1280 0.19937107420001662
1281 0.12406945345914087
1282 0.0013101475465781007
1283 0.4684564850717197
1284 2.7068470175035215
1285 4.028642630205639
1286 6.295389823235313
1287 9.395292059250963
1288 10.009965144332407
1289 9.223232789534443
1290 9.161353249147755
1291 8.688880951869084
1292 10.625453702132305
1293 11.025304800857844
1294 15.633484868296202
1295 16.19255373535904
1296 14.09800897666692
1297 12.493909376695619
1298 11.093994735231671
1299 6.477459626299658
1300 3.6480767489600567
1301 2.892214132830766
1302 3.180722257970626
1303 2.170942863148591
1304 0.9120743519272638
1305 0.19593628561720755
1306 0.061048843954277524
1307 0.00935391013828748
1308 0.414690706094145
1309 1.1579251371918906
1310 1.854708412623372
1311 2.839488641157711
1312 5.562036954115224
1313 11.772955751464313
1314 19.247249068699272
1315 15.671596504445874
1316 12.142277522123706
1317 6.892189099380219
1318 5.879328094890381
1319 2.198883412205833
1320 0.26414903058016104
1321 0.23758097146477045
1322 0.27013743486716985
1323 0.8497159687417778
1324 0.4683007694543408
1325 0.34704317610547475
1326 1.1460628388784275
1327 2.1929427052006116
1328 4.3042753155049445
1329 5.744072005120463
1330 6.454624616129652
1331 5.934341871900151
1332 6.006835338812866
1333 7.955339469180572
1334 7.097837869024713
1335 5.057401713834384
1336 3.8632712590853
1337 2.999412365019014
1338 2.4617777746853324
1339 1.820284129668195
1340 1.5778708078580095
1341 0.638128331590371
1342 0.15970218688861657
1343 0.002580655065768836
1344 0.3107254433358592
1345 0.023109921502975615
1346 0.016911032812572478
1347 0.80574831568971
1348 4.224032699326913
1349 5.275132077089012
1350 7.7509953923555
1351 10.24317292305886
1352 10.838855266083945
1353 10.144651622498667
1354 12.653957980543208
1355 10.568137417936239
1356 13.294486365391949
1357 17.043529630818295
1358 15.488011213039867
1359 15.792969712399469
1360 19.546486097690376
1361 19.257168598874774
1362 13.84712315322103
1363 12.39900387309092
1364 7.35440285307739
1365 5.2297328206535125
1366 5.232494205261434
1367 4.476478160939194
1368 1.1766216819545752
1369 0.22133141187444055
1370 0.12200491417107563
1371 0.00017263624172771986
1372 0.2199565959359066
1373 1.502400007907816
1374 2.4802338111353017
1375 3.1968226500039045
1376 5.964572997556661
1377 12.749658388376236
1378 21.936829738829818
1379 21.00138013858682
1380 14.294372939736288
1381 12.123598656606037
1382 9.823868884472178
1383 5.200880531976545
1384 1.558206931631658
1385 0.07740164801463725
1386 0.12465638931935395
1387 0.017061880790555213
1388 0.1799672603704513
1389 0.3944713265578421
1390 1.085629836651523
1391 2.2124605394938452
1392 3.6527700654648587
1393 5.011761110880314
1394 5.125370770470762
1395 4.748441948170909
1396 5.040431596799121
1397 7.1597557708910715
1398 8.200479598748002
1399 8.64601271261282
1400 3.2829554850005374
1401 2.7047801804790383
1402 1.9365459521867845
1403 2.8874071334302274
1404 1.8162562228846806
1405 1.0499799274163335
1406 0.2752754022576646
1407 0.006363102849310046
1408 0.2796014925062796
1409 0.01482859022803285
1410 0.10138645430697811
1411 1.2599854851847248
1412 5.547623661417635
1413 7.729080418790673
1414 6.693143156959941
1415 12.289486075708204
1416 12.477239747695839
1417 13.308633823406902
1418 14.685448501586013
1419 14.261372467364874
1420 13.884073906926284
1421 21.14034061422599
1422 22.722781768120424
1423 18.758631089664007
1424 21.62971152143045
1425 24.589600323072105
1426 17.511920200290785
1427 15.022344558365457
1428 9.360750572147762
1429 6.615101947268489
1430 5.171329290416194
1431 2.7443308073099355
1432 1.0756986911851598
1433 0.7659991766182862
1434 0.7571157058455987
1435 0.5596965865480439
1436 0.7537032128740483
1437 2.7496006786800384
1438 4.06924311349568
1439 4.518176298293218
1440 6.855036121164037
1441 10.68494772002082
1442 16.354280358089486
1443 18.722239045465795
1444 11.181486885148795
1445 9.681698456915655
1446 9.87240377691651
1447 4.686963849069008
1448 2.8923937326557008
1449 1.0709498778023279
1450 0.01284135788878358
1451 0.0001064199080650535
1452 0.10459702221272987
1453 0.39344720174467734
1454 0.6683345677218577
1455 1.3461062484270712
1456 1.9226855446299436
1457 2.7507543528673315
1458 3.5796753102164525
1459 3.9100237443988224
1460 4.631337077166198
1461 6.755610729368002
1462 7.934690325428169
1463 9.29377710341941
1464 5.250576283961625
1465 3.1920974714340025
1466 2.6160006095127746
1467 1.5616124011831911
1468 1.9406710090438342
1469 1.9942942883976746
1470 0.6386268542915317
1471 0.08694767619487179
1472 0.011255191819355801
1473 0.029739622069763945
1474 0.5981455827563585
1475 2.3409021208391225
1476 7.364772551732663
1477 8.533827297335955
1478 8.46895145650761
1479 13.591659506692974
1480 13.62856493709087
1481 14.368975138685295
1482 15.525614600543914
1483 17.555713117497593
1484 17.82446317309725
1485 22.04710131196197
1486 29.168572778915124
1487 29.515614956098595
1488 25.73912540491224
1489 25.29189207448643
1490 18.051875269780417
1491 16.104463177852093
1492 8.813966129967762
1493 5.566013447738036
1494 4.682552907546531
1495 2.736750222337657
1496 1.2625173483245031
1497 2.602207334676273
1498 2.4729080143621203
1499 0.9379676675636845
1500 0.410092283657991
1501 1.892614568980976
1502 2.561948004245433
1503 2.779448155299781
1504 4.164941936630058
1505 7.242789852279121
1506 10.35276376376985
1507 9.644431999507104
1508 7.80476938041044
1509 6.6257763210191465
1510 9.406772125945391
1511 7.577803545621821
1512 6.88411425098499
1513 3.501900189592418
1514 0.7493233741812608
1515 0.028150995336214478
1516 0.17790964182299754
1517 0.3481809680621741
1518 0.4908247375056743
1519 1.1506364885295146
1520 1.9397543511356945
1521 1.8750401792282774
1522 2.4245047466728216
1523 3.4720612781209343
1524 4.1941211251243855
1525 5.189141679614631
1526 6.40427008560736
1527 7.512632957323274
1528 5.837523425081064
1529 4.326915356575099
1530 3.6661255939081845
1531 3.438239072345547
1532 2.673056160800363
1533 2.0691762016291646
1534 1.2292589468147326
1535 0.4787012467213041
1536 0.2645449532632992
1537 0.3110634238334171
1538 1.4882241540663923
1539 3.8879144064504545
1540 8.483146485631124
1541 7.8606069950594994
1542 9.50578383266085
1543 13.333601043838518
1544 13.674797518687026
1545 13.890289347015916
1546 13.874872853274535
1547 17.20576495801219
1548 19.61216118663219
1549 26.777485623592206
1550 28.50182336989499
1551 30.57033265260057
1552 27.851501497675542
1553 27.906205398257843
1554 22.544389167015673
1555 16.308093984131858
1556 9.218310164575172
1557 6.745324145659133
1558 4.758600029491995
1559 2.4934206095397142
1560 1.5661261306892558
1561 1.5936198081224084
1562 1.6867318821975401
1563 0.6472510104696467
1564 0.03999472675202805
1565 0.12985960232069868
1566 0.9861590469431234
1567 0.9416094962683732
1568 1.116185046480349
1569 3.492198827696593
1570 5.937100890389635
1571 5.04831389098018
1572 7.273114524196127
1573 7.076694701465749
1574 6.454672149435554
1575 8.46007876038246
1576 9.577950233722591
1577 7.820363549958453
1578 2.453253245256075
1579 0.43000498500636697
1580 0.005280889865224482
1581 0.00407868140535179
1582 0.0964892949338281
1583 0.3977439350031144
1584 0.97655146158732
1585 2.531177222689398
1586 3.435679359332204
1587 4.153761642598151
1588 5.19901659606613
1589 7.601484064406122
1590 7.732308616593382
1591 5.852629304828704
1592 5.345860419087294
1593 5.2529880781444644
1594 3.2456712163452393
1595 2.970196839111564
1596 2.2666163477710564
1597 1.7534021919423373
1598 1.2307347842554457
1599 0.6406784056307359
1600 0.34006706575484724
1601 0.8450066404202682
1602 2.116491118016788
1603 5.250531292084583
1604 8.622476828392248
1605 8.7563182091472
1606 10.97969399163097
1607 13.032688761179898
1608 14.385464895340755
1609 16.907287678953836
1610 13.951206429965351
1611 15.978421964967099
1612 19.835334566999954
1613 27.143977041678795
1614 34.49125734722225
1615 30.707833374644995
1616 23.57718046798524
1617 23.99040967086586
1618 23.361206601674194
1619 18.097325477137687
1620 13.946204024755621
1621 10.390092660872446
1622 7.131767948460392
1623 4.534554774285918
1624 3.296998195525078
1625 2.857910355304974
1626 1.8093909851740475
1627 0.8667985005827992
1628 0.19264150806405547
1629 0.13070291991337743
1630 0.7641103942454173
1631 1.4517901916286062
1632 1.3357499682375442
1633 1.8194209125838152
1634 1.7996752672248577
1635 2.5839713594237335
1636 5.174468811022466
1637 7.98607157253691
1638 9.969564105415472
1639 11.090815469400221
1640 11.00285302682377
1641 7.58506352587988
1642 2.3477598379713225
1643 0.6538308900470973
1644 0.1439995153979117
1645 0.007611072863933354
1646 0.6043172572762849
1647 0.8351774473743804
1648 1.5008787454361459
1649 5.017220376690096
1650 5.962269586866864
1651 7.66184661321133
1652 8.53782386508822
1653 10.488132832965832
1654 10.16900330206366
1655 6.690413032775311
1656 6.048071966529742
1657 6.3252828722273255
1658 3.109027031756465
1659 4.785729404780149
1660 4.569245531127949
1661 2.22120105461473
1662 2.479972362435981
1663 1.4613175303138302
1664 0.14509733632745192
1665 0.7866628280848111
1666 3.8595715567071576
1667 6.566118385166019
1668 6.872710328952299
1669 9.551763888059474
1670 11.350261638509972
1671 12.40063780563104
1672 13.297767494548646
1673 14.789109502050461
1674 15.564231742178302
1675 16.07426640455571
1676 21.742227399135942
1677 28.473782214471154
1678 34.85766517206932
1679 30.50361586140329
1680 25.169334929800254
1681 27.713407661414465
1682 29.507619411221583
1683 24.32768671692939
1684 20.60951155049336
1685 16.04412110021635
1686 13.157892719289002
1687 10.50811607166348
1688 7.444018694584424
1689 5.2595723421081
1690 3.6146729429627626
1691 2.8890313075314573
1692 1.5041363187674093
1693 1.067615992296598
1694 1.3477498146026532
1695 2.644365366884643
1696 3.5179327548205794
1697 2.632097786222839
1698 1.355546324600897
1699 1.4140751301938366
1700 2.8709667917606914
1701 5.433793744144683
1702 6.172574691521233
1703 5.444775715979861
1704 4.41054587731571
1705 3.1368048534385897
1706 1.8633578771008126
1707 0.8586797790180396
1708 0.17349339621396778
1709 0.159040351854823
1710 0.5367523063147164
1711 1.2883632637502687
1712 3.292663065512349
1713 7.53965415690443
1714 9.34367937401863
1715 12.590849795441201
1716 13.927982878330134
1717 12.602386834979074
1718 9.941181617777154
1719 6.237906450499883
1720 4.824003354571109
1721 5.354490143275873
1722 4.704089202458125
1723 6.152807062940803
1724 5.405117253835379
1725 3.553718522541034
1726 2.8735542227132758
1727 2.6732383514140583
1728 0.4676840248158577
1729 0.8595758111790636
1730 3.0854191731727862
1731 6.431217694726604
1732 6.651859474563863
1733 7.659809831913538
1734 9.63286664881724
1735 11.305371618060189
1736 12.831036733209903
1737 13.601185254814697
1738 15.21918944388629
1739 13.71937741453614
1740 18.749848878757298
1741 24.80789647899867
1742 25.939874212749988
1743 24.289710885944004
1744 24.29848664232034
1745 28.17076878408563
1746 29.137966936872907
1747 25.78831369344809
1748 21.55988916178992
1749 19.616461361837374
1750 15.118379520115365
1751 12.953324518379178
1752 8.874709040678944
1753 7.260122658461271
1754 6.009394244087411
1755 5.5022449401794615
1756 4.388334875435819
1757 3.2740094985091126
1758 2.73081445131388
1759 3.1585057462790087
1760 5.24219454973884
1761 4.267267794946324
1762 2.7192273867101293
1763 2.001435130884921
1764 2.081939556504876
1765 2.3516050639244575
1766 3.1510979364806664
1767 2.1606362323754773
1768 1.3831437191529665
1769 0.8734660073921742
1770 0.557607669957097
1771 0.18909852766814086
1772 0.01040914170111938
1773 0.33261553908977237
1774 1.1119060851568627
1775 2.8514732352450567
1776 4.754010011412375
1777 7.104053777448793
1778 9.477502683191602
1779 12.414834261934624
1780 12.214822614397015
1781 14.134291287234868
1782 8.138104754776977
1783 6.936029504615847
1784 3.5503506987167848
1785 3.496050600894512
1786 5.085800802347432
1787 6.975028229632426
1788 8.790769498482055
1789 5.75356418632835
1790 3.5697530520807756
1791 2.037624596916372
1792 1.3849727147421738
1793 2.168820266319835
1794 4.104035012044591
1795 5.404264746670981
1796 5.407788979462847
1797 6.205282240217917
1798 9.294370093309892
1799 11.311354018011645
1800 12.96863599670815
1801 13.848416869441643
1802 14.772355406242822
1803 13.988359758823318
1804 18.380895224164156
1805 22.466448088755737
1806 20.987057609789858
1807 19.766623271907726
1808 27.1032252010098
1809 29.94323568280601
1810 26.23302659521891
1811 24.42162490843763
1812 23.54985310406408
1813 21.462722989664222
1814 14.827870114138676
1815 12.403878205073248
1816 11.39857975922174
1817 9.722166521518309
1818 7.231514862036138
1819 7.502366371153812
1820 5.273174491922862
1821 4.5207422415052685
1822 3.4695091249608687
1823 3.7557081521272724
1824 4.96709895434925
1825 2.732004568824664
1826 1.6983082534295824
1827 1.0549619280606157
1828 1.245781299504819
1829 0.5583204777247726
1830 0.21007330640816568
1831 0.037578731665302
1832 0.031370312459854374
1833 0.10226845842799893
1834 0.2626468484988777
1835 0.29283788761692814
1836 1.0633311839207171
1837 1.5799887922827789
1838 1.8102385344314993
1839 3.592184340450436
1840 6.765224195808048
1841 6.505622504999344
1842 5.9708942298627585
1843 7.0393941038253045
1844 6.489905769738108
1845 8.92412414646341
1846 9.37601499993748
1847 6.193333537565597
1848 4.185546107140955
1849 4.096785791622249
1850 5.851081403317208
1851 8.86560345986848
1852 10.517123718293105
1853 9.886681315344434
1854 4.1262225689855265
1855 1.308861435079461
1856 1.61343366776974
1857 2.3610626828913737
1858 3.6059774054499845
1859 4.693409878066073
1860 6.084878685709996
1861 7.291082384363119
1862 10.25254907393219
1863 12.037724093976607
1864 15.162954577402017
1865 16.428994502078243
1866 16.095205173823445
1867 16.966080435706093
1868 20.07847331004275
1869 26.391271998414865
1870 25.528838785858834
1871 25.69132482694807
1872 26.842979251652
1873 24.025405727993864
1874 24.667598219911007
1875 22.279342721834098
1876 22.78566128201907
1877 19.855231098565714
1878 16.273350401753795
1879 15.236411159610624
1880 14.301611327749711
1881 9.804203880387183
1882 10.119019340272285
1883 7.115099900638591
1884 6.5079579087002
1885 6.003674383410266
1886 5.48841854936436
1887 5.377185676461676
1888 4.511791330635191
1889 2.040477101189874
1890 0.6542042126567087
1891 0.012120699541178042
1892 0.02454704433798646
1893 0.26388829260159036
1894 0.43709346479335026
1895 0.5421054230812147
1896 1.121387317986277
1897 1.7621487848416513
1898 1.4918979192543667
1899 1.9349771224631158
1900 4.418756222220744
1901 4.510642367290397
1902 3.574508881167103
1903 5.2210215759893615
1904 7.048821209512012
1905 5.686395840959032
1906 5.022941907777159
1907 3.8127531410978603
1908 3.4473416960593086
1909 4.332035436709314
1910 5.6341652434553176
1911 5.006644784717859
1912 5.356106398552552
1913 4.066050752205417
1914 5.585209198880516
1915 9.877817614355237
1916 11.149886852073145
1917 12.621736079609843
1918 7.416476831869723
1919 3.3703329998803815
1920 1.4715367510574966
1921 2.4029439786989952
1922 3.985776342090324
1923 5.622751784561434
1924 7.567369891505144
1925 8.963913771052036
1926 12.715389213358021
1927 16.998929897908162
1928 18.790708109073172
1929 17.461565799207992
1930 15.000218522827689
1931 18.86076127050677
1932 21.692604654877805
1933 27.65516415465585
1934 29.011740061281756
1935 31.44110345966081
1936 33.23234945957721
1937 33.290660532278295
1938 29.6493888815322
1939 26.18043129408736
1940 25.976861786281574
1941 23.094266688542238
1942 21.847411011021723
1943 19.038885605252823
1944 15.306868364183098
1945 12.613832637084128
1946 12.09411910739925
1947 9.29753220807733
1948 7.399914773422895
1949 7.1737552718385205
1950 7.134788325603603
1951 6.960512793166661
1952 4.173078756679214
1953 1.7920796484764803
1954 0.40136385158797466
1955 0.007977728633424821
1956 0.317283317507778
1957 0.9809050326857827
1958 1.5491572079645233
1959 2.318002919924856
1960 2.7862072638398603
1961 3.273135505522874
1962 2.8794794651657685
1963 4.6198013089619305
1964 7.38158053389981
1965 8.357864035891591
1966 7.610654973793666
1967 7.510051876426026
1968 6.5800115443315015
1969 4.418123752168416
1970 3.186080321184373
1971 3.0902943869886967
1972 3.031212602840237
1973 3.3720847885093606
1974 2.321990393567265
1975 2.3184338254467787
1976 4.170516737545814
1977 5.904491976913846
1978 9.184407942936785
1979 12.337584126149679
1980 11.207584665565296
1981 14.02857639323058
1982 10.375813063583307
1983 4.511965027870102
1984 1.810692864191112
1985 2.2212139755567812
1986 4.20643383655761
1987 5.693602428129549
1988 6.598567319418586
1989 9.126018469144395
1990 13.814442314695746
1991 18.628040199218216
1992 20.54743403510297
1993 19.20083995058258
1994 16.842258276681235
1995 19.9014390111599
1996 22.268846812006824
1997 25.74725297431212
1998 28.86419564663625
1999 26.579740856009415
2000 31.593856159572738
2001 35.17208059532136
2002 32.88460830736778
2003 29.695571936728506
2004 29.258739892443998
2005 25.291313663501654
2006 21.80027283947314
2007 18.833919087557703
2008 15.500919046774081
2009 14.33941379215821
2010 13.981304779517906
2011 12.12370431053766
2012 9.146034170086889
2013 7.032421152417467
2014 6.8590070753859615
2015 3.7764503124173845
2016 1.9743721914038819
2017 0.7482358276652871
2018 0.14681075586716216
2019 0.08153200578159404
2020 0.3033381093732366
2021 0.32763471037139447
2022 1.4429275641253647
2023 2.99772256872214
2024 3.4338562648232425
2025 3.14621055542914
2026 3.213141421270594
2027 5.127835864914832
2028 8.419001610741551
2029 10.864304098161762
2030 11.657707286741413
2031 9.644765478837218
2032 6.260913687625902
2033 4.152677776548796
2034 3.03409269126529
2035 2.51617880215924
2036 2.4079895608757593
2037 2.903315817456513
2038 1.746523063664859
2039 0.9958824813074689
2040 5.481696849295385
2041 8.49777532887943
2042 9.451626930062213
2043 7.181942674199316
2044 9.486604176199096
2045 14.43577039450437
2046 12.622121103808732
2047 5.706347336444335
2048 0.9399215792549126
2049 1.6843095765235825
2050 4.448506944866791
2051 5.581271208575587
2052 6.145274759251035
2053 9.272224313592181
2054 14.483627243491624
2055 18.19007784026395
2056 19.203653343573116
2057 17.2388238990643
2058 15.399980851131712
2059 16.378848233113406
2060 17.356904798733655
2061 24.21028912030098
2062 24.797724336365555
2063 22.212280927581865
2064 31.013468798835056
2065 35.36244238515942
2066 29.939661727113094
2067 23.393538328431866
2068 25.64523514876106
2069 22.244455825336146
2070 19.948246060337915
2071 17.401857400785346
2072 16.21080345183066
2073 21.816437926170785
2074 19.752498754371413
2075 15.603457750023445
2076 9.036004827743538
2077 7.433526301356714
2078 5.425115534520004
2079 2.9901910056850523
2080 1.99282020763643
2081 1.067575396467983
2082 0.44752109618861596
2083 0.04474984680094549
2084 0.014986818250952803
2085 0.07325189120171022
2086 0.2930398223982507
2087 0.8921692089450906
2088 1.4442365351454474
2089 1.4810746450978247
2090 2.3523320091047
2091 3.86013456551683
2092 6.129984544614113
2093 10.832152169100048
2094 12.511944437254463
2095 10.466517467170092
2096 8.20035299357737
2097 5.933791939270514
2098 4.3947195110986454
2099 3.3468469206360316
2100 1.9248229822916711
2101 2.5075946724498874
2102 3.9184251984104863
2103 3.6189928849562256
2104 5.7629624732252
2105 7.586331136593917
2106 6.799216640047974
2107 5.3484823849902945
2108 7.441159355294338
2109 13.687644684513671
2110 13.046565371922542
2111 5.232118541526564
2112 1.6669629118651554
2113 2.050418592756551
2114 3.7201213468113035
2115 4.763040766784761
2116 7.499943401457719
2117 10.927014343504855
2118 15.509783517385737
2119 19.042163529272123
2120 18.99492598676042
2121 16.8218434856131
2122 14.468377256000052
2123 15.910024649088946
2124 18.1561275870519
2125 24.182587805245074
2126 24.567034624376905
2127 22.122662983889764
2128 31.41016833549198
2129 38.47136337701697
2130 33.4990471214485
2131 26.19422833924291
2132 24.502021822093628
2133 23.10985655215426
2134 25.375161752188372
2135 23.24102517606424
2136 18.947852623146844
2137 19.985859363009865
2138 19.282974634376426
2139 14.618089159373989
2140 11.730401055863659
2141 9.142312635363304
2142 8.112445783107836
2143 6.0709944169955605
2144 4.430916632098314
2145 2.9478093993601866
2146 1.0339081951143656
2147 0.1577728723977666
2148 0.22949800251054148
2149 0.06004743118905411
2150 0.030592330164548664
2151 0.24210736986140688
2152 0.7414390420565943
2153 1.0090532835285537
2154 1.7285542281495805
2155 3.089691553614663
2156 4.8280719585098835
2157 8.26497959512621
2158 7.521061112748286
2159 7.865540274079552
2160 8.013873835488525
2161 5.806331497249038
2162 5.601440990634929
2163 4.373707684306277
2164 2.480218716383646
2165 1.921291265026224
2166 5.345689659182161
2167 4.887626384096179
2168 6.292708232720897
2169 5.8703621852873935
2170 6.062903050361026
2171 3.8340906851975807
2172 7.255082147900746
2173 13.89825600622355
2174 10.674761770068958
2175 5.109318494158138
2176 1.7633360103947502
2177 1.366314054713123
2178 2.4116719947558143
2179 4.840725279982131
2180 7.748080508475921
2181 11.897186495549878
2182 17.087853996448352
2183 20.360505868207316
2184 17.074252726779932
2185 16.25929860464236
2186 15.646275205802791
2187 17.674394708371345
2188 19.804413971320027
2189 27.17563478238448
2190 25.318935743637322
2191 24.217671680295233
2192 32.99648684516342
2193 38.54473457563583
2194 34.59232430256996
2195 27.81476733594283
2196 22.3227025730012
2197 20.825375507795606
2198 21.05443884361429
2199 25.188926732348012
2200 21.94374284750916
2201 17.887379552779944
2202 15.682739090666132
2203 14.687077586868869
2204 13.414739984483292
2205 9.827609922920848
2206 8.037919447247713
2207 7.410437698656245
2208 5.646343922022819
2209 5.003511114119059
2210 2.7282199453767713
2211 0.7310658300925216
2212 0.329999320320826
2213 0.0783783994604732
2214 0.004581140759015971
2215 0.302352537888987
2216 1.070213506097662
2217 1.706909793218739
2218 2.2147997928695093
2219 3.0514744026013743
2220 4.778902099849556
2221 8.017383693493969
2222 6.804058455298316
2223 6.566174081900062
2224 6.831048809760552
2225 7.344904965523487
2226 5.508401735567703
2227 5.784193274428642
2228 5.136601800185345
2229 6.363148024944852
2230 5.082888077949379
2231 4.1704596266182055
2232 4.901227099947869
2233 5.422920471338126
2234 5.328317654053066
2235 3.42910286841928
2236 7.879138062820009
2237 14.09376025521441
2238 7.4945057307496645
2239 3.0563166512385833
2240 0.5457231052556897
2241 1.3321581205088093
2242 2.278560918164786
2243 3.8736068777382133
2244 7.02681994038652
2245 10.642517791796179
2246 16.56229648045437
2247 18.80756697102519
2248 17.29337652328597
2249 15.726989956529744
2250 14.208480984687553
2251 16.851303165273816
2252 21.03149993725017
2253 28.93105026747028
2254 28.836747143884182
2255 25.575685039791097
2256 29.30659150445106
2257 32.537786108003935
2258 33.90006068946619
2259 26.727585937500105
2260 24.921445191105015
2261 22.87205829313117
2262 22.39649731863623
2263 21.526463914952686
2264 17.64385389285073
2265 14.968150273573908
2266 13.374146490939538
2267 13.597485795886005
2268 11.841110114986005
2269 8.498262783374988
2270 5.1693018290139525
2271 4.97337443495162
2272 5.613997173776898
2273 5.222785318712438
2274 3.077990827292986
2275 0.97592623367807
2276 0.4530532013598496
2277 0.05236021297258368
2278 0.0009675584602649722
2279 0.030351134936628082
2280 0.4146680281263297
2281 1.599169463125084
2282 1.4384758371223103
2283 1.7791318268156722
2284 3.1057240217894955
2285 5.151441641111444
2286 5.468776083563265
2287 4.495457592674469
2288 6.9381774637013605
2289 6.88847466749451
2290 5.282376678297758
2291 6.391996479322698
2292 7.64748240105846
2293 9.939840263610147
2294 6.058182745243017
2295 4.718249536825345
2296 4.874079935012791
2297 4.850812825186991
2298 4.2464487640406565
2299 3.907346278557751
2300 6.209478577347764
2301 9.501798744845342
2302 4.744923089357293
2303 2.436111405072635
2304 0.3678582533109424
2305 1.507748304843732
2306 2.4606641225839483
2307 2.902468848946843
2308 4.663497111633197
2309 8.280860624482527
2310 14.494684329095703
2311 17.614300724046387
2312 16.85798980884318
2313 14.52192119341179
2314 13.551090140491935
2315 16.87104485772579
2316 21.00964369095918
2317 26.830110549763408
2318 27.166236445009666
2319 25.758028563792145
2320 32.46445096038346
2321 36.71010565879305
2322 36.43141842364836
2323 29.391550412033347
2324 27.545927999439197
2325 23.601338138588538
2326 16.85251263349256
2327 15.500010651767703
2328 13.735293437272706
2329 11.856847775927166
2330 10.112167617444612
2331 9.10456313478915
2332 6.862032883841307
2333 5.784140068408877
2334 4.0683741359359615
2335 2.407198401199123
2336 2.662488775555513
2337 3.9531774029772544
2338 2.1696219882601717
2339 0.8384374294109468
2340 0.35403151155315343
2341 0.1273799490659447
2342 0.020298207093086384
2343 0.022933034285311273
2344 0.3760038770129263
2345 1.0954159791492966
2346 1.4635587242104082
2347 2.7625230585415164
2348 4.994238547966589
2349 4.668027623454763
2350 5.95000961287942
2351 6.167294073903723
2352 5.949543592919956
2353 6.582470663171941
2354 6.534129709627786
2355 10.157507505228514
2356 11.469827093954294
2357 10.932575305806122
2358 6.808745637589631
2359 5.060548101026444
2360 3.8496642169113464
2361 6.008410387278038
2362 6.371176332599719
2363 5.340530895040485
2364 6.017813976230242
2365 4.925399671971138
2366 2.707619408078543
2367 1.863774415322758
2368 0.2273025778374223
2369 1.3741169080941218
2370 3.4384718609353757
2371 3.1577279905278424
2372 5.563242340316423
2373 9.087881118727283
2374 13.719238260149698
2375 16.556116115825446
2376 17.274692180140896
2377 16.188952834585887
2378 15.278815099166435
2379 15.555637362655775
2380 21.435273071198793
2381 27.84737863805444
2382 26.685432594218163
2383 24.605862067415952
2384 29.93148898277629
2385 36.64938850550937
2386 38.66179835873735
2387 33.36548159133218
2388 32.13953886220347
2389 22.843317251171275
2390 12.532058507379475
2391 10.357087272586163
2392 9.032311904422501
2393 6.513015207212561
2394 5.22014057031838
2395 4.858084626358514
2396 4.318562082250866
2397 4.27299050695886
2398 2.8117073361562026
2399 1.7075102380552627
2400 1.1824838052745812
2401 1.3659566526536093
2402 1.1695371147799671
2403 0.5114677346852273
2404 0.5385888505840585
2405 1.1867502670048609
2406 0.33353980908682335
2407 0.03453895799845712
2408 0.06530361008707139
2409 0.18488840784479404
2410 0.6910079268947051
2411 1.8756183116027465
2412 4.6523987592130736
2413 5.277886666525754
2414 5.982634235880311
2415 6.298380482798884
2416 7.385357157737374
2417 8.274170451460291
2418 9.585934224887055
2419 13.304535249172408
2420 13.513072717674767
2421 11.813614962756876
2422 7.720998662572462
2423 6.2883259331779024
2424 5.447708578382177
2425 8.395133791419688
2426 8.832024815860747
2427 7.053674950956246
2428 5.595415771559694
2429 2.8937938933900234
2430 1.6833739652773225
2431 0.9876078866238158
2432 0.005886551385465688
2433 0.7288444621631283
2434 3.1187995120131737
2435 3.483873404219045
2436 6.770176578277614
2437 10.212765217650146
2438 14.511887331179386
2439 17.216016521214613
2440 18.409460844833944
2441 18.062601780109688
2442 17.7725775701973
2443 15.097751496347442
2444 21.29352807730944
2445 25.04784917905796
2446 24.752537327219883
2447 26.41805465766102
2448 31.94522533301407
2449 30.731345873997068
2450 33.005393751455614
2451 32.57700112830769
2452 29.090989304956064
2453 19.91046410125578
2454 11.491425290018705
2455 9.235185434443645
2456 6.090484840492275
2457 4.295771438156979
2458 3.992383538919002
2459 4.15450798671434
2460 2.5041564084099766
2461 3.187629722999137
2462 2.806022599803963
2463 2.8242247640751845
2464 2.2784915644276076
2465 1.296926870263741
2466 0.7109495941447392
2467 1.099608017295114
2468 2.0403821080794593
2469 3.128360020784943
2470 1.8020251822366933
2471 0.38093940805493326
2472 0.009540098052490165
2473 0.1965681031870777
2474 0.32319851046381304
2475 1.271578073779093
2476 3.825585213890504
2477 5.550150830488278
2478 6.263337238867038
2479 6.8565770571838325
2480 9.081840823234856
2481 14.580395365869188
2482 16.45825388704626
2483 15.963428413048812
2484 13.040794256800481
2485 15.242791558286125
2486 11.290001182626174
2487 10.620643219823535
2488 6.900561944215464
2489 7.808269343291022
2490 7.361226286841037
2491 4.940388737931137
2492 4.297081301921188
2493 2.4678760176101946
2494 0.8077923586723266
2495 0.30385759363457127
2496 0.004402464061471854
2497 0.5831319004729913
2498 3.1797012194342447
2499 3.8546014569117952
2500 7.657587330531002
2501 10.764934733815828
2502 14.330066807967878
2503 16.046131152593436
2504 17.468432396288428
2505 19.60099088486038
2506 19.60459293285576
2507 14.221392240795433
2508 18.61515697769865
2509 19.477208658200276
2510 25.14615096091701
2511 25.994618755531786
2512 29.473524892140247
2513 33.02094782118335
2514 29.91321397542172
2515 27.311114632532444
2516 25.752252864857258
2517 18.111537636867634
2518 10.239515825984448
2519 6.397322289413017
2520 3.696507263532214
2521 4.328829412363729
2522 3.8811122715724027
2523 2.9012933436378257
2524 1.6733371958595185
2525 2.6960631199956464
2526 4.405550609792637
2527 4.601604405719995
2528 4.074257666593044
2529 3.2577296720585434
2530 3.3483543396107946
2531 3.5766209992171603
2532 5.396867496813983
2533 4.983245405440737
2534 4.006079041032459
2535 2.168778706078363
2536 0.20110849234593783
2537 0.05287009837797992
2538 0.20684979661309946
2539 2.179176006378013
2540 5.286259242172264
2541 4.8074813101704885
2542 6.8858702301028
2543 8.598025396611433
2544 11.872670232875763
2545 18.147273588431357
2546 18.589502311285163
2547 19.687746865122886
2548 15.910414627437962
2549 18.62910234376767
2550 17.14491492033216
2551 12.403388537662693
2552 10.72627993290373
2553 7.479855718563169
2554 6.024975952346744
2555 3.2759913409405788
2556 2.566603681919465
2557 1.8141285437970713
2558 1.4723360965319578
2559 0.551860789360456
2560 0.1348996223428608
2561 0.08848799393593547
2562 2.324314181633385
2563 3.238347012326785
2564 5.890398414471018
2565 9.76521062880692
2566 13.746561928864944
2567 14.515250906444551
2568 15.924414123308376
2569 18.83758342180074
2570 16.99641241263885
2571 13.71541386044131
2572 16.340518694875435
2573 17.62523350921322
2574 24.93685184552341
2575 25.253046821638996
2576 26.248295360802345
2577 31.26911269392822
2578 27.84232109035886
2579 25.242136957540087
2580 20.036682263194887
2581 14.18398749718467
2582 9.362095590263548
2583 5.5420201640516495
2584 2.0526919506055474
2585 2.994359619618188
2586 2.5112976131299907
2587 2.4518147567776802
2588 2.421526920058378
2589 3.0290315015907683
2590 4.839822487506047
2591 6.078042578051216
2592 3.897072653141452
2593 6.158674444127916
2594 6.6903315976072655
2595 6.328260947485856
2596 6.617211353195484
2597 6.009263151458687
2598 5.036782172313234
2599 4.62936263842172
2600 0.5877365665312243
2601 0.13934179514932202
2602 0.13662364966546145
2603 1.8197252818017708
2604 5.449888839853077
2605 5.067968566517228
2606 6.928440021269691
2607 9.886163234982824
2608 11.915580935465341
2609 17.936060027278096
2610 16.29650705946841
2611 19.65905946567104
2612 16.54265968401987
2613 15.49287554691002
2614 13.235429715909762
2615 8.76253896982561
2616 10.484319589234218
2617 9.563400157314073
2618 6.777801461924711
2619 3.1392091115501044
2620 2.053853502254813
2621 2.1390758252739484
2622 1.783329644288685
2623 0.3806727200199509
2624 0.2425538747156928
2625 0.017461465240396178
2626 1.0685665275603438
2627 2.9184492723499824
2628 6.119990495928314
2629 8.509196284462437
2630 10.815353129272527
2631 12.990959404045586
2632 13.840456250505975
2633 13.381906694141056
2634 13.803629543368427
2635 15.543652377982117
2636 13.453956203711437
2637 20.468077606036072
2638 23.550050634477152
2639 23.617864499010686
2640 24.57682240121693
2641 28.09266232725616
2642 24.928037630365644
2643 21.479115323759558
2644 16.899677733323184
2645 11.13631093290177
2646 7.761240453744363
2647 5.747379022271198
2648 2.3267696899753774
2649 2.4709813463271177
2650 1.1187427060098838
2651 1.0048965921261666
2652 0.986184980316292
2653 1.8148450202009567
2654 3.2987484587673346
2655 3.898191350726309
2656 5.9861028544208486
2657 8.460577465238359
2658 8.457009971709489
2659 6.874280893360855
2660 6.2096571229085455
2661 5.412789829207641
2662 4.1511591745159215
2663 5.221419760421762
2664 2.8989588628210505
2665 0.279743516823648
2666 0.11739554204250192
2667 0.4672458187202068
2668 3.630801817947911
2669 4.733225501754781
2670 5.797250684009015
2671 7.718045999071664
2672 9.280981406713073
2673 11.240269969253548
2674 13.39439478095112
2675 15.721007802589167
2676 12.109161440553422
2677 11.916301273941162
2678 11.716837744959934
2679 10.421548464006356
2680 8.62247770089781
2681 8.906722024517777
2682 6.148900541761946
2683 4.781213081281187
2684 1.890319221688762
2685 1.2545758531612816
2686 1.6726121135991272
2687 0.36790792814086576
2688 1.2226667610003983
2689 0.26589651920427226
2690 0.3357131748790626
2691 2.822154384959823
2692 6.944931447710493
2693 7.708608618722883
2694 9.339619300586941
2695 10.159067294076538
2696 9.80859655193563
2697 10.403624077447317
2698 10.777274056630644
2699 12.5266808559354
2700 11.93646879668972
2701 13.975262729623246
2702 16.43118995602447
2703 18.81450277428845
2704 22.551212782311413
2705 22.268034668431465
2706 20.350440025757596
2707 18.470067613078648
2708 15.779872682663722
2709 10.94434147131877
2710 5.44801990050786
2711 2.9603020622419485
2712 1.15904352334011
2713 1.335449641461929
2714 0.49852088310385345
2715 0.2062762215899046
2716 0.5174003472342024
2717 1.2863492079108017
2718 2.6517902336361403
2719 3.2737498524038102
2720 4.368747728220826
2721 6.0486354553204285
2722 9.502626188534402
2723 10.599433906746508
2724 9.994046759514806
2725 9.00202188357893
2726 5.91085339571344
2727 4.559803679046904
2728 4.193205409854681
2729 1.6639224386480829
2730 0.2601393725061394
2731 0.2857259928000485
2732 1.9145660977042709
2733 3.157150216910408
2734 4.404717295557836
2735 5.372214078241531
2736 5.870086698730508
2737 5.351385573452697
2738 6.640162240262692
2739 8.242262870460085
2740 9.346444199192154
2741 9.354432761077838
2742 8.195473766576093
2743 9.082985678917753
2744 6.3865630399855995
2745 6.120343778680745
2746 4.177690545526751
2747 3.0948122277554204
2748 1.4629760900038593
2749 1.5113090488927878
2750 1.169454770251188
2751 0.2913327221991525
2752 1.6142319502586078
2753 0.7143022613319908
2754 0.002542152185908402
2755 1.3993171786191183
2756 5.811636399935724
2757 6.391348751617059
2758 6.1936928159972355
2759 8.417688912706067
2760 9.048625306960306
2761 7.845309585528483
2762 7.3247611390208665
2763 9.07355129445247
2764 8.375776074285113
2765 9.924276397750099
2766 11.101894052754597
2767 16.06329258016863
2768 20.0289916678245
2769 20.2451955505617
2770 17.36817062196786
2771 16.611230746100354
2772 14.62364182470737
2773 10.394855645050098
2774 5.707416331517094
2775 3.01493644860527
2776 1.0979785165601903
2777 0.4504066191636303
2778 0.8922179559468068
2779 0.8152497059530024
2780 0.7635554440301321
2781 1.6290785296840342
2782 2.630860713146284
2783 4.664402433725413
2784 5.476038557402433
2785 6.923865816977477
2786 12.841555591150769
2787 14.03608693139567
2788 12.03980511912107
2789 8.561956070873803
2790 7.748596109560574
2791 7.1832054917146575
2792 4.789152806906303
2793 0.9799653295566173
2794 0.0923769860695583
2795 0.17384682580084135
2796 0.6841706274248315
2797 1.880576343160244
2798 2.946591969643678
2799 4.4655116869417615
2800 3.446481651575684
2801 2.911417280897391
2802 2.9085920542546297
2803 4.694878551649885
2804 4.698204202094124
2805 4.9110595126849494
2806 6.273902206472968
2807 7.697396128129873
2808 6.019957900316424
2809 5.1968143480035724
2810 3.884417741276944
2811 2.502269964320148
2812 1.5083037730901
2813 1.3565750892693695
2814 0.46952047946716563
2815 0.053460682003409914
2816 1.583296664684034
2817 1.2824389662745515
2818 0.1316804492452981
2819 0.5066806326948018
2820 3.804671140239309
2821 5.9227527876084745
2822 4.460342151838229
2823 4.998421936637744
2824 6.246019797364616
2825 4.9920327891987055
2826 4.573226078900374
2827 5.183069008719586
2828 6.18583311806721
2829 8.895003341236347
2830 13.57863554346415
2831 14.819874955182884
2832 17.04585103364494
2833 20.114634876171195
2834 18.191752125014723
2835 19.182222884429464
2836 15.138367563152856
2837 9.954731817557352
2838 5.742297688642489
2839 2.385694120538511
2840 0.870486915481688
2841 0.04232466329066544
2842 0.710760326575103
2843 2.0561457597201622
2844 1.3295762596789995
2845 3.212297223397373
2846 4.649379347533314
2847 6.910591835860597
2848 7.808101658592443
2849 10.80802870250206
2850 13.327031143193258
2851 13.302575581238061
2852 13.623540165807375
2853 6.606738862671508
2854 6.140011873576809
2855 5.537739240310775
2856 3.139590363494847
2857 0.5183434766115088
2858 0.024946176687604776
2859 0.0016114020628749256
2860 0.021446481596578276
2861 0.251660543714521
2862 1.2248377308124891
2863 2.044377336190091
2864 2.6698491739660506
2865 4.303268152104288
2866 3.240990006975085
2867 4.330317764324948
2868 5.1866950141251715
2869 3.527253871318981
2870 6.120345401631075
2871 7.395074835413166
2872 6.515465273430426
2873 4.6935677182990325
2874 3.3712299552483342
2875 1.9161295155968867
2876 1.4733006801726203
2877 1.1404860280973756
2878 0.1573272152916207
2879 0.06470462370690626
2880 1.5709729096543463
2881 0.9448713576033227
2882 0.04741933953151471
2883 0.1595896916197922
2884 3.0445860412928836
2885 4.637135754046556
2886 3.532036662703621
2887 3.228033646320916
2888 4.508151472191617
2889 3.287396893434223
2890 2.1432320993832366
2891 2.3903419111257658
2892 6.850633502826935
2893 7.5999184291173805
2894 12.132276103831025
2895 13.871514761801283
2896 16.728440161633607
2897 18.826773566329514
2898 18.058393828862872
2899 17.669285299437135
2900 15.50925796528773
2901 10.154382758077011
2902 4.987008177750388
2903 2.4400057212959685
2904 0.2832046831531048
2905 1.7705952060468674e-05
2906 0.8027515772796042
2907 1.2994773489835945
2908 2.9865095514409252
2909 5.512801378873873
2910 5.268708277330755
2911 5.913458777044708
2912 7.537309186763794
2913 13.478530731472736
2914 16.21835869725717
2915 9.60868974287501
2916 11.098925309178643
2917 4.727578116939917
2918 3.6319967243415343
2919 4.4268131286556
2920 2.1453498919989924
2921 0.1829323228384433
2922 0.005999663759497198
2923 0.0006438048963948717
2924 4.164335049945587e-05
2925 0.04157993702009378
2926 0.5581306020071302
2927 1.3635076299646443
2928 1.8466234709430414
2929 4.556679644835781
2930 4.954367913123147
2931 5.054758663200537
2932 5.743125459708726
2933 4.657258674520423
2934 7.012724373497328
2935 9.830174532522651
2936 6.256002752848389
2937 4.717430316368675
2938 2.458769737778938
2939 1.563610719065318
2940 1.637981782092537
2941 0.8940580856259204
2942 0.19481769057524753
2943 0.08010208796033903
2944 0.4087685290457798
2945 0.1587945294170723
2946 0.0005661484049756677
2947 0.07082322756361044
2948 1.9969695414320394
2949 3.235720524155919
2950 3.4236362706040295
2951 3.241539536709685
2952 3.101055955787949
2953 1.7849971497978778
2954 1.4140558113871138
2955 2.639512796157166
2956 6.95934829177207
2957 8.317914417719175
2958 10.142579248848024
2959 10.51924013366987
2960 11.071667791564304
2961 13.897961234919205
2962 15.037606394001582
2963 15.77915810312798
2964 12.521319983260764
2965 9.21185105671962
2966 5.590761047847373
2967 2.1405027661460534
2968 0.5040352104780148
2969 0.5319788925280964
2970 0.44777402361239454
2971 1.2419174324356912
2972 3.5110886632057214
2973 4.956039058756837
2974 3.223676319708283
2975 3.312958764932385
2976 5.5459365600238115
2977 11.534116940428007
2978 14.583081981971821
2979 9.788830877498176
2980 8.103709020392994
2981 8.24768321128827
2982 5.883381931789551
2983 3.320084000198174
2984 0.8855680557164173
2985 0.00038738223645715374
2986 0.03195154270649842
2987 0.052300178165359874
2988 0.11185673072226336
2989 0.25163726636634504
2990 0.6956794676923982
2991 1.4593911999480103
2992 2.656197456452308
2993 5.705736303536049
2994 4.6946714647176195
2995 7.89531813581665
2996 9.614609432850349
2997 9.888080803144355
2998 9.037914886661314
2999 11.773554310490235
3000 9.739837359332292
3001 6.018833578939968
3002 4.287259320094296
3003 0.8495893401949943
3004 1.80708737627181
3005 0.7528602848671071
3006 0.5061920774437675
3007 0.39608129435061357
3008 0.0745058040132416
3009 0.03278315112563702
3010 0.001030875910575444
3011 0.19507066563242273
3012 0.7340467267269641
3013 1.4252009643432757
3014 1.8552553286359366
3015 2.086093870664055
3016 1.3623701135458728
3017 1.5123637580001472
3018 3.023293750087914
3019 3.7800451873392324
3020 7.001641105839649
3021 6.766306818661355
3022 6.705992730099336
3023 6.487942812892129
3024 7.8178658367395455
3025 7.404276489607379
3026 8.525927243487459
3027 9.76316906141458
3028 5.444453632926919
3029 4.891261571341568
3030 3.725147773924898
3031 0.9091037817625979
3032 0.9498491586654303
3033 0.13771799264531553
3034 0.17713499520489165
3035 0.767303094300556
3036 2.0529681320171655
3037 2.451853254569211
3038 1.3119664150973016
3039 1.942366065109021
3040 4.338504528719375
3041 10.456807338343202
3042 11.484401098023287
3043 6.827253116580282
3044 4.550688868539003
3045 5.52108584377625
3046 2.9205548505566825
3047 2.5096899467116827
3048 0.35937106012131187
3049 0.43183012860251047
3050 0.42039045192434993
3051 0.16295249910906362
3052 0.00930055652781779
3053 0.1814295262784122
3054 0.9418460804381185
3055 2.4524969253284676
3056 3.8696843816635917
3057 5.6458141078552995
3058 4.490076393771164
3059 7.983738534887686
3060 7.633341151008733
3061 9.117841506607787
3062 7.656603031810999
3063 8.342767035386343
3064 7.907766087875089
3065 6.539657479853546
3066 2.9947284466343715
3067 3.396154146806804
3068 2.2851108201435517
3069 2.126841788702122
3070 1.9891760373318286
3071 0.6905431286892767
3072 0.0055951625846524045
3073 0.00016992435558163825
3074 0.0019622162294232882
3075 0.21447052687068285
3076 0.6221967183862978
3077 1.026894090723549
3078 1.4067668923327747
3079 1.4789251347368004
3080 1.2192866759725254
3081 3.3624591916638558
3082 4.8997116929551945
3083 6.9574408354992485
3084 6.787909404640606
3085 4.239327222641511
3086 3.333202081609294
3087 2.666498539889627
3088 3.52673491867313
3089 3.6713407757225798
3090 4.625594309218466
3091 4.5220141520153145
3092 2.075727644377822
3093 2.141288701583928
3094 2.1983267075910913
3095 1.261605501697834
3096 0.5445048326532277
3097 0.09355645517794657
3098 0.16881564101436514
3099 0.3267185558632948
3100 0.8175047162820896
3101 0.9342577047542057
3102 0.38723636630165587
3103 0.46218889914397465
3104 2.329252351243037
3105 4.108197334518167
3106 4.2598279358798115
3107 2.7014954225055057
3108 3.0443404223013713
3109 2.266783279173775
3110 1.146162876684027
3111 0.3271731859242875
3112 0.3927212853491326
3113 0.3817915116901572
3114 0.3841412594134741
3115 0.26157800524016755
3116 0.25607026789903936
3117 8.899312132053335e-05
3118 0.28540397937029344
3119 1.8318658459359993
3120 4.115822544268853
3121 4.71090086192816
3122 5.643634072056056
3123 6.369293149426829
3124 8.004944825471105
3125 9.499334559762945
3126 5.504191442343468
3127 6.87491502947506
3128 4.978230994494076
3129 4.170438455090996
3130 3.295622362818964
3131 4.066393421756046
3132 3.1999199574301325
3133 1.8957934315564324
3134 2.0195768636133486
3135 1.0907841840616959
3136 0.2069532521885624
3137 0.10673339643452717
3138 0.0022219249671252463
3139 0.27848547054990513
3140 0.31309598925830123
3141 0.6708550966195311
3142 0.7695646839385406
3143 1.1125046848627702
3144 2.3434616793166625
3145 5.081153308508258
3146 7.246113838889834
3147 7.888372188803319
3148 4.855956383756846
3149 3.931646403374903
3150 2.9929512427254634
3151 2.408278349124034
3152 1.7871502715757996
3153 2.8365366703823782
3154 3.174064513980895
3155 2.679628955261689
3156 1.1848650063590769
3157 1.3840673496298008
3158 1.6522032406442246
3159 1.6354090851094623
3160 0.6950092921694992
3161 0.42307769442584775
3162 0.17855051273501268
3163 0.3604363764031011
3164 0.47991811619567065
3165 1.23751517729251
3166 0.8600875913045777
3167 1.1117282834216053
3168 2.8520357652415353
3169 3.826724603142501
3170 3.2691282797927723
3171 1.86233309614259
3172 0.8583619334489874
3173 0.5704265087262264
3174 0.5871087770115825
3175 0.45861964787543935
3176 0.5272362816596596
3177 0.3196424197559645
3178 0.7401109621128131
3179 0.6008080946421597
3180 0.43594329143264976
3181 0.0051740417040382295
3182 0.3058849439234386
3183 1.2862218343426723
3184 2.3999913371870836
3185 2.717699085933413
3186 3.6580093836936443
3187 6.465146064224729
3188 7.963048318940538
3189 10.110753524004163
3190 6.49407382610615
3191 6.790812596540068
3192 4.3975261742565745
3193 3.6152653014472333
3194 4.326707916085086
3195 3.6600375157378204
3196 2.6240898769751753
3197 1.3890317251077526
3198 0.9264899104485216
3199 0.5515540531840922
3200 0.09743921135325101
3201 0.09745880239464003
3202 0.05119269071358643
3203 0.029103903874076967
3204 0.003054006952485861
3205 0.25119539102118693
3206 1.0228859811159239
3207 1.5252946886100853
3208 3.4361511839755816
3209 8.216105580967179
3210 6.7392260070503305
3211 4.569662715373022
3212 4.0576279835111135
3213 3.0108128908735248
3214 1.1480905095105207
3215 0.453624086030899
3216 0.5250607980953204
3217 0.8292960453348595
3218 1.4135597218789235
3219 0.8907524306721989
3220 0.14898849562835362
3221 0.2777701857529853
3222 0.9771143578557696
3223 0.43274325246797046
3224 1.2022772968153594
3225 1.5610064552484184
3226 0.919853258088308
3227 0.6551717532044475
3228 0.8789748948760004
3229 0.6319493399814643
3230 0.7854429236117594
3231 0.4552562133261736
3232 0.7280852464126152
3233 1.808354956820143
3234 1.2661824384158398
3235 0.4920524959225829
3236 0.17331598838968065
3237 0.01507639281625074
3238 8.747996325228819e-05
3239 0.04912275823178235
3240 0.4470602318465191
3241 0.3769941018513814
3242 0.5075802414601792
3243 0.30700766459094825
3244 0.0425521478848812
3245 0.04506875707081397
3246 0.6080616768275525
3247 0.9616025150735921
3248 1.3407432410047115
3249 1.5601599111864235
3250 2.669131898768828
3251 4.053582960004923
3252 4.4507939305067294
3253 4.806535379463515
3254 5.892775586607911
3255 4.597731245469298
3256 4.685339235984299
3257 5.027593602939983
3258 3.21561897825977
3259 3.5476335736766047
3260 2.3234648346199447
3261 1.8688073497960227
3262 0.7808651774713113
3263 0.5332772053535791
3264 0.062181750651374275
3265 0.03893809516602442
3266 0.24666302479537955
3267 0.26319611963895007
3268 0.0015067749302339957
3269 0.17220217422695233
3270 0.7185714482608891
3271 2.535925074302016
3272 4.579140934715577
3273 9.093467687359597
3274 4.817859473000341
3275 4.107106267363339
3276 2.8298760753724346
3277 1.0414106057828718
3278 0.3924364773953731
3279 0.1570081256222814
3280 0.26854222120320914
3281 0.07595100256104984
3282 0.16615043476975036
3283 0.040193266202034096
3284 0.004165747962650809
3285 0.012866123109508099
3286 0.12470765931241769
3287 0.12837902364790188
3288 0.5422709843904304
3289 0.48597035946068434
3290 0.48330048314467206
3291 1.0196892463554872
3292 0.7038172431887689
3293 0.8839697374455191
3294 0.9610129079639329
3295 0.8509080111607108
3296 1.629793240150727
3297 2.078462470801585
3298 1.8647983757762403
3299 0.6764639030342499
3300 0.0014071370078003462
3301 8.398042199825868e-05
3302 0.0640925354053422
3303 0.02387492121778483
3304 0.12087570512032383
3305 0.05408715991252198
3306 0.058302055102882014
3307 0.05699737760607092
3308 0.11011268101168582
3309 0.002993450012250904
3310 0.0006336090246322097
3311 0.3524582556726915
3312 0.5599163444236943
3313 0.7692020649619745
3314 0.8745419785494946
3315 1.3350925864094194
3316 2.4792122476113225
3317 3.111147705086623
3318 5.558264792671936
3319 5.527053556085665
3320 7.127015176084798
3321 6.88095560582819
3322 4.951584980001153
3323 4.170700691542252
3324 5.1152628981651285
3325 2.6919602320460743
3326 1.4903992246367872
3327 0.892359366894811
3328 0.1657089670648076
3329 0.10858999649943701
3330 0.40731540849835973
3331 0.5343535805755026
3332 0.10046552969534409
3333 0.1816683684087929
3334 1.3395115018540458
3335 3.628015085163465
3336 5.94885129965189
3337 3.819192915867334
3338 3.546254837582194
3339 4.344857049524896
3340 2.1960840014991474
3341 0.4665979551984282
3342 0.25280341289135033
3343 0.009872195514718487
3344 0.016112861566397026
3345 0.00010249869172314509
3346 0.042738846109212865
3347 0.021186965011658527
3348 0.023711797795162793
3349 0.022731474909195835
3350 0.0008592559045963959
3351 0.04176401488516481
3352 0.1508508287375943
3353 0.10214047216397275
3354 0.1327291383204442
3355 0.47976318739176094
3356 0.11851876285330995
3357 0.6143652498678671
3358 0.40073321418047436
3359 0.9325176285572313
3360 1.2340424743268903
3361 1.7561955422143731
3362 1.7884484749374447
3363 1.4116730140370624
3364 0.2854036790471796
3365 0.15730339488472694
3366 0.32560690986562874
3367 0.22145314412136663
3368 0.013862055830434978
3369 0.02452394634879999
3370 0.15384870265942951
3371 0.17611573841561276
3372 0.2682700647230102
3373 0.016503704686850654
3374 0.014856973071984459
3375 0.3511458196084117
3376 0.34894841809325294
3377 0.9575540127644375
3378 0.9049009958299975
3379 1.3415287912130374
3380 2.114979282099504
3381 2.1964648603631955
3382 3.960252214525544
3383 5.536578203047769
3384 9.09453913256073
3385 8.219011531162037
3386 6.835897740980378
3387 3.3156835665849482
3388 4.9668259719160925
3389 4.378656883717323
3390 3.6725542972640506
3391 1.3996466661646392
3392 0.44291405672596706
3393 0.1984519203329094
3394 0.33346796809835133
3395 0.9084074537458806
3396 0.16038303903903534
3397 0.1261556118268212
3398 0.9119657023506683
3399 2.4456324928542545
3400 1.3346555779776592
3401 0.6493665204094363
3402 1.7599979727309758
3403 2.115332789146376
3404 2.179187803295341
3405 0.5314524316641027
3406 0.18360210465914625
3407 0.002342785254012011
3408 0.03800704186033511
3409 0.004655539078787346
3410 0.00480258168190658
3411 0.20687992205877068
3412 0.24029799842704047
3413 0.22785984739747814
3414 0.10512708552467673
3415 0.25990914895650147
3416 0.42105304725810444
3417 0.20579931562305312
3418 0.07322291418624798
3419 0.3291350299072209
3420 1.01664219801819
3421 0.7862374034617923
3422 0.4399352269433464
3423 0.40892046352217265
3424 0.5914507618684433
3425 1.5695070271043337
3426 1.2470907480349274
3427 1.2056925297110537
3428 0.48004887366792776
3429 0.5169365279225484
3430 1.0242874867550207
3431 0.9355521202698185
3432 1.056106911437775
3433 0.21825259555241508
3434 0.13539670619248675
3435 0.9213629016376498
3436 0.9103365273395847
3437 0.2414540642505271
3438 0.27792585183195745
3439 0.7568415298325012
3440 0.7034962492761759
3441 1.660585940878681
3442 2.4609574566273715
3443 1.9366171374098173
3444 2.509986563602727
3445 2.9206082072032977
3446 3.6160020222621534
3447 4.999888949855026
3448 7.425500314423438
3449 7.419698472773244
3450 6.733790721011155
3451 3.457470936589143
3452 2.982325108102097
3453 5.563299637500104
3454 4.603219454289999
3455 2.1494783861883624
3456 0.6770919829741026
3457 0.43995381746408674
3458 0.19614543009174792
3459 0.48825168608354796
3460 0.12178308042635236
3461 0.04483373664704411
3462 0.9526208727151464
3463 1.5952040618795869
3464 0.23721635807772531
3465 0.2561852811475936
3466 0.7239142493471342
3467 1.111161306343987
3468 1.5066128838043031
3469 0.8018893947838236
3470 0.2573185783567126
3471 0.017068027757778836
3472 0.07986548789295478
3473 0.000997530239662969
3474 0.0004106014281701265
3475 0.30258151797884936
3476 0.6384152048119349
3477 0.7830502468227062
3478 0.41953421397449947
3479 1.1945411433330313
3480 1.1586650993210408
3481 1.1092482005333302
3482 0.9276952472921322
3483 1.0396496459743714
3484 1.7114165499969791
3485 1.1470749670548777
3486 0.9721101953956095
3487 1.1182470703506615
3488 1.0279494361807096
3489 0.7359251318786332
3490 1.0569417248075499
3491 0.8656319938196658
3492 1.3296204546264419
3493 2.7733991064791113
3494 2.2239722468471843
3495 1.846531534409395
3496 1.141568059490629
3497 0.7282060593065691
3498 0.3914004618198226
3499 0.01486523588042791
3500 0.27470055694354417
3501 0.03601905489310063
3502 0.10092624767037504
3503 0.8201436560723031
3504 1.5914551893746156
3505 1.742392381441329
3506 2.2114754606610205
3507 1.7444435589024405
3508 2.993260030210056
3509 4.19757164396579
3510 4.42022560257129
3511 6.577920404534835
3512 4.510127847883297
3513 5.831985030715141
3514 4.992323614561589
3515 3.0821742233652105
3516 1.2805592989758992
3517 2.710447453118274
3518 3.404445670648492
3519 1.3532754113519763
3520 0.9741253208789438
3521 1.0882667360425848
3522 1.0534891684743795
3523 0.429413310393967
3524 0.17049296709222686
3525 0.13628170094563746
3526 0.4150880607438786
3527 0.21557559373737195
3528 0.054453675232140696
3529 0.09906858475812895
3530 0.21336773449180121
3531 0.3102373205063994
3532 1.0274566392290818
3533 0.7753763832639238
3534 0.5149588989292813
3535 0.12160005291217744
3536 0.03869592435273571
3537 0.01646306182885708
3538 0.06256186037516247
3539 0.27667915976931917
3540 0.5013966746629719
3541 0.6258066217493818
3542 0.814071520526332
3543 1.941302128884449
3544 0.9615813532168032
3545 1.155135003530912
3546 1.7592749825078544
3547 1.9081389338801642
3548 2.0256914807596758
3549 1.799303555413866
3550 1.5094068933815514
3551 0.854877139924708
3552 0.7144779345815537
3553 0.9893712916920414
3554 0.7397107593660143
3555 0.6697789291182678
3556 2.275952952918986
3557 3.2244360662198273
3558 3.10727728382232
3559 2.159798680103028
3560 1.3303001115165782
3561 0.8234004626832231
3562 0.32643910750318045
3563 0.013740412135430856
3564 0.0013195757722278872
3565 0.001782751563998335
3566 0.02995839664863246
3567 0.30030680014576705
3568 0.9195177000470799
3569 1.2984966096543906
3570 1.6846672092069641
3571 1.1271520454475983
3572 2.322016653091115
3573 4.735617745003793
3574 4.200044644743201
3575 3.1784793793021784
3576 2.056326641173443
3577 3.8716392584212334
3578 3.6309590445495035
3579 2.4106559651461756
3580 1.0037043520311228
3581 1.1222845647657027
3582 1.84758449598667
3583 0.47436122695018884
3584 0.8987926311981393
3585 1.8028185241239738
3586 1.7633450181771042
3587 0.7193895586073863
3588 0.05784676795685311
3589 0.0746910502311622
3590 0.17415627731723474
3591 0.005625595834684019
3592 0.010490384057469587
3593 0.009724885362400022
3594 0.11308409709952581
3595 0.09967023225738343
3596 0.3693232258137911
3597 0.1777038230509098
3598 0.24794945933949444
3599 0.2531013664742625
3600 0.10491087868679158
3601 0.0075715867546689904
3602 0.06966235329642481
3603 0.07594221442467668
3604 0.2624604082149535
3605 0.5592995562375412
3606 0.8137567853182327
3607 1.5541453403957035
3608 2.0055153942289166
3609 2.767190996293121
3610 2.2499815466152877
3611 3.3109673715870214
3612 3.0208094973680693
3613 2.9993908536411875
3614 1.6537459107140342
3615 1.2562019937335804
3616 0.7703547529868171
3617 0.7512376983458338
3618 0.739646129234127
3619 0.8430468242663921
3620 1.0409696528804833
3621 1.6901180378673684
3622 2.0394606613933197
3623 2.20681019850118
3624 1.6436999571763924
3625 0.7826388034732944
3626 0.2437308249093972
3627 0.0005887670100290826
3628 0.0020141991360846804
3629 0.016020165919292947
3630 0.3790952322216055
3631 0.692339911440119
3632 1.0443083792741272
3633 2.482175614032195
3634 4.259914008203538
3635 1.93254185009948
3636 3.796321953097067
3637 4.580971000932165
3638 2.044642795353201
3639 0.836237712633182
3640 0.8530197663221037
3641 1.0428749195074931
3642 3.229570543842838
3643 1.433836265106319
3644 1.0242856696692964
3645 0.6424665282062384
3646 0.3642205849393487
3647 0.27722880821953144
3648 1.3441230357675926
3649 1.9512050572896626
3650 1.272664685724779
3651 0.9711861211046019
3652 0.03436796862182427
3653 0.14000151872033556
3654 0.06216454053161661
3655 0.009080940185568686
3656 0.04390476926977373
3657 0.19125824989775594
3658 0.01371183384120618
3659 0.0027948846153622075
3660 0.1166562561173868
3661 0.019740461661241607
3662 0.04807547620469135
3663 0.5547213894207226
3664 0.5113679055946218
3665 0.18318187508252315
3666 0.11035760813673447
3667 0.13490285249635034
3668 0.5137879015652652
3669 0.49796711657704623
3670 0.963398832801192
3671 1.571318501235969
3672 2.280164282544639
3673 4.011423477282394
3674 3.9995467718800692
3675 3.6005612767495276
3676 2.9296584529110397
3677 2.182884116740149
3678 1.5495870374175549
3679 1.1245212323453957
3680 0.43149748152794815
3681 0.2620867919830077
3682 1.3537559245341013
3683 1.685607734533328
3684 2.0158728136741284
3685 1.3099117075944289
3686 0.8688889508873209
3687 1.6252245093928104
3688 1.5990317793316693
3689 1.4855947139976298
3690 0.856239468875693
3691 0.08283522650187246
3692 0.05789479505833905
3693 0.41698532835666335
3694 1.1122088948305326
3695 1.2459729616799398
3696 1.6009775613169837
3697 2.7985274088227543
3698 4.9184449410804305
3699 3.4340748980041766
3700 3.386952017865385
3701 1.9274108132927728
3702 1.043615619035139
3703 1.2255998160737294
3704 0.7416598110557096
3705 0.7758519889479272
3706 1.9539403805352094
3707 1.962058232078733
3708 1.4325363708159708
3709 0.8904359516854105
3710 0.8023350536139948
3711 0.503743643054044
3712 1.1413383748815134
3713 1.016790656810091
3714 0.7691249182780213
3715 0.028868230218099183
3716 0.016716866840265507
3717 0.18466789192531038
3718 0.05560361576082283
3719 0.12369219036548187
3720 0.011960467509647662
3721 0.04098076139919682
3722 0.029592717114249913
3723 0.11994297454101234
3724 0.042057724729939024
3725 0.0013549857289936922
3726 0.22147323466438146
3727 0.3369288124001651
3728 0.7329099451250669
3729 1.2182207999032708
3730 0.6913426613183177
3731 0.6713658502837897
3732 0.7528329621354415
3733 0.5180413109507521
3734 1.388632853814983
3735 2.2490860427397363
3736 2.451737325232372
3737 2.865059933228156
3738 2.8883902886353434
3739 2.070608846797042
3740 2.102012396273059
3741 0.924390147823233
3742 0.7244716341427274
3743 0.22290328415126842
3744 0.02379754019973959
3745 0.007193504265645327
3746 0.33609183110287844
3747 0.8296070902071342
3748 0.7933231838361814
3749 0.28604285264497353
3750 0.23123523766309903
3751 0.651418487827443
3752 1.1147693352216073
3753 0.4991269562685225
3754 0.16199744167596775
3755 5.377408687098107e-05
3756 0.028471983100105278
3757 0.28780227490340776
3758 0.36074328858951754
3759 0.7391413098222733
3760 0.9951629694426372
3761 1.815179521989452
3762 4.842090889715446
3763 5.407956974814374
3764 3.888839675433357
3765 3.178966528364044
3766 1.382704717600607
3767 1.707490801526214
3768 1.339535421896809
3769 0.6607456208969109
3770 0.7658081669563079
3771 1.3657796200997645
3772 1.3697435649731657
3773 0.775068830925916
3774 1.290581721181878
3775 0.5139191885026351
3776 1.0630427883870202
3777 1.049266760644197
3778 0.662632442881083
3779 0.00697381693893475
3780 0.12839985533823273
3781 0.9681493882325087
3782 0.9149739077766357
3783 0.5534995227728846
3784 0.09185914816591957
3785 0.11078273921558153
3786 0.035722012368981045
3787 0.11104572269146198
3788 0.019017583876795155
3789 0.005234688256239412
3790 0.22191402049643302
3791 0.46183014945533035
3792 0.21461382452501235
3793 0.49902229585742014
3794 0.16791957645123848
3795 0.21818245774008185
3796 0.276169996668889
3797 2.144850653612209
3798 1.9833762841770344
3799 0.9477664713746765
3800 1.0001546069065186
3801 2.1057857826002833
3802 2.551260504593273
3803 0.7796643228888952
3804 0.5629872521328443
3805 0.20500950593011796
3806 0.17249306836542525
3807 0.03853649840161361
3808 0.162935933105638
3809 0.2995292035680217
3810 0.13242345914264217
3811 1.7218111395862573e-05
3812 0.16871197777859243
3813 0.37280623951507635
3814 0.6519551959573885
3815 0.22180570263029248
3816 0.13581309387123247
3817 0.02156552817362198
3818 0.011343744680498114
3819 0.25477672627832226
3820 0.662225834335047
3821 0.7647434224807947
3822 0.9794114138120743
3823 0.9729008625162755
3824 0.6086990405429809
3825 1.6495558730902944
3826 3.286132480578429
3827 4.479861415640672
3828 4.60775582136254
3829 4.256189989855141
3830 2.51217186452106
3831 1.5645083270877973
3832 0.5904498614165561
3833 0.7614689186782156
3834 1.589586105573886
3835 1.7149104959135848
3836 1.2365792700932168
3837 1.6240977358660253
3838 2.179970883698482
3839 1.0152583779430742
3840 1.1661898725216684
3841 1.0359735538855979
3842 0.5532267228732225
3843 0.07167700872323743
3844 0.08711086433960082
3845 1.210216448511853
3846 1.7360732069464293
3847 2.2104650879072993
3848 0.9740654391421306
3849 0.39184362810447054
3850 0.06632711866469823
3851 0.07288280800513519
3852 0.0203358349776345
3853 0.05403911393574444
3854 0.08580583180373931
3855 0.00025632909822817453
3856 0.0013965704789260763
3857 0.002760568786575093
3858 0.10764888292323252
3859 0.054952226428525215
3860 0.7085492823294816
3861 2.4330913804714274
3862 3.033924912922758
3863 1.882258253794426
3864 1.497328894329217
3865 1.762767049935891
3866 1.7742471889248064
3867 0.914397822676025
3868 0.3409783763679574
3869 0.0005592988875663155
3870 0.0006254047517761645
3871 0.005168314839032275
3872 0.005376124560516974
3873 0.004484809370234012
3874 0.05949075220613876
3875 0.1475405528107206
3876 0.12510360786607969
3877 0.24837824326929653
3878 0.19825106363184863
3879 0.22328428941721132
3880 0.00026372396113335964
3881 1.5945147039136645e-05
3882 0.00011390156570740161
3883 0.018517062492957086
3884 0.5774748636181221
3885 0.7091057974100743
3886 0.8615481967952399
3887 0.41542472124360774
3888 0.45966634091264547
3889 0.7211832588880251
3890 1.8239128935824984
3891 4.494442641028954
3892 4.305792060975592
3893 2.5818420310814783
3894 1.4294229625703845
3895 0.5439389604235108
3896 0.19899087398398765
3897 0.7002312967455058
3898 1.48673518248352
3899 0.9531990639017706
3900 1.3044163014980152
3901 1.016572310262427
3902 1.305098018943909
3903 0.7558270147047812
3904 1.3776846108778997
3905 1.3808795345352252
3906 0.6643517959123043
3907 0.10984665348400553
3908 0.05684555368914047
3909 0.36421379651384883
3910 1.7938506553764217
3911 2.2279112170894213
3912 3.100096590897415
3913 1.7877741980669821
3914 0.9691988439364354
3915 0.5553318120411673
3916 0.09066585001045173
3917 0.008249164388153093
3918 0.1288743205326834
3919 0.11717378048530244
3920 0.3437419481491687
3921 0.8090103820153594
3922 0.1539993147779091
3923 0.026797269787304876
3924 0.0010214527220122522
3925 0.3530682757709528
3926 1.14021674448647
3927 0.880018089636879
3928 1.162565938645019
3929 1.1483968443819323
3930 1.592611695465699
3931 1.3179346524760762
3932 0.41455152323877253
3933 0.22443639377514016
3934 0.3567463566358893
3935 0.13744849276079296
3936 0.08093823004563369
3937 0.42555835395381114
3938 0.846716092290677
3939 0.5810868610839672
3940 0.5715540988760822
3941 0.4837252060314743
3942 0.1240330233508353
3943 0.000932514439209339
3944 0.007436461480568721
3945 0.0007047414277726231
3946 0.0016319373335911904
3947 0.07550817740583822
3948 0.37472403093934675
3949 0.3496477284861241
3950 0.28959467683728685
3951 0.2836838820843274
3952 0.38124999411533206
3953 0.6157157389099062
3954 1.1862099758544407
3955 2.4013390091932694
3956 2.331926761891456
3957 1.7374226631982543
3958 1.8555464312830678
3959 0.9280027129114178
3960 0.30588570590039027
3961 0.36461644435086216
3962 0.7729937657062522
3963 0.6272649360696025
3964 0.92912791980574
3965 1.466576119784459
3966 1.5708062624586103
3967 1.3449730368885737
3968 1.99360071645762
3969 2.1482066089101863
3970 1.7044059112592993
3971 1.0194482817535429
3972 0.27082018243830064
3973 0.030825715327640106
3974 0.016634156186109538
3975 0.31631295242240914
3976 0.7303726893797196
3977 0.3395106869197119
3978 0.18064720326568257
3979 0.04771328841240903
3980 0.029071173239798704
3981 0.16181049486646124
3982 0.34905470966084184
3983 0.6022736968823268
3984 1.2864826964545415
3985 0.9904865010087642
3986 0.996743621307971
3987 0.4551767339694533
3988 0.04131542327923818
3989 0.07684449923859213
3990 0.3684644531356619
3991 0.26902552345962816
3992 0.18288770096777995
3993 0.4343948633450068
3994 1.1183505063990977
3995 0.7292773200430706
3996 0.6913566841576397
3997 1.098267711798707
3998 0.7372324959922869
3999 0.5009469716299346
4000 1.1245328126156122
4001 1.168987793903385
4002 1.721927833304557
4003 1.0294496620516298
4004 0.4609862014237292
4005 0.37828010208447244
4006 0.24732505699609256
4007 0.1843508227624618
4008 0.08290828910147385
4009 0.08459031949290662
4010 0.03758966484164404
4011 0.030279100554384545
4012 0.043125064967565206
4013 0.12617991267188408
4014 0.26059909169735646
4015 0.17081340925223762
4016 0.655698995856783
4017 1.2685648092726496
4018 1.9119946836708743
4019 2.5110444344181384
4020 2.0422282879016973
4021 2.3159174665603506
4022 1.599618772709186
4023 2.0043527673369743
4024 0.9203550675065701
4025 0.9284694171219126
4026 0.5924296004048706
4027 0.8990281863816654
4028 1.2859344067004355
4029 2.6297948598817436
4030 2.8113565618562366
4031 2.524676693119253
4032 2.4556441841602132
4033 2.303233017577623
4034 1.7588397397954334
4035 0.9795807362546972
4036 0.4997326632920689
4037 0.1313569400806072
4038 0.3765502467689488
4039 0.050611181937903135
4040 0.0027521719569856395
4041 0.039064337875776685
4042 0.002167587299290218
4043 0.02847031048288745
4044 0.29134203543840126
4045 0.08094623034412525
4046 0.012026376303785365
4047 0.12478976407777084
4048 0.19630808173050787
4049 0.23260537165422207
4050 0.2830757362775785
4051 0.2328945473481691
4052 0.13250040262802415
4053 0.07405950124025532
4054 0.013882266000760028
4055 0.007618426613841624
4056 0.02450963280063477
4057 0.08444064377386896
4058 0.44119054030510896
4059 0.9808181960259914
4060 0.4044594410718566
4061 0.4980385984361065
4062 0.8670319365214731
4063 1.0701131790670304
4064 1.3507373115262276
4065 1.4493883427169454
4066 1.0516617520100755
4067 0.31737376080765217
4068 0.11077384220299867
4069 0.30735342430104423
4070 0.370132144347294
4071 0.4761143403829844
4072 0.14074846524682388
4073 0.07384590297774363
4074 0.0654162908550974
4075 0.004224099661137751
4076 0.0401028883556096
4077 0.3833055821717569
4078 0.5089130654870245
4079 0.3000404896086615
4080 1.1594792102175007
4081 2.3495475294838193
4082 2.5314418140461497
4083 3.9716829362399606
4084 2.54599509280648
4085 2.3179510057754347
4086 1.7585471908060961
4087 2.1880705965659857
4088 1.4443884504826177
4089 1.3053793412796957
4090 1.2079442472437363
4091 1.5283770216841637
4092 1.4444274822684366
4093 1.6936077497003734
4094 1.68723891748476
4095 1.6683703960896166
