 0
0 0.2580615945053228
1 0.0011963382409039033
2 0.01666402933045249
3 0.0001888721154979133
4 0.018713223011618336
5 0.11149750545641245
6 0.41668884654458543
7 1.2083124529714058
8 0.9637588405839754
9 0.785648831553375
10 0.8276864456289146
11 0.49467722839980566
12 0.475475551147488
13 0.18365784520726544
14 0.13326907642241204
15 0.1689498395464392
16 0.33959010519675653
17 0.8668317310464567
18 1.1344518717353644
19 1.0744499874468425
20 0.537996335226617
21 0.5414285083860166
22 1.2901987056760658
23 1.6652830649711055
24 1.8830458964390684
25 1.1324920464495856
26 0.9943778036834802
27 0.5583709910952287
28 2.106595254146851
29 2.6042252263672125
30 2.321746750341741
31 2.4009601383685255
32 2.9515706921870613
33 5.137009692461235
34 4.963178994093945
35 3.1493249320233696
36 3.3584687025680617
37 4.085214715418472
38 4.099940287850941
39 4.008519311170343
40 4.308515253655356
41 2.8709849822593245
42 1.938459852797914
43 0.8544520135111133
44 0.9586544104136949
45 0.49573365956267335
46 0.7500016683069956
47 1.0295874488553085
48 0.42929942028875556
49 0.2882981727950627
50 0.46974757370413267
51 0.3309635764788781
52 0.3339821562373577
53 0.421056674579874
54 0.6627217984673759
55 0.3738657011948898
56 0.2924789631091974
57 0.48854090846547704
58 0.6100007071581985
59 0.8642240753440531
60 0.36479493275994507
61 0.580781070578627
62 0.26327480939893505
63 0.10866767003683234
64 0.0628731314526759
65 0.02668997794378945
66 0.03235609180804511
67 0.005951458479649939
68 0.001607855915600162
69 0.031787203977968144
70 0.3126949926573714
71 0.8691680742211765
72 0.7857866325898146
73 1.0500177718910866
74 1.7059056889567454
75 1.2550794688004332
76 0.5686830990821703
77 0.17487040401653312
78 0.04375350771223034
79 0.1237872420281159
80 0.5936821797676065
81 0.8192251026028705
82 0.822019835009746
83 1.0511809756499664
84 0.7024114930947033
85 0.5566698408667847
86 1.402709884337783
87 1.8983377853594454
88 1.7989903792290425
89 1.5829894013261787
90 1.6986248263690933
91 1.874555930807736
92 3.1176378812422922
93 3.184176327466283
94 3.0452968467025423
95 3.1891555274047425
96 5.56573437272002
97 6.280719792498036
98 5.581169006960423
99 3.816175268848993
100 4.922197021355503
101 5.437298415676585
102 4.595008436206441
103 3.9490768047589557
104 3.0727730042930044
105 2.2114072738088857
106 0.9779527311041473
107 0.6288646217905688
108 0.40486676196661936
109 0.07130623596405097
110 0.16537366640822387
111 0.21736965542954093
112 0.20142144712871587
113 0.17631591975274766
114 0.1951855192966261
115 0.3878602319063205
116 0.3692190035221599
117 0.4781063130993205
118 0.567863098978581
119 0.5182840026594123
120 0.5976579509381617
121 0.7377861056616222
122 0.5401261285582808
123 0.39509030326503025
124 0.1928975006705742
125 0.23138335926294346
126 0.026311429133483052
127 0.004028015482619684
128 0.00046079721013454956
129 0.11646630128046476
130 0.007027790003898309
131 0.09408580897897327
132 0.268754430104422
133 0.00782945706294331
134 0.12606832146387265
135 0.39401183904461745
136 0.19055648782214746
137 0.09393061428831702
138 0.3585370229318536
139 0.26781462558977726
140 0.3793707683874248
141 0.4295607879365089
142 0.5929190450286822
143 0.5750970305770136
144 0.8738602656238199
145 0.825393919820555
146 0.4079850794536778
147 0.8383383623633921
148 1.2658721692012804
149 0.9187988319454868
150 1.3575152458438187
151 2.310614726194731
152 2.211701987937346
153 2.1174375542571156
154 1.651281347767361
155 1.866162478949316
156 2.7824224616900453
157 3.254305049047678
158 4.318874912471441
159 6.124248451265297
160 9.274338087370255
161 9.168290328702616
162 6.468742411569994
163 5.641280382779263
164 6.247683261176785
165 4.696219121108509
166 4.084516963293959
167 2.8025675650948676
168 1.491212020252048
169 1.2584372602646339
170 0.6196169665474793
171 0.24049447836941418
172 0.05788383292813665
173 0.006663218317952902
174 0.003045818355543772
175 0.0331243209208368
176 0.017813901710837757
177 0.04529876946023329
178 0.12911943508419435
179 0.48166671372337494
180 0.3740505875439234
181 0.1464093824768157
182 0.13421102268153318
183 0.4269092781840474
184 0.521888288447723
185 0.6148962596326681
186 0.2413164382016882
187 0.006153035203116217
188 0.0009081912281205367
189 0.01841936595311314
190 0.03782673844025009
191 0.002414429057330529
192 0.01534412871537425
193 0.4512400599701688
194 0.001984328819043771
195 0.051399227354046145
196 0.06842907730075988
197 0.5311779944955055
198 0.2921701240884353
199 0.22721177045527963
200 0.08519560775058127
201 0.13529539540063634
202 0.03412607606076512
203 0.20271930430917107
204 0.2849307893373301
205 0.19026666194543013
206 0.02251999060224613
207 0.15659726355374864
208 0.34307930658970304
209 0.1157053136211394
210 0.15972364541145348
211 1.0217527826914987
212 1.1033824528948597
213 1.1143255139493142
214 1.9983129122307408
215 2.130653744685708
216 2.0548352457590973
217 1.9841565686537885
218 2.8443464303456945
219 2.8685000179272437
220 3.592070364213808
221 5.058223275352336
222 7.093564934962135
223 8.128017679380095
224 9.38990176601654
225 5.335837347345486
226 3.9466400598668336
227 4.656762917321467
228 3.358426857483756
229 3.8899366031155984
230 3.740682652144754
231 2.6507833727536734
232 1.4793938719088735
233 0.9937167826356559
234 1.0484588347332453
235 0.7538569810834496
236 0.3710428672361434
237 0.05958215987030979
238 0.1108411741391074
239 0.12049527291416447
240 0.007851951576283935
241 0.0005148462560167178
242 0.0029295898513260876
243 0.07460836821083863
244 0.010039801008150844
245 0.002648122338972916
246 0.015546396767881781
247 0.24465426794805556
248 0.5992540923551476
249 0.6657560969451553
250 0.11821818474775188
251 0.00017211977479165259
252 0.0651304430825939
253 0.013228010177737925
254 0.04555184926718499
255 0.10075235387060895
256 0.0015489854051454223
257 0.696412178227028
258 0.10470688207533001
259 0.031245963859104352
260 0.0031264145681842033
261 0.8659892598806117
262 0.8161987159554553
263 0.8535211210943161
264 1.4719699090683531
265 1.40837830324103
266 1.176192205519812
267 2.945052246353218
268 3.4001855472890914
269 2.709587021558703
270 1.678387731236138
271 0.920438482711463
272 0.21776028974260236
273 0.38391104816838845
274 0.16570370213804067
275 0.0004400398085040062
276 0.3844438695226005
277 0.7626516153848225
278 1.7240326449397385
279 1.612902827724547
280 1.690071947055751
281 2.2671112931615305
282 3.2716322003307527
283 3.508807457084637
284 5.13019792018745
285 5.53901067304169
286 6.420129905008328
287 6.813873044160475
288 6.3389958246395475
289 4.045363482004771
290 2.4578231036928804
291 2.724713632011902
292 2.256020553669644
293 3.995905910936838
294 3.4959756428937694
295 3.1408737138964864
296 2.4476724421345333
297 1.5038785495317064
298 1.5559354117921906
299 1.3769816409523028
300 0.5128663499955514
301 0.33754482692059096
302 0.1770050688021555
303 0.14852828578048974
304 0.01874797058997472
305 0.015965520199731336
306 0.022629638628355184
307 0.005069876113082557
308 0.10988113292131331
309 0.24476073575447546
310 0.013449408840426226
311 0.12179806934530724
312 0.26837288091471895
313 0.6482385986059763
314 0.1638604025046362
315 0.24979248101581483
316 0.38076341979696204
317 0.25943814659090664
318 0.15541140529610556
319 0.1255718019483831
320 4.123383357811216e-06
321 0.09100675779650691
322 0.21684488007784594
323 0.0007179904814536246
324 0.017972481835720797
325 1.173547078925762
326 2.0734035633578634
327 2.929709643107442
328 3.2142464138911255
329 4.024054961842355
330 3.557697386766076
331 4.829982904034592
332 4.391849430124438
333 5.911743114355933
334 5.424985508877111
335 4.60642256197435
336 2.9654169968360375
337 1.823586456042443
338 0.5002596232360008
339 0.48605778333781696
340 0.4735570746506808
341 0.00012631351509160364
342 0.2143769516265518
343 0.28334756658825994
344 0.5796799469698976
345 1.0255236946638282
346 1.4347566049984195
347 3.562901806283102
348 5.141968675892807
349 4.908346383627005
350 3.4698937886663717
351 3.2085462124946877
352 3.633393450709653
353 2.987716668694516
354 1.6884343871715202
355 1.7963472952114563
356 1.7337065328701287
357 2.1947418870503763
358 2.8556230081392773
359 3.8841481156840176
360 4.982844783217875
361 3.1049266982407544
362 1.7276688452270774
363 0.9713169395774672
364 0.7263392354728467
365 0.475429482870043
366 0.2899818464298408
367 0.16791033436667965
368 0.0456372655030053
369 0.010452611932782426
370 0.08218314472474605
371 0.2193079848907738
372 0.3456725948868124
373 0.702109358531647
374 0.0033850368663062846
375 0.06367813032182443
376 0.14190750125670368
377 0.5102384444919188
378 0.6126072982928779
379 0.5972247676682436
380 0.5476002911707947
381 0.6833574862455721
382 0.5558374385770115
383 0.1435258069552667
384 0.0376839228764389
385 0.00012162150126300019
386 0.0499421541480129
387 0.09631168163672088
388 0.008742778241298833
389 0.38439061867220004
390 3.203820148020171
391 4.523927329110825
392 5.643223594534912
393 6.285855735086799
394 6.0516256824222205
395 6.065770282543908
396 5.695865256969039
397 9.093955283283524
398 7.524373131942859
399 5.6733189303931715
400 4.454259688020244
401 3.2529770542056458
402 1.8488866244326483
403 0.7245738327483336
404 0.0868281281848701
405 0.021463556819885755
406 0.01766472164189635
407 0.20180614267245583
408 0.21552356905923864
409 0.37224076023936087
410 1.189386984034626
411 1.9208884217936653
412 4.626126763372935
413 4.512635818347233
414 2.9656490046364934
415 1.8262691604286492
416 1.1405550070189578
417 1.0765119531523577
418 0.48189543718213756
419 0.7356338164827841
420 1.096171970106142
421 1.1804060544394785
422 1.512448324542829
423 1.9597509627306453
424 2.2371878544116215
425 1.8114779591417032
426 1.137782295609081
427 0.5003710627786617
428 0.12009311856871438
429 0.09760674364214082
430 0.0034307600313685247
431 0.10514998386800715
432 0.0012956458682763714
433 0.08694176780651741
434 0.2502089006456411
435 0.3070806288719523
436 0.5585369382432407
437 0.22702595278469692
438 0.027142262365068403
439 0.0552393377004454
440 0.00017387019902760732
441 0.016512746774491344
442 0.18343464200814635
443 0.12635087895847905
444 0.1564084847691279
445 0.09330486833403648
446 0.018307717064440995
447 0.02123710329906059
448 0.09688344170269488
449 0.020286516605081937
450 0.06181223189100813
451 0.03433500465944319
452 0.09303640346575853
453 0.2019035644477563
454 1.5524539035458653
455 4.452962937107306
456 6.23200955139433
457 6.764922396737129
458 5.841304636355606
459 7.154282816809288
460 7.657094379505214
461 11.190424924860176
462 7.816428551771244
463 7.717944802942832
464 7.9600450001658745
465 6.84226894884919
466 3.381836416345351
467 0.933264524669435
468 0.02597055661841622
469 0.004840795452738079
470 0.0003042536573763135
471 0.08736482548393851
472 0.05781472685655043
473 0.13860651657560544
474 0.6356356009849643
475 1.1159722880722722
476 1.6196581007297937
477 1.6893123301826947
478 0.9601717230430522
479 1.167510454291282
480 0.5998324215987242
481 0.07148561089875648
482 0.0019549278172912303
483 0.07142148702680506
484 0.42215693075507804
485 0.8965687308253745
486 1.1120644146898937
487 0.900350395044813
488 0.5769675163993749
489 0.16473320086588933
490 0.011815659968178733
491 0.13506814795406308
492 0.17975811589870472
493 0.5358953433916696
494 0.13750532154632863
495 0.002975394920131067
496 0.04582168533695934
497 0.02776836515599022
498 0.23933139294422148
499 0.26022889420099204
500 1.1944244152152605
501 0.2029305417921927
502 0.1508326540052446
503 0.28806442796882875
504 0.36452763783141906
505 0.1372997451703665
506 0.06400486816659282
507 0.02875668963254683
508 0.02800332926716922
509 0.009039666590710132
510 0.4029933993832071
511 0.44417254482217927
512 0.007450496477713977
513 0.03895609969732172
514 0.07433053822853918
515 0.29575885702401966
516 0.0004682397639149386
517 0.17842326505182737
518 1.16927754640442
519 3.554584613284482
520 6.412272633817969
521 6.7772972638765685
522 5.492960483804238
523 7.579166842576545
524 8.443335672944492
525 8.421531548994306
526 7.916816396221656
527 8.481231224893106
528 7.279490006305883
529 6.576080075291514
530 4.869305244495943
531 1.7492940453624177
532 0.48193877724572043
533 0.335041634408947
534 0.13634004416253373
535 0.12308992357745793
536 0.05505255550201446
537 0.08941849303714094
538 0.6722585952603742
539 0.22868306322087842
540 0.4955550081918723
541 0.7202229225070509
542 0.1985067165863957
543 0.11031379780444636
544 0.010860636519771063
545 0.0007144014180725587
546 0.0013412544547189555
547 0.1533192534625107
548 0.3971307268793575
549 0.24769087298563158
550 0.1256087197356324
551 0.15667974326085177
552 0.5288083411091077
553 0.0580079308745912
554 1.3918537011839659e-05
555 0.381309756718066
556 0.8412596625972765
557 0.8996533430096699
558 0.49280773422927593
559 0.0009317604450739011
560 0.0827834772073469
561 0.22490943260333152
562 0.4077741363816314
563 0.5920147919026553
564 1.754975634527669
565 0.7479375488587681
566 0.5080956095467226
567 1.0711401973387291
568 1.3303966866604624
569 0.9007659919609416
570 0.3953891555538807
571 0.24015167994793704
572 0.04418874545379365
573 0.25393187166448555
574 0.5725818594734249
575 1.0745031301686594
576 0.07400204379298106
577 0.156301954432072
578 0.030014102612786663
579 0.4812184062094078
580 0.5144687620167879
581 0.00012425737178444816
582 0.26718167261144105
583 0.40806769805786525
584 3.086678267391687
585 3.428752576073669
586 2.93211749728742
587 4.5249010192150925
588 4.083093594979047
589 3.9364648107248694
590 5.083081149213893
591 5.762184108870974
592 5.236094739909282
593 4.07036855128096
594 3.070969056459105
595 1.7624380199078267
596 1.151978000841194
597 1.0147326523616247
598 1.2281615482087611
599 1.6564868571292835
600 1.709049953309506
601 0.345267107692191
602 0.004237424840223515
603 0.01357616784708967
604 0.059759089718362995
605 0.01662597066903405
606 0.14490593434026364
607 0.004742949000263848
608 0.061350748342756035
609 0.07884506276983941
610 0.18499226719360504
611 0.08162225899996302
612 0.0017600454975290438
613 0.003855771124119546
614 0.02664358863582943
615 0.3843799982767671
616 0.3377404373741454
617 1.497967318016968e-08
618 0.08272348652626176
619 0.4477239001482885
620 0.3952392609624092
621 0.9070868265714159
622 0.4013671870440869
623 0.007730305909177217
624 0.04689490773813172
625 0.488139097542575
626 1.0893358340159478
627 1.7441619129316062
628 2.9325525358675257
629 1.205122143588336
630 1.0447597483281286
631 1.7664709855590681
632 1.3550247104882098
633 1.087695607414583
634 0.5561274329163856
635 0.9332982583894871
636 0.6845171004062237
637 0.6692323458879502
638 0.7355527862051673
639 1.5448065962816298
640 0.07115218126423518
641 0.24599499634690472
642 0.19885005633633354
643 0.012291025900804883
644 0.7716280482321937
645 0.22750633302679885
646 0.002436651841434367
647 0.0007318062046123027
648 0.2748440981878218
649 0.624815152935856
650 0.6639518067093771
651 1.178412943823291
652 0.7841009463604626
653 1.3582467343698104
654 2.3633440269571997
655 3.8120973965441327
656 3.689876355879759
657 3.4049506026583614
658 2.4336116210486183
659 1.904854746613245
660 1.6925203987085136
661 1.6215101890813812
662 2.3098556563630512
663 1.7866890126693513
664 1.223018885793853
665 0.26687907879288236
666 0.007332238755699136
667 0.02129465727096592
668 0.321088790618371
669 0.2729271740276203
670 0.10491585985372613
671 0.05198956115111894
672 0.14002991107788007
673 0.5947208332124612
674 0.4003449056402879
675 0.5395010189160209
676 0.1368319281258622
677 0.013009235294546458
678 0.04759868447437699
679 0.2612426923195485
680 0.14537291717785353
681 0.02714287466362283
682 0.021364654877244007
683 0.1580196591444862
684 0.22603125317214118
685 0.9233878390775968
686 0.45638075681121587
687 0.15915479799158846
688 0.5841906371213024
689 0.899127667859246
690 2.6380726737085447
691 2.8592501237022088
692 5.1747632940011234
693 3.273191744544645
694 2.2826681579309764
695 5.385096701759448
696 3.7365184348742306
697 4.2792073649655356
698 3.7022248878904684
699 2.529576482401783
700 1.115061563700167
701 1.0453744867041914
702 1.836410207480543
703 2.5996607689541174
704 0.008438034318704862
705 0.04596838491484781
706 0.09237881895041578
707 0.0029259824447339694
708 0.1852027198026844
709 0.24857335452844043
710 0.06776994702050686
711 0.08686274499196928
712 0.24592881838719738
713 0.22495831289215631
714 0.001569844416806855
715 0.03212209128416334
716 0.08406235215382563
717 0.47841667929505094
718 1.2111366271167447
719 2.588801764439353
720 3.2209537610171393
721 2.630153493140846
722 1.4176916789401102
723 1.2157158586562464
724 1.3287552298593612
725 1.1510263977873323
726 3.038663841471783
727 2.356059656185844
728 1.52911354017465
729 0.18076465972811578
730 0.007133098415392652
731 0.04235238925625597
732 0.689968892317504
733 0.685445289716858
734 0.12702171360297507
735 0.0484302001827958
736 0.35552245653121145
737 0.280018114782756
738 0.017515765500752976
739 0.03875042517182144
740 0.1068178563097119
741 0.049633912993277934
742 0.06487060009818492
743 0.00021185245336940309
744 0.10370443747664958
745 0.19742589053459003
746 0.2460764118418256
747 0.17897134220487879
748 0.38533399764669585
749 2.0150549830916615
750 2.451908292174901
751 1.3178915403424365
752 1.9858505081225437
753 2.985667040759696
754 4.110029224818713
755 3.892989373193247
756 4.501064284035491
757 4.293361308748908
758 3.736093797360378
759 6.627408124851611
760 5.930754204899667
761 6.962727487759379
762 6.639091288695138
763 4.529186268465172
764 2.5240291759914864
765 2.9722892505097676
766 3.062575124140209
767 2.6198888156245848
768 0.00236811836379628
769 0.05067267863292809
770 0.07628423041763163
771 0.007420745237588816
772 0.01453059674181347
773 0.02105620612825512
774 0.06769226648824243
775 0.00037112581951215403
776 1.7038130344991211
777 1.1468755375317563
778 0.5775972174194275
779 0.03359505796584868
780 0.03586418549038366
781 0.00453241129478109
782 0.4008775989191293
783 1.2908666186788476
784 1.640764380599296
785 1.3779158018780453
786 1.1980102684909855
787 1.490364086089358
788 2.650740459102802
789 3.489913168057395
790 4.565259115490448
791 3.7223644518503427
792 1.922143356509691
793 0.7615159399424506
794 0.46771782509141085
795 0.29326031546054565
796 0.06741910084646614
797 2.786963159437069e-05
798 0.21997232274560402
799 0.08710526810926289
800 0.11785107456117364
801 0.0648382212986599
802 0.0013096104890338342
803 0.17079035237557372
804 0.11722953217553352
805 0.015283116890533301
806 0.01013604455673817
807 0.0020271258504360257
808 0.04498729432746262
809 0.11154405315735826
810 0.188514716606936
811 0.1959726517599265
812 0.5849477992852976
813 1.8554043620699723
814 2.006931285149263
815 1.3358375154977944
816 2.283756610153837
817 3.2298531663131707
818 4.666198429639653
819 3.932122563894407
820 4.42631628048521
821 4.570682255439325
822 4.309450941321706
823 6.188336355421771
824 6.810035636052952
825 8.789109054783395
826 12.07724552016349
827 7.974236145261026
828 7.088248293577492
829 6.889809422869811
830 6.0017046222674795
831 6.463649173789629
832 0.08200275352388046
833 0.1653489924771673
834 0.3907731277440291
835 0.24741335168311862
836 1.061226641256953
837 1.457511768771597
838 0.47060554208513866
839 0.5620212207517674
840 3.7357522743466287
841 4.349690929829989
842 2.97616511451165
843 1.8399348533118505
844 1.0149808830609899
845 0.1899362804329627
846 0.031766138910600095
847 0.10415394486016376
848 0.5213597287755125
849 1.3461989218386285
850 1.6297975207832185
851 1.6014313832940423
852 3.6291498099640394
853 4.172589597556339
854 5.03087042088202
855 3.378886859636802
856 2.0438689328076545
857 0.4133930959803156
858 0.22070066891558354
859 0.7499520039985782
860 0.40020459445254003
861 0.19891398391525805
862 0.3495373747635812
863 0.871693442312017
864 0.4797026403128152
865 0.8276296835953629
866 0.3882891969711433
867 0.707597793051162
868 0.4820310632623272
869 0.5815402828583309
870 1.6224717498959895
871 0.9786279699992246
872 0.19824609369287816
873 0.21495083793786834
874 0.3971063962485197
875 1.2089958270518855
876 2.1703610144796843
877 2.5413813298816983
878 3.1832141671679666
879 3.521151684500449
880 4.543876612195026
881 7.253234975719169
882 7.4410805363966945
883 5.785315129363656
884 6.92566647967154
885 6.378473620846164
886 8.102553430076647
887 8.752601915832184
888 9.078928870444265
889 10.96711940900784
890 11.858404709948246
891 11.535480853715486
892 9.020679242189228
893 11.709994972439981
894 12.389018464282724
895 11.999179898988018
896 0.01384114006294348
897 0.626010820402111
898 1.4511422084476155
899 1.3876363035273662
900 1.5826287802787944
901 2.2054621624153405
902 3.277652246819977
903 5.91673892308743
904 4.726905396549059
905 5.432568442481927
906 7.690851462707379
907 5.422521982702973
908 3.427230168150975
909 1.4020276205529125
910 0.4748490199878573
911 0.04592220618209155
912 0.21311727199444466
913 1.7312616675383317
914 1.8905381129247503
915 2.2890177272054335
916 2.2365250104063534
917 3.5679971194756863
918 4.122816385678676
919 2.082654975176779
920 0.6766620836068161
921 0.21789696210019702
922 0.08414745728762281
923 0.6545752560158583
924 0.5153547491201946
925 0.03440209613109285
926 0.16886914093390376
927 0.27372428140025457
928 0.3318062227043778
929 0.28039322393664085
930 0.2315234840330825
931 1.1028934323899935
932 0.6739802117645931
933 1.387159996324602
934 5.045515724755525
935 5.276824348541497
936 4.41905759580987
937 3.6161934083502705
938 2.1551541760614112
939 3.656392965800928
940 5.041678946854591
941 6.568815385589386
942 7.5307653478105125
943 7.383083076405756
944 9.023158649635082
945 11.822184208172597
946 13.521874306164326
947 10.321299160140793
948 10.36468997088614
949 8.458248296690286
950 8.189809863183397
951 10.067775094101108
952 14.697106043451322
953 15.015564551411071
954 15.145765357811504
955 13.120233797518356
956 13.457721080428497
957 15.747594686157015
958 16.998217017391642
959 14.60108692683407
960 0.09988847305800048
961 0.7776811344993249
962 1.9077072847499192
963 1.8049746388135055
964 1.9002903634351251
965 3.188655578133138
966 6.1775123249279424
967 7.815492795389048
968 5.717749714366327
969 4.529283316854419
970 6.737401554686946
971 9.468590276676501
972 5.9988584610309585
973 3.1789322750943
974 2.054882161908297
975 0.9368630723794874
976 0.10003333756083638
977 0.050247161221623204
978 0.41459642845960964
979 0.7158467799933677
980 1.0587757275486447
981 1.5817745344429077
982 1.910604209312849
983 0.9171922530539115
984 0.4509471948080166
985 0.059121420398765924
986 0.022039732501860594
987 0.00018258191220761372
988 0.006364659597702412
989 0.07000170941643448
990 0.13402042317175672
991 0.2033826200267758
992 0.41007101327711887
993 0.2464958892615749
994 0.05162404200304234
995 0.4813778510011025
996 0.1523933260727576
997 1.6602780693549324
998 5.71191780439896
999 7.7961469466242574
1000 7.035760418410495
1001 5.781132547879613
1002 3.931434579427445
1003 4.657791049082822
1004 3.7476282637443257
1005 7.016779602542153
1006 7.0687567676225695
1007 5.958880117541706
1008 8.425918722286042
1009 13.87006742711098
1010 14.841544807977735
1011 11.362852923871527
1012 10.51566141249603
1013 9.155363606546214
1014 8.642471009934937
1015 12.629924965899695
1016 18.991112239414804
1017 16.566914630049574
1018 14.43135566183318
1019 12.309707745857834
1020 11.906787559851237
1021 17.353677113082924
1022 15.858205610750636
1023 12.544507119054478
1024 0.4257995808302839
1025 1.1074448316737846
1026 2.623598600979548
1027 2.288005604988232
1028 3.5856008921736247
1029 5.624932301841842
1030 6.00185197976877
1031 5.6915531969479565
1032 7.050647216170505
1033 7.047888056070198
1034 6.843055821053023
1035 10.492712454315432
1036 10.517450610281827
1037 6.676094622894334
1038 4.442457792106984
1039 2.8799135527523045
1040 1.374208620864347
1041 0.37443039307957066
1042 0.11481254800208898
1043 0.054262947279893545
1044 0.5085996105765704
1045 0.9302029031145757
1046 1.4766752829390875
1047 0.6048230307307902
1048 0.19131893229877384
1049 0.25062261641487943
1050 0.09144542701206294
1051 0.28631131685833794
1052 0.6404288876889808
1053 0.7233271617578696
1054 0.4315392650457342
1055 0.32161815938661187
1056 1.0218761672493857
1057 0.690728166109622
1058 0.062261526938307055
1059 0.07316767497345372
1060 0.035682099032372586
1061 1.316624029886445
1062 4.999639027071472
1063 8.05560353920279
1064 6.487319852701181
1065 5.822110024527284
1066 5.112409083516618
1067 3.9692076954517153
1068 3.818372970170456
1069 7.437552888982215
1070 8.58687708073685
1071 6.652038038406605
1072 9.818749589009164
1073 14.85549256847192
1074 13.55119252099953
1075 13.625324323165756
1076 13.120568677409754
1077 13.199240522361816
1078 12.012220277005001
1079 14.681748343526552
1080 15.82512886466613
1081 16.33673075642675
1082 14.28632178239822
1083 14.2324362018061
1084 12.705390434686995
1085 13.291149697746635
1086 14.185931537100819
1087 10.99828843105443
1088 0.8307067904130467
1089 1.0876553207690294
1090 2.5252539144596833
1091 3.14871686050358
1092 6.464332106754631
1093 7.851387290576004
1094 6.53237099351941
1095 6.532157344326152
1096 8.499355184917194
1097 16.40948466351675
1098 13.847277121424874
1099 9.506983023256904
1100 11.569509007361013
1101 11.883032766360316
1102 8.059589083386289
1103 4.788580139292115
1104 3.1614595104469214
1105 2.2653369911262704
1106 1.179236271151442
1107 0.34662694528829646
1108 0.11668030259358071
1109 0.002198571223182014
1110 0.0016200873958602054
1111 0.0906378386646143
1112 0.2350191426456442
1113 0.499468101187751
1114 0.2367837745617705
1115 0.06038654406812271
1116 0.31947276109729283
1117 0.3442957992155698
1118 0.2306447801601287
1119 0.006262702218797386
1120 0.3623695297732958
1121 0.16625911869853804
1122 0.29616501363975173
1123 2.424986894445893
1124 2.0711033867123114
1125 0.08397004743306326
1126 3.5840144073486706
1127 6.392043774419191
1128 5.247528307411364
1129 7.11052712567503
1130 11.10392100136193
1131 7.583472847239312
1132 7.046174255835045
1133 8.82915905303349
1134 10.412339685343511
1135 10.899330314665225
1136 12.79382697648968
1137 17.23099414066669
1138 16.044119105991506
1139 16.554043009169174
1140 17.409105413673498
1141 16.62495496884396
1142 14.595436603766814
1143 14.439508900995486
1144 13.02936514201807
1145 11.94516968311015
1146 12.796210364422825
1147 12.201724038256986
1148 13.646968196243568
1149 12.503753207431922
1150 10.538455204337929
1151 9.95662560429441
1152 0.44371361617193184
1153 0.7073378920278902
1154 1.4445634033588228
1155 2.8525230801776185
1156 5.728094821407212
1157 8.026803757404807
1158 9.820666522206865
1159 12.078010311613149
1160 14.166576111049945
1161 17.380262705803084
1162 17.41439987031483
1163 13.175393785112352
1164 12.0953484853429
1165 13.308764724253052
1166 12.93597315983812
1167 8.798327119447288
1168 8.311567849470622
1169 6.899665801822129
1170 6.485696511818446
1171 4.217996346959823
1172 3.9787399536041215
1173 2.0754471621973334
1174 0.9825500374761206
1175 1.2467307833675811
1176 1.8626307988773099
1177 1.7888370891579377
1178 2.3655356440474775
1179 0.7628908295983887
1180 0.3094949000872317
1181 0.22078998467898894
1182 0.5478017763576797
1183 0.6464179144157286
1184 0.1845510078196863
1185 0.34292191500563013
1186 2.109586665789166
1187 4.540652404300102
1188 3.6903832205239224
1189 1.392560061912946
1190 0.09912414633380713
1191 2.3510076182322157
1192 3.4963485109696553
1193 4.25439155024788
1194 7.389603190541295
1195 10.037868655007477
1196 7.896646803183125
1197 7.888126397978895
1198 9.815999553267277
1199 10.096025492186604
1200 13.566405648589434
1201 16.21522779293629
1202 16.804680252331835
1203 18.79133719474065
1204 22.05385952385666
1205 20.825317737857798
1206 16.104216342205508
1207 16.66226652617357
1208 12.868717396017212
1209 9.84263980191369
1210 10.235927454762697
1211 9.604077180854599
1212 11.282424491805784
1213 9.09605071688859
1214 9.67850187368773
1215 8.738130724298818
1216 0.29301348066379157
1217 0.4865486695202331
1218 0.8917454472376561
1219 2.5420501001409845
1220 6.463568502457061
1221 8.529758527483919
1222 12.531632216197305
1223 17.378778142290887
1224 19.92755289628075
1225 20.737362930842234
1226 20.245769430174175
1227 17.74684716192301
1228 15.59275209002585
1229 14.764411916227797
1230 14.44887336150202
1231 13.956237679412713
1232 11.238734315327134
1233 13.120356840020339
1234 13.916938521342722
1235 9.963055900576423
1236 6.403369079141912
1237 2.8182605079948218
1238 2.056097945868532
1239 1.9618396826916766
1240 3.461033102582719
1241 1.5232283951923977
1242 1.6134201806911448
1243 1.274151337421936
1244 1.5704721784045463
1245 2.8088323360879617
1246 2.487204430837964
1247 1.370441069167012
1248 2.9696315046820088
1249 4.165417380118681
1250 8.320388753475093
1251 7.52464920305651
1252 3.3283912951576378
1253 1.8499933770522259
1254 0.8860116504024057
1255 0.007404099672498881
1256 1.3362205310602038
1257 2.591585353205036
1258 4.969654173419003
1259 12.253193564840668
1260 9.69859658404943
1261 8.02304523449658
1262 11.337913396922515
1263 15.104883103260523
1264 18.318777223562904
1265 22.654035319228345
1266 23.3812485972738
1267 21.872596678644456
1268 25.546106764529927
1269 28.05884939991737
1270 22.344491200033545
1271 22.13356088500274
1272 17.703479937505797
1273 12.988638560587345
1274 11.569119041328648
1275 11.3914395535245
1276 10.069465535887096
1277 7.780186277202057
1278 7.321481170034571
1279 7.183326462442451
1280 0.656266098777416
1281 1.0132647322174302
1282 1.9682582790446796
1283 3.074775519708972
1284 7.063113375023342
1285 11.639249525167905
1286 17.88140842660659
1287 24.177062672322062
1288 23.9817037729356
1289 21.6534066526178
1290 18.85539493221659
1291 17.397942069894068
1292 19.017224712566183
1293 18.1173058939796
1294 17.85154506586866
1295 15.368486044891764
1296 17.60191190659984
1297 19.58582583550365
1298 17.254412906972046
1299 9.41761190494582
1300 6.558730141369862
1301 4.894016308594246
1302 3.9738609066033908
1303 3.041852556204798
1304 2.213589029858667
1305 0.7420033370971068
1306 0.27557587676409984
1307 0.5900130309269805
1308 1.002416244402427
1309 1.531974650906194
1310 1.4051573878557813
1311 2.176827181381893
1312 5.773998894049612
1313 10.764820625556952
1314 18.745172107806276
1315 14.896708834663917
1316 10.35917337522713
1317 3.615783239376277
1318 2.813841596676912
1319 0.03326371704578273
1320 0.48049624270036334
1321 3.044568093339595
1322 3.630139334182139
1323 9.049108829122357
1324 8.701537628326806
1325 7.764961535915149
1326 12.145562819512495
1327 14.63270966987962
1328 20.17490033312293
1329 21.00336461667346
1330 24.094948019746003
1331 21.873665833787648
1332 25.317822831512277
1333 32.4174130149216
1334 25.919876512890955
1335 23.39389017935453
1336 20.546766010785888
1337 18.16964839674435
1338 16.18925640003091
1339 11.934035881413262
1340 10.699445855296656
1341 7.746445423200116
1342 6.6571027246530186
1343 6.529101261017266
1344 0.4812346469712582
1345 1.3000899112670692
1346 2.1369284228852403
1347 4.388769989081047
1348 10.21296008333723
1349 15.377724848874035
1350 21.90368877249502
1351 29.253809258254282
1352 28.19581478748891
1353 24.342327893259277
1354 25.963223275117276
1355 22.008888202466988
1356 25.157804882955993
1357 27.003579758351318
1358 22.4791545942898
1359 20.60862177744314
1360 20.263221242304507
1361 19.573574321556418
1362 16.99296897539126
1363 11.20900512991691
1364 7.264587821324824
1365 6.8834104080393805
1366 5.499215067726092
1367 4.8994717889164985
1368 1.332072935385321
1369 0.08213434140098776
1370 0.014196544737048166
1371 2.661191689255107e-05
1372 0.06673258473955983
1373 0.29020366402850406
1374 0.7601267057361579
1375 1.861896067800312
1376 5.623975349014557
1377 11.526105189602776
1378 18.284502750253182
1379 17.328160454332544
1380 12.280638245856625
1381 6.543279038883276
1382 3.0293593932254543
1383 0.2744847379561303
1384 0.03196353275967966
1385 1.4777149626991737
1386 3.4868338662962475
1387 5.050772326507541
1388 6.726374031301839
1389 7.478759933119046
1390 11.023576922843803
1391 14.843656392074566
1392 14.609482400742143
1393 16.785528590645388
1394 18.77656864330609
1395 19.806553936910422
1396 20.520258350716396
1397 27.113966128542597
1398 23.638578130059766
1399 26.366314363568538
1400 18.5966438789672
1401 17.89783257480347
1402 14.475726558243577
1403 16.112398514033625
1404 11.860103999448405
1405 8.041365655384599
1406 6.094642199855785
1407 6.782531433979215
1408 0.445500919725887
1409 1.2128612118452025
1410 2.45231584437258
1411 5.58403840766466
1412 14.27975604886641
1413 18.657130768678783
1414 20.665865844441935
1415 28.694518211970724
1416 29.858626720443578
1417 31.151254769524428
1418 31.203987846879087
1419 29.022728590539348
1420 28.952358273898017
1421 36.657337481893705
1422 31.612618357332092
1423 25.529278633633623
1424 22.248177299318897
1425 20.724098206130314
1426 17.398256964715912
1427 12.314958183437842
1428 8.959428810015435
1429 6.670037510211743
1430 6.146083437128165
1431 3.785171634486808
1432 1.573527482701125
1433 0.1658056941985109
1434 0.09077260035298243
1435 0.04188788975859034
1436 0.003103435363044797
1437 0.2684851471159019
1438 1.273953496163351
1439 2.461485529381415
1440 5.222032170885158
1441 9.95877126083492
1442 12.187634245522345
1443 13.980802715797275
1444 9.070928937064263
1445 6.588112952705595
1446 3.161413188956867
1447 0.466605444612834
1448 0.4582519920738637
1449 0.4291073757977434
1450 3.2435113912560487
1451 4.657176196184206
1452 4.702389820256088
1453 6.035571574239614
1454 7.052071798126747
1455 7.975769303748527
1456 9.192493816747932
1457 11.560558275490664
1458 15.24670422520041
1459 13.847594152524652
1460 17.24867090787072
1461 20.692749400068944
1462 18.74419326943852
1463 19.7608730619843
1464 15.991592038674785
1465 14.824527124872477
1466 13.55099278883207
1467 12.394697283463934
1468 11.354738597517423
1469 10.766040802795398
1470 7.237610237908954
1471 6.647955512692547
1472 0.7308672893831845
1473 1.6596802204239083
1474 4.384517240836927
1475 7.366364708305255
1476 16.41417223031687
1477 21.29620527154847
1478 22.2384609068631
1479 29.282836327510882
1480 30.751319972545136
1481 35.79966616146552
1482 35.10230196342529
1483 37.47512076017352
1484 38.76963138783818
1485 39.46690429779184
1486 37.68209514601533
1487 31.789369708209957
1488 23.23236377245399
1489 21.09948552337303
1490 12.692434999980806
1491 11.467233877883519
1492 6.737405628075166
1493 3.337596817574671
1494 2.883516139601974
1495 2.316845597179063
1496 0.9730650511571148
1497 1.495203704225248
1498 1.4526645787627432
1499 0.26338612108262727
1500 0.12978748167499848
1501 0.021420638111669738
1502 0.4394456794607711
1503 1.5534389710978813
1504 2.5758309999923044
1505 4.518385556675445
1506 7.455778515436121
1507 8.607930576194253
1508 7.911962811370997
1509 6.295971868953788
1510 4.811750105971831
1511 1.804265602697548
1512 0.3967593194952128
1513 0.16701726797383457
1514 2.4157549331682238
1515 4.0511320064442415
1516 5.3061790910757605
1517 6.845771821553503
1518 6.184047836479005
1519 6.35856312528147
1520 6.304184625081553
1521 7.71685931089188
1522 10.301730246984965
1523 12.074383988962797
1524 14.051193399606582
1525 14.809219338139284
1526 15.535174179855558
1527 19.21010216540696
1528 18.369494479042313
1529 14.749268786984377
1530 15.396405947004421
1531 16.14850701948167
1532 12.84358295644043
1533 11.375194060572483
1534 7.629440723648662
1535 8.975036918226538
1536 1.8278997672977007
1537 2.624952944425411
1538 5.209161725621626
1539 8.46666505970255
1540 16.727465547632544
1541 20.917647047989043
1542 22.430562865157622
1543 27.872877465586395
1544 29.35471534846528
1545 35.291944422579505
1546 34.67991304999461
1547 41.534238804089
1548 45.84874432553301
1549 47.08878721564905
1550 39.07303535221843
1551 34.67248726019266
1552 27.309817563394873
1553 22.73383591785999
1554 17.399575954028244
1555 13.352430237195184
1556 7.206848974724323
1557 3.88371031851645
1558 2.4886495503628367
1559 1.5950795275562313
1560 1.0845349485400322
1561 1.0351057012299372
1562 1.6436266133908817
1563 0.5568397460368743
1564 0.17056126971278204
1565 0.49266653340026767
1566 0.0039029173988362528
1567 0.14053049308041568
1568 0.368933411781942
1569 1.7299570345769948
1570 4.151235096016542
1571 5.697732865810842
1572 7.342489636834031
1573 6.113894180393301
1574 3.6275002002564802
1575 2.313330855848815
1576 0.6080922789632691
1577 0.02852423515635619
1578 1.2234738877759042
1579 2.5579603409744895
1580 4.275152017077502
1581 5.005474313426685
1582 5.050311863893211
1583 4.861327746544156
1584 5.048770206907518
1585 6.653421755996975
1586 10.048735116635125
1587 11.971115875304806
1588 13.18169188669005
1589 15.469692703797577
1590 16.347788724667634
1591 17.483857996562534
1592 18.988682805506564
1593 19.318210996038758
1594 17.363995850947603
1595 18.416481836909878
1596 15.375397715635266
1597 12.813681219324998
1598 6.980516304015817
1599 8.244633876130774
1600 2.6555250955467593
1601 3.666747683693066
1602 5.600043741052095
1603 10.855414331164365
1604 17.575779337958014
1605 21.152735796872435
1606 24.054166745171237
1607 27.69801280318964
1608 32.88837745244242
1609 38.82990938508104
1610 34.72768072017368
1611 41.307877488016835
1612 49.90399393937023
1613 49.91407080890034
1614 47.7679740827679
1615 37.399054665620525
1616 27.276381928783785
1617 26.903432709836917
1618 23.785982760449954
1619 17.732490806716818
1620 12.683176552141138
1621 7.534018784496427
1622 4.701559217797773
1623 3.167462193454797
1624 1.9217593152123085
1625 1.3390296511847237
1626 0.9422386819098058
1627 0.4351474297250489
1628 0.004872161194327877
1629 0.20996539352103874
1630 0.024467407834796742
1631 0.04865711020249119
1632 0.27978407618449713
1633 0.22120252368700996
1634 0.2986673874671533
1635 0.9515724725272521
1636 2.561759474128285
1637 5.60559854887226
1638 4.104706963460452
1639 3.0285205433199067
1640 1.0666537098949431
1641 0.0011759006407093121
1642 0.7441788057377707
1643 2.1100943412650945
1644 3.5819407811794126
1645 4.12778793649337
1646 6.888340272742558
1647 6.471232296795813
1648 8.418540077991516
1649 13.279017350697709
1650 13.830595093479204
1651 14.924647058885137
1652 18.09148276985546
1653 22.941640003535166
1654 21.285418055569814
1655 19.332003367758208
1656 20.93245705536554
1657 23.23770631139766
1658 21.429699802744736
1659 25.5064352906057
1660 24.68148850383755
1661 15.280724788808286
1662 10.628418969580347
1663 9.456290697715213
1664 2.134849502838639
1665 3.3128601622631852
1666 6.798833143071599
1667 11.46799207579433
1668 14.57329020474651
1669 18.75805477691422
1670 22.807431919334082
1671 26.26147308442054
1672 30.261014215335244
1673 35.36377513070961
1674 38.627478658690784
1675 42.74879147228413
1676 52.92491414589215
1677 49.536679822157836
1678 53.673742119758785
1679 44.229535650306
1680 35.55880569639016
1681 32.321083615082344
1682 31.980656462862925
1683 22.65608755364232
1684 17.781937361380816
1685 12.769340909228703
1686 10.665545691541197
1687 8.454591878738464
1688 5.065903217315552
1689 2.3983350965953014
1690 0.9316152007170035
1691 0.4456194066033109
1692 0.2161021771138096
1693 0.26249699054138886
1694 0.3749653095590136
1695 0.6124483946691507
1696 0.7160099588129893
1697 0.3419751517809169
1698 0.003442577637689516
1699 0.03209558363342195
1700 0.141041576961353
1701 1.4880835417472427
1702 1.768264967433573
1703 0.6175227868426987
1704 0.3565006021528228
1705 0.01906377170334041
1706 0.2324104371416004
1707 1.3930938582876995
1708 1.8877293974609588
1709 3.9566077285579246
1710 6.008536595084796
1711 7.738964067156097
1712 9.732241172806779
1713 13.531308472520026
1714 17.021326659405233
1715 22.183008818639195
1716 27.122695476097032
1717 29.552149123567638
1718 24.157350338420265
1719 19.131036790686373
1720 19.717951519304933
1721 25.33077322180382
1722 30.736219144382794
1723 33.867309596399764
1724 28.78565789495086
1725 21.36764911590478
1726 13.272324755000103
1727 12.463127885729932
1728 2.972378335176276
1729 3.7848804595824146
1730 6.283434483352594
1731 11.734961669200535
1732 14.067234907690624
1733 16.1392639719919
1734 19.67996410564542
1735 24.73750864030429
1736 29.22800247483434
1737 35.241473994746805
1738 38.72093600484976
1739 43.93026528517113
1740 51.69437735948115
1741 52.38325472603715
1742 47.05776123461171
1743 41.34375945127227
1744 38.37467676322345
1745 38.284456624607145
1746 32.61644866263071
1747 25.211779788089974
1748 18.49046722830339
1749 14.968792728935659
1750 10.882241774948223
1751 9.032005569760276
1752 4.814661258948461
1753 2.54359839921573
1754 1.772148852032699
1755 1.8744011869435542
1756 1.198638550015205
1757 1.1658554079959302
1758 1.0843645367088375
1759 1.478171869945993
1760 1.8660765051881283
1761 0.7774516142198313
1762 0.10541786636097097
1763 0.0007314992722976272
1764 4.406834896817758e-06
1765 0.28935742037538326
1766 0.9278224322954515
1767 0.25465898590983865
1768 0.014946079447741548
1769 0.04208419967253075
1770 0.2672538848629111
1771 1.5569967508597689
1772 2.2164668869456894
1773 3.379359293923874
1774 5.65040056215078
1775 8.306481877867405
1776 10.038503770446207
1777 11.53594468135178
1778 16.734862681170014
1779 24.123995107759278
1780 28.657941466494677
1781 30.393579611118895
1782 21.14665761091344
1783 22.018418529902796
1784 18.410905823162107
1785 22.62324551963507
1786 33.47234262178346
1787 40.76251006766243
1788 40.47340416131565
1789 26.593424427429024
1790 17.250619715730874
1791 13.053456833395643
1792 4.34431253038899
1793 5.561445234571996
1794 7.274052040271789
1795 10.471510680839923
1796 12.88897244059947
1797 14.749078827951896
1798 18.84358807255521
1799 24.336420316579254
1800 30.270159393838124
1801 37.11975362946801
1802 38.25159065753755
1803 42.5938921719501
1804 48.8120339212283
1805 48.78124201255638
1806 42.35763828102774
1807 39.05411200345307
1808 44.859925998963234
1809 44.592591616715644
1810 37.28801046716694
1811 31.473111797488677
1812 22.940670920388573
1813 16.39118966570283
1814 7.785828000427525
1815 6.002966481953344
1816 5.906372187677658
1817 4.888466409544967
1818 3.2560640091995987
1819 3.5017198530491638
1820 1.4821905267911235
1821 1.5839784777284254
1822 2.2828450496788633
1823 2.8449522236890927
1824 3.2192990410494144
1825 0.6873576818713818
1826 0.07994107615456815
1827 0.1672741462526984
1828 0.07112696347229333
1829 0.08407959277896841
1830 0.2031207950999524
1831 0.21268616475031205
1832 0.47721029291086237
1833 1.8820411219474342
1834 3.9820849337340984
1835 5.109276468455506
1836 6.121596709039964
1837 6.16530217975462
1838 6.469139716688195
1839 6.9642286161694065
1840 11.001396263499458
1841 12.024649988203736
1842 15.395294635013544
1843 20.11076379966453
1844 22.004854299832967
1845 24.67337488613781
1846 23.50716574962123
1847 23.643539500262687
1848 20.99100404785135
1849 22.580682166461248
1850 31.72929527699007
1851 37.43759359898706
1852 44.8756716895957
1853 33.87003153340459
1854 19.149987499439018
1855 13.242916439070392
1856 5.559711999232476
1857 5.961971736190766
1858 7.5774346026915245
1859 10.572945978312053
1860 13.67656418910253
1861 16.692362397045272
1862 20.395439014837017
1863 23.813757685146197
1864 29.539071691317986
1865 35.21661045201919
1866 35.499394528524284
1867 39.249684547444794
1868 47.81961237083235
1869 51.32075829204917
1870 50.81613369674372
1871 46.467790446670406
1872 47.03788715342322
1873 41.92085392384743
1874 37.90644003838551
1875 31.48203209889117
1876 24.509660282616785
1877 16.11052414524882
1878 9.914644705526742
1879 8.437780905594407
1880 7.941493033604515
1881 4.780981695860617
1882 4.694290180172148
1883 3.195193387579399
1884 2.3241909801641194
1885 2.3062061732984076
1886 2.9635801526358314
1887 3.127718625423937
1888 2.6545660045274424
1889 0.9076478712753748
1890 0.05124275418961325
1891 0.6890136377597783
1892 1.4836078679721723
1893 2.297480446584807
1894 2.7891960351507987
1895 2.5624485739390406
1896 3.9125494643461622
1897 5.760100962463901
1898 9.325160468508287
1899 10.814183469224613
1900 14.781383773673138
1901 13.700395182493567
1902 11.769602852832316
1903 12.49491572837457
1904 15.730560896844292
1905 14.748224004284515
1906 15.19803419049238
1907 17.088436997297855
1908 17.45616464942448
1909 19.63329826659741
1910 20.33256417366701
1911 20.132705180995487
1912 24.37801453071654
1913 24.199589049569756
1914 27.46441709586642
1915 34.97543314317716
1916 40.404476978342906
1917 44.92168005347299
1918 29.341236591718005
1919 16.257238343548288
1920 7.622798481439843
1921 7.210999206643933
1922 8.383613202028041
1923 10.923764369722731
1924 15.667749957038026
1925 18.326541598569296
1926 23.72417977816422
1927 28.116224948481396
1928 35.05524609657197
1929 34.05497916846773
1930 31.459449422441725
1931 38.709106514996606
1932 44.29036887208315
1933 51.08450426791579
1934 51.622689018392066
1935 47.923131302728
1936 48.62425529233792
1937 48.70116412965893
1938 41.98998295668523
1939 32.54922136689803
1940 26.510258760527705
1941 17.901733744896426
1942 14.046422465224628
1943 12.795839632359908
1944 11.044879650816359
1945 9.125610096220768
1946 9.0352211299573
1947 6.982632227952937
1948 5.204884584753378
1949 5.186574015172468
1950 4.627574786538239
1951 4.504845461522064
1952 2.3808248944155883
1953 0.5916812989028624
1954 0.011988435184773556
1955 0.17704526436541357
1956 0.835191001028627
1957 2.456297319778065
1958 3.0549736205957574
1959 4.441069909230246
1960 6.385766963278459
1961 10.21510782543567
1962 12.964211713454057
1963 16.02823915933269
1964 20.907411186899534
1965 22.767810162266464
1966 21.629005152007217
1967 19.763406582960954
1968 17.577427792608844
1969 14.985867943650064
1970 14.138464582236612
1971 15.768391362708046
1972 16.34619748993308
1973 21.345965275032555
1974 16.243534141401465
1975 12.255776697973012
1976 19.477160599829592
1977 27.620797522168505
1978 32.60350494101373
1979 38.473546732119296
1980 37.51376914040189
1981 46.29516915297237
1982 34.37670111238191
1983 15.898171042414557
1984 9.098286937785806
1985 7.811207763090672
1986 8.821315874305261
1987 10.80952796434775
1988 13.368670345244304
1989 17.476941126499817
1990 22.69428689206696
1991 29.062368437166057
1992 32.75106940729218
1993 37.98188995987736
1994 32.881161604752556
1995 38.137552091872074
1996 44.26662449472636
1997 49.44336459940694
1998 50.416881062890994
1999 45.18587224764639
2000 49.18758287969414
2001 48.264647489319735
2002 42.22055584856398
2003 35.57465612990704
2004 27.533371718700977
2005 22.082327732854417
2006 15.890434789141992
2007 13.629070319628907
2008 11.896881016330278
2009 13.317054306413516
2010 11.985327839048507
2011 9.83676535585756
2012 8.686333692222917
2013 6.982155843813084
2014 6.371310070993611
2015 4.356704418823078
2016 1.6887233706592444
2017 0.4552648889351582
2018 0.01732328755698963
2019 0.2629801611047949
2020 0.6914261679682046
2021 0.9942635796645549
2022 2.9524557044086785
2023 4.574204829263801
2024 7.94421278836377
2025 12.24698657193664
2026 13.917869654015195
2027 16.569806643703654
2028 20.52944102086007
2029 23.78336695740255
2030 27.619380889588786
2031 22.173150275117834
2032 15.610686579536114
2033 12.596753542306782
2034 11.498046438888766
2035 11.628967655141226
2036 13.280221049459792
2037 19.527984256459842
2038 13.38345816740605
2039 8.480257742634462
2040 16.306439083227612
2041 25.08947563268432
2042 31.73567598918139
2043 30.961792727408167
2044 32.613654718002685
2045 38.916670773232
2046 31.83642011961612
2047 15.941163149163227
2048 6.8253258135184955
2049 7.38594328642007
2050 9.528639841677567
2051 10.898418929522332
2052 13.036660423367774
2053 17.835901975306804
2054 23.60977687364601
2055 29.14919692111302
2056 29.746960189875598
2057 31.255901428961028
2058 29.614527303392205
2059 36.301737101270426
2060 40.9287461616561
2061 50.214909906919594
2062 47.119769792405314
2063 38.55119495347979
2064 48.58352162427793
2065 47.90720842571008
2066 43.436296788171816
2067 34.773080698840864
2068 30.79163077941273
2069 23.31514783164771
2070 17.13806571264015
2071 15.456702620338707
2072 15.386216971767391
2073 19.682735051916662
2074 16.402508035418858
2075 14.125087641363054
2076 10.259250229026145
2077 8.903410297114233
2078 6.540318661294832
2079 3.204178540348147
2080 2.2213127596691833
2081 0.9355021056939142
2082 0.13759426465293095
2083 0.11145513268559484
2084 0.27938002116818483
2085 0.5391575315305126
2086 1.0475453248414905
2087 2.546099951159462
2088 5.124607743065029
2089 8.215385362107671
2090 10.179962520414326
2091 11.672899200366082
2092 15.986323859762788
2093 23.15593793568452
2094 23.106281983112424
2095 19.417658412069798
2096 14.901176166571265
2097 10.865919045061778
2098 9.720466387789465
2099 11.220715502340063
2100 9.446101077351344
2101 11.432392576621405
2102 14.356527790307616
2103 12.622045985994877
2104 16.792909897238257
2105 23.41850810345695
2106 27.366278952032083
2107 25.238458299912768
2108 28.41560215617808
2109 35.10007606758013
2110 31.253894345246902
2111 15.260893856124072
2112 6.662143138118956
2113 6.314242835410169
2114 7.860044913749034
2115 10.239463806049017
2116 13.778687499315662
2117 18.607605352572005
2118 22.81766752627919
2119 28.389480681994257
2120 28.968472596917337
2121 29.978386414144868
2122 26.719419597909482
2123 34.18367225412196
2124 41.1211792715115
2125 50.43746945013919
2126 48.37193999082059
2127 41.04269785874818
2128 48.32409411573655
2129 50.56369062276906
2130 48.37009470527007
2131 37.908653873338665
2132 27.904999652048982
2133 23.70711312217568
2134 23.821642636493085
2135 20.657966844823086
2136 18.526083318489103
2137 20.40969507269832
2138 17.42900308729174
2139 13.443113852244851
2140 11.380311639173481
2141 10.359150806472458
2142 7.672148725928203
2143 4.386740313885422
2144 2.655799536893686
2145 1.022490449248237
2146 0.07073467524543162
2147 0.08269833770461278
2148 0.037262478415209806
2149 0.22552872403858176
2150 0.4687907688088285
2151 0.7941861493923172
2152 2.059231821108977
2153 3.384267200991368
2154 6.314452941239097
2155 8.920811960615415
2156 11.131374985583115
2157 15.590280072407445
2158 15.863059807449382
2159 14.454817952449934
2160 12.757956715413926
2161 9.419412616181374
2162 8.471470662344824
2163 10.047169531054383
2164 7.3371746031996885
2165 7.637403406594029
2166 12.835312384833568
2167 14.582090158822766
2168 19.99510469181537
2169 21.797714461369356
2170 24.089428817722343
2171 18.81042530449746
2172 23.282789585439446
2173 33.651795738993016
2174 28.465589735446574
2175 15.417328578242675
2176 6.738908171165581
2177 4.888740279179528
2178 6.0973751887466285
2179 8.765831300438482
2180 13.11659091049597
2181 18.671079336000908
2182 23.506595551301462
2183 28.9686656927443
2184 28.743383482983575
2185 29.866610714024276
2186 27.393444199345257
2187 35.19950903416196
2188 40.56787568013073
2189 50.382788963186414
2190 46.88226130331863
2191 42.373813075009565
2192 48.30180428048028
2193 50.9312534343317
2194 48.83493118159372
2195 39.75133164823571
2196 29.317847567483568
2197 27.2991310168389
2198 24.077807271295
2199 25.693843154246174
2200 21.31244012901375
2201 17.458615499029356
2202 14.360760858856395
2203 14.449347708452287
2204 13.308843509709439
2205 11.222890643657706
2206 7.432877025639492
2207 4.8029006228657956
2208 1.8428986148830755
2209 0.9642581939133937
2210 0.38255109198188314
2211 0.00026860003199468107
2212 0.004190718187858724
2213 0.0341165291305539
2214 0.26686728056323233
2215 0.765923085623317
2216 1.8226793684863982
2217 3.104197530646907
2218 4.459090190163967
2219 6.086904621915375
2220 8.368128071174088
2221 12.391290599886103
2222 11.675635809903563
2223 11.615183651890206
2224 10.55342849642809
2225 9.488577885987484
2226 7.843672394189587
2227 8.98700344767829
2228 9.1407158758633
2229 13.575934512117481
2230 14.18712486989842
2231 13.567559453540389
2232 15.54855587471164
2233 16.57058730555811
2234 19.80619112697037
2235 17.645433467524164
2236 22.21696054277857
2237 30.79000656495607
2238 21.891970565503993
2239 13.509388432085931
2240 4.854143197010193
2241 5.5553367983846424
2242 6.231277679944526
2243 8.005786471638741
2244 12.734427236125837
2245 17.37328765247168
2246 23.50843968240998
2247 28.693891038112742
2248 30.12174626061447
2249 28.47581967680072
2250 28.084007703202943
2251 35.72155812914179
2252 42.76575827269987
2253 49.41111520929826
2254 45.41816586774973
2255 40.733226169655296
2256 42.875178679782856
2257 41.71336432171928
2258 44.83999862858404
2259 38.85509549376292
2260 30.795611368673335
2261 23.719608012844454
2262 20.284936979814244
2263 20.361175913021857
2264 18.011391448579232
2265 15.039047756323239
2266 13.074591191859058
2267 13.144375551745911
2268 10.794344790263157
2269 8.238008932600508
2270 5.038540027630355
2271 3.9462935292754895
2272 1.8669257779151158
2273 0.7170929751731415
2274 0.5946098553147109
2275 0.07646393289725999
2276 0.09964299506240265
2277 0.00287121993112162
2278 0.18306678378686453
2279 0.4848174862016698
2280 0.6318112707783344
2281 1.5679394528445185
2282 1.8718569518254562
2283 2.827459484276102
2284 4.700620884814023
2285 6.961857866386192
2286 7.868560923230523
2287 7.202492251324311
2288 7.469669514005855
2289 7.224345570819011
2290 7.572855812593774
2291 10.262759058961192
2292 13.793799171940625
2293 19.4343980934452
2294 14.4130731137051
2295 11.786819884164817
2296 11.481713776208068
2297 12.716299115405375
2298 16.268015526410046
2299 17.24687475227529
2300 21.803073013750918
2301 25.398093501578252
2302 19.134383627125036
2303 13.947453639458596
2304 4.7622714062035785
2305 6.754214235349012
2306 7.317501092218778
2307 7.971294747647853
2308 11.31939765143416
2309 15.861180565279048
2310 22.83418846409269
2311 28.41509090624878
2312 28.77564712634366
2313 27.56713450847599
2314 26.132939656744764
2315 34.4545921973674
2316 42.62399000179405
2317 49.4235861605803
2318 46.162116776283604
2319 45.233526006122005
2320 50.13150772571541
2321 51.551947106249834
2322 53.79530115406106
2323 46.800551362236675
2324 36.109627745150675
2325 25.26651166240092
2326 17.593661860500315
2327 17.194490374082505
2328 16.450508750908142
2329 16.925387860086378
2330 12.830127201263656
2331 9.097694118667706
2332 7.239499615847648
2333 7.216175712853463
2334 6.613460179271337
2335 3.948517638256618
2336 2.2635035443469946
2337 2.2645990315997166
2338 1.2540207976971607
2339 0.4699592020675124
2340 0.8882803500975177
2341 0.913580380463205
2342 0.33141465089516725
2343 0.02662549000752059
2344 0.6420004843008394
2345 1.0118447593657123
2346 1.3778842169902559
2347 3.0466779509325193
2348 5.398647290649874
2349 5.100639210046981
2350 6.551168769670512
2351 6.579009656099352
2352 5.722851987538478
2353 7.38680456945288
2354 11.369109269693682
2355 18.8653155471225
2356 21.692169734896442
2357 20.407767927316062
2358 14.8487781311851
2359 13.087051645405957
2360 10.752682844454439
2361 14.908971828603692
2362 20.2693432183263
2363 20.737350599215763
2364 20.43079730462584
2365 18.1399859112524
2366 16.109377512510957
2367 11.739061512751324
2368 3.210090906043047
2369 5.730867128677608
2370 8.090190166520856
2371 8.460557556199484
2372 11.076800653649604
2373 15.901618110573894
2374 22.301133122475022
2375 26.7241570512684
2376 28.183610300970994
2377 28.1462952232375
2378 27.781684360857806
2379 33.64471095659635
2380 42.30354724540662
2381 54.1061511598689
2382 50.79517150424704
2383 45.79520481417932
2384 49.19887174383841
2385 54.850106452520286
2386 59.45907348839355
2387 45.13722250685343
2388 37.99179580404418
2389 23.668265807691835
2390 14.551329431409453
2391 12.726836298329241
2392 11.417422350803497
2393 9.47455208818315
2394 7.624755076577498
2395 6.716460385256771
2396 6.631929800559147
2397 6.048755885312177
2398 6.285139105853113
2399 3.7244672155188487
2400 1.9096772611824842
2401 1.551929275549695
2402 1.2337070496718516
2403 0.5907926462665227
2404 0.8361667930776734
2405 1.3203391159269284
2406 0.6896090616166859
2407 0.09066119726922867
2408 0.07221974099709835
2409 0.21930320133072817
2410 1.245630214243364
2411 2.204101912550522
2412 4.699007404268621
2413 6.0530599561864555
2414 8.336306341892142
2415 8.935411685229253
2416 9.710644811084569
2417 11.502381745667385
2418 16.897724564664703
2419 23.361180072800387
2420 22.874701242292417
2421 22.27635460660834
2422 19.51354927215682
2423 16.826313283656404
2424 15.003869770957486
2425 19.308820985115705
2426 19.08048263739685
2427 19.51841342984124
2428 17.441549877246537
2429 13.587362114047199
2430 11.656106925179026
2431 8.903948566620361
2432 2.18888565799971
2433 4.669095468824604
2434 8.345324939165423
2435 9.300803864456078
2436 12.027481281806502
2437 17.413414622921366
2438 23.119474699095885
2439 28.14249030957257
2440 31.499067815592053
2441 30.818101887196132
2442 29.27224879810765
2443 31.839074976132075
2444 47.50937406466248
2445 52.49912366634757
2446 45.5198196934171
2447 41.96515275373321
2448 43.57181348089199
2449 42.93344781887487
2450 47.430290993552255
2451 35.77078408986161
2452 29.893379932095478
2453 17.458966632001637
2454 10.737978886416675
2455 7.430363699501945
2456 5.193494895199522
2457 6.016723202272299
2458 5.63250976003307
2459 4.739596352961243
2460 3.5577390300593175
2461 2.6623788327437765
2462 2.6266621002725454
2463 2.594822506649468
2464 1.3541342707951942
2465 1.1367469504199175
2466 0.8718836836497613
2467 1.1308570962928237
2468 1.2819378096347624
2469 1.788427491637873
2470 1.2110300578296738
2471 0.33460356201003666
2472 0.003867906663793808
2473 0.23667407975416252
2474 0.755986545038149
2475 2.885833465739448
2476 6.283581143518659
2477 9.10381329737076
2478 12.086083476397103
2479 12.602049025398369
2480 12.714972312062175
2481 18.368238062375152
2482 22.015763349676448
2483 22.270983349067137
2484 20.22415838498439
2485 26.337052673877313
2486 19.948971563993442
2487 20.30853442203445
2488 16.923932761712987
2489 20.45324266276984
2490 18.675592952095794
2491 16.76040126903345
2492 16.254919225195295
2493 11.463412995348623
2494 7.07956163811002
2495 5.417281475842751
2496 1.9913344197812446
2497 4.38736709572539
2498 8.842431593014448
2499 9.312900239805558
2500 13.931629038744445
2501 18.725155221663353
2502 24.346839196112327
2503 27.175863072247388
2504 30.332776563003776
2505 30.66549194476272
2506 29.50759328717246
2507 32.24439845584943
2508 45.577953763460805
2509 41.6098914838687
2510 45.3406532170592
2511 38.827385262909914
2512 37.605207066473
2513 40.68322533847502
2514 36.78410346290703
2515 29.324004404364793
2516 27.765690238955035
2517 17.79456980214461
2518 9.434916444468042
2519 5.995079759786436
2520 4.782539242497211
2521 5.7270888248682725
2522 4.4905572896994554
2523 3.521243345065225
2524 2.6388798404773675
2525 2.629955919500482
2526 3.68134391195895
2527 3.216393254840956
2528 2.6808543764261463
2529 2.5865455759117943
2530 2.731509020509539
2531 3.731610118210734
2532 5.624498068378123
2533 5.878279924155257
2534 5.019829589472674
2535 3.531858006986728
2536 0.5747764945674334
2537 0.0374477964792944
2538 0.8967353218730005
2539 4.856505254617905
2540 9.208992683721156
2541 9.012643318216552
2542 11.62752696076697
2543 11.844229509408152
2544 13.081954582217687
2545 19.529358434240905
2546 21.205533597693375
2547 20.163322915002297
2548 18.888833082234775
2549 23.633651352719024
2550 19.749941912667232
2551 17.828168959083225
2552 20.883654918000353
2553 21.031655955304952
2554 18.18744173323614
2555 16.739298370136765
2556 13.313893214130456
2557 9.869274674722922
2558 7.4209809028979485
2559 4.937667058173851
2560 1.0920777078417476
2561 3.4999254108430122
2562 7.891903444218389
2563 9.263474254728033
2564 12.572789119807187
2565 17.032722641473917
2566 23.921896529432505
2567 26.230005654693905
2568 27.294581015107283
2569 29.933459257985945
2570 30.31350129429016
2571 30.42532594024985
2572 37.97045641961268
2573 39.91116272358864
2574 42.719034245402746
2575 37.276024486511304
2576 32.24927979848908
2577 34.426920306920096
2578 29.430171003639845
2579 27.04002411422872
2580 23.524989627521293
2581 14.41204970152815
2582 7.429048706873124
2583 4.4638744517440685
2584 2.445695143574785
2585 2.671229322577649
2586 3.022315014502185
2587 3.3662216085279266
2588 2.619154856386902
2589 2.2540988638679504
2590 4.354412760732506
2591 5.837034488718542
2592 5.2129838197082
2593 6.320654047257225
2594 6.106023710282365
2595 9.058950732337685
2596 13.124184316159159
2597 11.709696597426058
2598 10.48274577947439
2599 8.81906390691716
2600 2.8636164817204475
2601 0.02992734903834375
2602 0.21738271921021113
2603 3.0501759949038396
2604 7.857303374016553
2605 6.523209319940422
2606 7.28113271340238
2607 9.57574391379408
2608 11.41024101471721
2609 17.051439486794315
2610 16.378250095161373
2611 19.85695171706212
2612 17.73254653852886
2613 20.151407713802172
2614 15.73837160003776
2615 13.397471442824045
2616 18.711991347161554
2617 20.356445053064345
2618 19.83759427186901
2619 15.191540565487633
2620 11.21754461730436
2621 7.828924334471228
2622 6.070897340280088
2623 5.178702459146932
2624 1.2901829488223628
2625 2.3611998220143433
2626 4.807569801937951
2627 7.723429873522006
2628 13.156720256099156
2629 16.18955249014663
2630 20.162203131734096
2631 24.431236961991548
2632 25.144925965305767
2633 26.677465274963197
2634 28.35083213373378
2635 30.412748737960438
2636 32.26214998422465
2637 42.17601364267412
2638 41.214506505078994
2639 34.728762995630376
2640 32.01761030070104
2641 30.916197767602224
2642 26.741239689959837
2643 23.102977952025952
2644 20.403848023891708
2645 12.76033547654552
2646 6.5722418488088215
2647 4.539084556552688
2648 2.279568086144451
2649 1.4246927406360816
2650 1.1017476574867013
2651 1.9146074772952413
2652 1.425484074459104
2653 1.5320230105503587
2654 5.89890733404061
2655 8.507511782067718
2656 10.62424506918855
2657 10.509571860936736
2658 10.752300097671869
2659 13.341828182703491
2660 12.50803515529048
2661 8.776228439078732
2662 7.884028006757242
2663 6.672706947467999
2664 2.5190007187825456
2665 0.16634751047504523
2666 0.026993370478735564
2667 0.6805505791989748
2668 3.674327012412715
2669 4.3180854289519415
2670 5.5751415041465355
2671 7.582843018551022
2672 8.501936051645426
2673 10.737591144978596
2674 14.211653245000065
2675 15.06130045133632
2676 12.540780344806013
2677 16.599420591693836
2678 15.664398834090935
2679 15.202906357606638
2680 14.126905518670402
2681 17.03744733302541
2682 17.564361002170575
2683 15.630041512019769
2684 9.220196801228573
2685 5.5787759366018115
2686 6.520205550003738
2687 5.834682076567702
2688 0.4721615422973417
2689 0.9502291114965895
2690 3.6683779951000153
2691 7.36188173177735
2692 13.19430716782543
2693 13.692639152196898
2694 16.81139434060003
2695 19.64335439855257
2696 20.32855446588573
2697 23.714430054399504
2698 25.90686887017741
2699 26.404619021082073
2700 26.136607924328622
2701 29.542829496326625
2702 31.23349531634633
2703 30.292084402307392
2704 29.268628129389306
2705 25.11269479615756
2706 20.56483427235759
2707 20.04764567642981
2708 20.86187056932735
2709 12.260601223958796
2710 5.945597217239743
2711 3.9788828286617814
2712 1.5364166205103433
2713 1.0790593373237418
2714 0.7842192537357685
2715 0.553293211663695
2716 0.5590061069203125
2717 1.8936930927086324
2718 7.155398604594325
2719 8.545063132616212
2720 9.743167219884048
2721 9.968581976266831
2722 18.552869651876183
2723 23.04289473235956
2724 19.632916321903995
2725 13.909070296174965
2726 8.345236399458742
2727 3.5626347475056335
2728 2.6783809833096854
2729 0.7061764699058064
2730 0.0047155397272959
2731 0.18484544336777994
2732 2.0349364303669826
2733 3.510978350414717
2734 4.272739964429431
2735 5.4530979329945515
2736 6.9642852470988705
2737 8.198138497105877
2738 11.991877776135892
2739 10.776367388198201
2740 12.411813484334473
2741 16.169097056185468
2742 16.31733535551912
2743 19.0625727062427
2744 15.112135435394075
2745 14.678382720432815
2746 15.403498782387686
2747 14.17432163364886
2748 7.845836541705527
2749 6.22523643918449
2750 5.501047965657334
2751 5.026858065672304
2752 0.17306695979744485
2753 0.46297720116508645
2754 1.8502492252923592
2755 5.705684986393019
2756 11.273463346169166
2757 11.393793964203038
2758 12.675023290507296
2759 16.098545998474947
2760 19.744605196044002
2761 19.392715153528293
2762 19.307381408819978
2763 19.74453380629948
2764 20.29247984758657
2765 24.15587356281543
2766 26.363183566280984
2767 26.946246070986298
2768 26.25745650614535
2769 22.453215100510345
2770 18.759861131820102
2771 16.532591494040975
2772 15.040027646320706
2773 11.15842218402317
2774 6.4212287297053425
2775 4.0656156677195945
2776 2.5111188258290444
2777 1.1998884585267835
2778 1.387069862270194
2779 0.9459003537908285
2780 1.0550512223810462
2781 3.1218685445041965
2782 6.728619134358126
2783 10.895502245004762
2784 11.389549323768515
2785 11.20959209926807
2786 20.018581175492347
2787 24.127967027154266
2788 23.333961317408907
2789 17.428422761705242
2790 14.253971640274335
2791 7.225071670640463
2792 3.58832335075038
2793 0.5124880379303622
2794 0.012859804859768573
2795 0.0651042194185652
2796 1.3385992942718197
2797 3.467333123804332
2798 4.595363993122239
2799 6.5835501949055075
2800 6.041159862360028
2801 6.929505319826839
2802 9.472586085324622
2803 8.100120090476986
2804 9.277224006025541
2805 12.244180269852286
2806 14.772798279390786
2807 18.970236221306678
2808 16.388343824254953
2809 14.35729909397705
2810 13.874698959775552
2811 11.58346172263415
2812 9.299294386574969
2813 7.507683867569764
2814 5.225706928420771
2815 4.683286729654858
2816 0.1710158826626053
2817 0.1276544163709657
2818 1.0249092710949068
2819 3.932156817078981
2820 10.398126703651858
2821 11.346679118528598
2822 10.851799225350417
2823 12.314615976165115
2824 14.156254779005502
2825 13.637099550417283
2826 12.917019428316996
2827 13.962457151579494
2828 18.18304716954133
2829 23.023496378616137
2830 27.505748555183906
2831 26.522660898372013
2832 25.515302405906684
2833 25.201208087647444
2834 18.788008527395323
2835 16.800506728267486
2836 13.569927315540026
2837 10.40907103150691
2838 8.144849062193991
2839 4.212137808832788
2840 2.093892890609713
2841 0.804598570386978
2842 1.4743323615540758
2843 3.540137101097528
2844 2.9052888101240617
2845 4.632294079836907
2846 7.851382540284822
2847 12.700248340389297
2848 13.745959013902127
2849 14.891915875158698
2850 17.617709597452357
2851 22.511125048264237
2852 28.395369028411793
2853 15.057361101390434
2854 9.583204406992415
2855 6.921832234371843
2856 2.9280801271016053
2857 0.020801579284183497
2858 0.40216417483717787
2859 0.2502899553802083
2860 1.4494285418021662
2861 3.393046116252272
2862 6.1959152699906
2863 6.902535351399959
2864 5.043324250821718
2865 8.973428692272122
2866 8.274887663195898
2867 6.563653969007287
2868 9.096130030754079
2869 10.535165888164494
2870 14.076936579719511
2871 17.369346294923982
2872 15.24425975164565
2873 14.801623587577893
2874 11.744382303543144
2875 10.83668465768924
2876 8.561274613457815
2877 7.7024617150818715
2878 5.405179562201586
2879 5.394206698175104
2880 0.2631842556568139
2881 0.4223028816613588
2882 1.6066307359061218
2883 2.7234654327001935
2884 8.179920297878379
2885 11.574193981887104
2886 10.485893199351528
2887 11.481165522650297
2888 11.764589764158517
2889 8.953917369969455
2890 8.207577917797062
2891 10.265929818503137
2892 16.960684114095418
2893 15.402729533545196
2894 20.626899035609725
2895 25.108469347102584
2896 26.956698139024954
2897 24.945974303326214
2898 20.000654249228226
2899 17.273345715139598
2900 16.051598529667363
2901 10.402792074724886
2902 6.574793495992893
2903 5.487899670368887
2904 1.6284999763002528
2905 1.061217551260839
2906 3.5560327984634794
2907 3.4054434812005994
2908 4.803699549826265
2909 5.610426635508614
2910 7.0547739296075775
2911 10.395224659148889
2912 11.66510621473188
2913 18.39357573520346
2914 19.756827152751633
2915 16.78243635111935
2916 24.0004674598179
2917 11.85150735935639
2918 4.666290055935542
2919 2.439735724442421
2920 0.7823064500220299
2921 0.1652536757741035
2922 1.0232242983623718
2923 0.9091929875348508
2924 1.9128079700980716
2925 2.7635346244198846
2926 4.865388200714241
2927 6.280880762269183
2928 4.922559166287483
2929 7.836461782972052
2930 8.586249759795367
2931 9.318370508407387
2932 9.730450191352682
2933 11.833296586599438
2934 14.968081592845337
2935 21.953649301176622
2936 15.709300762500838
2937 16.529411601384602
2938 11.06457782687719
2939 8.8788569318158
2940 7.752676729797513
2941 7.244768896211961
2942 5.857471917163904
2943 5.790393641603317
2944 1.2734350578105778
2945 1.6472898858668867
2946 2.4716043281768854
2947 3.449067571622984
2948 7.262608330356494
2949 9.904174808571668
2950 8.867831780049617
2951 9.824374830768587
2952 9.629181597148555
2953 8.260375184940496
2954 10.380611031403923
2955 10.960846445963462
2956 12.813500942784918
2957 13.112236901586131
2958 16.326321126936737
2959 19.952744040392545
2960 17.251496749039976
2961 19.464396491457173
2962 16.820901598986346
2963 18.320066047449398
2964 15.015463991873448
2965 9.619022430757463
2966 8.786733055271482
2967 5.688845963271484
2968 2.4302303540430956
2969 3.0161368207626906
2970 2.1324343125047167
2971 2.4990202813458104
2972 4.816249524780641
2973 5.421098810872783
2974 4.38171347148345
2975 6.941270883824898
2976 8.441886698670814
2977 15.256934900635377
2978 16.29591509060871
2979 14.64678164124551
2980 12.80143361098954
2981 8.135325402771883
2982 3.1931227206850874
2983 1.1280134614352688
2984 0.07431220232274681
2985 0.1652697157847381
2986 0.7539923458180801
2987 1.2171265197911674
2988 2.6354697816978123
2989 2.591508911449823
2990 4.08664365274378
2991 4.29585836399868
2992 3.552224956968341
2993 7.873893688670213
2994 10.087773992115402
2995 12.705142746709551
2996 15.109861176921205
2997 16.969948752956835
2998 14.566707329478218
2999 20.514844668103027
3000 19.047655805980774
3001 12.57094360213894
3002 12.089572001303154
3003 6.499951652650731
3004 6.391866191739249
3005 6.3015065756678155
3006 7.391858711229806
3007 7.477203763447257
3008 1.7658690868510993
3009 1.6819820981062894
3010 2.839954000377671
3011 4.435499407516447
3012 5.503750352137498
3013 7.624322888385528
3014 7.882224327082391
3015 8.503396151700255
3016 6.2552731201832765
3017 8.267715585677479
3018 12.026259383500417
3019 9.601846807084764
3020 9.89333892200935
3021 11.106746375165843
3022 12.212375484406138
3023 11.59147732524869
3024 11.32880034204313
3025 10.708969381952304
3026 9.166301969034471
3027 9.594997550132174
3028 6.451780740078828
3029 4.781609429201913
3030 4.602197738509706
3031 1.9706187199758853
3032 1.6048268007538304
3033 0.6903570569982138
3034 0.4184433584237291
3035 0.8438007672598015
3036 1.9631090983258301
3037 2.320341139678934
3038 1.615070706847896
3039 3.624289994286418
3040 7.014590242302014
3041 12.75984004664275
3042 12.342623589996332
3043 9.062762726098848
3044 6.1286469252428315
3045 5.969872453761074
3046 1.6288049475314939
3047 0.630112602809088
3048 0.0019375266099157685
3049 0.057829881676135717
3050 0.05182679482722048
3051 0.795743295154301
3052 1.6296629256565751
3053 2.369099524113338
3054 4.455528807735635
3055 4.687277914334201
3056 5.554037375521072
3057 7.47051818918648
3058 8.321087826015804
3059 13.29910151946157
3060 12.18842241261255
3061 13.160403244144241
3062 11.023730049565401
3063 13.859029150767743
3064 13.559387510783093
3065 12.289644786171953
3066 10.385344471956214
3067 9.668090740987624
3068 7.023465356317805
3069 7.4772066671314485
3070 9.03336524829286
3071 7.848945756722503
3072 1.8047505310700973
3073 1.5554662193720303
3074 2.466712597810777
3075 4.355191921931031
3076 5.209034191433694
3077 6.247742437725847
3078 6.597979041308351
3079 6.953775488185442
3080 7.254908714898215
3081 10.81493229280337
3082 10.823183308608817
3083 9.399452239410111
3084 8.896122349229524
3085 7.780697720581509
3086 6.399638753045298
3087 5.4557691244715105
3088 5.3251933892768735
3089 4.621423467977575
3090 4.962616327276714
3091 2.7708143821359608
3092 1.6960618109440166
3093 1.4344267477374757
3094 2.2128150436632
3095 1.6992842149353897
3096 1.4421028035410035
3097 0.07620031943287117
3098 0.05874141018896927
3099 0.007792685261534686
3100 0.026243115881465554
3101 0.1530629617883348
3102 0.0028212159342038885
3103 0.16954927839360054
3104 0.9229868383211907
3105 1.811343346547016
3106 2.808313986213945
3107 1.7312711862781165
3108 2.4549335995052197
3109 1.21695446118274
3110 0.22625309828341406
3111 9.130574549508092e-05
3112 0.005011327173238165
3113 0.004780164479854237
3114 0.042001121328125696
3115 0.32892945878807617
3116 0.3688088336715536
3117 1.4703275466985717
3118 3.0748600638112524
3119 5.197386257518646
3120 7.748109600695031
3121 7.222875280847603
3122 8.750154636499055
3123 12.182440604765718
3124 12.110556823458086
3125 12.767721650774956
3126 8.714496327397129
3127 11.398911729690886
3128 10.572008661854095
3129 9.93194602451425
3130 9.724918546146283
3131 10.745612874900845
3132 11.58752732791874
3133 9.26833323026123
3134 9.263103198506032
3135 9.103812054551614
3136 1.624504979704411
3137 1.335320260425244
3138 2.1056070531947735
3139 4.595231171152243
3140 4.262611117754406
3141 4.968668963526444
3142 5.138982181056436
3143 5.734487784932062
3144 10.959504438050708
3145 12.40836613906301
3146 11.757059021648244
3147 9.411771244974672
3148 6.876747294341307
3149 5.2191468438565485
3150 3.4207900178219006
3151 3.1850996824115105
3152 2.61386289343015
3153 4.177628474994189
3154 4.110446961158439
3155 1.9473610918454738
3156 0.9011344952744805
3157 0.7235497423866031
3158 1.5163845329659429
3159 2.3530509304696747
3160 1.207520759425455
3161 0.26676656931641207
3162 0.04011298818104823
3163 0.047488879288681216
3164 0.010930050327850212
3165 0.14439185795317064
3166 0.15162542773095833
3167 0.3564243695482246
3168 1.1234386279695
3169 1.3703152415743614
3170 2.2393576534083004
3171 1.4444923386964985
3172 0.24215631086915046
3173 0.01390570251190265
3174 0.12540598776233391
3175 0.39986041462574434
3176 0.3056577686253421
3177 0.6693384772260607
3178 0.39366951779293324
3179 0.6486933337510621
3180 0.47740825392481717
3181 1.6072899058854757
3182 2.855882536317254
3183 3.66313120627357
3184 4.673724247402343
3185 3.7909392171683183
3186 4.763150791230943
3187 10.023501369660057
3188 10.63850535087501
3189 13.527349510651057
3190 8.575360803430197
3191 11.105421600998314
3192 10.680743718421585
3193 9.694915153091069
3194 13.099942422476525
3195 9.704349583924127
3196 8.993003712471882
3197 8.643898796495376
3198 7.5526300197414376
3199 7.416674280846575
3200 2.2981263233947913
3201 1.9278557326400467
3202 2.6085621705240003
3203 3.8671692599297836
3204 3.0617719764871367
3205 3.674598904388994
3206 6.235028913000423
3207 7.5565995739033776
3208 9.590751118239748
3209 12.048529613013464
3210 8.144137320987339
3211 5.943256366548825
3212 4.633400028675229
3213 3.9472090570634264
3214 1.8846500962535053
3215 0.5175402603013929
3216 0.30369006765300366
3217 1.2273454511085407
3218 1.4683757113656266
3219 0.7001945532741208
3220 0.17450452883690945
3221 0.5505337209602762
3222 1.344092363501185
3223 1.0348617362893586
3224 0.9760784484440792
3225 0.8182263066053908
3226 0.1729120628927874
3227 0.08561919092383155
3228 0.19338731219393726
3229 0.12219144839396781
3230 0.34218117523504776
3231 0.13268483867850725
3232 0.22713832837312378
3233 1.0852909283671814
3234 0.9183710588224958
3235 0.2801791999983543
3236 0.059265384611711
3237 1.5040173473438578
3238 2.4281547524128633
3239 1.6907121741143476
3240 1.027248114544379
3241 1.0366867084751812
3242 0.7532433656609739
3243 1.435454653186379
3244 1.395341789871608
3245 1.9717955949347905
3246 3.2285753849650742
3247 3.521525736966195
3248 3.5878644144350726
3249 2.4043722542014483
3250 2.7261728921102932
3251 6.516809441288816
3252 8.393953344642876
3253 9.657366580174498
3254 10.84957304797846
3255 9.69182734029055
3256 13.051334869967572
3257 12.302831838316033
3258 10.584650831620642
3259 11.47791915962586
3260 9.73323618931613
3261 10.98875120030565
3262 8.39269769809825
3263 7.5277420197618055
3264 1.9712000924434225
3265 1.9537661792543581
3266 1.7201778540365613
3267 2.105184540923136
3268 2.4294415548719503
3269 3.6434834654865798
3270 6.9010507768579705
3271 10.525670095843578
3272 9.238361617712526
3273 8.664830299999807
3274 5.8854333357506645
3275 4.259792134898243
3276 2.1036921165647247
3277 1.3341908102751403
3278 0.721450001035457
3279 0.13422372016963757
3280 5.905376371225239e-07
3281 0.04607422506679644
3282 0.03180498522524486
3283 0.007635574234780943
3284 0.014800466011623109
3285 0.06847539974422999
3286 0.1021001536232104
3287 0.20702139642643078
3288 0.5966936455227355
3289 0.5947578819454048
3290 0.4700258363468216
3291 0.5426377249873743
3292 0.02931116651707866
3293 0.02872438925503645
3294 0.09493015588663653
3295 0.09331635825314477
3296 0.5159523124125407
3297 1.0510549363932447
3298 0.8712428193581191
3299 0.11267090961769563
3300 0.22499907063699107
3301 1.1441725871093351
3302 0.9297079492837155
3303 1.1790794693288043
3304 0.7538537723822195
3305 0.6960231923212571
3306 1.045899652179798
3307 0.924656542346845
3308 1.0236051287690398
3309 1.21926600516462
3310 1.1176983622524759
3311 1.9055419073003437
3312 1.5864420888132897
3313 1.1051667289075855
3314 1.9930232190022894
3315 4.822562716508134
3316 7.60898176311374
3317 8.132009740980441
3318 10.912629950007922
3319 8.697374680531755
3320 13.905565424338821
3321 15.108702224875776
3322 9.559883983531668
3323 11.399442718802941
3324 12.804285039532195
3325 11.145760873709653
3326 10.010168178311543
3327 8.097236521661042
3328 1.8361500803005137
3329 1.40489753704079
3330 0.8663032062287505
3331 1.1359784588580244
3332 2.136623644417537
3333 3.761628911281632
3334 7.938681170319769
3335 11.017977458852968
3336 6.4200002423280615
3337 3.482148879797234
3338 4.16351564305808
3339 3.5622649666809743
3340 1.1904152221783755
3341 0.31556932603312354
3342 0.29857556696494975
3343 0.0022681628672592043
3344 0.18154784079566355
3345 0.35306023867648967
3346 0.15558179272927078
3347 0.013738918200770996
3348 0.10073328932063039
3349 0.017644612641757325
3350 0.07499332228574636
3351 0.00035055775722041217
3352 0.18721386443637422
3353 0.3096656390437648
3354 0.2804443460566178
3355 0.4309984750445615
3356 0.0009067587706531121
3357 0.23677444272432027
3358 0.24433169963966683
3359 0.7908769920458328
3360 0.4944537485234338
3361 0.790922504019638
3362 0.42338380055619007
3363 0.14106926092092456
3364 0.13231591469914317
3365 0.6407674261905277
3366 0.8107955446882256
3367 0.7807644442582411
3368 1.0849329418995382
3369 1.2830849637897084
3370 2.1256186772592462
3371 2.5870329152611715
3372 2.5997161263528055
3373 1.0882535069662491
3374 0.923939799345684
3375 1.8354212028089034
3376 1.0456793896302117
3377 1.7169677252034128
3378 1.9302036166771392
3379 4.204031129747793
3380 5.423128533609643
3381 5.814337875348483
3382 9.445642947433155
3383 9.969220605441157
3384 13.53223613967199
3385 13.891522466043122
3386 9.551138346918746
3387 8.098039057386949
3388 11.731684312246042
3389 12.391431614716838
3390 13.798353212342134
3391 9.976168752229094
3392 1.2491184963813176
3393 1.1618377589044573
3394 0.7888661916782264
3395 1.1609112153249348
3396 2.7036077635530953
3397 3.6468215947405125
3398 6.495962470220869
3399 6.5632916450094605
3400 2.330231935083598
3401 0.799548253565528
3402 1.2025021104698514
3403 1.4134197644958792
3404 1.3320661172474273
3405 0.23014453742978588
3406 0.006335263415388223
3407 0.19459052267597682
3408 0.32225544249338195
3409 0.31996935543104754
3410 0.5252223972200689
3411 0.17249844518829835
3412 0.0009777398983840905
3413 0.12111638405192075
3414 0.03799722169387809
3415 0.05121599650103921
3416 0.1556278422818155
3417 0.09086751488026955
3418 0.1387110978119605
3419 0.23222062088106876
3420 0.7963627380920156
3421 1.2870578582111278
3422 1.1220986668179465
3423 0.8044357840919245
3424 0.5342737015124062
3425 1.0702959981578501
3426 0.5518866742793456
3427 0.13013669477960568
3428 0.024672196453769165
3429 0.14912876357235516
3430 0.06421285813899284
3431 0.07826674331728525
3432 0.0015137517647958345
3433 0.2997478716188449
3434 1.1812743427581271
3435 2.800373943114548
3436 2.17646916234544
3437 1.3739241463428054
3438 0.9517333847056832
3439 2.0424994891264507
3440 2.7370505380319416
3441 3.5930510359455567
3442 5.853891396506759
3443 5.704850527049699
3444 6.422600517607449
3445 7.739399429397623
3446 10.056532866072624
3447 10.878759383728175
3448 12.46932348866374
3449 11.994317796256428
3450 12.736068629638805
3451 8.828854306099315
3452 10.32114320493615
3453 15.62240061663751
3454 14.246847462402068
3455 12.545835257309692
3456 0.5538380457985694
3457 0.5868911558757616
3458 0.9658275414515539
3459 1.5319562350281408
3460 2.272638410370415
3461 2.631928139619274
3462 4.296662609794094
3463 3.8405160720829903
3464 1.2825114850899333
3465 0.7026306520170442
3466 0.39775515952232254
3467 0.5559330089028133
3468 0.7943652872350325
3469 0.05405073516202998
3470 0.03997068673107158
3471 0.49141266921957005
3472 0.4681443267323517
3473 0.33260389752582875
3474 0.24594051494709995
3475 0.23915831848168284
3476 0.023798008410070393
3477 0.01870050482794889
3478 0.0022114511707053597
3479 0.3214751023280152
3480 0.3152860768551757
3481 0.4961484202461151
3482 0.9099094445695233
3483 1.437503656842912
3484 1.3660682509976776
3485 1.1250816164115456
3486 1.0292233377332694
3487 0.72037672468092
3488 0.5227758335889208
3489 0.4646173281424675
3490 0.40578163413510826
3491 0.36492289413803347
3492 0.3919373118621691
3493 0.37823418448600704
3494 0.11460134517375319
3495 0.07825569006856228
3496 0.18029182002241007
3497 0.08148134472313431
3498 0.01716216241977183
3499 0.4562374872479634
3500 1.5479287750997144
3501 0.9852721792525426
3502 1.334259932059874
3503 3.1874850255034466
3504 5.257037661018358
3505 3.6312081737729267
3506 5.585207007210589
3507 7.057436021954722
3508 9.009824922052049
3509 8.796784000974236
3510 10.385196640949813
3511 14.52092568257225
3512 11.426433435449281
3513 13.21037473811378
3514 11.668697305342375
3515 11.354928171342966
3516 7.918708337142098
3517 10.663949316711312
3518 11.635251578385118
3519 11.883751019069372
3520 0.1487530310142835
3521 0.3414544675277979
3522 0.6575997009847863
3523 1.11073750588859
3524 1.1317575455980375
3525 1.7845304355495235
3526 2.152657713209553
3527 1.3436888742385424
3528 1.2506351816115557
3529 0.7161968644238955
3530 0.1647648165110147
3531 0.11988917243347366
3532 0.22074667318036645
3533 0.0076061918252596184
3534 0.0014284486934709464
3535 0.3277618858149026
3536 0.7778422890855705
3537 0.311492465692933
3538 0.09708627667139433
3539 0.135174207880817
3540 0.054529993754681226
3541 0.006508332921739878
3542 0.06590459945806607
3543 0.7022127327398257
3544 0.4354385913420901
3545 0.6841472512739936
3546 1.0101530015714553
3547 1.130796611520514
3548 1.3095385785090965
3549 0.8776153796678151
3550 0.8842406956809482
3551 0.6489160376628715
3552 0.30782360088776356
3553 0.21423702338472103
3554 0.4263076674557025
3555 0.6828640722632751
3556 1.6599522059375684
3557 1.113188871693444
3558 1.0353103607445688
3559 0.21711582703400067
3560 0.18568855931515546
3561 0.12098596112765456
3562 0.006020919467759016
3563 0.28493098685550283
3564 0.734177190162088
3565 0.6133090083048659
3566 1.3643480551295504
3567 2.9544448610521648
3568 4.319345884906903
3569 4.66668692885113
3570 5.1796946566640285
3571 7.165563278532003
3572 9.145245446010492
3573 9.137879466344708
3574 9.976698482871765
3575 10.060218981943262
3576 8.055742327552604
3577 10.654536898083945
3578 9.162302064757691
3579 9.520719314528607
3580 8.657723384829318
3581 7.5411997334710374
3582 9.96277373186817
3583 10.179793896752996
3584 0.4123496060490924
3585 0.4065386175998864
3586 0.6289040464141424
3587 0.3254224124234562
3588 0.7774957079967886
3589 0.9838312580251211
3590 1.0564158158694643
3591 0.4579189949814701
3592 1.0246014767104639
3593 0.42002991869125306
3594 0.23872432738720645
3595 0.0474947884120379
3596 0.013198871280493745
3597 0.04387125749855228
3598 0.0010405608525688983
3599 0.09930009839469074
3600 0.3354396090902274
3601 0.1838630667152254
3602 0.11623016882825898
3603 0.14900992174658512
3604 0.00427905337610456
3605 0.016785222081565146
3606 0.005235192426569831
3607 0.0403470146345598
3608 0.4633767754210229
3609 1.2610250423304297
3610 1.731816447737159
3611 2.421228227288967
3612 2.472338258361682
3613 1.769735614664521
3614 0.8892869183836791
3615 0.6601379409554665
3616 0.14871097394184832
3617 0.20072805529156074
3618 0.31236659086876734
3619 1.1079725340199122
3620 1.6564555679781616
3621 1.7996519437774507
3622 1.3160753850785232
3623 0.9001018603478939
3624 0.5255748056988767
3625 0.13314284449072453
3626 0.017917051225874104
3627 0.1747816684607969
3628 0.08427697913088762
3629 0.425382550631478
3630 1.4946404376978732
3631 2.9136371772842034
3632 3.728096167765778
3633 5.780018806765369
3634 8.28536235279959
3635 6.487063458886385
3636 9.224266428469344
3637 10.227810771951086
3638 5.441067393355027
3639 4.749805545893927
3640 5.050242151250644
3641 4.393728383716969
3642 7.085356549545274
3643 5.500129383956723
3644 6.00977489351242
3645 6.135200035140746
3646 6.137484654221809
3647 7.9604129293651695
3648 0.3335148980137133
3649 0.5252924476217156
3650 0.8390208365756823
3651 0.2684469519846628
3652 0.8712036191058982
3653 0.993839493663252
3654 0.4204760005600839
3655 0.12360917009343504
3656 0.33297046594190166
3657 0.03251493969604029
3658 0.0005758027649932914
3659 0.06704608402926217
3660 0.0004938878020392365
3661 0.004333567269316406
3662 0.008474789390843842
3663 0.01790135216129844
3664 0.019043772434211154
3665 0.0493848531065609
3666 0.0035907902404208247
3667 0.001635163842577072
3668 0.03849570143759272
3669 0.014065076652316055
3670 0.007828999695381708
3671 0.08306289202896461
3672 0.39403725223271635
3673 2.372233285517799
3674 2.280251268495545
3675 2.0098394466915757
3676 1.8416536833071357
3677 1.372625634271176
3678 0.7469829039398128
3679 0.4944713744319648
3680 0.16911486330657147
3681 0.1106163344451961
3682 0.8888408990213693
3683 1.203334334913802
3684 2.6143188990236172
3685 2.2122284149322793
3686 1.6443404135397586
3687 2.5700156577094577
3688 1.9283877484280143
3689 1.4107396479323437
3690 0.38395636873907746
3691 0.0003079086522282015
3692 0.022210609289095084
3693 0.21571192525685096
3694 0.8037012717048063
3695 1.3713054831219087
3696 2.115908272848571
3697 3.1080770765346966
3698 5.519333836506026
3699 3.7683324974294736
3700 4.4306935344187455
3701 4.359741516845924
3702 4.332373175117554
3703 5.249305519412459
3704 4.2668505129650605
3705 3.568098830438565
3706 4.65254437397719
3707 5.7085374107721725
3708 5.536396438886013
3709 5.618106302191432
3710 6.328210692276507
3711 6.913636579390325
3712 0.378990144669609
3713 0.7357376214459249
3714 0.9531683712820674
3715 1.0671863826044183
3716 1.7546446519061207
3717 1.6937898994494396
3718 0.5298134160989614
3719 0.317629896123607
3720 0.23375958149008633
3721 0.36203614723552574
3722 0.10173688191346164
3723 0.02853082540672761
3724 0.0017734015991367226
3725 0.018314995828041834
3726 0.03662570373280802
3727 0.04229296260394866
3728 0.18061590517114828
3729 0.26950477983715504
3730 0.5359507922900825
3731 0.9508935846583765
3732 0.7462670157176334
3733 0.12735389605010491
3734 0.12360367729317243
3735 0.3204600838129295
3736 0.6086540867744519
3737 1.4883836698278257
3738 1.4335295230290654
3739 0.6466834446725581
3740 0.5680559862163277
3741 0.09071488609353139
3742 0.40135123687727486
3743 0.04932481251582359
3744 0.02062343752278914
3745 0.0728883570203281
3746 0.4340776875444401
3747 1.0241441299512608
3748 1.5361635850768083
3749 1.3842227672146765
3750 1.386008289685532
3751 2.228655266838264
3752 1.5393851564223262
3753 0.7914327318426174
3754 0.23978611476643275
3755 0.022748175413297562
3756 0.000892482960798881
3757 0.00012470337169865226
3758 0.004566070164737279
3759 0.2593475705172001
3760 0.47722041251080116
3761 1.0250884776911253
3762 3.375398746239678
3763 3.555957271592572
3764 3.4592280487003624
3765 4.793192923809255
3766 3.818871025759249
3767 4.341012195424732
3768 4.3696610333266594
3769 3.6498234199334245
3770 3.8768624442386854
3771 4.350344601052687
3772 4.487226416375352
3773 5.091976820985094
3774 6.456126990827727
3775 6.1844453167268085
3776 1.054924777970452
3777 0.9550859212861494
3778 0.8821580246920399
3779 1.584034861476014
3780 2.488988990844971
3781 3.0568979064479844
3782 1.8422799175620412
3783 1.4256942203931768
3784 0.5945668734550388
3785 0.25792112387368576
3786 0.337242886419415
3787 0.010774423558430406
3788 0.003565603555445112
3789 0.013435245207932614
3790 0.23944689593073204
3791 0.6746020950105177
3792 0.4571083707918186
3793 0.45195692499265333
3794 0.12944633096472768
3795 0.587330006764842
3796 0.33880606827211707
3797 1.413214172423351
3798 0.9277481345853456
3799 0.7998937650519523
3800 0.6654102267768641
3801 1.772971600395825
3802 2.291212823991139
3803 0.6659946211088194
3804 0.4044933313688896
3805 0.08134337033455538
3806 0.2604329139290728
3807 0.00424256616234465
3808 0.10961439405166011
3809 0.010193597158435845
3810 0.07189702787144578
3811 0.6354571618626754
3812 1.7795664091233128
3813 2.3605319413036967
3814 2.424136362828868
3815 1.3936091467920697
3816 0.5107204415389828
3817 0.26657708051760487
3818 0.3483614868206239
3819 0.007111342950009281
3820 0.026787948410350815
3821 0.008740633354921677
3822 0.0017356053723543165
3823 0.0850217765439977
3824 0.0012680281018789465
3825 0.1661201949178739
3826 1.110791552170121
3827 1.8808853861808132
3828 2.886676711134574
3829 4.259122022951282
3830 3.8860029099286004
3831 3.3095384303139803
3832 2.252234924211032
3833 2.868509430972614
3834 3.6212395049066908
3835 4.288628151708368
3836 4.012350349601222
3837 4.609973053716026
3838 5.922753150554087
3839 5.543245687255718
3840 1.1271739392004503
3841 1.1521187061989668
3842 0.8953701040234001
3843 1.095848409825159
3844 1.4682734181451638
3845 2.49260152001707
3846 2.9279912782233044
3847 3.369614216027793
3848 2.392862941088484
3849 1.5480810693427975
3850 0.8126968312152643
3851 0.1138287208329152
3852 0.04243722915380973
3853 0.07897689933156866
3854 0.02746215467092264
3855 0.18022582621943725
3856 0.7970264414564009
3857 0.8352663844785333
3858 0.5214646384932784
3859 0.47325730486389356
3860 1.0948281712190644
3861 3.220932756457914
3862 2.8775633271353933
3863 3.1420090693577283
3864 2.6830466124814727
3865 2.46100334953019
3866 2.7345053345027006
3867 2.0957738549706226
3868 1.2381201608657566
3869 0.36778401948952955
3870 0.3657415599896387
3871 0.5134831556420052
3872 0.26628741116764043
3873 0.6449700050913467
3874 1.225429836174039
3875 1.7206154541475438
3876 2.0438468380334722
3877 2.3935403372714723
3878 1.5175449330159885
3879 1.674932489202983
3880 0.2644407578158965
3881 0.32767155949713306
3882 0.579877255853652
3883 0.43009976599388616
3884 0.004568806696248298
3885 0.008880285213549685
3886 0.01980070815302845
3887 0.005958587063343562
3888 0.019910652153355236
3889 0.02158379595331622
3890 0.467471950753872
3891 2.398178825022922
3892 3.3133050916704763
3893 2.5181410924815153
3894 1.9772233431312634
3895 1.4026405032158273
3896 1.17514852131063
3897 2.5636211757060967
3898 2.4557804701406387
3899 2.900241726918615
3900 3.8207987751999197
3901 3.044894931050755
3902 4.144487434716305
3903 4.467842746996636
3904 0.6258781043064275
3905 0.9332961046595006
3906 0.8322503119208488
3907 0.8104505178912315
3908 0.5497870085669568
3909 1.5690679093836528
3910 3.1406441556165587
3911 5.0023159612493355
3912 6.683094450496118
3913 5.6258890489319615
3914 4.829104488559612
3915 2.2227223708981017
3916 0.6997007977378973
3917 0.27499955094388473
3918 0.22104971744824467
3919 0.4327387922231619
3920 0.4674834812730319
3921 0.10476672616779682
3922 0.42036802733568107
3923 0.37701324022386445
3924 0.7405701448394283
3925 1.507978073292976
3926 2.166118696820391
3927 2.3799573160435323
3928 3.2105997569400406
3929 2.8212164475066874
3930 4.435474325341977
3931 3.8798137646614284
3932 2.8705288889377223
3933 2.2121485800057585
3934 2.049512452501366
3935 1.835251018898199
3936 1.4394194061049097
3937 1.9189702767164738
3938 2.967252831603177
3939 2.933094305741466
3940 2.960078303855117
3941 2.0763664457017894
3942 1.2664746910764808
3943 1.165853800914196
3944 0.6982214039949215
3945 0.5813787672274499
3946 0.9940173171278286
3947 0.30947842489228916
3948 6.684678086229737e-05
3949 0.08096641315726412
3950 0.09836883082631724
3951 0.03991968771016286
3952 0.020559576696515727
3953 0.03214900833848827
3954 0.5011132300497437
3955 1.6959534772809883
3956 1.4495759460703612
3957 1.7414768953423123
3958 1.8894587255052757
3959 1.0462478689550156
3960 1.0698905300407417
3961 1.531934789740106
3962 1.8172308621850775
3963 2.1665856472245797
3964 2.8737496617872225
3965 2.8965225319034924
3966 3.343811983618549
3967 4.359106709839294
3968 0.07387275590949605
3969 0.23043823915812775
3970 0.5531929937113232
3971 0.6023655222953734
3972 0.5839644877747536
3973 0.8444592374824185
3974 1.2096834085377417
3975 1.6523005177875234
3976 2.8015638263438514
3977 2.9719083954748666
3978 2.742980528516223
3979 1.8408073505379303
3980 1.115494514230754
3981 0.5693707905948946
3982 0.9141908201995309
3983 0.8426808552456163
3984 0.6488256344913195
3985 0.964531202146758
3986 1.2143520580594882
3987 0.8160129934639143
3988 1.152952372880441
3989 2.358295107353161
3990 3.2258142910108982
3991 3.453695538604722
3992 3.1131937022095726
3993 3.863261073299276
3994 5.06200571726548
3995 4.5951143239515115
3996 3.73744941556068
3997 4.4179147712714455
3998 3.0339246019127577
3999 3.573563368784833
4000 5.660516513341001
4001 5.015805143668065
4002 5.829078894333238
4003 3.9819594917033374
4004 2.8936367153346807
4005 3.0145562665557035
4006 1.883727939425386
4007 1.609753264690147
4008 1.4392732737282374
4009 1.4359686086277197
4010 1.0259912462054208
4011 0.6178101671201088
4012 0.08323952360285625
4013 0.2331307400703277
4014 0.08167714012384782
4015 0.02182748438803804
4016 0.19735612780258943
4017 0.5568140144447189
4018 1.315070381564345
4019 2.2586039852325572
4020 1.487854411503603
4021 1.5529487512298081
4022 1.4838766140578625
4023 1.6747794233914173
4024 1.7488718477702738
4025 1.757824071102408
4026 1.2379381749197889
4027 1.1135338218232225
4028 2.5328494038447396
4029 3.1079325413937675
4030 3.042676032366064
4031 3.732461363960016
4032 0.24641909934352385
4033 0.0887151170430792
4034 0.023934402211824017
4035 0.4792652615125181
4036 0.33634917613825327
4037 0.5339179731810819
4038 0.1735043639421138
4039 0.46691907659469817
4040 0.6754896075421659
4041 0.7336042012985111
4042 1.0730217398299389
4043 1.3436371979068802
4044 1.0132743552675763
4045 1.750544591310407
4046 2.4226837807763157
4047 2.3114376558740335
4048 2.418223353198987
4049 2.2365413489529233
4050 1.3625471447000297
4051 1.0467567899794241
4052 0.9163602116713027
4053 1.3236711233835718
4054 1.9243154625282939
4055 1.976903633330124
4056 2.899703575862296
4057 2.566906545329626
4058 3.401384984478537
4059 4.230540818562058
4060 2.965793011571432
4061 2.845428984721118
4062 3.088162415650224
4063 3.585539179193013
4064 3.934851324413203
4065 4.069365797273879
4066 3.951607712878723
4067 2.4535438823268296
4068 1.6129082677742779
4069 2.2984032045282654
4070 2.3638685605494127
4071 2.5936500929474335
4072 2.020751132564369
4073 1.7916385168542743
4074 0.8681099287178938
4075 0.5069917457449228
4076 0.13761797252913793
4077 0.009426544158243497
4078 0.00429623418854403
4079 0.02797604628460351
4080 0.482392723347567
4081 1.2584700859447775
4082 1.8634288656710603
4083 2.6515681149533137
4084 2.0317721944546245
4085 1.579637605224077
4086 1.503800884205342
4087 1.660031940241487
4088 1.8182673415954091
4089 1.4829938455926557
4090 0.9308941494766613
4091 1.5005099752169875
4092 1.8508769208399167
4093 1.995136039794987
4094 2.0114898395418392
4095 2.3176210059800555
