 0
0 -8.055304921469752e-05
1 0.0
2 0.0
3 -0.001187457484422634
4 -0.0009127914366396986
5 0.0
6 0.0
7 0.0
8 0.0
9 0.0
10 0.0
11 0.0
12 -0.00044487398942990344
13 -0.0008929555593608936
14 -0.00038056613098169466
15 -0.00041684846019265757
16 0.0
17 0.0
18 0.0
19 0.0
20 -0.0004333843646649702
21 0.0
22 -0.00153379192860552
23 0.0
24 0.0
25 0.0
26 0.0
27 -0.00016612914377523471
28 0.0
29 0.0
30 0.0
31 0.0
32 0.0
33 0.0
34 0.0
35 0.0
36 0.0
37 0.0
38 0.0
39 0.0
40 0.0
41 0.0
42 0.0
43 0.0
44 0.0
45 0.0
46 0.0
47 6.964777915699525e-05
48 0.0005978803078373127
49 0.00012609995954424233
50 0.001184411652655376
51 7.731052304345634e-05
52 0.0010919635512751228
53 3.178954791187893e-05
54 0.0019147038163219248
55 0.0013311610623227405
56 0.0005730308654280357
57 0.0
58 0.0
59 0.0
60 0.0
61 0.0
62 0.0
63 0.0
64 0.0
65 0.0
66 0.0
67 0.0
68 0.0
69 0.0
70 0.0
71 0.0
72 0.0
73 0.0
74 0.0
75 0.0
76 0.0
77 0.0
78 0.0
79 0.0
80 0.0
81 0.0
82 0.0
83 -0.0005450375995045052
84 -0.0005154694493086385
85 0.0
86 0.0
87 0.0
88 0.0
89 0.0
90 0.0
91 0.0
92 0.0
93 0.0
94 0.0
95 0.0
96 0.0
97 0.0
98 0.0
99 0.0
100 0.0
101 0.0
102 0.0
103 0.0
104 0.0
105 0.0
106 0.0
107 0.0
108 -0.0006384389772522047
109 -0.003169770876573536
110 0.0
111 0.0
112 0.0
113 0.0
114 0.0
115 0.0
116 0.0
117 3.180967231465649e-05
118 0.0012277039710521728
119 0.0006348934754229341
120 0.002020534846459693
121 0.0005390114674959059
122 0.0
123 0.0
124 0.0
125 0.0
126 0.0
127 0.0
128 0.0
129 0.0
130 0.0
131 0.0
132 0.0
133 0.0
134 0.0
135 0.0
136 0.0
137 0.0
138 0.0
139 0.0
140 0.0
141 0.0
142 0.0
143 0.0
144 0.0
145 0.0
146 0.0
147 0.0
148 0.0
149 0.0
150 0.0
151 0.0
152 0.0
153 0.0
154 0.0
155 0.0
156 0.0
157 0.0
158 0.0
159 0.0
160 0.0
161 0.0
162 0.0
163 0.0
164 0.0
165 0.0
166 0.0
167 0.0
168 0.0
169 0.0
170 -0.001434362725938798
171 -0.0020899906076005453
172 -0.0024126702587546137
173 -0.0022602228052382776
174 0.0
175 0.0
176 0.0
177 0.0
178 0.0
179 0.0
180 0.0
181 0.0
182 0.0
183 0.0
184 0.0
185 0.001369231605642429
186 0.0
187 0.0
188 0.0
189 0.0
190 0.0
191 0.0
192 -0.0007925623769756413
193 0.0
194 0.0
195 0.0
196 0.0
197 0.0
198 0.0
199 0.0
200 0.0
201 0.0
202 0.0
203 0.0
204 0.0
205 0.0
206 0.0
207 0.0
208 0.0
209 0.0
210 0.0
211 0.0
212 0.0
213 0.0
214 0.0
215 0.0
216 0.0
217 0.0
218 0.0
219 0.0
220 0.0
221 0.0
222 0.0
223 0.0
224 0.0
225 0.0
226 0.0
227 0.0
228 0.0
229 0.0
230 0.0
231 0.0
232 0.0
233 0.0
234 0.0
235 0.0
236 0.0
237 0.0
238 0.0
239 0.0
240 0.0
241 0.0
242 0.0
243 0.0
244 0.0
245 0.0
246 0.0
247 0.0
248 0.0
249 0.0
250 0.0
251 0.0
252 0.0
253 0.0
254 0.0
255 0.0
256 0.0
257 0.0
258 0.0
259 0.0
260 0.002555508081319769
261 0.0
262 0.0
263 0.0
264 0.0
265 0.0
266 0.0
267 0.0
268 0.0
269 0.0
270 0.0
271 0.0012692944132265782
272 0.0013745359924354486
273 0.0
274 0.0011120554597465436
275 0.0014334075574727284
276 0.0006017960574292716
277 0.0
278 0.0
279 0.0
280 0.0
281 0.0
282 0.0
283 0.0
284 0.0
285 0.0
286 0.0
287 0.0
288 0.0
289 0.0
290 0.0
291 0.0
292 0.0
293 0.0
294 0.0
295 0.0
296 0.0
297 0.00019251458548257547
298 0.0
299 0.0
300 0.0
301 0.0
302 0.0
303 0.0
304 0.0
305 0.0
306 0.0
307 0.0
308 0.0
309 0.0
310 0.0
311 0.0
312 0.0
313 0.0
314 0.0
315 0.0
316 0.0
317 0.0
318 0.0
319 0.0
320 0.0
321 0.0
322 0.0
323 0.0
324 0.0
325 0.0
326 0.0
327 0.0
328 0.0
329 0.0
330 0.0
331 0.0
332 0.0
333 0.0
334 0.0
335 0.0
336 0.0
337 0.0
338 3.128582292439677e-05
339 0.0
340 0.0
341 0.0
342 0.0
343 0.0
344 0.0
345 0.00026987467764652074
346 0.0
347 0.0
348 0.00012922775147470005
349 0.0
350 0.0
351 0.0
352 0.0
353 0.0
354 0.0
355 0.0
356 0.0
357 0.0
358 0.0
359 0.0
360 0.001775801699563126
361 0.0024192637932924305
362 0.0028005919519262625
363 0.000362725086167565
364 0.0
365 0.0
366 0.0
367 0.0
368 0.0
369 0.0
370 0.0
371 0.0
372 0.0
373 0.0
374 0.0
375 0.0
376 0.0
377 0.0
378 0.0
379 0.0
380 0.0
381 0.0
382 0.0
383 0.0
384 0.0
385 0.0
386 0.0
387 0.0
388 0.0
389 0.0
390 0.0
391 0.0
392 0.0
393 0.0
394 0.0
395 0.0
396 0.0
397 0.0
398 0.0
399 0.0
400 0.0
401 0.0
402 4.0285446062882294e-05
403 0.0
404 0.0005472519789257307
405 0.001092822942224318
406 0.0005805982462614895
407 0.000860359194459639
408 0.0
409 0.0
410 0.0
411 0.0
412 0.0006175843462277575
413 0.0006233328165239611
414 0.0
415 0.0
416 0.0
417 0.0
418 0.0
419 0.0
420 0.0
421 0.0
422 0.0
423 0.0
424 0.00038185109994389127
425 0.0
426 0.0007457218101547011
427 0.0
428 0.0
429 0.0
430 0.0
431 0.0
432 0.0
433 0.0
434 0.0
435 0.0
436 0.0
437 0.0
438 0.0
439 0.0
440 0.0
441 0.0
442 0.0
443 0.0
444 0.0
445 0.0
446 0.0
447 0.0
448 -0.0011367898730185334
449 0.0
450 0.0
451 0.0
452 0.0
453 0.0
454 0.0
455 0.0
456 0.0
457 0.0
458 0.0
459 0.0
460 0.0
461 -0.00011755245243059374
462 -0.0009376595309321316
463 0.0
464 0.0
465 0.0
466 0.0
467 0.0
468 0.00037221436174369175
469 0.0002467532737487082
470 0.001785493193864981
471 0.00329674413187928
472 0.001268323260859793
473 0.0
474 0.0
475 0.0
476 0.0
477 0.0
478 0.0
479 0.0
480 0.0
481 0.0
482 0.0
483 0.0
484 -1.774937749437984e-06
485 0.0
486 0.0
487 0.0
488 0.0
489 0.0
490 0.0
491 0.0
492 0.0
493 0.0
494 0.0
495 0.0
496 0.0
497 0.0
498 0.0
499 0.0
500 0.0
501 0.0
502 0.0
503 0.0
504 0.0
505 0.0
506 0.0
507 0.0
508 0.0
509 0.0
510 0.0
511 0.0
512 -0.00036268025175632346
513 -0.00011864940920432726
514 -0.0013145280194379867
515 0.0
516 0.0
517 0.0
518 0.0
519 0.0
520 0.0
521 -0.0005013116541783274
522 0.0
523 -6.95204704723141e-05
524 -0.0012881152381915156
525 -0.001725694143383944
526 -0.0010464584566648272
527 0.0
528 0.0
529 0.0
530 0.0
531 0.0
532 0.0
533 4.677378099964371e-07
534 0.0
535 0.0008990872656438016
536 0.0
537 0.0
538 0.0
539 0.0
540 0.0
541 0.0
542 0.0
543 0.0
544 0.0
545 0.0
546 0.0
547 0.0
548 0.0
549 0.0
550 0.0
551 0.0
552 0.0
553 0.0
554 0.0
555 0.0
556 0.0
557 0.0
558 0.0
559 0.0
560 0.0
561 0.0
562 0.0
563 0.0
564 0.0
565 0.0
566 0.0
567 0.0
568 0.0
569 0.0
570 0.0
571 0.0
572 0.0
573 0.0
574 0.0
575 0.0
576 0.0
577 0.0
578 0.0
579 -0.001335329427185389
580 0.0
581 0.0006089614975754746
582 0.001784296564146968
583 0.00030071369045229086
584 0.0
585 -0.0005424318465481839
586 -0.00032670854536983457
587 -0.0003767520757887679
588 -9.254881575794472e-05
589 -0.0018623466037705
590 -0.0011526244716406574
591 -0.0007069866719530962
592 0.0
593 0.0
594 0.0
595 0.0
596 0.0
597 0.0
598 0.0
599 0.0
600 0.0
601 0.0
602 0.0
603 0.0
604 0.0
605 0.0
606 0.0
607 0.0
608 0.0
609 0.0
610 0.0
611 0.0
612 0.0
613 0.0
614 0.0
615 0.0
616 0.0
617 0.0
618 0.0
619 0.0
620 0.0
621 0.0
622 0.0
623 0.0
624 0.0
625 0.0
626 0.0
627 0.0
628 0.0
629 0.0
630 0.0
631 0.0
632 0.0
633 0.0
634 0.0
635 0.0
636 0.0
637 0.0
638 0.0
639 0.0
640 0.0
641 0.0
642 0.0
643 0.0
644 0.0
645 0.0
646 0.00204458519928486
647 0.0006521715297978417
648 0.0
649 0.0
650 0.0
651 0.0
652 -3.4281300195149575e-06
653 -0.00048552449313010764
654 0.0
655 -0.00011480407066818404
656 0.0
657 -0.0007047322527689667
658 0.0
659 0.0
660 0.0
661 0.0
662 0.0
663 -7.593045794301303e-05
664 0.0
665 0.0
666 0.0
667 0.0
668 0.0
669 0.0007542754983770799
670 0.0
671 0.0
672 0.0
673 0.0
674 -0.0010486490215849923
675 0.0
676 0.0
677 0.0
678 -0.00010698530635258611
679 0.0
680 0.0
681 0.0
682 0.0
683 0.0
684 0.0
685 0.0
686 0.0
687 0.0
688 0.0
689 0.0
690 0.0
691 0.0
692 0.0
693 0.0
694 0.0
695 0.0
696 0.0
697 0.0
698 0.0
699 0.0
700 0.0
701 0.0
702 0.0
703 0.0
704 -0.001218519216240446
705 0.0
706 0.0
707 -0.0009329951839175246
708 0.0
709 0.0
710 0.0
711 0.0
712 0.0
713 0.0
714 0.0
715 0.0
716 0.0
717 0.0
718 0.0
719 0.0
720 -0.0006827070810080952
721 -0.002003694454166939
722 0.0
723 0.0
724 0.0
725 0.0
726 -0.003452695106686866
727 -0.0026728220965532203
728 0.0
729 0.0
730 0.0
731 0.0
732 1.1144133347146829e-05
733 0.0019792006230461316
734 0.0
735 0.0
736 0.0
737 0.0
738 0.0
739 0.0
740 0.0
741 0.0
742 0.0
743 -0.00012197906322374294
744 0.0
745 0.0
746 0.0
747 0.0
748 0.0
749 -0.00017042822494313324
750 -0.00033488768900248616
751 0.0
752 0.0
753 -0.0015854284020300853
754 0.0
755 0.0
756 0.0
757 0.0
758 0.0
759 0.0
760 0.0
761 0.0
762 0.0
763 0.0
764 0.0
765 0.0
766 0.0
767 0.0
768 0.0
769 0.0
770 -0.0003980859284070504
771 -0.0017161843367751288
772 0.0
773 0.0
774 0.0
775 0.0
776 0.0
777 0.0
778 0.0
779 0.0
780 0.0
781 0.0
782 0.0
783 0.0
784 0.0
785 -4.293745167199474e-05
786 0.0
787 0.0
788 -0.0012644396833740904
789 -0.0023147363460115614
790 -0.005336289326149917
791 -0.005562264500133455
792 -0.0010725970426612122
793 0.0
794 0.0
795 0.0
796 0.0
797 0.0
798 0.0
799 0.0
800 0.0
801 0.0
802 0.0
803 0.0
804 0.0
805 0.0
806 -5.105579538078706e-05
807 0.0
808 0.0
809 0.0
810 0.0
811 0.0
812 0.0
813 0.0
814 0.0
815 0.0
816 0.0
817 0.0
818 0.0
819 0.0
820 0.0
821 0.0
822 0.0
823 0.0
824 0.0
825 0.0
826 0.0
827 0.0
828 0.0
829 0.0
830 0.0
831 0.0
832 0.0
833 0.0
834 0.0
835 -0.00017178968719182674
836 0.0
837 0.0
838 0.0
839 0.0
840 0.0
841 0.0009168651784265354
842 0.0
843 0.0
844 0.0
845 0.0
846 0.0
847 0.0
848 0.0
849 -0.000373538453521539
850 0.0
851 0.0
852 -0.0013368447963786284
853 -0.0030676036245673535
854 -0.003996457888431569
855 -0.0025197403709336734
856 -0.0015648702243556422
857 -0.0004515014873173666
858 -0.000669939292438725
859 -0.002532114360369254
860 -0.0005123006047304515
861 0.0
862 0.0
863 0.0
864 0.0
865 0.0
866 0.0
867 0.0
868 0.0
869 0.0
870 -0.0009737824373461595
871 0.0
872 0.0
873 0.0
874 0.0
875 0.0
876 0.0
877 0.0
878 0.0
879 0.0
880 0.0
881 0.0
882 0.0
883 0.0
884 0.0
885 0.0
886 0.0
887 0.0
888 0.0
889 0.0
890 -2.4695014002831182e-05
891 -0.00013376980693973655
892 0.0
893 0.0
894 0.0
895 0.0
896 0.0
897 0.0
898 0.0
899 0.0
900 -0.0010720947375200027
901 0.0
902 0.0
903 0.0
904 0.0
905 0.0
906 0.0008173860768290273
907 0.0
908 0.0
909 0.0
910 0.0
911 0.0
912 0.0
913 -0.0018920868912040217
914 -0.0003500761554241548
915 -0.0015013528166841318
916 -0.001659826042240402
917 -0.0032326819109619502
918 -0.004292288466150856
919 -0.0015874602879160796
920 0.0
921 0.0
922 0.0
923 0.0
924 0.0
925 0.0
926 0.0
927 0.0
928 0.0
929 0.0
930 0.0
931 0.0
932 0.0
933 0.0
934 -0.0010849662605049344
935 -0.0007310185113718538
936 0.0
937 0.0
938 0.0
939 0.0
940 0.0
941 0.0
942 -0.0013674441521209558
943 -0.0013756501445942786
944 -0.001385672326888026
945 0.0
946 -0.0003325558713452039
947 0.0
948 0.0
949 0.0
950 0.0
951 0.0
952 -0.00255392851948966
953 -0.000540614516958555
954 -0.0003936794377914726
955 0.0
956 0.0
957 0.0
958 0.0
959 0.0
960 0.0
961 0.0
962 0.0
963 0.0
964 0.0
965 -6.424269849320198e-05
966 0.0
967 0.0
968 0.0
969 0.0
970 0.00022840044433575062
971 0.0009063295099291864
972 0.001474802197333048
973 0.0
974 0.0
975 0.0
976 0.0
977 0.0
978 0.0
979 0.0
980 -0.0006760677072714189
981 -0.0011492167602160006
982 -0.0022729234629252637
983 -0.0006510058448869183
984 0.0
985 0.0
986 0.0
987 0.0
988 -2.5091009745259268e-06
989 -0.0005556529042152267
990 0.0
991 -0.0006492507865841332
992 0.0
993 0.0
994 0.0
995 0.0
996 0.0
997 0.0
998 -0.00035156909372263407
999 -0.0011133416996403657
1000 0.0
1001 0.0
1002 0.0
1003 0.0
1004 0.0
1005 0.0
1006 0.0
1007 0.0
1008 0.0
1009 0.0
1010 0.0
1011 0.0
1012 0.0
1013 0.0
1014 0.0
1015 0.0
1016 -0.0006900044243259726
1017 0.0
1018 0.0
1019 -0.00031174218073448396
1020 0.0
1021 0.0
1022 0.0
1023 0.0
1024 0.0
1025 0.0
1026 0.0
1027 0.0
1028 0.0
1029 0.0
1030 0.0
1031 0.0
1032 0.0
1033 0.0
1034 0.0
1035 6.169669282813289e-05
1036 0.0032889246933066486
1037 0.0
1038 0.0
1039 0.0
1040 0.0
1041 0.0
1042 0.0
1043 0.0
1044 -0.00021657990297830294
1045 -0.00012691732295362122
1046 -0.001315006126024978
1047 -0.0009970858103871404
1048 0.0
1049 0.0
1050 0.0
1051 -6.145925467947629e-05
1052 -0.002285381131649094
1053 -0.002207254809737067
1054 -0.002756440356862707
1055 -0.00024728922386658644
1056 0.0
1057 0.0
1058 0.0
1059 0.0
1060 0.0
1061 0.0
1062 -0.0006284378232554822
1063 0.0
1064 0.0
1065 0.0
1066 0.0
1067 0.0
1068 0.0
1069 0.0
1070 0.0
1071 0.0
1072 0.0
1073 0.0
1074 0.0
1075 0.0
1076 0.0
1077 0.0
1078 0.0
1079 0.0
1080 0.0
1081 0.0
1082 0.0
1083 0.0
1084 0.0
1085 0.0
1086 0.0
1087 0.0
1088 0.0
1089 0.0
1090 0.0
1091 0.0
1092 0.0
1093 0.0
1094 0.0
1095 -0.0009497939750736758
1096 -0.0008432134747937501
1097 0.0
1098 0.0
1099 0.0
1100 0.0008935576044158897
1101 0.0028725587262770354
1102 0.0
1103 0.0
1104 0.0
1105 0.0
1106 0.0
1107 0.0
1108 0.0
1109 0.0
1110 0.0
1111 0.0
1112 0.0
1113 0.0
1114 0.0
1115 -0.00038254305396697363
1116 -0.0031533185129600538
1117 -0.00381746423217081
1118 -0.002806287131561648
1119 -0.0009847845584508301
1120 0.0
1121 -1.4305973837043292e-05
1122 0.0
1123 0.0008760339368504768
1124 0.0
1125 0.0
1126 0.0
1127 -0.0001220926347535963
1128 0.0
1129 0.0
1130 0.0
1131 0.0
1132 0.0
1133 0.0
1134 0.0
1135 0.0
1136 0.0
1137 0.0
1138 0.0
1139 0.0
1140 0.0
1141 0.0
1142 0.0
1143 0.0
1144 0.0
1145 0.0
1146 0.0
1147 0.0
1148 0.0
1149 0.0
1150 0.0
1151 0.0
1152 0.0
1153 0.0
1154 0.0
1155 0.0
1156 0.0
1157 0.0
1158 0.0
1159 0.0
1160 0.0
1161 0.0
1162 0.0
1163 0.0
1164 0.0
1165 0.0011974718607337942
1166 0.0004655784736127299
1167 0.0
1168 0.0
1169 0.0
1170 0.0
1171 0.0
1172 0.0
1173 0.0
1174 0.0
1175 0.0
1176 0.0
1177 0.0
1178 0.0
1179 0.0
1180 0.0
1181 -0.0005834318141083769
1182 0.0
1183 0.0
1184 0.0
1185 0.0
1186 0.0
1187 0.0010210848468942119
1188 0.0
1189 -0.0003316343620688341
1190 -0.002837955904336157
1191 -0.00029635428695723204
1192 0.0
1193 0.0
1194 0.0
1195 0.0
1196 0.0
1197 0.0
1198 0.0
1199 0.0
1200 0.0
1201 0.0
1202 0.0
1203 0.0
1204 0.0
1205 0.0
1206 0.0
1207 0.0
1208 0.0
1209 0.0
1210 5.4794778429880983e-05
1211 0.0
1212 0.0
1213 0.0
1214 0.0
1215 0.0
1216 1.7388725747945265e-05
1217 0.0
1218 0.0
1219 0.0
1220 0.0
1221 0.0
1222 0.0
1223 0.0
1224 0.0
1225 0.0
1226 0.0
1227 0.0
1228 0.0
1229 0.0
1230 0.0
1231 0.0
1232 0.0
1233 0.0
1234 0.0
1235 0.0
1236 0.0
1237 0.0
1238 0.0
1239 0.0
1240 0.0
1241 0.0
1242 0.0
1243 0.0
1244 0.0
1245 0.0
1246 0.0
1247 0.0
1248 1.562222326939968e-05
1249 0.0013954703937503871
1250 0.002711327374611506
1251 0.0025936732520750495
1252 0.0
1253 0.0
1254 0.0
1255 0.0
1256 0.0
1257 0.0
1258 0.0
1259 0.0
1260 0.0
1261 0.0
1262 0.0
1263 0.0
1264 0.0
1265 0.0
1266 0.0
1267 0.0
1268 0.0
1269 0.0
1270 0.0
1271 0.0
1272 0.0
1273 0.0
1274 0.0
1275 0.0
1276 0.0
1277 0.0
1278 0.0
1279 0.0009980616998097839
1280 0.0
1281 0.0
1282 0.0
1283 0.0
1284 0.0
1285 0.0
1286 0.0
1287 0.0
1288 0.0
1289 0.0
1290 0.0
1291 0.0
1292 0.0
1293 0.0
1294 0.0
1295 0.0
1296 0.0
1297 0.0
1298 0.0
1299 0.0
1300 0.0
1301 0.0
1302 0.0
1303 0.0
1304 0.0
1305 0.0
1306 -0.00018535819336288177
1307 0.0
1308 0.0
1309 0.0
1310 0.0
1311 0.0
1312 0.0
1313 0.0013082165375950913
1314 0.005793451381243302
1315 0.004288279129651354
1316 0.0
1317 0.0
1318 0.0
1319 0.0
1320 -0.00017434412257049585
1321 -2.7870025501612817e-05
1322 -8.36373396018752e-05
1323 0.0
1324 0.0
1325 0.0
1326 0.0
1327 0.0
1328 0.0
1329 0.0
1330 0.0
1331 0.0
1332 0.0
1333 0.0
1334 0.0
1335 0.0
1336 0.0
1337 0.0
1338 0.0
1339 0.0
1340 0.0
1341 0.0
1342 0.0
1343 0.0005227974867367508
1344 0.0
1345 0.0
1346 0.0
1347 0.0
1348 0.0
1349 0.0
1350 0.0
1351 0.0
1352 0.0
1353 0.0008301346115006691
1354 0.001011030730052444
1355 0.0
1356 0.0
1357 0.0
1358 0.0
1359 0.0
1360 0.0
1361 0.0
1362 0.0
1363 0.0004676455613899205
1364 0.0
1365 0.0
1366 8.220512120894379e-05
1367 0.0021156364866982465
1368 0.0
1369 0.0
1370 0.0
1371 -0.0020488255202993494
1372 -0.0005940660175937858
1373 0.0
1374 0.0
1375 0.0
1376 0.0
1377 0.0003847532005222793
1378 0.006980906507365912
1379 0.0028117175666246006
1380 0.0
1381 0.0
1382 0.0
1383 0.0
1384 0.0
1385 0.0
1386 -0.0004032026435441169
1387 0.0
1388 0.0
1389 0.0
1390 0.0
1391 0.0
1392 0.0
1393 0.0
1394 0.0
1395 0.0
1396 0.0
1397 0.0
1398 0.0
1399 0.0
1400 0.0
1401 0.0
1402 0.0
1403 0.0
1404 0.0
1405 0.0
1406 0.0
1407 0.0
1408 0.0
1409 0.0
1410 0.0
1411 0.0
1412 0.0
1413 0.0
1414 0.0
1415 0.0
1416 0.0
1417 0.0
1418 0.0
1419 0.0005052444884414811
1420 0.0
1421 0.00039617978854776677
1422 6.666229320775066e-05
1423 0.0
1424 0.0
1425 0.0006376586791864411
1426 0.0
1427 5.694843916602719e-05
1428 0.0
1429 0.0
1430 0.001162159908233457
1431 0.0024860180885981267
1432 0.0
1433 0.0
1434 0.0
1435 -0.002354931466850463
1436 -0.002244478220122778
1437 0.0
1438 0.0
1439 0.0
1440 0.0
1441 0.0008068523969736011
1442 0.0023257047612538794
1443 0.0
1444 0.0
1445 0.0
1446 0.0
1447 0.0
1448 0.0
1449 0.0
1450 -0.0006868258633840181
1451 -0.0011207616923089472
1452 0.0
1453 0.0
1454 0.0
1455 0.0
1456 0.0
1457 0.0
1458 0.0
1459 0.0
1460 0.0
1461 0.0
1462 0.0
1463 -0.0006830881283507116
1464 0.0
1465 0.0
1466 0.0
1467 0.0
1468 0.0
1469 0.0
1470 0.0
1471 0.0
1472 0.0
1473 0.0
1474 0.0
1475 0.0
1476 0.0
1477 0.0
1478 0.0
1479 0.0
1480 0.0
1481 0.0
1482 0.0
1483 0.0004993289280728341
1484 0.0
1485 0.0
1486 0.0013976828632285222
1487 0.0
1488 0.0
1489 0.001127155613748256
1490 0.0
1491 0.0
1492 0.0
1493 0.0
1494 0.00039718168245421725
1495 0.0
1496 0.0
1497 0.0
1498 0.0
1499 0.0
1500 -0.0011864200234288451
1501 0.0
1502 0.0
1503 0.0
1504 0.0
1505 0.0
1506 0.0
1507 0.0
1508 0.0
1509 0.0
1510 0.0009621766897363256
1511 0.0
1512 0.0
1513 0.0
1514 -0.000548283822803242
1515 -0.0016774404545604716
1516 -0.00025843708476057945
1517 0.0
1518 0.0
1519 0.0
1520 0.0
1521 0.0
1522 0.0002735166784267385
1523 0.0
1524 0.0
1525 0.0
1526 0.0
1527 0.0
1528 0.0
1529 0.0
1530 0.0
1531 0.0
1532 0.0
1533 0.0
1534 0.0
1535 0.0
1536 0.00113239837752003
1537 0.0
1538 0.0
1539 0.0
1540 0.0
1541 0.0
1542 0.0
1543 0.0
1544 0.0
1545 0.0
1546 0.0
1547 0.0
1548 0.0
1549 0.0
1550 0.0
1551 0.0
1552 0.0
1553 0.0008230081760374824
1554 0.00029619160971741475
1555 0.0
1556 0.0
1557 0.0
1558 0.0
1559 0.0004779753961282946
1560 0.0
1561 0.0
1562 0.0
1563 0.0
1564 -4.016915482326218e-05
1565 0.0
1566 0.0
1567 0.0
1568 0.0
1569 0.0
1570 0.0010489249256657686
1571 0.0
1572 0.0
1573 0.0
1574 0.0
1575 0.0
1576 0.0
1577 0.0
1578 0.0
1579 0.0
1580 0.0
1581 0.0
1582 0.0
1583 0.0
1584 0.0
1585 0.0
1586 0.0
1587 0.0
1588 0.0
1589 0.0
1590 -0.0026402627959130824
1591 0.0
1592 0.0
1593 0.0
1594 0.0
1595 0.0
1596 0.00105079355277334
1597 0.0
1598 0.0
1599 0.0
1600 0.0
1601 0.0
1602 0.0
1603 0.0
1604 0.0
1605 0.0
1606 0.0
1607 0.0
1608 0.00036502408864983203
1609 0.0
1610 0.0
1611 0.0
1612 0.0
1613 0.0006277641868966642
1614 0.001297929730372916
1615 0.0
1616 0.0
1617 0.0
1618 0.0
1619 0.0
1620 0.0
1621 0.0
1622 0.0005345642202179309
1623 0.0007548929594937916
1624 0.00024029777627106142
1625 0.0
1626 0.0
1627 0.0
1628 0.0
1629 0.0
1630 0.0
1631 0.0
1632 0.0
1633 0.0
1634 0.00019694633001318947
1635 0.002917884823370583
1636 0.003480750078222264
1637 0.0024729613865257663
1638 0.003459028338882837
1639 0.0018263524115796665
1640 0.0007764047322834303
1641 0.001218041664799116
1642 0.0
1643 0.0
1644 0.0
1645 0.0
1646 0.0
1647 0.0
1648 0.0
1649 0.0
1650 0.0
1651 0.0
1652 0.0
1653 0.0
1654 -0.0022191668165503745
1655 0.0
1656 0.0
1657 0.0
1658 0.0007379897001355433
1659 0.0
1660 0.0
1661 0.001575719886788847
1662 0.0
1663 0.0
1664 0.0
1665 0.0
1666 0.0
1667 0.0
1668 0.0
1669 0.0
1670 0.0
1671 0.0
1672 0.0
1673 0.0
1674 0.0
1675 0.0
1676 0.0
1677 0.0008421898713929601
1678 0.0016146338377689856
1679 0.0
1680 0.0
1681 0.0
1682 0.00038734340666310733
1683 0.0
1684 0.0
1685 0.0
1686 0.0005075051150670542
1687 0.0020832478477141765
1688 0.0005951272109017059
1689 0.0
1690 0.0
1691 0.0
1692 0.0
1693 0.0
1694 0.0
1695 0.0
1696 0.0
1697 0.0
1698 0.0
1699 0.0
1700 0.0
1701 0.0005719211783588884
1702 2.9940815092022416e-05
1703 0.0
1704 0.0
1705 0.0
1706 0.0
1707 0.0
1708 0.0
1709 0.0
1710 0.0
1711 0.0
1712 0.0
1713 0.0
1714 0.0
1715 0.0
1716 -0.0006728038813850462
1717 -0.0025927986486660912
1718 -0.0012407073938249394
1719 0.0
1720 0.0
1721 0.0
1722 0.0
1723 0.0
1724 0.0007866715541249838
1725 0.0012535408727047642
1726 0.0
1727 0.0
1728 0.0
1729 0.0
1730 0.0
1731 0.0
1732 0.0
1733 0.0
1734 0.0
1735 0.0
1736 0.0
1737 0.0
1738 0.0
1739 0.0
1740 0.0
1741 0.0012728155632778042
1742 0.0
1743 0.0
1744 0.0
1745 0.0
1746 0.0006292470574277973
1747 0.0
1748 0.0
1749 0.0
1750 0.0
1751 9.520436576266676e-05
1752 0.0
1753 0.0
1754 0.0
1755 0.0
1756 0.0
1757 0.0
1758 0.0
1759 0.0
1760 0.0
1761 0.0
1762 0.0
1763 0.0
1764 0.0
1765 0.001458560995906946
1766 0.002258699761912235
1767 0.0
1768 0.0
1769 0.0
1770 0.0
1771 0.0
1772 0.0
1773 0.0
1774 0.0
1775 0.0
1776 0.0
1777 0.0
1778 -0.002606635785564816
1779 -0.004577994918991465
1780 -0.003242124599384942
1781 -0.0022902350149073
1782 -0.0002551911288193459
1783 -0.000511612301737585
1784 0.0
1785 0.0
1786 0.0
1787 0.0
1788 0.0
1789 0.0
1790 0.0
1791 0.0
1792 0.0
1793 0.0
1794 0.0
1795 0.0
1796 0.0
1797 0.0
1798 0.0
1799 0.0
1800 1.1849324062573682e-05
1801 0.0
1802 0.0
1803 0.0
1804 0.0
1805 0.0
1806 0.0
1807 0.0
1808 0.0
1809 0.0017666981238624153
1810 0.00010048312687879606
1811 0.0004419537963893861
1812 0.0
1813 4.224002896352516e-05
1814 0.0
1815 0.0
1816 0.0
1817 0.0
1818 0.0
1819 0.0
1820 0.0
1821 0.0
1822 0.0
1823 0.0
1824 0.0
1825 0.0
1826 0.0
1827 0.0
1828 0.0
1829 0.00019902823403579467
1830 0.0
1831 0.0
1832 0.0
1833 0.0
1834 0.0
1835 0.0
1836 0.0
1837 0.0
1838 0.0
1839 0.0
1840 0.0
1841 -0.000595584188802933
1842 -0.0012114986891679407
1843 -0.0036214709810246377
1844 0.0
1845 0.0
1846 0.0
1847 0.0
1848 0.0
1849 0.0
1850 0.0
1851 0.0002254125804285143
1852 0.0
1853 0.0
1854 0.0
1855 0.0011411269136102377
1856 0.0007118744258688294
1857 0.0
1858 0.0
1859 0.0
1860 0.0
1861 0.0
1862 0.0
1863 0.0
1864 0.0
1865 0.0
1866 0.0
1867 0.0
1868 0.0
1869 1.491305045988791e-05
1870 0.0
1871 0.0
1872 0.0005663909856986921
1873 0.0
1874 3.0691364314134496e-06
1875 0.0
1876 0.0006111761990960032
1877 0.00031555760997037906
1878 5.5675621017321746e-05
1879 0.0011578777297351032
1880 0.0010983214764463101
1881 0.0008384108564695509
1882 0.0015254813922248472
1883 0.0016141509298570117
1884 0.0014077939727429392
1885 0.0009935702111752434
1886 0.0
1887 0.0
1888 0.0
1889 0.0
1890 0.0
1891 0.0
1892 0.0
1893 0.0
1894 0.0
1895 0.0
1896 0.0
1897 0.0
1898 0.0
1899 0.0
1900 0.0
1901 0.0
1902 0.0
1903 0.0
1904 -0.001259037959497854
1905 -0.0010007280029807582
1906 -0.000475858378299391
1907 -0.0037082137822966117
1908 0.0
1909 0.0
1910 0.0
1911 0.0
1912 0.0
1913 0.0
1914 0.0
1915 0.0
1916 0.0
1917 0.0
1918 0.0
1919 0.0
1920 2.885223580458893e-05
1921 0.0
1922 0.0
1923 0.0
1924 0.0
1925 0.0
1926 0.0
1927 0.0
1928 0.0
1929 0.0
1930 0.0
1931 0.0
1932 0.0
1933 0.000561677894487385
1934 0.0002471387768682576
1935 0.0008471458195967736
1936 0.0013910720426541672
1937 0.00172738155432544
1938 0.00012685688680921288
1939 0.0
1940 0.0
1941 0.0
1942 0.0
1943 0.0007029143483398896
1944 0.0008216259586033709
1945 0.0021707318713222205
1946 0.0031234452010894084
1947 0.0005019199126585249
1948 0.0
1949 0.0
1950 0.0009730327793903721
1951 0.001288974548233288
1952 5.52534171988338e-05
1953 0.0005936924137916366
1954 0.0
1955 0.0
1956 0.0
1957 0.0
1958 0.0
1959 0.0
1960 0.0
1961 0.0
1962 0.0
1963 0.0
1964 0.0
1965 0.0
1966 0.0
1967 0.0
1968 -0.0005574850849689361
1969 -7.585139782608722e-05
1970 0.0
1971 -0.002413057071837499
1972 0.0
1973 0.0
1974 0.0
1975 0.0
1976 0.0
1977 0.0
1978 0.0
1979 0.0
1980 0.0
1981 0.0
1982 0.0
1983 0.0
1984 0.0
1985 0.0
1986 -0.0009470914932873164
1987 0.0
1988 0.0
1989 0.0
1990 0.0
1991 0.0
1992 0.0
1993 0.0
1994 0.0
1995 0.0
1996 0.0
1997 0.0
1998 0.0
1999 0.0
2000 0.0
2001 0.00010244044303171258
2002 0.0
2003 0.0
2004 0.0
2005 0.0
2006 0.0
2007 0.0
2008 0.0
2009 0.0
2010 0.0
2011 0.0
2012 0.0
2013 0.0
2014 0.0
2015 0.0
2016 0.0
2017 0.0005592480103445238
2018 0.0
2019 0.0
2020 0.0
2021 0.0
2022 0.0
2023 0.0
2024 0.0
2025 0.0
2026 0.0
2027 0.0
2028 -0.00011967125729637748
2029 -0.0010135899882879097
2030 0.0
2031 0.0
2032 -7.761369756666397e-05
2033 0.0
2034 0.0
2035 0.0
2036 -0.0005160602305435117
2037 -0.0026777898489751322
2038 0.0
2039 0.0
2040 0.0
2041 0.0
2042 0.0
2043 0.0003716365598768509
2044 0.0
2045 0.0
2046 0.0
2047 0.0
2048 0.0
2049 0.0
2050 -0.0010700614124810695
2051 -0.0001412912468146365
2052 0.0
2053 0.0
2054 0.0
2055 0.0
2056 0.0
2057 0.0
2058 0.0
2059 0.0
2060 0.0
2061 0.0004885035484343142
2062 0.0
2063 0.0
2064 0.0
2065 0.00020307816429914879
2066 0.0
2067 0.0
2068 0.0
2069 0.0
2070 0.0
2071 0.0
2072 0.0
2073 0.0006588287824534282
2074 7.513026157695109e-05
2075 7.992224366850991e-05
2076 0.0
2077 0.0
2078 0.0
2079 0.0
2080 0.0
2081 0.0
2082 0.0
2083 0.0
2084 0.0
2085 0.0
2086 0.0
2087 0.0
2088 0.0
2089 0.0
2090 0.0
2091 0.0
2092 -3.8302618641191e-05
2093 -0.00140090723737238
2094 -0.0006065851342943828
2095 -0.0006590544611524612
2096 -0.0021572131180213235
2097 0.0
2098 0.0
2099 0.0
2100 0.0
2101 -0.003133970838599381
2102 -0.005063982190457096
2103 -0.0026192569136856444
2104 -0.0012841441255182003
2105 0.0
2106 0.0
2107 0.0006308053912405457
2108 0.0013065443111387515
2109 0.0
2110 0.0
2111 0.0
2112 0.0
2113 0.0
2114 -0.0010319248839325479
2115 -3.855891977735418e-05
2116 0.0
2117 0.0
2118 0.0
2119 0.00026987978205196507
2120 0.0
2121 0.0
2122 0.0
2123 0.0
2124 0.0
2125 0.0
2126 0.0
2127 0.0
2128 0.0
2129 0.00016254428582494654
2130 0.0
2131 0.0
2132 0.0
2133 0.0
2134 0.0
2135 0.0001494026668702363
2136 0.0004029027154109585
2137 0.0018667615186869276
2138 0.0025308576074816883
2139 0.00032414885496969293
2140 0.0
2141 0.0
2142 0.0
2143 0.0
2144 0.0
2145 0.0
2146 0.0
2147 0.0
2148 0.0
2149 0.0
2150 0.0
2151 0.0
2152 0.0
2153 0.0
2154 0.0
2155 0.0
2156 0.0
2157 0.0
2158 0.0
2159 0.0
2160 -0.00025161854695256386
2161 0.0
2162 0.0
2163 0.0
2164 0.0
2165 -0.001312215259835933
2166 -0.0053956566130315365
2167 -0.0010577449582882975
2168 -0.0003304259213688401
2169 0.0
2170 0.0
2171 0.0010839636065804268
2172 0.0005603883707213476
2173 0.0
2174 0.0
2175 0.0
2176 0.0
2177 0.0
2178 -0.0009702539446822574
2179 0.0
2180 0.0
2181 0.001697421942533239
2182 0.0007505938293851037
2183 0.0006946284747912688
2184 0.0
2185 0.0
2186 0.0
2187 0.0
2188 0.0
2189 0.0
2190 0.0
2191 0.0
2192 0.0
2193 0.0
2194 0.0
2195 0.0
2196 0.0
2197 0.0
2198 0.0
2199 0.0023265753663993687
2200 4.098110713120948e-05
2201 0.0
2202 7.679844132157544e-05
2203 0.0005996911065327376
2204 0.0
2205 0.000518296304525245
2206 0.0
2207 0.0
2208 0.0
2209 0.0023399102965579646
2210 0.001638866639225999
2211 0.0
2212 0.0
2213 0.0
2214 0.0
2215 0.0
2216 0.0
2217 0.0
2218 0.0
2219 0.0
2220 0.0
2221 0.0
2222 0.0
2223 0.0
2224 0.0
2225 0.0
2226 0.0
2227 0.0
2228 0.0
2229 -0.0008140446926053642
2230 0.0
2231 0.0
2232 0.0
2233 0.0
2234 0.0
2235 0.0011318304511749304
2236 1.751861607163055e-05
2237 0.0
2238 0.0
2239 0.0
2240 0.0
2241 0.0
2242 -0.0019750235514570994
2243 -0.00017238801769627299
2244 0.0
2245 0.0
2246 9.718008278319756e-05
2247 0.001119864196829443
2248 0.0005562417483328257
2249 0.0
2250 0.0
2251 0.0
2252 0.0
2253 0.00025610527556879756
2254 0.0
2255 0.0
2256 0.0
2257 0.0
2258 0.0
2259 0.0
2260 0.0
2261 0.0
2262 0.0
2263 0.0006736707904769592
2264 0.0
2265 0.0
2266 0.0
2267 0.0
2268 0.0
2269 0.0
2270 0.0
2271 0.0
2272 0.0
2273 0.0016074699668714258
2274 0.0012217539974474295
2275 0.0
2276 0.0
2277 0.0
2278 0.0
2279 0.0
2280 0.0
2281 0.0
2282 0.0
2283 0.0
2284 0.0
2285 0.0
2286 0.0
2287 0.0
2288 0.0
2289 0.0
2290 0.0
2291 0.0
2292 0.0
2293 0.0
2294 0.0
2295 0.0
2296 0.0
2297 0.0
2298 0.0011420376969781525
2299 0.0008136961283673404
2300 0.0017390387913859208
2301 0.0
2302 0.0
2303 0.0010750956574833717
2304 0.0
2305 0.0
2306 -0.0003787858780641749
2307 0.0
2308 0.0
2309 0.0
2310 0.0
2311 7.584910108329882e-05
2312 7.567257904417648e-05
2313 0.0
2314 0.0
2315 0.0
2316 0.0
2317 0.00046501108660279057
2318 0.0
2319 0.0
2320 0.0
2321 7.0067585271540046e-06
2322 0.0
2323 0.0
2324 0.0
2325 9.39145630105518e-06
2326 0.0
2327 0.0
2328 0.0
2329 0.0
2330 0.0
2331 0.0
2332 0.0
2333 -0.0004983718148706869
2334 0.0
2335 0.0
2336 0.0
2337 0.0
2338 0.0
2339 0.0
2340 0.0
2341 0.0
2342 0.0
2343 0.0
2344 0.0
2345 0.0
2346 0.0
2347 -0.0026128989095840715
2348 -0.0004660138840135089
2349 0.0
2350 0.0
2351 0.0
2352 0.0
2353 0.0
2354 0.0
2355 0.0
2356 0.0
2357 0.0
2358 0.0
2359 0.0
2360 0.0
2361 0.0
2362 0.0
2363 0.001492506441983162
2364 0.0
2365 0.0
2366 0.0
2367 0.0
2368 0.0
2369 0.0
2370 0.0
2371 -1.8670817179113246e-05
2372 0.0
2373 0.0
2374 0.00042963729756162185
2375 4.201306038123901e-06
2376 0.0
2377 0.0
2378 0.0
2379 0.0
2380 0.0
2381 0.00019296941002393427
2382 0.0
2383 0.0
2384 4.525105054781421e-06
2385 0.0007521678248739803
2386 0.001838983158886252
2387 0.00024115877800198122
2388 0.0
2389 0.0
2390 0.0006239476882733252
2391 0.0
2392 0.0
2393 0.0
2394 0.0
2395 0.0
2396 0.0
2397 0.0
2398 0.0
2399 0.0
2400 0.0
2401 0.0
2402 0.0
2403 0.0
2404 0.0
2405 0.0
2406 0.0
2407 0.0
2408 0.0
2409 0.0
2410 -0.00023077711794945618
2411 -0.0008906439540179424
2412 -0.0011462234969256725
2413 -0.0017436737984444987
2414 -0.0012537347633120692
2415 -0.00012575749850655136
2416 0.0
2417 0.0
2418 0.0
2419 0.0
2420 0.0
2421 0.0
2422 0.0
2423 -0.0008355795955405015
2424 -0.0007309193089190355
2425 0.0
2426 0.0
2427 0.0
2428 0.0
2429 0.0
2430 0.0
2431 0.0009337633671697012
2432 0.0
2433 0.0
2434 0.0
2435 0.0
2436 0.0
2437 0.0
2438 0.0
2439 1.887524315643986e-06
2440 0.00020407943340214894
2441 0.0
2442 0.0
2443 0.0
2444 0.0
2445 0.0
2446 0.0
2447 0.0
2448 0.0
2449 0.0
2450 0.0007449968756110914
2451 0.0014838162969505093
2452 0.0
2453 0.0
2454 0.0
2455 0.0
2456 0.0
2457 0.0
2458 0.0
2459 0.0
2460 0.0
2461 0.0
2462 0.0
2463 0.00042825413938981787
2464 0.0
2465 0.0
2466 0.0
2467 0.0
2468 0.0
2469 0.0
2470 0.0
2471 0.0
2472 0.0
2473 0.0
2474 0.0
2475 0.0
2476 0.0
2477 -0.00064145753815374
2478 0.0
2479 0.0
2480 0.0
2481 0.0
2482 0.0
2483 0.0
2484 0.0
2485 0.0
2486 0.0
2487 -0.001263109890207926
2488 0.0
2489 0.0
2490 0.0
2491 0.0
2492 0.0
2493 0.0
2494 0.0011007207243116462
2495 0.0032068552077151517
2496 0.0
2497 0.0
2498 0.0
2499 0.0
2500 0.0
2501 0.0
2502 1.3879853989536944e-05
2503 0.0
2504 0.0005054158293743346
2505 0.0011273851458258643
2506 0.0
2507 0.0
2508 0.0
2509 0.0
2510 0.0
2511 0.0
2512 0.0
2513 0.0006383944123183677
2514 0.0009264498456722242
2515 0.0016041684635092531
2516 0.0016135727657377876
2517 0.0
2518 0.0
2519 0.0
2520 0.0
2521 0.0
2522 0.0
2523 0.0
2524 0.0
2525 0.0
2526 0.0
2527 0.00034745090269538146
2528 0.00020495039980874942
2529 0.0
2530 0.0
2531 0.0
2532 0.0
2533 0.0
2534 0.0
2535 0.0
2536 0.0
2537 0.0
2538 0.0
2539 0.0
2540 0.0
2541 0.0
2542 0.0
2543 0.0
2544 0.0
2545 -0.0031306583911572816
2546 -0.0031479496260810023
2547 -0.00013318488552990654
2548 0.0
2549 -0.0010044938314855694
2550 -0.0042482585782129805
2551 -0.0028723432180512965
2552 -0.00021863718800069822
2553 0.0
2554 0.0
2555 0.0
2556 0.0
2557 0.0006920445709273869
2558 0.0006132016996227786
2559 0.0025118306764574435
2560 0.0
2561 0.0
2562 0.0
2563 0.0
2564 0.0
2565 0.0
2566 0.00012501834728169043
2567 0.0005564943193543002
2568 0.0008899633010331789
2569 0.0015292434063445594
2570 0.0
2571 0.0
2572 0.0
2573 0.0
2574 0.0
2575 0.0
2576 0.0
2577 0.0
2578 0.001718501621452579
2579 0.0019346469175714
2580 0.0014074678985271133
2581 0.0
2582 0.0
2583 0.0
2584 0.0
2585 0.0
2586 0.0
2587 0.0
2588 0.0
2589 0.0
2590 0.0
2591 0.0005395289477591087
2592 0.0
2593 0.0
2594 0.0
2595 0.0
2596 0.0
2597 0.0
2598 -3.6268307339372095e-06
2599 -0.000267267255120638
2600 -2.0000361746189588e-05
2601 -5.410938943036256e-05
2602 0.0
2603 0.0
2604 0.0
2605 0.0
2606 0.0
2607 0.0
2608 0.0
2609 -0.0014074300314193754
2610 -0.0039532152149087535
2611 -0.002919512548266761
2612 -0.0028475463203704284
2613 -0.0009523832575347056
2614 -0.002259080408114806
2615 0.0
2616 0.0
2617 0.0
2618 0.0
2619 0.0
2620 0.0
2621 0.0006006547411793583
2622 0.0006934833669069393
2623 0.0027954047488208656
2624 0.0
2625 0.0
2626 0.0
2627 0.0
2628 0.0
2629 0.0
2630 0.0003291112196412895
2631 0.00045374521624781065
2632 0.0005241016255092059
2633 0.0017899876373768538
2634 0.0007248106332702467
2635 0.0
2636 0.0
2637 0.0
2638 0.0
2639 0.0
2640 0.0
2641 0.0
2642 8.524921696203929e-05
2643 0.002894066620442013
2644 0.0010265471139453645
2645 0.0002470473326455603
2646 0.0
2647 0.0
2648 0.0
2649 0.0
2650 0.0
2651 0.0
2652 0.0
2653 0.0
2654 0.0
2655 0.0
2656 0.0004672265162066248
2657 0.0020036064528383395
2658 0.0
2659 0.0
2660 0.0
2661 0.0
2662 -0.0007630403031671327
2663 -0.0040795622807381655
2664 0.0
2665 0.0
2666 0.0
2667 0.0
2668 0.0
2669 0.0
2670 0.0
2671 -0.0011788700144628953
2672 0.0
2673 0.0
2674 -0.002358407716717668
2675 -0.003184115962549196
2676 -0.0010849970561024184
2677 0.0
2678 -5.524742353029858e-05
2679 0.0
2680 0.0
2681 0.0
2682 0.0
2683 0.0
2684 0.0
2685 0.0014488061426638885
2686 0.0
2687 0.0014238978346656002
2688 -0.00031616515088404406
2689 -5.602376695614288e-06
2690 0.0
2691 0.0
2692 0.0013346667298778242
2693 0.0
2694 0.00017319763572301995
2695 0.0
2696 4.009306673936815e-05
2697 0.0011562100869509987
2698 0.0
2699 0.0
2700 0.0
2701 0.0
2702 0.0
2703 0.0
2704 0.0
2705 0.0
2706 0.0
2707 0.0
2708 0.0012176661294504433
2709 0.0015942982841670034
2710 0.0
2711 0.0
2712 0.0
2713 0.0
2714 0.0
2715 0.0
2716 0.0
2717 0.0
2718 0.0
2719 0.0
2720 0.0
2721 0.0
2722 0.0017909263504519146
2723 0.0014598187723865814
2724 1.0400297590419086e-05
2725 0.0
2726 -3.0448505378483146e-05
2727 -0.0015910424765985954
2728 0.0
2729 0.0
2730 0.0
2731 0.0
2732 0.0
2733 0.0
2734 0.0
2735 -0.00036647831991696927
2736 0.0
2737 0.0
2738 0.0
2739 0.0
2740 0.0
2741 0.0
2742 0.0
2743 0.0
2744 0.0
2745 0.0
2746 0.0
2747 0.0
2748 0.0
2749 0.0
2750 0.0
2751 0.0
2752 -0.0015157865615777776
2753 0.0
2754 0.0
2755 0.0
2756 0.00207737309449854
2757 0.0
2758 0.0
2759 0.0
2760 0.0010714579535304046
2761 0.0002757926111447994
2762 2.6938242230990625e-05
2763 0.0
2764 0.0
2765 0.0
2766 -0.0011541316097324092
2767 0.0
2768 0.0
2769 0.0
2770 0.0
2771 0.0
2772 0.0
2773 0.00245841010432752
2774 0.0006513310479350285
2775 0.0
2776 0.0
2777 0.0
2778 0.0
2779 0.0
2780 0.0
2781 0.0
2782 -0.0009490258115056281
2783 0.0
2784 0.0
2785 0.0
2786 0.0
2787 0.0005384759101561387
2788 0.00046350456360157936
2789 0.0
2790 0.0
2791 0.0
2792 0.0
2793 0.0
2794 0.0
2795 0.0
2796 0.0
2797 0.0
2798 -0.00026951133330488597
2799 -0.0014028953564471263
2800 -0.00018163193036309545
2801 0.0
2802 0.0
2803 0.0
2804 0.0
2805 0.0
2806 0.0
2807 0.0
2808 0.0
2809 0.0
2810 0.0
2811 0.0
2812 0.0
2813 0.0
2814 0.0
2815 0.0
2816 -0.0003002837873152789
2817 -0.000489451740636701
2818 0.0
2819 0.0
2820 0.0011691176163455236
2821 0.0007400132112576599
2822 0.0
2823 0.0
2824 0.0
2825 0.0
2826 0.0
2827 0.0
2828 -0.0009882978604949565
2829 -0.0010573289910483744
2830 0.0
2831 0.0
2832 0.0
2833 0.0
2834 0.0
2835 0.0
2836 5.554562166599276e-06
2837 0.00045465368886228965
2838 0.0
2839 0.0
2840 0.0
2841 0.0
2842 0.0
2843 0.0
2844 0.0
2845 0.0
2846 0.0
2847 0.0
2848 0.0
2849 0.0
2850 0.0011482527680751495
2851 0.0019684761025667787
2852 0.0015856349499386727
2853 0.0
2854 0.0
2855 0.0
2856 0.0
2857 0.0
2858 0.0
2859 0.0
2860 0.0
2861 0.0
2862 0.0
2863 0.0
2864 0.0
2865 0.0
2866 0.0
2867 0.0
2868 0.0
2869 0.0
2870 0.0
2871 0.0
2872 0.0
2873 0.0
2874 0.0
2875 0.0
2876 0.0
2877 0.0
2878 0.0
2879 0.0
2880 0.0
2881 -7.945863608580636e-08
2882 0.0
2883 0.0
2884 0.0
2885 0.000856273198557307
2886 0.0
2887 0.0
2888 0.0
2889 0.0
2890 0.0
2891 -0.0027579705793102094
2892 -0.0009531730817205037
2893 0.0
2894 0.0
2895 0.00100343973472319
2896 0.001517962498303656
2897 0.00012052451305351829
2898 0.00048468516616358517
2899 0.0004296260796756017
2900 0.00044476041438022885
2901 0.0012618108028508448
2902 0.0
2903 0.0004766947173205093
2904 0.0
2905 0.0
2906 0.0
2907 0.0
2908 0.0
2909 0.0
2910 0.0
2911 0.0
2912 0.0
2913 0.0
2914 0.00039124926647470925
2915 0.0
2916 0.002844737087659856
2917 0.0
2918 0.0
2919 0.0
2920 0.0
2921 0.0
2922 0.0
2923 0.0
2924 0.0
2925 0.0
2926 0.0
2927 0.0
2928 0.0
2929 0.0
2930 0.0
2931 0.0
2932 0.0
2933 0.0
2934 0.0
2935 0.0
2936 0.0
2937 -0.0015838845738476313
2938 0.0
2939 0.0
2940 0.0
2941 0.0
2942 0.0
2943 0.0
2944 0.0
2945 0.0
2946 0.0
2947 0.0
2948 0.0
2949 0.0
2950 0.0
2951 0.0
2952 0.0
2953 0.0
2954 -0.001614416817303552
2955 -0.00030900646462104283
2956 0.0
2957 0.0
2958 0.001907268467447733
2959 0.002389431106265609
2960 0.0008417914816841302
2961 0.0016716300049168125
2962 0.0019124889950367216
2963 0.0013978940264909965
2964 0.0
2965 0.0
2966 2.913059974835112e-05
2967 0.0
2968 0.0
2969 0.0
2970 0.0
2971 0.0
2972 0.0
2973 0.0
2974 0.0
2975 0.0
2976 0.0
2977 0.0
2978 0.00012466937322158568
2979 0.000174812570396426
2980 0.0
2981 0.0
2982 0.0
2983 0.0
2984 0.0
2985 0.0
2986 0.0
2987 0.0
2988 0.0
2989 0.0
2990 0.0
2991 0.0
2992 0.0
2993 0.0
2994 0.0
2995 0.0
2996 0.0
2997 0.0
2998 0.0
2999 -0.0008765720726508175
3000 0.0
3001 0.0
3002 0.0
3003 0.0
3004 0.0
3005 0.0
3006 0.0
3007 0.0
3008 0.0
3009 0.0
3010 0.0
3011 0.0
3012 0.0
3013 0.0
3014 0.0
3015 0.0
3016 0.0
3017 -0.000952532460606045
3018 0.0
3019 0.0
3020 0.0
3021 0.0
3022 0.0
3023 0.0
3024 0.0
3025 0.0
3026 0.0
3027 0.0
3028 0.0
3029 0.0
3030 0.0
3031 0.0
3032 0.0
3033 0.0
3034 0.0
3035 0.0
3036 0.0
3037 0.0
3038 0.0
3039 0.0
3040 0.0
3041 0.0008426856082203098
3042 0.0
3043 0.0
3044 0.0
3045 0.0
3046 0.0
3047 0.0011413016794235688
3048 0.0
3049 0.0
3050 0.0
3051 0.0007442520796375462
3052 0.0
3053 0.0
3054 0.0
3055 0.0
3056 0.0
3057 0.0
3058 0.0
3059 -0.00013756384999748749
3060 0.0
3061 0.0
3062 0.0
3063 -0.0006223295755849173
3064 0.0
3065 0.0
3066 0.0
3067 0.0
3068 0.0
3069 0.0
3070 0.0
3071 0.0
3072 0.0
3073 0.0
3074 0.0
3075 0.0
3076 0.0
3077 0.0
3078 0.0
3079 0.0
3080 0.0
3081 0.0
3082 0.0
3083 0.0
3084 0.0
3085 0.0
3086 0.0
3087 0.0
3088 0.0
3089 0.0
3090 0.0
3091 0.0
3092 0.0
3093 0.0
3094 0.0
3095 0.0
3096 0.0
3097 0.0
3098 0.0
3099 0.0
3100 0.0
3101 0.0
3102 0.0
3103 0.0
3104 0.0
3105 0.00010200316172831818
3106 0.0
3107 0.0
3108 0.0
3109 0.0008070830455566341
3110 0.0003121921611845027
3111 0.0
3112 0.0
3113 0.0
3114 0.0
3115 0.0
3116 0.0
3117 0.0
3118 0.0
3119 0.0
3120 0.0
3121 0.0
3122 0.0
3123 0.0
3124 0.0
3125 0.0
3126 0.0
3127 0.0
3128 0.0
3129 0.0
3130 0.0
3131 0.0
3132 0.0
3133 0.0
3134 0.0
3135 0.0
3136 0.0
3137 0.0
3138 0.0
3139 0.0
3140 0.0
3141 0.0
3142 0.0
3143 0.0
3144 0.0
3145 0.0
3146 0.0
3147 0.0
3148 0.0
3149 0.0
3150 0.0
3151 0.0
3152 0.0
3153 0.0
3154 0.0
3155 0.0
3156 0.0
3157 0.0
3158 0.0
3159 0.0
3160 0.0
3161 0.0
3162 -0.0003787153164225957
3163 0.0
3164 0.0
3165 0.0
3166 0.0
3167 0.0
3168 0.0
3169 0.0015375845465372081
3170 0.0
3171 0.0
3172 0.0
3173 0.0
3174 0.0
3175 0.0
3176 0.0
3177 0.0
3178 0.0006839426317762024
3179 0.0
3180 0.0
3181 0.0
3182 0.0
3183 0.0
3184 0.0
3185 0.0
3186 0.0
3187 0.0
3188 0.0
3189 -7.688111968033354e-05
3190 0.0
3191 -3.105207249860215e-05
3192 0.0
3193 0.0
3194 0.0
3195 0.0
3196 0.0
3197 0.0
3198 0.0
3199 0.0
3200 0.0
3201 0.0
3202 0.0
3203 0.0
3204 0.0
3205 -0.00016827721091429757
3206 0.0
3207 0.0
3208 0.0
3209 0.0018680703303591045
3210 0.0
3211 0.0
3212 0.0
3213 0.0
3214 0.0
3215 0.0
3216 0.0
3217 0.0
3218 0.0
3219 0.0
3220 0.0
3221 -0.0007282348075427278
3222 0.0
3223 0.0
3224 0.0
3225 0.0
3226 0.0
3227 0.0
3228 0.0
3229 0.0
3230 0.0
3231 0.0
3232 0.0
3233 0.0
3234 0.0
3235 0.0
3236 0.0
3237 0.0
3238 -0.0006834077972312659
3239 0.0
3240 0.0
3241 0.0
3242 0.0
3243 0.0
3244 0.0
3245 0.0
3246 0.0
3247 5.963348974932523e-05
3248 0.0
3249 0.0
3250 0.00022364698798000155
3251 0.0
3252 0.0
3253 0.0
3254 0.0
3255 0.0
3256 0.0
3257 -0.0006362645500189536
3258 0.0
3259 0.0
3260 0.0
3261 0.0
3262 0.0
3263 0.0
3264 0.0
3265 0.0
3266 0.0
3267 0.0
3268 0.0
3269 0.0
3270 0.0
3271 0.0014208512566990937
3272 0.001424463443386502
3273 0.002182907917711264
3274 0.0
3275 0.0
3276 0.0
3277 0.0
3278 0.0
3279 0.0
3280 0.0
3281 0.0
3282 0.0
3283 0.0
3284 0.0
3285 -0.0018697500511212556
3286 -0.0008365774953546012
3287 0.0
3288 0.0
3289 0.0
3290 0.0
3291 0.0
3292 0.0
3293 0.0
3294 0.0
3295 0.0
3296 0.0
3297 0.0
3298 0.0
3299 0.0
3300 0.0
3301 0.0
3302 -0.00037365265269059816
3303 -0.0006242760528772814
3304 0.0
3305 0.0
3306 0.0
3307 0.0
3308 0.0
3309 0.0
3310 0.0
3311 0.0
3312 0.0
3313 0.0
3314 0.0
3315 0.0
3316 0.0
3317 0.0
3318 0.0
3319 0.0
3320 -1.9583236665637478e-05
3321 -0.0007307283484620764
3322 0.0
3323 0.0
3324 0.0
3325 0.0
3326 0.0
3327 0.0
3328 0.0
3329 0.0
3330 0.0
3331 -0.0005648565602380104
3332 0.0
3333 0.0
3334 0.0
3335 0.0012607906560509784
3336 0.001878056327382565
3337 0.0
3338 0.0
3339 0.0
3340 0.0
3341 0.0
3342 -0.00043154350357415525
3343 0.0
3344 0.0
3345 0.0
3346 0.0
3347 -0.0005841377517729339
3348 -5.957043310119269e-06
3349 -0.0007716472748807632
3350 -0.0016521144978959375
3351 -0.002098139024608204
3352 0.0
3353 0.0
3354 0.0
3355 0.0
3356 0.0
3357 0.0
3358 0.0
3359 0.0
3360 0.0
3361 0.0
3362 0.0
3363 0.0
3364 0.0
3365 -0.00011360442982087849
3366 0.0
3367 0.0
3368 0.0
3369 0.0
3370 0.0
3371 0.0
3372 0.0
3373 0.0
3374 0.0
3375 0.0
3376 0.0
3377 0.0
3378 0.0
3379 0.0
3380 0.0
3381 0.0
3382 0.0
3383 0.0
3384 -0.0007980649384395278
3385 -0.000278756971623704
3386 0.0
3387 0.0
3388 0.0
3389 0.0
3390 0.0
3391 0.0
3392 0.0
3393 0.0
3394 0.0
3395 -0.0006556991442975711
3396 0.0
3397 0.0
3398 0.0
3399 0.0
3400 0.0
3401 0.0
3402 0.0
3403 0.0
3404 0.0
3405 0.0
3406 0.0
3407 0.0
3408 -4.923570128641485e-05
3409 0.0
3410 -0.0013752779517676378
3411 0.0
3412 0.0
3413 0.0
3414 -0.0007718136125881236
3415 0.0
3416 0.0
3417 0.0
3418 0.0
3419 0.0
3420 0.0
3421 0.0
3422 0.0
3423 0.0
3424 0.0
3425 0.0
3426 0.0
3427 0.0
3428 0.0
3429 0.0
3430 0.0
3431 0.0
3432 0.0
3433 0.0
3434 0.0
3435 0.0
3436 0.0
3437 0.0
3438 0.0
3439 0.0
3440 0.0
3441 0.0
3442 0.0
3443 0.0
3444 0.0
3445 0.0
3446 0.0
3447 0.0
3448 -0.0012942422268574347
3449 -0.00015528349238102713
3450 -0.0005747468342093951
3451 0.0
3452 0.0
3453 0.0
3454 0.0
3455 0.0
3456 0.0
3457 0.0
3458 0.0
3459 0.0
3460 0.0
3461 0.0
3462 0.0
3463 0.0
3464 0.0
3465 0.0
3466 0.0
3467 0.0
3468 0.0
3469 0.0
3470 0.0
3471 0.0
3472 -0.00021304822840473927
3473 0.0
3474 -0.000490696780492058
3475 0.0
3476 0.0
3477 0.0
3478 0.0
3479 0.0
3480 0.0
3481 0.0001731475356585099
3482 0.0
3483 0.0
3484 0.0001734511786009399
3485 0.0
3486 0.0
3487 0.0
3488 0.0
3489 0.0
3490 0.0
3491 0.0
3492 0.0
3493 0.0
3494 0.0
3495 0.00019993393502866716
3496 0.0
3497 0.0
3498 0.0
3499 0.0
3500 0.0
3501 0.0
3502 0.0
3503 0.0
3504 -0.0001954018344998791
3505 0.0
3506 0.0
3507 0.0
3508 0.0
3509 -0.00042970105024562797
3510 0.0
3511 -0.0010749738850603387
3512 -0.0020380965259420656
3513 -0.0016067539243812183
3514 -0.00024606258794386115
3515 0.0
3516 0.0
3517 0.0
3518 0.0
3519 0.0
3520 0.0
3521 0.0
3522 0.0
3523 0.0
3524 0.0
3525 0.0009986106684986029
3526 0.0
3527 0.0
3528 0.0
3529 0.0
3530 0.0
3531 0.0
3532 0.0
3533 0.0
3534 0.0
3535 0.0
3536 -0.00122020927439921
3537 -0.0017166005862661344
3538 -0.0003821798920527205
3539 -0.0002975421290844544
3540 0.0
3541 0.0
3542 0.0
3543 0.0
3544 0.0
3545 0.0010212497790439532
3546 0.0007916635213366112
3547 0.0001882509346932069
3548 0.0015758491818246678
3549 1.3179765277947395e-05
3550 0.0
3551 0.0
3552 0.0
3553 0.0
3554 0.0
3555 0.0
3556 0.0
3557 0.0
3558 0.0008988996308831528
3559 0.0
3560 0.0
3561 0.0
3562 0.0
3563 0.0
3564 0.0
3565 0.0
3566 0.0
3567 0.0
3568 0.0
3569 0.0
3570 0.0
3571 0.0
3572 0.0
3573 -0.001551269489270639
3574 -0.00016241881351371915
3575 -0.0010792483759167065
3576 -0.0010435420468060572
3577 -0.0016031601162189405
3578 0.0
3579 0.0
3580 0.0
3581 0.0
3582 0.0
3583 0.0
3584 0.0
3585 0.0
3586 0.0
3587 0.0
3588 0.0
3589 0.0
3590 0.0
3591 0.0
3592 0.0
3593 0.0
3594 0.0
3595 0.0
3596 0.0
3597 0.0
3598 0.0
3599 0.0
3600 0.0
3601 -0.00039344266942607575
3602 -0.001790951151746021
3603 -0.000529227772873074
3604 -0.00016797715500350686
3605 0.0
3606 0.0
3607 0.0
3608 0.00021709818490881307
3609 0.000942473758222567
3610 0.0012200552328255868
3611 0.001281845458327259
3612 0.002334127681201365
3613 0.002130181002901608
3614 8.419191507080114e-05
3615 0.0
3616 0.0
3617 0.0
3618 0.0
3619 0.0
3620 0.0
3621 0.0
3622 0.0
3623 0.0
3624 0.0
3625 0.0
3626 0.0
3627 0.0
3628 0.0
3629 0.0
3630 0.0
3631 0.0
3632 0.0
3633 -7.338691378957713e-05
3634 -0.000982838636879515
3635 -0.0012451481979583031
3636 -0.0031623066974663257
3637 -0.0015539120496166534
3638 0.0
3639 0.0
3640 -0.0008849546803849122
3641 -0.0011829142569258384
3642 0.0
3643 0.0
3644 0.0
3645 0.0
3646 0.0
3647 0.0
3648 0.0
3649 0.0
3650 0.0
3651 0.0
3652 0.00016965789936815637
3653 0.0
3654 0.0
3655 0.0
3656 0.0
3657 0.0
3658 0.0
3659 0.0
3660 0.0
3661 0.0
3662 0.0
3663 0.0
3664 0.0
3665 0.0
3666 -0.0004786458931310998
3667 -0.0010318562524699363
3668 0.0
3669 0.0
3670 0.0
3671 0.0
3672 0.0
3673 0.001077242774882584
3674 0.0015733476391975928
3675 0.0
3676 0.0
3677 0.0
3678 0.0
3679 0.0
3680 0.0
3681 0.0
3682 0.0
3683 0.0
3684 0.0
3685 0.0
3686 0.0
3687 0.0
3688 0.000887971385398008
3689 0.0011182904909892856
3690 0.0
3691 0.0
3692 0.0
3693 0.0
3694 0.0
3695 0.0
3696 0.0
3697 -0.00015473318455191986
3698 -0.001642655323571828
3699 -0.0016704257828098609
3700 -0.0003954464602173822
3701 0.0
3702 0.0
3703 0.0
3704 0.0
3705 0.0
3706 0.0
3707 0.0
3708 0.0
3709 0.0
3710 0.0
3711 0.0
3712 0.0
3713 0.0
3714 0.0
3715 0.0009684776583903824
3716 0.0012535864418027436
3717 0.0
3718 0.0
3719 0.0
3720 0.0
3721 0.0
3722 0.0
3723 0.0
3724 0.0
3725 0.0
3726 0.0
3727 0.0
3728 0.0
3729 0.0
3730 0.0
3731 0.0
3732 0.0
3733 0.0
3734 0.0
3735 0.0
3736 0.0
3737 0.0
3738 0.0
3739 0.0
3740 0.0
3741 0.0
3742 0.0
3743 0.0
3744 0.0
3745 0.0
3746 0.0
3747 0.0
3748 0.0
3749 0.0
3750 0.0
3751 0.0
3752 0.00029688447317148157
3753 0.0
3754 0.0
3755 0.0
3756 0.0
3757 0.0
3758 0.0
3759 0.0
3760 0.0
3761 0.0
3762 0.0
3763 -0.0004921859895735738
3764 0.0
3765 0.0
3766 0.0
3767 -0.0001327651085207392
3768 0.0
3769 0.0
3770 0.0
3771 0.0
3772 0.0
3773 0.0
3774 0.0
3775 0.0
3776 0.0
3777 0.0
3778 0.0
3779 2.5496775185513247e-05
3780 0.0007649102380067367
3781 0.001590365568815395
3782 0.0
3783 0.0
3784 0.0
3785 0.0
3786 0.0
3787 0.0
3788 0.0
3789 0.0
3790 0.0
3791 0.0
3792 0.0
3793 0.0
3794 0.0
3795 0.0
3796 0.0
3797 0.0
3798 0.0
3799 0.0
3800 0.0
3801 0.0
3802 0.0
3803 0.0
3804 0.0
3805 0.0
3806 0.0
3807 0.0
3808 -0.0005950911339189331
3809 -0.0014642611152935897
3810 0.0
3811 0.0
3812 0.0
3813 0.0
3814 0.0008276876633967553
3815 0.00022024350793097645
3816 0.00034064206632231087
3817 0.0006078246613770848
3818 8.490515710725009e-05
3819 0.0
3820 0.0
3821 0.0
3822 0.0
3823 0.0
3824 0.000336308645944978
3825 0.0
3826 0.0
3827 0.0
3828 0.0
3829 0.0
3830 0.0
3831 0.0
3832 0.0
3833 0.0
3834 0.0
3835 0.0
3836 0.0
3837 0.0
3838 0.0
3839 0.0
3840 0.0
3841 0.0
3842 0.0
3843 0.0
3844 0.0006135067100456931
3845 0.0032718385044232714
3846 0.0030379560142460653
3847 0.002061084598375412
3848 0.001540286010286206
3849 0.0009896678364742632
3850 0.0
3851 0.0
3852 0.0
3853 0.0
3854 0.0
3855 0.0
3856 0.0
3857 0.0
3858 0.0
3859 0.0
3860 0.0
3861 0.0
3862 0.0
3863 0.0
3864 0.0
3865 0.0
3866 0.0
3867 0.0
3868 0.0
3869 0.0
3870 0.0
3871 0.0
3872 0.0
3873 0.0
3874 0.0
3875 0.0
3876 0.0
3877 0.0
3878 0.0
3879 0.0
3880 0.0
3881 0.0
3882 0.0003503120905511238
3883 0.0009904958402035045
3884 0.0
3885 0.0
3886 0.0
3887 0.00018087615322455783
3888 0.0016846075328124405
3889 0.0008007198985160372
3890 0.0
3891 0.0
3892 0.0
3893 0.0
3894 0.0
3895 0.0
3896 0.0
3897 0.0
3898 0.0
3899 0.0
3900 0.0
3901 0.0
3902 -0.0008042856909899922
3903 -0.002253461933770923
3904 0.0
3905 0.0
3906 0.0
3907 0.0
3908 0.0
3909 0.00031240367027778054
3910 0.0022591114242511527
3911 0.002932834920556432
3912 0.00404678311908401
3913 0.004894455474687992
3914 0.00036238772690210246
3915 0.0
3916 0.0
3917 0.0
3918 0.0
3919 0.0
3920 0.0
3921 0.0
3922 0.0
3923 -0.00037728973728277086
3924 -0.0006123422228218149
3925 0.0
3926 -0.0020551323939193692
3927 -0.0024281025505732594
3928 0.0
3929 0.0
3930 0.0
3931 0.0
3932 0.0
3933 0.0
3934 0.0
3935 0.0
3936 0.0
3937 0.0
3938 0.0
3939 0.0
3940 0.0
3941 0.0
3942 0.0
3943 0.0
3944 0.0
3945 0.0
3946 0.0
3947 0.0
3948 0.0
3949 0.0
3950 0.0011341580725604764
3951 0.0009044920903007261
3952 0.0006501416206044602
3953 0.0007147128496319201
3954 0.0
3955 0.0
3956 0.0
3957 0.0
3958 0.0
3959 0.0
3960 0.0
3961 0.0
3962 0.0
3963 0.0
3964 0.0
3965 0.0
3966 -0.0014728075666214351
3967 -0.0018571165071973293
3968 0.0
3969 0.0
3970 -6.346738876710336e-05
3971 0.0
3972 0.0
3973 0.0
3974 0.0
3975 0.0
3976 0.0
3977 0.0
3978 0.0
3979 0.0
3980 0.0
3981 0.0
3982 0.0
3983 0.0
3984 0.0
3985 0.0
3986 -0.0011441381376568547
3987 -0.00013695634618977304
3988 0.0
3989 0.0
3990 0.0
3991 0.0
3992 0.0
3993 0.0
3994 0.0
3995 0.0
3996 0.0
3997 0.0
3998 0.0018741073643990067
3999 0.0
4000 0.0
4001 0.0
4002 0.0
4003 0.0
4004 0.0
4005 0.0
4006 0.0010347831917377234
4007 0.001346692849199203
4008 0.0
4009 0.00017272777235201312
4010 0.0
4011 0.0
4012 0.0
4013 0.0
4014 0.0
4015 0.000556950457681962
4016 0.0
4017 0.0
4018 0.0
4019 0.0
4020 0.0
4021 0.0
4022 0.0
4023 0.0
4024 0.0
4025 0.0
4026 0.0
4027 0.0
4028 0.0
4029 -0.0015377414598961683
4030 -0.002465382324859776
4031 -0.00312074155294146
4032 -0.002436297701810616
4033 -0.003437582089714655
4034 -0.0024969506470610024
4035 -0.0007417911676092968
4036 -0.0004003590479642726
4037 0.0
4038 -0.002123630622953774
4039 -0.0009454170651769208
4040 -0.0012936065722662343
4041 -0.0007771270316328986
4042 0.0
4043 -0.0005102644880620776
4044 0.0
4045 0.0
4046 0.0
4047 0.0
4048 0.0
4049 0.0
4050 0.0
4051 0.0
4052 0.0
4053 0.0
4054 0.0
4055 0.0
4056 0.0
4057 0.0
4058 0.0
4059 0.00031002999128235673
4060 0.0
4061 0.0
4062 0.0009138222944584038
4063 0.0010783402548911573
4064 0.0005868078874543635
4065 0.0
4066 0.0
4067 0.0
4068 0.0
4069 0.0
4070 0.0
4071 0.0
4072 0.0
4073 0.0
4074 0.0
4075 0.0
4076 0.0
4077 0.0
4078 0.0
4079 0.0
4080 0.0
4081 0.0
4082 0.0
4083 0.0
4084 0.0
4085 0.0
4086 0.0
4087 0.0
4088 0.0
4089 0.0
4090 0.0
4091 0.0
4092 0.0
4093 -0.0010084478440090389
4094 0.0
4095 -4.286634659658938e-05
