 0
0 -0.001897446346017352
1 -0.0009732830538687356
2 0.0
3 -0.0015474260842837293
4 -0.002768898701384995
5 -0.0012459626236205265
6 0.0
7 0.0
8 0.0
9 0.0
10 0.0
11 0.0
12 0.0
13 -0.0001555085728257499
14 0.0
15 0.0
16 -0.000849130310805834
17 0.0
18 0.0
19 0.0
20 0.0
21 0.0
22 0.0
23 0.0
24 0.0
25 0.0
26 0.0
27 0.0
28 0.0
29 0.001576378394297629
30 0.0025841864873853357
31 0.000705610614863377
32 6.5153078310265945e-06
33 0.0004103168597481906
34 0.0015595967415055394
35 0.0
36 0.0
37 0.0
38 0.0
39 0.0
40 0.0
41 0.0
42 0.0
43 0.0
44 0.0
45 0.0
46 0.0
47 0.0017168358249324554
48 0.002341530643462458
49 0.0008772155165361564
50 0.0005705411530575091
51 0.0
52 0.0
53 0.0
54 0.0
55 0.0001510870619960655
56 0.0
57 0.0
58 0.0
59 0.0
60 0.0
61 0.0
62 0.0003588864378788184
63 0.001507006767270405
64 -0.0006303046860963337
65 0.0
66 0.0
67 -0.00017611966087599707
68 -0.0019363661956785805
69 -0.0006338123595935112
70 0.0
71 0.0
72 0.0
73 0.0
74 0.0
75 0.0
76 0.0
77 0.0
78 0.0
79 0.0
80 0.0
81 0.0
82 0.0
83 0.0
84 0.0
85 0.0
86 0.0
87 0.0
88 0.0
89 0.0
90 0.0
91 0.0
92 0.0
93 0.0008407054094449612
94 0.0018517451376175316
95 0.0
96 0.0
97 0.0015053439267759248
98 0.00038504884929046806
99 0.0
100 0.0
101 0.0
102 0.0
103 0.0
104 0.0
105 0.0
106 0.0
107 0.0
108 0.0
109 -0.0005346935512019521
110 0.0
111 0.0
112 0.0
113 0.0
114 0.0
115 0.0
116 0.0
117 0.0
118 0.0
119 0.0
120 0.0
121 0.0004999845470140736
122 0.00025693523408688054
123 0.0
124 0.0
125 0.0
126 0.0
127 0.0
128 -0.001267257229598027
129 0.0
130 0.0
131 0.0
132 0.0
133 0.0
134 0.0
135 0.0
136 0.0
137 0.0
138 0.0
139 0.0
140 0.0
141 0.0
142 0.0
143 0.0
144 0.0
145 0.0
146 0.0
147 0.0
148 0.0
149 0.0
150 0.0
151 0.0
152 0.0
153 0.0
154 0.0
155 0.0
156 0.0
157 0.0
158 0.000198728308766909
159 0.0
160 0.0
161 0.0
162 0.0
163 0.0
164 0.0
165 0.0
166 0.0
167 0.0
168 0.0
169 0.0
170 -0.0009744490994524425
171 -0.0014716238894850197
172 -0.001997268652199963
173 -0.0014001006511901407
174 0.0
175 0.0
176 0.0
177 0.0
178 0.0
179 0.0
180 0.0
181 0.0
182 0.0
183 0.0
184 0.0
185 0.001852767576620707
186 0.0
187 0.0
188 0.0
189 0.0
190 0.0
191 0.0
192 -0.002558544357917269
193 -0.00042228179324784023
194 0.0
195 0.0
196 0.0
197 0.0
198 0.0
199 0.0
200 0.0
201 0.0
202 0.0
203 0.0
204 0.0
205 0.0
206 0.0
207 0.0
208 0.0
209 0.0
210 0.00046160127661613144
211 0.0020265826594095333
212 0.0
213 0.0
214 0.0
215 0.0
216 0.0
217 0.0
218 0.0
219 0.0
220 0.0
221 0.00010640304689573556
222 0.0
223 0.0
224 0.0007490251550733313
225 0.0
226 0.0
227 0.0
228 0.0
229 0.0
230 0.0
231 0.0
232 0.0
233 0.0
234 0.0
235 0.0
236 0.0
237 0.0
238 0.0
239 0.0
240 0.0
241 -0.0007423493614064381
242 0.0
243 0.0
244 0.0
245 0.0
246 0.0
247 0.0
248 0.0
249 0.0
250 0.0
251 0.0
252 0.0
253 0.0
254 0.0
255 0.0
256 -0.00025796850797633853
257 0.0
258 0.0
259 0.0
260 0.0022859501632548395
261 0.0
262 0.0
263 0.0
264 0.0
265 0.0
266 0.0
267 0.0
268 0.0
269 0.0
270 0.0
271 0.0
272 0.0
273 0.0
274 0.0
275 0.00025834053637972386
276 0.0017897756440436873
277 0.0022835629638362103
278 0.0009852078714268583
279 0.0
280 0.0
281 0.0
282 0.0
283 0.0
284 0.001421421177345635
285 0.001958289142200609
286 0.0002470253796657527
287 0.0
288 0.00017866367799219865
289 0.0
290 0.0
291 0.0
292 0.0
293 0.0
294 0.0
295 0.0
296 0.0
297 0.0
298 0.0
299 0.0
300 0.0
301 0.0
302 0.0
303 0.0
304 0.0
305 0.0
306 0.0
307 0.0
308 0.0
309 -0.00020217194320416843
310 0.0
311 0.0
312 0.0
313 0.0
314 0.0
315 0.0
316 0.0
317 0.0
318 0.0
319 0.0
320 -0.0012314192440852426
321 0.0
322 0.0
323 0.0
324 0.0
325 0.0
326 0.0
327 0.0
328 0.0
329 0.0
330 0.0
331 0.0
332 0.0
333 0.0
334 0.0
335 0.0
336 0.0
337 0.0
338 0.0
339 0.0
340 0.0
341 0.0
342 0.0
343 0.0
344 0.0010114493860351142
345 0.0
346 0.0
347 0.0011201112765477433
348 0.00335628109142387
349 0.000959261487391879
350 8.752278389377717e-05
351 0.0
352 0.0
353 0.0
354 0.0
355 0.0
356 0.0
357 0.0
358 0.0
359 0.0
360 0.0
361 0.0
362 0.0
363 0.0
364 0.0
365 0.0
366 0.0
367 0.0
368 0.0
369 0.0
370 0.0
371 0.0
372 0.0
373 0.0
374 0.0
375 0.0
376 0.0
377 0.0
378 0.0
379 0.0
380 0.0
381 0.0
382 0.0
383 0.0
384 0.0
385 0.0
386 0.0
387 0.0
388 0.0
389 0.0
390 0.0
391 0.0
392 0.0
393 0.0
394 0.0
395 0.0
396 0.0
397 -0.0013788893169833269
398 -1.8907061720704516e-05
399 0.0
400 0.0
401 0.0
402 0.0
403 0.0
404 0.0
405 6.167752070281981e-05
406 0.0009437726108993787
407 0.0014779745562558324
408 0.0
409 0.0
410 0.0
411 0.0
412 0.0015097439318169648
413 0.0
414 0.0
415 0.0
416 0.0
417 0.0
418 0.0
419 0.0
420 0.0
421 0.0
422 0.0
423 0.0
424 0.0
425 0.0
426 0.0
427 0.0
428 0.0
429 0.0
430 0.0
431 0.0
432 0.0
433 0.0
434 0.0
435 0.0
436 0.0
437 0.0
438 0.0
439 0.0
440 0.0
441 0.0
442 0.0
443 0.0
444 0.0
445 0.0
446 0.0
447 0.0
448 0.0
449 0.0
450 0.0
451 0.0
452 0.0
453 0.0
454 0.0
455 0.0
456 0.0
457 -0.00056587183652708
458 0.0
459 0.0
460 -0.0001741140405300863
461 -0.001308911481835224
462 -0.001263098462818018
463 0.0
464 0.0
465 0.0
466 0.0
467 0.0
468 0.0
469 0.001287402964825569
470 0.002166021515116558
471 0.0020129753274263145
472 0.0
473 0.0
474 0.0
475 0.0
476 0.0
477 0.0
478 0.0
479 0.0
480 0.0
481 0.0
482 0.0
483 0.0
484 0.0
485 0.0
486 0.0
487 0.0
488 0.0
489 0.0
490 0.0
491 0.0
492 0.0
493 0.0
494 0.0
495 0.0
496 0.0
497 0.0
498 0.0
499 0.0
500 0.0
501 0.0
502 0.0
503 0.0
504 0.0
505 0.0
506 0.0
507 0.0
508 0.0
509 0.0
510 0.0
511 0.0
512 0.0
513 0.0
514 0.0
515 0.0
516 0.0
517 0.0
518 0.0
519 0.0
520 -0.0024272115841777247
521 -0.0021976901668980986
522 -0.0008698414317497812
523 -0.00017764930933467186
524 -0.0018544621432382458
525 -0.0013522036586984826
526 -0.0013812796954965378
527 -0.0006459521654713187
528 0.0
529 0.0
530 0.0
531 0.0
532 0.0
533 0.0
534 0.0
535 0.0
536 0.0
537 0.0
538 0.0
539 0.0
540 0.0
541 0.0
542 0.0
543 -0.002015509858674627
544 -0.0015011168788301226
545 0.0
546 0.0
547 0.0
548 0.0
549 0.0
550 0.0
551 0.0
552 0.0
553 0.0
554 0.0
555 -0.0006813890831760733
556 -0.000126471150192967
557 0.0
558 0.0
559 0.0
560 0.0
561 0.0
562 0.0
563 0.0
564 0.0
565 0.0
566 0.0
567 0.0
568 0.0
569 0.0
570 0.0
571 0.0
572 0.0
573 0.0
574 -7.105630969565668e-05
575 0.0
576 0.0
577 0.0
578 0.0
579 0.0
580 0.0
581 0.0
582 0.0
583 0.0
584 0.0
585 -0.0012281074669783113
586 0.0
587 -8.95592945204167e-06
588 -0.0003081777579344533
589 -0.0004239478613658486
590 -0.0011065286619202767
591 -0.000885915910014933
592 -0.0010878398678136282
593 0.0
594 0.0
595 0.0
596 0.0
597 0.0
598 0.0
599 0.0
600 0.0
601 0.0
602 0.0
603 0.0
604 0.0
605 0.0
606 0.0
607 0.0
608 0.0
609 0.0
610 0.0
611 0.0
612 -0.00028591521545380907
613 -0.0027405504532581116
614 -0.0016803472788661572
615 0.0
616 0.0
617 0.0
618 0.0
619 0.0
620 -0.00027095778767849497
621 0.0
622 0.0
623 0.0
624 0.0
625 0.0
626 0.0
627 0.0
628 0.0
629 0.0
630 0.0
631 0.0
632 -0.00037599819250618173
633 -0.00047077936446811736
634 0.0
635 0.0
636 0.0
637 0.0
638 0.0
639 0.0
640 0.0
641 0.0
642 0.0
643 0.0
644 0.0
645 0.0
646 0.0
647 0.0
648 0.0
649 0.0
650 0.0
651 0.0
652 0.0
653 0.0
654 0.0
655 -0.0019243255310912877
656 -0.0013726860969825515
657 -0.0011407329276224003
658 0.0
659 0.0
660 0.0
661 0.0
662 0.0
663 0.0
664 0.0
665 0.0
666 0.0
667 0.0
668 0.0
669 0.0
670 0.0
671 0.0
672 0.0
673 0.0
674 0.0
675 0.0
676 0.0
677 -0.002230442610598902
678 -0.0018865180162587949
679 0.0
680 0.0
681 0.0
682 0.0
683 0.0
684 0.0
685 0.0
686 0.0
687 0.0
688 0.0
689 0.0
690 0.0
691 0.0
692 0.0
693 0.0
694 0.0
695 0.0
696 -0.0005111716463080961
697 0.0
698 0.0
699 0.0
700 0.0
701 0.0
702 0.0
703 -0.00022953632879109534
704 0.0
705 0.0
706 0.0
707 0.0
708 0.0
709 0.0
710 0.0
711 0.0
712 0.0
713 0.0
714 0.0
715 0.0
716 0.0
717 0.0
718 0.0
719 -0.0009473737497340802
720 -0.0007921131632613143
721 -0.00047022778040868834
722 0.0
723 0.0
724 0.0
725 0.0
726 -0.0007811450993275474
727 -0.0007602558812732468
728 0.0
729 0.0
730 0.0
731 0.0
732 0.0
733 0.0
734 0.0
735 0.0
736 0.0
737 0.0
738 0.0
739 0.0
740 0.0
741 0.0
742 0.0
743 0.0
744 0.0
745 0.0
746 0.0
747 0.0
748 -0.000230920741144021
749 -0.0005506118849747767
750 -0.0003180117022456268
751 0.0
752 -0.0021608178044394996
753 -0.0016430568908816557
754 -0.00015105350910006054
755 0.0
756 0.0
757 0.0
758 0.0
759 0.0
760 0.0
761 0.0
762 0.0
763 0.0
764 0.0
765 0.0
766 0.0
767 0.0
768 0.0
769 0.0
770 -7.275527991571023e-05
771 0.0
772 0.0
773 0.0
774 0.0
775 0.0
776 0.0
777 0.0
778 0.0
779 0.0
780 0.0
781 0.0
782 -0.00022707342252993514
783 -3.1806577117470756e-05
784 -0.00030605430421942796
785 0.0
786 0.0
787 0.0
788 -0.0011555838473581628
789 -0.0016970386220555174
790 -0.003175896637866174
791 -0.0021401607216652223
792 0.0
793 0.0
794 0.0
795 0.0
796 0.0
797 0.0
798 0.0
799 0.0
800 0.0
801 0.0
802 0.0
803 0.0
804 0.0
805 0.0
806 -0.00023282368001877578
807 0.0
808 0.0
809 -0.00047246618110324064
810 0.0
811 0.0
812 0.0
813 0.0
814 0.0
815 0.0
816 -0.0001257800596362751
817 -0.0005629816289743182
818 -0.0006449745188124408
819 0.0
820 0.0
821 0.0
822 0.0
823 0.0
824 0.0
825 0.0
826 0.0
827 0.0
828 0.0
829 0.0
830 0.0
831 0.0
832 0.0
833 0.0
834 0.0
835 -0.0015025189492695829
836 0.0
837 0.0
838 0.0
839 0.0
840 0.0
841 0.0
842 0.0
843 0.0
844 0.0
845 0.0
846 0.0
847 0.0
848 -0.00010624226273878219
849 0.0
850 0.0
851 -0.0012876436138846473
852 -0.0036800327878746568
853 -0.004158268588374091
854 -0.0037196622560580488
855 -0.0004953737603508101
856 0.0
857 0.0
858 0.0
859 -0.00011968208642921437
860 -0.0001441759591382929
861 0.0
862 0.0
863 0.0
864 0.0
865 0.0
866 0.0
867 0.0
868 0.0
869 0.0
870 -2.039117672861162e-05
871 -0.000931895980954331
872 0.0
873 0.0
874 0.0
875 0.0
876 0.0
877 0.0
878 0.0
879 0.0
880 0.0
881 0.0
882 0.0
883 0.0
884 0.0
885 0.0
886 -2.0658329152526938e-05
887 0.0
888 0.0
889 0.0
890 0.0
891 0.0
892 0.0
893 0.0
894 -0.0016604658733705136
895 -0.0018994224390224638
896 0.0
897 0.0
898 0.0
899 0.0
900 0.0
901 0.0
902 0.0
903 0.0
904 0.0
905 0.0
906 0.0
907 0.0
908 0.0
909 0.0
910 0.0
911 0.0
912 0.0
913 0.0
914 0.0
915 -0.000663254709432331
916 -0.0006481938052414429
917 -0.003931446692284108
918 -0.0018229991700413383
919 -0.0006235271299744569
920 0.0
921 0.0
922 0.0
923 0.0
924 -3.964410764588767e-06
925 0.0
926 0.0
927 0.0
928 0.0
929 0.0
930 0.0
931 0.0
932 0.0
933 0.0
934 0.0
935 0.0
936 0.0
937 0.0
938 0.0
939 -2.038582105150449e-05
940 -0.000227649647807935
941 -0.0005264141194160079
942 -0.0009620935849975571
943 -0.0016731635637479818
944 -0.001982242146825851
945 -0.002063064288947321
946 -0.0008558994986695294
947 -0.0005384152992604063
948 0.0
949 0.0
950 0.0
951 0.0
952 -0.001696804064768458
953 -0.0009939028984784445
954 -0.0009784208013301902
955 -4.79772237908787e-05
956 0.0
957 0.0
958 -0.0017477856959897935
959 -0.001196339420466126
960 0.0
961 0.0
962 0.0
963 0.0
964 0.0
965 0.0
966 0.0
967 0.0
968 0.0
969 0.0
970 0.0
971 0.0007833144845095545
972 0.0
973 0.0
974 0.0
975 0.0
976 0.0
977 0.0
978 0.0
979 0.0
980 0.0
981 0.0
982 -0.0005379044178333021
983 -0.00034130909631529264
984 -8.623873844567845e-05
985 0.0
986 0.0
987 0.0
988 0.0
989 0.0
990 0.0
991 0.0
992 0.0
993 0.0
994 0.0006183816127440217
995 0.0
996 0.0
997 0.0
998 0.0
999 0.0
1000 0.0
1001 0.0
1002 -0.00039136970861803353
1003 -0.0006780156076628042
1004 0.0
1005 0.0
1006 0.0
1007 0.0
1008 0.0
1009 0.0
1010 0.0
1011 0.0
1012 0.0
1013 0.0
1014 0.0
1015 0.0
1016 -0.0020749319187976013
1017 0.0
1018 0.0
1019 0.0
1020 0.0
1021 -0.00023477526626760974
1022 -0.001648695804595253
1023 -0.0010971302025976285
1024 0.0
1025 0.0
1026 0.0
1027 0.0
1028 0.0
1029 0.0
1030 0.0
1031 0.0
1032 0.0
1033 0.0
1034 0.0
1035 0.0
1036 0.0
1037 0.0
1038 0.0
1039 0.0
1040 0.0
1041 0.0
1042 0.0
1043 0.0
1044 0.0
1045 0.0
1046 -0.0006290489294060685
1047 -0.0010078200654789146
1048 -0.0004611424662331577
1049 -0.0016414057632958058
1050 -0.000162773739110384
1051 0.0
1052 -0.0005874802020911543
1053 -0.00012010045700363072
1054 -0.0008055692011443401
1055 0.0
1056 0.0
1057 0.0
1058 0.0
1059 0.0
1060 0.0
1061 0.0
1062 0.0
1063 0.0
1064 0.0
1065 0.0
1066 0.0
1067 0.0
1068 0.0
1069 0.0
1070 0.0
1071 0.0
1072 0.0
1073 0.0
1074 0.0
1075 0.0
1076 0.0
1077 0.0
1078 0.0
1079 0.0
1080 0.0
1081 0.0
1082 0.0
1083 0.0
1084 0.0
1085 0.0
1086 -4.1372798446239683e-05
1087 -0.0007800391778866657
1088 0.0
1089 0.0
1090 0.0
1091 0.0
1092 0.0
1093 0.0
1094 0.0
1095 -0.0014287295220187194
1096 -3.6951620734975715e-05
1097 0.0
1098 0.0
1099 0.0
1100 0.0
1101 0.0
1102 0.0
1103 0.0
1104 0.0
1105 0.0
1106 0.0
1107 0.0
1108 0.0
1109 0.0
1110 0.0
1111 0.0
1112 0.0
1113 0.0
1114 0.0
1115 -0.00022152103205827901
1116 -0.0010977061429920587
1117 -0.001429741924135166
1118 -0.00016801405008634089
1119 -6.39419924298207e-05
1120 0.0
1121 0.0
1122 0.0
1123 0.002433997209252914
1124 0.0002399217201894696
1125 0.0
1126 0.0
1127 0.0
1128 0.0
1129 0.0
1130 0.0
1131 0.0
1132 0.0
1133 0.0
1134 0.0
1135 0.0
1136 0.0
1137 0.0
1138 0.0
1139 0.0
1140 0.0
1141 0.0
1142 0.0
1143 0.0
1144 0.0
1145 0.0
1146 0.0
1147 0.0
1148 -0.0007836190452326602
1149 0.0
1150 0.0
1151 -9.723142086621444e-05
1152 0.0
1153 0.0
1154 0.0
1155 0.0
1156 0.0
1157 0.0
1158 0.0
1159 0.0
1160 0.0
1161 -0.0011925385227637198
1162 -0.0003965961313543501
1163 0.0
1164 0.0
1165 0.0
1166 0.0
1167 0.0
1168 0.0
1169 0.0
1170 0.0
1171 0.0
1172 0.0
1173 0.0
1174 0.0
1175 0.0
1176 0.0
1177 0.0
1178 0.0
1179 0.0
1180 0.0
1181 0.0
1182 0.0
1183 0.0
1184 0.0
1185 0.0
1186 0.0015637775471830514
1187 0.0022115831227153045
1188 0.0
1189 -0.0007454751679343132
1190 -0.0024784374721277596
1191 0.0
1192 0.0
1193 0.0
1194 0.0
1195 0.0
1196 0.0
1197 0.0
1198 0.0
1199 0.0
1200 0.0
1201 0.0
1202 0.0
1203 0.0
1204 0.0
1205 0.0
1206 0.0
1207 0.0
1208 0.0
1209 0.0011517446979871808
1210 0.0
1211 0.0
1212 0.0
1213 0.0
1214 0.0
1215 0.0
1216 0.0
1217 0.0
1218 0.0
1219 0.0
1220 0.0
1221 0.0
1222 0.0
1223 0.0
1224 0.0
1225 0.0
1226 -0.0012952221961008018
1227 -0.0011271052696761757
1228 0.0
1229 0.0
1230 0.0
1231 0.0
1232 -0.0009823795654599298
1233 0.0
1234 0.0
1235 0.0
1236 0.0
1237 0.0
1238 0.0
1239 0.0
1240 0.0
1241 -0.0004988720652800968
1242 0.0
1243 0.0
1244 0.0
1245 0.0
1246 0.0
1247 0.0
1248 0.0
1249 0.0012115026023001105
1250 0.0014611109886930155
1251 0.0011925092402400583
1252 0.0
1253 0.0
1254 0.0
1255 -0.0019803819196288963
1256 0.0
1257 0.0
1258 0.0
1259 0.0
1260 0.0
1261 0.0
1262 0.0
1263 0.0
1264 0.0
1265 0.0
1266 0.0
1267 0.0
1268 0.0
1269 0.0
1270 0.0
1271 0.0
1272 0.0
1273 0.0
1274 0.0
1275 0.0
1276 0.0
1277 0.0
1278 0.0
1279 0.0
1280 0.0
1281 0.0
1282 0.0
1283 0.0
1284 0.0
1285 0.0
1286 0.0
1287 0.0
1288 0.0
1289 0.0
1290 0.0
1291 -0.002011233427782238
1292 -0.0001875671354092221
1293 0.0
1294 0.0
1295 0.0
1296 -0.0005727610879746293
1297 0.0
1298 0.0
1299 0.0
1300 0.0
1301 0.0
1302 0.0
1303 0.0
1304 0.0
1305 0.0
1306 0.0
1307 0.0
1308 0.0
1309 0.0
1310 0.0
1311 0.0
1312 0.0
1313 0.0019796337072449086
1314 0.005723175270933388
1315 0.0018911108581132435
1316 0.0
1317 0.0
1318 0.0
1319 -0.0025411828095494903
1320 0.0
1321 0.0
1322 0.0
1323 0.0
1324 0.0
1325 0.0
1326 0.0
1327 0.0
1328 0.0
1329 0.0
1330 0.0
1331 0.0
1332 0.0
1333 -0.0009788008660721302
1334 0.0
1335 0.0
1336 0.0
1337 0.0
1338 0.0
1339 0.0
1340 0.0
1341 0.0
1342 0.0
1343 0.0
1344 0.0
1345 0.0
1346 0.0
1347 0.0
1348 0.0
1349 0.0
1350 0.0
1351 0.0
1352 0.0
1353 0.0
1354 0.0
1355 0.0
1356 0.0
1357 0.0
1358 0.0
1359 0.0
1360 0.0
1361 0.0
1362 0.0
1363 0.0
1364 0.0
1365 0.0
1366 0.0
1367 0.0
1368 0.0
1369 0.0
1370 -0.0007401046576846931
1371 -0.0007683545716205933
1372 0.0
1373 0.0
1374 0.0
1375 0.0
1376 0.0
1377 0.0
1378 0.006608738015809473
1379 0.0012087560096045952
1380 0.0
1381 0.0
1382 0.0
1383 0.0
1384 0.0
1385 0.0
1386 0.0
1387 0.0
1388 0.0
1389 0.0
1390 0.0
1391 0.0
1392 0.0
1393 0.0
1394 0.0
1395 0.0
1396 0.0
1397 0.0
1398 0.0
1399 0.0
1400 0.0
1401 0.0
1402 0.0
1403 0.0
1404 0.0
1405 0.0
1406 0.0
1407 0.0
1408 0.0
1409 0.0
1410 0.0
1411 0.0
1412 0.0
1413 0.0
1414 0.0
1415 0.0
1416 0.0
1417 0.00031393979634201696
1418 0.0005428970380606615
1419 0.0
1420 0.0
1421 0.0
1422 0.0
1423 0.0
1424 0.0
1425 0.0
1426 0.0009196986953018124
1427 0.0010423094615979113
1428 0.0
1429 0.0
1430 0.0
1431 0.0
1432 0.0
1433 0.0
1434 0.0
1435 -0.0008962089408922695
1436 0.0
1437 0.0
1438 0.0
1439 0.0
1440 0.0
1441 0.0
1442 0.0026827999690260613
1443 0.0007070277791031215
1444 0.0
1445 0.0
1446 0.0
1447 0.0
1448 0.0
1449 0.0
1450 0.0
1451 0.0
1452 0.0
1453 0.0
1454 0.0
1455 0.0
1456 -0.00022597793574510486
1457 0.0
1458 0.0
1459 0.0
1460 0.0
1461 0.0
1462 0.0
1463 0.0
1464 0.0
1465 0.0
1466 0.0
1467 0.0
1468 0.0
1469 0.0
1470 0.0
1471 0.0
1472 0.0
1473 0.0
1474 0.0
1475 0.0
1476 0.0
1477 0.0
1478 0.0
1479 0.0
1480 0.0
1481 0.0
1482 0.0
1483 0.0
1484 0.0
1485 0.0
1486 0.0
1487 0.0
1488 0.0
1489 0.0
1490 3.7650334028490625e-05
1491 0.000591458859367445
1492 0.0
1493 0.0
1494 0.0
1495 0.0
1496 0.0
1497 0.0
1498 0.0
1499 0.0
1500 0.0
1501 0.0
1502 0.0
1503 0.0
1504 0.0
1505 0.0
1506 0.002843628594439912
1507 0.001356379978378361
1508 0.0
1509 0.0
1510 0.0
1511 0.0
1512 0.0
1513 0.0
1514 0.0
1515 0.0
1516 0.0
1517 0.0
1518 0.0
1519 0.0
1520 0.0
1521 0.0
1522 0.0
1523 0.0
1524 0.0
1525 0.0
1526 0.0
1527 0.0
1528 0.0
1529 0.0
1530 0.0
1531 0.0
1532 0.0
1533 0.0
1534 0.0
1535 0.0
1536 0.0
1537 0.0
1538 0.0
1539 0.0
1540 0.0
1541 0.0
1542 0.0
1543 0.0
1544 0.0
1545 0.0
1546 0.0
1547 0.0
1548 0.0
1549 0.0
1550 0.0015235971661310696
1551 0.0007495610123274433
1552 0.0
1553 0.0013152591565846181
1554 0.0008075223538317591
1555 0.0
1556 0.0
1557 0.0
1558 0.0
1559 0.0
1560 0.0
1561 0.0
1562 0.0
1563 0.0
1564 0.0
1565 0.0
1566 0.0
1567 0.0
1568 0.0
1569 0.0005939480488692392
1570 0.002326952353003274
1571 0.0033465385228902034
1572 0.0003060730565007826
1573 0.0
1574 0.0
1575 0.0
1576 0.00042957012537199127
1577 0.0009251044965315897
1578 0.0
1579 0.0
1580 0.0
1581 0.0
1582 0.0
1583 0.0
1584 0.0
1585 0.0
1586 0.0
1587 0.0
1588 0.0
1589 0.0
1590 0.0
1591 0.0
1592 0.0
1593 0.0
1594 0.0
1595 0.0
1596 0.0006091905336795039
1597 0.0
1598 0.0
1599 0.0
1600 0.0
1601 0.0
1602 0.0
1603 0.0
1604 0.0
1605 0.0
1606 0.0
1607 0.0
1608 0.0
1609 0.0
1610 0.00040962703262040196
1611 0.0
1612 0.0
1613 0.0003553649774481769
1614 0.0020114097378433875
1615 5.7339826888658715e-05
1616 0.0
1617 0.0
1618 0.001130023543223123
1619 0.0
1620 0.0
1621 0.0
1622 0.0
1623 0.0
1624 0.0
1625 0.0
1626 0.0
1627 0.0
1628 0.0
1629 0.0
1630 0.0
1631 0.0
1632 0.00019243038871825298
1633 0.0014247999836125755
1634 0.0021554834118355216
1635 0.004672445319338509
1636 0.0036742419599454083
1637 0.0007944865273181259
1638 0.001788476624238197
1639 0.0
1640 0.0
1641 0.001005454997701958
1642 0.0
1643 0.0
1644 0.0
1645 0.0
1646 0.0
1647 0.0
1648 0.0
1649 0.0
1650 0.0
1651 0.0
1652 0.0
1653 0.0
1654 0.0
1655 0.0
1656 0.0
1657 0.0
1658 8.552535178040853e-05
1659 0.0
1660 0.0
1661 0.0
1662 0.0
1663 0.0
1664 0.0
1665 0.0
1666 0.0
1667 0.0
1668 0.0
1669 0.0
1670 0.0
1671 0.0
1672 0.0
1673 0.0
1674 0.0
1675 0.0
1676 0.0
1677 0.00073788885731584
1678 0.0026560261412559663
1679 0.0
1680 0.0
1681 0.0
1682 0.0017672138099930918
1683 0.0
1684 0.0
1685 0.0
1686 0.0
1687 0.0
1688 0.0
1689 0.0
1690 0.0
1691 0.0
1692 0.0
1693 0.0
1694 0.0
1695 0.0
1696 0.0
1697 0.0006770094167959216
1698 0.001393888754285145
1699 0.000991262472455517
1700 0.0006075963798191497
1701 0.0
1702 0.0
1703 0.0
1704 0.0
1705 0.0
1706 0.0
1707 0.0
1708 0.0
1709 0.0
1710 0.0
1711 0.0
1712 0.0
1713 0.0
1714 0.0
1715 0.0
1716 -0.0009280141701109167
1717 0.0
1718 0.0
1719 0.0
1720 0.0
1721 0.0
1722 0.0
1723 0.0
1724 0.0
1725 0.0
1726 0.0
1727 0.0
1728 0.0
1729 0.0
1730 0.0
1731 0.0
1732 0.0
1733 0.0
1734 0.0
1735 0.0
1736 0.0
1737 0.0
1738 0.0
1739 0.0
1740 0.0
1741 0.002319266385314826
1742 0.0013217340345448234
1743 0.0
1744 0.0
1745 0.0
1746 0.0008782910585193254
1747 0.0
1748 0.0
1749 0.0
1750 0.0
1751 0.0
1752 0.0
1753 0.0
1754 0.0
1755 0.0
1756 0.0
1757 0.0
1758 0.0
1759 0.0
1760 0.0
1761 0.0
1762 0.0
1763 0.0
1764 0.0
1765 0.000401197430641425
1766 0.0
1767 0.0
1768 0.0
1769 0.0
1770 0.0
1771 0.0
1772 0.0
1773 0.0
1774 0.0
1775 0.0
1776 0.0
1777 -0.0010927511017486398
1778 -0.0035032004077760145
1779 -0.002039421397066165
1780 -0.0005895698155681576
1781 0.0
1782 0.0
1783 0.0
1784 0.0
1785 0.0
1786 0.0
1787 0.0
1788 0.0
1789 0.0
1790 0.0
1791 0.0
1792 0.0
1793 0.0
1794 0.0
1795 0.0
1796 0.0
1797 0.0
1798 0.0
1799 0.0
1800 0.0
1801 0.0
1802 0.0
1803 0.0
1804 5.160739935245936e-05
1805 0.001741478055474834
1806 0.0
1807 0.0
1808 0.0
1809 0.0005020994411323457
1810 0.0
1811 0.00023672647530180194
1812 0.0
1813 0.0
1814 0.0
1815 0.0
1816 0.0
1817 0.0
1818 0.0
1819 0.0
1820 0.0
1821 0.0
1822 0.0
1823 0.0009846510972015279
1824 0.000924500259746484
1825 0.0
1826 0.0
1827 0.0
1828 0.00047066316461176326
1829 0.0
1830 0.0
1831 0.0
1832 0.0
1833 0.0
1834 0.0
1835 0.0
1836 0.0
1837 0.0
1838 0.0
1839 0.0
1840 -0.0011333611531550956
1841 -0.0020471103140746014
1842 -0.0005367495185707535
1843 -0.001532487324478351
1844 0.0
1845 0.0
1846 0.0
1847 0.0
1848 0.0
1849 0.0
1850 0.0
1851 0.0
1852 0.0
1853 0.0
1854 0.0
1855 0.0028188081037993436
1856 0.0
1857 0.0
1858 0.0
1859 0.0
1860 0.0
1861 0.0
1862 0.0
1863 0.0
1864 0.0
1865 0.0
1866 0.0
1867 0.0
1868 4.147784984863059e-05
1869 0.0012001419346985632
1870 0.0
1871 0.0
1872 0.0
1873 0.0
1874 0.0
1875 0.0
1876 0.0
1877 0.00042552055924035404
1878 0.0
1879 0.0
1880 0.0
1881 0.0006403563245886443
1882 0.0006870861698025779
1883 0.000773637495442631
1884 0.0007055195137102531
1885 0.0009557312604698203
1886 0.0
1887 0.0
1888 0.0
1889 0.0
1890 8.602032366842926e-06
1891 0.0
1892 0.0
1893 0.0
1894 0.0
1895 0.0
1896 0.0
1897 0.0
1898 0.0
1899 0.0
1900 0.0
1901 0.0
1902 0.0
1903 -0.00163113879598977
1904 -0.0017306781911800657
1905 -0.0012281143732892118
1906 -0.0009289420730987153
1907 -0.0010481806763017053
1908 0.0
1909 0.0
1910 0.0
1911 0.0
1912 0.0
1913 0.0
1914 0.0005375685367668736
1915 0.0
1916 0.0
1917 0.0
1918 0.0
1919 0.001669673991143037
1920 0.0
1921 0.0
1922 0.0
1923 0.0
1924 0.0
1925 0.0
1926 0.0
1927 0.0
1928 0.0
1929 0.0
1930 0.0
1931 0.0
1932 4.85267771529819e-05
1933 0.0012109936064629218
1934 0.0011806443553611342
1935 0.0010041617433586493
1936 0.002404586294902495
1937 0.0036817297048812882
1938 0.0007369770733628722
1939 0.0
1940 0.0006734609535206699
1941 0.0008502392950421733
1942 0.0006376860319807384
1943 0.0022062697256638045
1944 0.0012435747726139803
1945 0.001127515455929585
1946 0.003527465923804862
1947 0.001983626665411359
1948 0.0019129380174335534
1949 0.0002612986125773148
1950 1.4714999808040119e-05
1951 1.2714170864148826e-05
1952 0.0004744431694888514
1953 0.0
1954 0.0
1955 0.0
1956 0.0
1957 0.0
1958 0.0
1959 0.0
1960 0.0
1961 0.0
1962 0.0
1963 0.0
1964 0.0
1965 0.0
1966 -0.0009652675840632907
1967 -0.0010768284905041618
1968 0.0
1969 0.0
1970 -0.001302009092376064
1971 -0.0017639699057213634
1972 0.0
1973 -0.0005405406073195528
1974 0.0
1975 0.0
1976 0.0
1977 0.0
1978 0.0
1979 0.0
1980 0.0
1981 0.0
1982 0.0
1983 0.0013415902663905215
1984 0.0
1985 0.0
1986 0.0
1987 0.0
1988 0.0
1989 0.0
1990 0.0
1991 0.0
1992 0.0
1993 0.0
1994 0.0
1995 0.0
1996 0.0
1997 0.0011473963099825088
1998 0.0006430363093911296
1999 0.0
2000 0.0014506962604152176
2001 0.002044401214833179
2002 0.001154479004927238
2003 0.0
2004 0.0
2005 0.0004092931543622923
2006 0.0
2007 0.00010962471069719414
2008 2.0958286186703226e-05
2009 0.0029003027521796285
2010 0.0021746054365190033
2011 0.001958079080752853
2012 0.001185486146228484
2013 0.0
2014 0.0
2015 0.0
2016 0.0005670913151082991
2017 0.0012367813398649374
2018 0.0016058629159729373
2019 0.0
2020 0.0
2021 0.0
2022 0.0
2023 0.0
2024 0.0
2025 0.0
2026 0.0
2027 0.0
2028 0.0
2029 0.0
2030 -0.0010327706812795327
2031 0.0
2032 0.0
2033 0.0
2034 0.0
2035 -0.0004877286941048368
2036 -0.0015440564704021892
2037 -0.0012360872996115455
2038 0.0
2039 0.0
2040 0.0
2041 0.0
2042 0.0
2043 0.0
2044 0.0
2045 0.0
2046 0.0
2047 0.0005428234404293602
2048 0.0
2049 0.0
2050 0.0
2051 0.0
2052 0.0
2053 0.0
2054 0.0
2055 0.0
2056 0.0
2057 0.0010827088211124304
2058 0.0
2059 0.0
2060 0.0
2061 0.0003393846406152964
2062 0.0
2063 0.0
2064 0.0
2065 0.00028277371652048373
2066 0.0
2067 0.0
2068 0.0
2069 0.0
2070 0.0
2071 0.0
2072 0.0
2073 0.0006263270148693847
2074 0.0004935936463090941
2075 0.001565855767606524
2076 0.0010955794436197956
2077 6.316112023544259e-05
2078 0.0
2079 0.0
2080 0.001442517733501387
2081 0.0011213107325929157
2082 0.0007132724958513108
2083 0.0
2084 0.0
2085 0.0
2086 0.0
2087 0.0
2088 0.0
2089 0.0
2090 0.0
2091 0.0
2092 0.0
2093 0.0
2094 0.0
2095 0.0
2096 0.0
2097 0.0
2098 0.0
2099 -0.0009334166004459427
2100 -0.0010923416370511158
2101 -0.0018148987171919477
2102 -0.0024076663063649774
2103 -0.00046681663721665715
2104 0.0
2105 0.0
2106 0.0
2107 0.0
2108 0.0
2109 0.0
2110 0.0
2111 0.00036883964671069984
2112 0.0
2113 0.0
2114 0.0
2115 0.0
2116 0.0
2117 0.0
2118 0.0
2119 0.0
2120 7.657150888910402e-06
2121 0.00046821548941755885
2122 0.0
2123 0.0
2124 0.0
2125 0.001252927094685611
2126 0.0
2127 0.0
2128 0.0
2129 0.0009460886474954955
2130 0.0
2131 0.0
2132 0.0
2133 0.0
2134 0.0
2135 0.0
2136 6.491761714517499e-05
2137 0.0
2138 0.0005498261770764648
2139 0.0
2140 0.0
2141 0.0
2142 0.0
2143 0.0
2144 0.0
2145 0.0015514367094782682
2146 0.0003532696866262004
2147 0.0
2148 6.436168137218513e-05
2149 0.0
2150 0.0
2151 0.0
2152 0.0
2153 0.0
2154 0.0
2155 0.0
2156 0.0
2157 0.0
2158 0.0
2159 0.0
2160 0.0
2161 0.0
2162 0.0
2163 -0.0019162525833179385
2164 0.0
2165 -0.0013121607663395668
2166 -0.0037970854345879025
2167 -0.0009550064361198139
2168 0.0
2169 0.0
2170 0.0
2171 0.0
2172 0.0
2173 0.0
2174 0.0
2175 0.0
2176 0.0
2177 0.0
2178 0.0
2179 0.0
2180 0.0
2181 0.0
2182 0.0
2183 0.0
2184 0.0004525109411035398
2185 0.00010811661607636419
2186 0.0
2187 0.0
2188 0.0
2189 0.001928513365143239
2190 0.0
2191 0.0
2192 0.0
2193 0.0
2194 0.0
2195 0.0
2196 0.0
2197 0.0
2198 0.0
2199 0.0
2200 0.0
2201 0.0
2202 0.0
2203 0.0
2204 0.0
2205 0.0
2206 0.0
2207 0.0
2208 0.0
2209 0.0020415667720653607
2210 0.0016860108087949437
2211 0.0
2212 0.0
2213 0.0
2214 0.0
2215 0.0
2216 0.0
2217 0.0
2218 0.00018622026721430783
2219 0.00048658280311157014
2220 0.0
2221 0.0
2222 0.0
2223 0.0
2224 0.0
2225 0.0
2226 0.0
2227 0.0
2228 -0.00015973781572669351
2229 -0.0029051575563119876
2230 -7.419665220063334e-05
2231 0.0
2232 0.0
2233 0.0
2234 0.0
2235 0.0
2236 0.0
2237 0.0
2238 0.0
2239 0.0
2240 0.0
2241 0.0
2242 0.0
2243 0.0
2244 0.0
2245 0.0
2246 0.0
2247 0.0007813263834642787
2248 0.00029219477417528227
2249 0.0
2250 0.0
2251 0.0
2252 0.0
2253 0.001340265180528702
2254 0.0
2255 0.0
2256 0.0
2257 0.0
2258 0.0
2259 0.0
2260 0.0
2261 0.0
2262 0.0
2263 0.0
2264 0.0
2265 0.0
2266 0.0
2267 0.0
2268 0.0
2269 0.0
2270 0.0
2271 0.0
2272 0.0
2273 0.0009157973404612668
2274 0.001033749041375044
2275 0.0
2276 0.0
2277 0.0
2278 0.0
2279 0.0
2280 0.0
2281 0.0
2282 0.0005285304654107166
2283 0.0
2284 0.0
2285 0.0
2286 0.0
2287 0.0
2288 0.0
2289 0.0
2290 0.0
2291 0.0
2292 0.0
2293 -0.000799099776290356
2294 0.0
2295 -0.0008909463202854301
2296 -0.0003856513293599135
2297 0.0
2298 0.0
2299 0.0
2300 0.0
2301 0.0
2302 0.0
2303 0.0
2304 0.0
2305 0.0
2306 0.0
2307 0.0
2308 0.0
2309 0.0
2310 0.0
2311 0.0
2312 9.636969233504399e-05
2313 0.0
2314 0.0
2315 0.0
2316 0.0
2317 0.0004050422452404876
2318 0.0
2319 0.0
2320 0.0
2321 0.0
2322 0.0
2323 0.0
2324 0.0
2325 0.0
2326 0.0
2327 0.0
2328 0.0
2329 0.0
2330 0.0
2331 0.0
2332 0.0
2333 0.0
2334 0.0
2335 0.0
2336 0.0
2337 0.0
2338 0.0
2339 0.0
2340 0.0
2341 0.0
2342 0.0
2343 0.0
2344 0.0
2345 0.0
2346 0.0
2347 0.0
2348 0.0
2349 0.0
2350 0.0
2351 0.0
2352 0.0
2353 0.0
2354 0.0
2355 0.0
2356 0.0
2357 -0.0012471157457140992
2358 -0.0007411722164246132
2359 -0.0005942830198879091
2360 0.0
2361 0.0
2362 0.0
2363 0.0
2364 0.0
2365 0.0
2366 0.0
2367 0.0
2368 0.0
2369 0.0
2370 0.0
2371 0.0
2372 0.0
2373 0.0
2374 0.0
2375 0.0
2376 0.0
2377 0.00037451167640611217
2378 0.0
2379 0.0
2380 0.0
2381 0.0015250700255511744
2382 0.0
2383 0.0
2384 0.0
2385 0.0
2386 0.0
2387 0.0001685061554242559
2388 0.0002679042075442114
2389 0.0
2390 0.0
2391 0.0
2392 0.0
2393 0.0
2394 0.0
2395 0.0
2396 0.0
2397 0.0
2398 0.0
2399 0.0
2400 0.0
2401 0.0
2402 0.0
2403 0.0
2404 0.0
2405 0.0
2406 0.0
2407 0.0
2408 0.0
2409 0.0
2410 0.0
2411 0.0
2412 0.0
2413 -0.00047210613982688404
2414 -0.0022247956224409515
2415 -0.0019712984546539237
2416 -0.00038573186772994014
2417 0.0
2418 0.0
2419 -0.000398188613358015
2420 -0.00022203161264852921
2421 -0.0001444611387539883
2422 0.0
2423 0.0
2424 0.0
2425 0.0
2426 0.0
2427 0.0
2428 0.0
2429 0.0
2430 0.0
2431 0.0
2432 0.0
2433 0.0
2434 0.0
2435 0.0
2436 0.0
2437 0.0
2438 0.0
2439 0.0
2440 0.0010155488248492928
2441 0.0013202745247750988
2442 0.0
2443 0.0
2444 0.0
2445 0.0007150448215323016
2446 0.0
2447 0.0
2448 0.0
2449 0.0002447690759857105
2450 0.000513745476045423
2451 0.0015726601316298672
2452 0.002164960334217706
2453 0.0
2454 0.0
2455 0.0
2456 0.0
2457 0.0
2458 0.0
2459 0.0
2460 0.0
2461 0.0
2462 0.0
2463 0.000693729058203256
2464 0.0
2465 0.0
2466 0.0
2467 0.0
2468 0.0
2469 0.0
2470 0.0
2471 0.0
2472 0.0
2473 0.0
2474 0.0
2475 0.0
2476 0.0
2477 0.0
2478 -0.0006421043681280492
2479 -0.0013632965411822559
2480 -0.0012992521458430656
2481 -0.0029507899245367767
2482 -0.0021840288050483493
2483 -9.578713855821321e-05
2484 -0.00029264611183189273
2485 0.0
2486 0.0
2487 0.0
2488 0.0
2489 0.0
2490 0.0
2491 0.0
2492 0.0
2493 0.0
2494 0.0004390496896028141
2495 0.002285217322873646
2496 0.0
2497 0.0
2498 0.0
2499 0.0
2500 0.0
2501 0.0
2502 0.0
2503 0.0
2504 0.0
2505 6.165626343665147e-05
2506 0.0
2507 0.0
2508 0.0
2509 0.0
2510 0.0
2511 0.0
2512 0.0
2513 0.0016768388876889
2514 0.0009576860785918742
2515 0.0012294318587889226
2516 0.004214135634968997
2517 0.00098758108054067
2518 0.0
2519 0.0
2520 0.0
2521 0.0
2522 0.0
2523 0.0
2524 0.0
2525 0.0
2526 0.0
2527 0.0
2528 0.0
2529 0.0
2530 0.0
2531 0.0
2532 0.0
2533 -0.0018001345008866008
2534 -0.0025880119245741823
2535 -0.0005914971798810967
2536 0.0
2537 0.0
2538 0.0
2539 0.0
2540 0.0
2541 0.0
2542 0.0
2543 -7.186943557664445e-05
2544 -0.0014032959918774202
2545 -0.005712669732691992
2546 -0.0039040115955763506
2547 -0.0022434005688810473
2548 -0.00040613103851145694
2549 -8.264940408436578e-05
2550 -0.0011911419178631168
2551 -0.00037021230170634136
2552 0.0
2553 0.0
2554 0.0
2555 0.0
2556 0.0
2557 0.0
2558 0.0003371703230203982
2559 0.0031029360742065304
2560 0.0
2561 0.0
2562 0.0
2563 0.0
2564 0.0
2565 0.0
2566 0.0005176000809514398
2567 0.0
2568 0.00018818752166771644
2569 0.0005172335605404954
2570 0.0
2571 0.00038051036908762106
2572 0.0
2573 0.00043686864630387053
2574 0.0014296768755845885
2575 0.0
2576 0.0
2577 0.0
2578 0.001343355231929291
2579 0.0008838917736998217
2580 0.0008115175281199784
2581 0.0
2582 0.0
2583 0.0
2584 0.0
2585 0.0
2586 0.0
2587 0.0
2588 0.0
2589 0.0
2590 0.0
2591 5.0164593525793186e-05
2592 0.0
2593 0.0
2594 0.0
2595 0.0006663914928122383
2596 0.0
2597 -0.002432971893576062
2598 -0.0022774851103159253
2599 -0.0026220501030699613
2600 -0.0011633702536856985
2601 0.0
2602 0.0
2603 0.0
2604 0.0
2605 0.0
2606 0.0
2607 0.0
2608 -0.0015439535566860664
2609 -0.0034088005862256397
2610 -0.004215028148667352
2611 -0.002072920142604023
2612 -0.0015295984663133563
2613 0.0
2614 -0.00035097435698635697
2615 0.0
2616 0.0
2617 0.0
2618 0.0
2619 0.0
2620 0.0
2621 0.0006209967849038169
2622 0.000737271965954048
2623 0.002851105733287541
2624 0.0
2625 0.0
2626 0.0
2627 0.0
2628 0.0
2629 0.0
2630 0.0
2631 0.00042425625011630367
2632 0.00027589247072109163
2633 0.0
2634 0.0
2635 0.0
2636 0.0
2637 0.0012391914886967536
2638 0.0007188790267338937
2639 4.665964964354346e-05
2640 0.0
2641 0.0
2642 2.9299285370948353e-05
2643 0.00041469652500655563
2644 0.00021651722168432297
2645 0.0005298414953391569
2646 0.0
2647 0.0
2648 0.0
2649 0.0
2650 0.0
2651 0.0
2652 0.0
2653 0.0
2654 0.0
2655 0.0
2656 0.0
2657 0.0
2658 0.0011450975040899992
2659 0.0
2660 0.0
2661 0.0
2662 -0.0021223070777994265
2663 -0.003239238215278904
2664 0.0
2665 0.0
2666 0.0
2667 0.0
2668 0.0
2669 0.0
2670 0.0
2671 -0.0008889994554837893
2672 -0.0016819228912249493
2673 -0.0006998852792445503
2674 -0.002508065978673553
2675 -0.004180168287452693
2676 -0.0012330240585990177
2677 -0.00015727772366573424
2678 -4.285086266700273e-05
2679 0.0
2680 0.0
2681 0.0
2682 0.0
2683 0.0
2684 0.0
2685 0.0010212623234276377
2686 0.0015231851013944415
2687 0.0016460402614567767
2688 -0.0006206299720652069
2689 -0.0008790153713892811
2690 0.0
2691 0.0
2692 0.0
2693 0.0
2694 0.0
2695 0.0
2696 0.0
2697 0.0
2698 0.0
2699 0.0
2700 0.0
2701 0.0
2702 0.0
2703 0.0
2704 0.0
2705 0.0
2706 0.0
2707 0.0
2708 0.0006392523561936981
2709 0.0007067263013847138
2710 0.0
2711 0.0
2712 -0.0004022459175216727
2713 -0.00020047462672507385
2714 0.0
2715 0.0
2716 0.0
2717 0.0
2718 0.0
2719 0.0
2720 0.0
2721 0.0
2722 0.0017007858687812778
2723 0.0021337986311364206
2724 0.0
2725 0.0
2726 0.0
2727 0.0
2728 0.0
2729 0.0
2730 0.0
2731 0.0
2732 0.0
2733 0.0
2734 0.0
2735 0.0
2736 0.0
2737 0.0
2738 -0.0003336097175231211
2739 -0.0006822836559249386
2740 0.0
2741 0.0
2742 0.0
2743 0.0
2744 0.0
2745 0.0
2746 0.0
2747 0.0
2748 4.454421615906516e-06
2749 0.0
2750 0.0
2751 0.00029490034554947023
2752 -0.0005287882855522305
2753 -0.001371024167544995
2754 0.0
2755 0.0
2756 0.0
2757 0.0
2758 0.0
2759 0.0
2760 0.0
2761 0.0
2762 0.0
2763 0.0
2764 0.0
2765 0.0
2766 0.0
2767 0.0
2768 0.0
2769 0.0
2770 0.0
2771 0.0
2772 0.0
2773 0.0008497826740965888
2774 0.0
2775 0.0
2776 0.0
2777 0.0
2778 0.0
2779 0.0
2780 0.0
2781 0.0
2782 0.0
2783 0.0
2784 0.0
2785 0.0
2786 0.0009746800284586349
2787 0.004929240378494307
2788 0.004664779188472486
2789 0.0
2790 0.0
2791 0.0
2792 0.0
2793 0.0
2794 0.0
2795 0.0
2796 0.0
2797 0.0
2798 0.0
2799 0.0
2800 0.0
2801 0.0
2802 0.0
2803 0.0
2804 0.0
2805 0.0
2806 0.0
2807 0.0
2808 0.0
2809 0.0
2810 0.0
2811 0.0
2812 0.0
2813 0.0
2814 0.0
2815 0.0
2816 0.0
2817 -0.0014157924816185533
2818 -0.0018661486245546532
2819 0.0
2820 0.0
2821 0.0
2822 0.0
2823 0.0
2824 0.0
2825 0.0
2826 0.0
2827 0.0
2828 0.0
2829 -0.0012694474912498539
2830 0.0
2831 0.0
2832 0.0
2833 0.0
2834 0.0
2835 0.0
2836 0.0
2837 0.0
2838 0.0
2839 0.0
2840 0.0
2841 0.0
2842 0.0
2843 0.0
2844 0.0
2845 0.0
2846 0.0
2847 2.4874680196790724e-05
2848 0.0
2849 0.0
2850 0.003995243998234683
2851 0.0018543163108561463
2852 0.0038543988251891416
2853 0.0007475597790014407
2854 0.0
2855 0.0
2856 0.0
2857 0.0
2858 0.0
2859 0.0
2860 0.0
2861 0.0
2862 0.0
2863 0.0
2864 0.0
2865 0.0
2866 0.0
2867 0.0
2868 0.0
2869 0.0
2870 0.0
2871 0.0
2872 0.0
2873 0.0
2874 0.0
2875 0.0
2876 0.0
2877 0.0
2878 0.0
2879 0.0
2880 0.0
2881 -0.0002591304016248451
2882 -0.0003734189507397903
2883 -0.0009651492391471138
2884 0.0
2885 0.0
2886 0.0
2887 0.0
2888 0.0
2889 0.0
2890 -0.0001736720866910777
2891 0.0
2892 0.0
2893 0.0
2894 0.0
2895 0.0
2896 2.4832880053124852e-05
2897 0.0011623640320388984
2898 0.00042263791121372395
2899 0.00045125946902044826
2900 0.0
2901 0.0
2902 0.0
2903 0.0
2904 0.0
2905 -0.0009886655422106944
2906 0.0
2907 0.0
2908 0.0
2909 0.0
2910 0.0
2911 0.0
2912 0.0
2913 0.0
2914 0.00037855330125681827
2915 0.0
2916 0.002481508816954022
2917 0.0
2918 0.0
2919 0.0
2920 0.0
2921 0.0
2922 0.0
2923 0.0
2924 0.0
2925 0.0
2926 0.0
2927 0.0
2928 0.0
2929 0.0
2930 0.0
2931 0.0
2932 0.0
2933 0.0
2934 0.0
2935 0.0
2936 0.0
2937 0.0
2938 0.0
2939 0.0
2940 0.0
2941 0.0
2942 0.0
2943 0.0
2944 0.0
2945 0.0
2946 0.0
2947 0.0
2948 0.0
2949 0.0
2950 0.0
2951 0.0
2952 0.0
2953 0.0
2954 -0.0025574292130526536
2955 -0.0009874526727936398
2956 0.0
2957 6.34972007902002e-05
2958 0.0007602798955147836
2959 0.0
2960 0.0
2961 0.0005341833593341641
2962 0.0
2963 0.0
2964 0.0
2965 0.0
2966 0.0
2967 0.0
2968 0.0
2969 0.0
2970 0.0
2971 0.0
2972 0.0
2973 0.0
2974 0.0
2975 0.0
2976 0.0
2977 0.0013434519233521337
2978 0.0
2979 0.0006407323705648987
2980 0.0
2981 0.0
2982 0.0
2983 0.0
2984 0.0
2985 0.0
2986 0.0
2987 0.0
2988 0.0
2989 0.0
2990 0.0
2991 0.0
2992 0.0
2993 0.0
2994 0.0
2995 0.0
2996 -9.990451517772936e-05
2997 0.0
2998 0.0
2999 0.0
3000 0.0
3001 0.0
3002 0.0
3003 0.0
3004 0.0
3005 0.0
3006 0.0
3007 0.0
3008 0.0
3009 0.0
3010 0.0
3011 0.0
3012 0.0
3013 0.0
3014 0.0
3015 0.0
3016 -9.028440675818186e-06
3017 -0.0014757228220470772
3018 -0.000419409372663662
3019 0.0
3020 0.0
3021 3.6228863354863694e-05
3022 0.00029990215599115066
3023 0.0
3024 0.0
3025 0.0
3026 0.0
3027 0.0
3028 0.0
3029 0.0
3030 0.0
3031 0.0
3032 0.0
3033 0.0
3034 0.0
3035 0.0
3036 0.0
3037 0.0
3038 0.0
3039 0.0
3040 0.0
3041 0.003254793574635378
3042 0.00017303519916869877
3043 0.0
3044 0.0
3045 0.0
3046 0.0
3047 0.0
3048 0.0
3049 0.0
3050 0.0
3051 0.0
3052 0.0
3053 0.0
3054 0.0
3055 0.0
3056 0.0
3057 0.0
3058 0.0
3059 0.0
3060 0.0
3061 0.0
3062 0.0
3063 0.0
3064 0.0
3065 0.0
3066 0.0
3067 0.0
3068 0.0
3069 0.0
3070 0.0
3071 0.0
3072 0.0
3073 0.0
3074 0.0
3075 0.0
3076 0.0
3077 0.0
3078 0.0
3079 0.0
3080 -0.0002099415259988472
3081 0.0
3082 0.0
3083 0.0
3084 0.0
3085 0.0
3086 0.0
3087 0.0
3088 0.0
3089 0.0
3090 0.0
3091 0.0
3092 0.0
3093 0.0
3094 0.0
3095 0.0
3096 0.0
3097 0.0
3098 0.0
3099 0.0
3100 0.0
3101 0.0
3102 0.0
3103 0.0
3104 0.0
3105 0.0
3106 0.0
3107 0.0
3108 0.0004858634452805213
3109 0.0
3110 0.0
3111 0.0
3112 0.0
3113 0.0
3114 0.0
3115 0.0
3116 0.0
3117 0.0
3118 0.0
3119 0.0
3120 0.0
3121 0.0
3122 -0.0005813573220400395
3123 0.0
3124 0.0
3125 0.0
3126 0.0
3127 0.0
3128 0.0
3129 0.0
3130 0.0
3131 0.0
3132 0.0
3133 0.0
3134 -0.000611030099423287
3135 0.0
3136 0.0
3137 0.0
3138 0.0
3139 0.0
3140 0.0
3141 0.0
3142 0.0
3143 0.0
3144 0.0
3145 0.0
3146 0.0
3147 0.0
3148 0.0
3149 0.0
3150 0.0
3151 0.0
3152 0.0
3153 0.0
3154 0.0
3155 0.0
3156 0.0
3157 0.0
3158 0.0
3159 0.0
3160 0.0
3161 0.0
3162 0.0
3163 0.0
3164 0.0
3165 0.0
3166 0.0
3167 0.0
3168 0.0
3169 0.0006708958463697636
3170 0.0
3171 0.0004402281433319707
3172 0.0
3173 0.0
3174 0.0
3175 0.0
3176 0.0
3177 0.0
3178 0.0
3179 0.0
3180 0.0
3181 0.0
3182 0.0
3183 0.0
3184 0.0
3185 0.0
3186 0.0
3187 0.0
3188 0.0
3189 0.0
3190 0.0
3191 0.0
3192 0.0
3193 0.0
3194 0.0
3195 0.0
3196 0.0
3197 0.0
3198 0.0
3199 0.0
3200 0.0
3201 0.0
3202 0.0
3203 0.0
3204 0.0
3205 0.0
3206 0.0
3207 0.0
3208 0.0
3209 0.0
3210 0.0
3211 0.0
3212 0.0
3213 0.0
3214 0.0
3215 0.0
3216 0.0
3217 0.0
3218 0.0
3219 0.0
3220 0.0
3221 0.0
3222 0.0
3223 0.0
3224 0.0
3225 0.0
3226 0.0
3227 0.0
3228 0.0
3229 0.0
3230 0.0
3231 0.0
3232 0.0
3233 0.0
3234 0.0
3235 0.0
3236 0.0
3237 0.0
3238 0.0
3239 0.0
3240 0.0
3241 0.0
3242 0.0
3243 0.0
3244 0.0
3245 0.0
3246 0.0
3247 0.0
3248 0.0
3249 0.0
3250 0.0
3251 0.0
3252 0.0
3253 0.0
3254 0.0
3255 0.0
3256 0.0
3257 -0.0005240733046542852
3258 0.0
3259 0.0
3260 0.0
3261 0.0
3262 0.0
3263 0.0
3264 0.0
3265 0.0
3266 0.0
3267 0.0
3268 0.0
3269 0.0
3270 0.0
3271 0.0
3272 0.0
3273 0.0010359754574201534
3274 0.0
3275 0.0
3276 0.0
3277 0.0
3278 0.0
3279 0.0
3280 0.0
3281 -0.0002476508801427257
3282 0.0
3283 0.0
3284 0.0
3285 -0.0002581337472370639
3286 0.0
3287 0.0
3288 0.0
3289 0.0
3290 0.0
3291 0.0
3292 0.0
3293 0.0
3294 0.0
3295 0.0
3296 0.0
3297 0.0
3298 0.0
3299 0.0
3300 0.0
3301 0.0
3302 0.0
3303 0.0
3304 0.0
3305 0.0
3306 0.0
3307 0.0
3308 0.0
3309 0.0
3310 0.0
3311 0.0
3312 0.0
3313 0.0
3314 0.0003906333412821382
3315 4.185136982202255e-05
3316 0.0
3317 0.0
3318 0.0
3319 0.0
3320 0.0
3321 -0.0007249268853036095
3322 0.0
3323 -0.0011391463457075923
3324 -0.0003249161428208398
3325 0.0
3326 0.0
3327 0.0
3328 0.0
3329 0.0
3330 0.0
3331 0.0
3332 0.0
3333 0.0
3334 0.0
3335 0.0
3336 0.0007262428088656521
3337 0.0013176972376800504
3338 2.520996601756642e-05
3339 0.0
3340 0.0
3341 0.0
3342 0.0
3343 0.0
3344 0.0
3345 0.0
3346 0.0
3347 0.0
3348 0.0
3349 0.0
3350 -7.252388218936404e-05
3351 0.0
3352 0.0
3353 0.0
3354 0.0
3355 0.0
3356 0.0
3357 0.00028879211852208636
3358 0.0
3359 0.0
3360 0.0
3361 0.0
3362 0.0
3363 0.0
3364 0.0
3365 0.0
3366 0.0
3367 0.0
3368 -4.890788190624941e-06
3369 0.0
3370 -0.0007949157586451297
3371 0.0
3372 0.0
3373 0.0
3374 0.0
3375 0.0
3376 0.0
3377 0.0
3378 0.0
3379 0.0
3380 0.0
3381 0.0
3382 0.0
3383 0.0
3384 0.0
3385 -0.0018667859409213557
3386 -0.0002027891035915349
3387 0.0
3388 -4.6027835568462224e-05
3389 0.0
3390 0.0
3391 0.0
3392 0.0
3393 0.0
3394 0.0
3395 0.0
3396 0.0
3397 0.0
3398 0.0
3399 0.0
3400 0.0
3401 0.0
3402 0.0
3403 0.0
3404 0.0
3405 0.0
3406 0.0
3407 0.0
3408 -0.0007387945651145696
3409 0.0
3410 -0.0003532858509559974
3411 0.0
3412 0.0
3413 0.0
3414 0.0
3415 0.0
3416 0.0
3417 0.0
3418 0.0
3419 0.0
3420 0.0
3421 0.0
3422 0.0
3423 0.0
3424 0.0
3425 0.0
3426 0.0
3427 0.0
3428 0.0
3429 0.0
3430 -3.703532986578238e-05
3431 -0.00037261517492333864
3432 0.0
3433 0.0
3434 -0.0011767982797957102
3435 -0.002081394483495936
3436 -0.0009918066944154507
3437 0.0
3438 0.0
3439 0.0
3440 0.0
3441 0.0
3442 0.0
3443 0.0
3444 0.0
3445 0.0
3446 0.0
3447 0.0
3448 0.0
3449 -0.0014364097056839417
3450 -0.001579079971014663
3451 -0.0002485080911794616
3452 0.0
3453 0.0
3454 0.0
3455 0.0
3456 0.0
3457 0.0
3458 0.0
3459 0.0
3460 0.0
3461 0.0
3462 0.0
3463 0.0
3464 0.0
3465 0.0
3466 0.0
3467 0.0
3468 0.0
3469 0.0
3470 0.0
3471 0.0
3472 0.0
3473 0.0
3474 -0.0005016704985249005
3475 0.0
3476 0.0
3477 0.0
3478 0.0
3479 0.0
3480 0.0006673122916845281
3481 0.0025321946918622417
3482 0.0
3483 0.0
3484 0.0005097416170344644
3485 0.0
3486 0.0
3487 0.0
3488 0.0
3489 0.0
3490 0.0
3491 0.0
3492 0.0
3493 0.0
3494 0.0
3495 0.0
3496 0.0
3497 0.0
3498 0.0
3499 0.0
3500 -0.000281586294052041
3501 0.0
3502 0.0
3503 -0.0014424601154524582
3504 -0.0005394322782637145
3505 0.0
3506 0.0
3507 0.0
3508 0.0
3509 0.0
3510 0.0
3511 -0.0005526169339240912
3512 -0.002947375463660243
3513 -0.001099778411932245
3514 -0.0005077809802500893
3515 0.0
3516 0.0
3517 0.0
3518 0.0
3519 0.0
3520 0.0
3521 0.0
3522 0.0
3523 0.0
3524 0.0
3525 0.0
3526 0.00044279130047099693
3527 0.0
3528 0.0
3529 0.0
3530 0.0
3531 0.0
3532 0.0
3533 0.0
3534 0.0
3535 0.0
3536 -0.0012431128844621316
3537 -0.00167117321768705
3538 0.0
3539 -0.0005522387291025578
3540 0.0
3541 0.0
3542 0.0
3543 0.00054527172411795
3544 0.000618416926824357
3545 0.00315854453319946
3546 0.0007227048384300582
3547 0.0
3548 0.0
3549 0.0
3550 0.0
3551 0.0
3552 0.0
3553 0.0
3554 0.0
3555 0.0
3556 0.0
3557 0.0
3558 0.0
3559 0.0
3560 0.0
3561 0.0
3562 0.0
3563 0.0
3564 0.0
3565 0.0
3566 0.0
3567 0.0
3568 0.0
3569 0.0
3570 0.0
3571 0.0
3572 0.0
3573 0.0
3574 0.0
3575 -0.0005084274098551427
3576 -0.0014734228573594814
3577 -0.0015925841186540462
3578 -0.0007507575879109841
3579 0.0
3580 0.0
3581 0.0
3582 0.0
3583 0.0
3584 0.0
3585 0.0
3586 0.0
3587 0.0
3588 0.0
3589 0.0001181698744313504
3590 0.0
3591 0.0
3592 0.0
3593 0.0
3594 0.0
3595 0.0
3596 0.0
3597 0.0
3598 0.0
3599 0.0
3600 -0.0014129782954682367
3601 -0.001090386848375628
3602 0.0
3603 -0.00022466483303331335
3604 0.0
3605 0.0
3606 0.0
3607 0.0
3608 0.0
3609 0.0001360284876908615
3610 0.0
3611 0.0
3612 0.0
3613 0.0019485404971533817
3614 0.0
3615 0.0
3616 0.0
3617 0.0
3618 0.0
3619 0.0
3620 0.0
3621 0.0
3622 0.0
3623 0.0
3624 0.0
3625 0.0
3626 0.0
3627 0.0
3628 0.0
3629 0.0
3630 0.0
3631 0.0
3632 0.0
3633 0.0
3634 0.0
3635 0.0
3636 -0.00020672470967455375
3637 -6.796938058916252e-05
3638 0.0
3639 0.0
3640 -0.0005908093040358232
3641 0.0
3642 -0.00029790818693493915
3643 0.0
3644 0.0
3645 0.0
3646 0.0
3647 0.0
3648 0.0
3649 0.0
3650 0.0
3651 0.0
3652 0.0
3653 0.0016299891630653272
3654 0.0
3655 0.0
3656 0.0
3657 0.0
3658 0.0
3659 0.0
3660 0.0
3661 0.0
3662 0.0
3663 0.0
3664 0.0
3665 0.0
3666 -0.00016631360534808033
3667 -0.001263634830678617
3668 -0.0005015308448785542
3669 0.0
3670 0.0
3671 0.0
3672 0.0
3673 0.0003935538727990236
3674 0.0
3675 0.0
3676 0.0
3677 0.0
3678 0.0
3679 0.0
3680 0.0
3681 0.0
3682 0.0
3683 0.0
3684 0.0
3685 0.0
3686 0.0
3687 0.0
3688 0.0
3689 0.0
3690 0.0
3691 0.0
3692 0.0
3693 0.0
3694 0.0
3695 0.0
3696 0.0
3697 0.0
3698 -0.0005809852501360392
3699 0.0
3700 -0.0008672935316182356
3701 0.0
3702 -0.00025501085488323025
3703 -0.0009583337781006149
3704 -0.00010221951292013905
3705 0.0
3706 0.0
3707 0.0
3708 0.0
3709 0.0
3710 0.0
3711 0.0
3712 0.0
3713 0.0
3714 0.0
3715 0.0
3716 0.0005453418698968854
3717 0.0015473622520687058
3718 0.0
3719 0.0
3720 0.0
3721 0.0
3722 0.0
3723 0.0
3724 0.0
3725 0.0
3726 0.0
3727 0.0
3728 0.0
3729 0.0
3730 0.0
3731 0.0
3732 0.0
3733 0.0
3734 0.0
3735 0.0
3736 0.0
3737 0.0
3738 0.0
3739 0.0
3740 0.0
3741 0.0
3742 0.0
3743 0.0
3744 0.0
3745 0.0
3746 0.0
3747 0.0
3748 0.0
3749 0.0
3750 0.0
3751 0.0
3752 0.0
3753 0.0
3754 0.0
3755 0.0
3756 0.0
3757 0.0
3758 0.0
3759 0.0
3760 0.0
3761 0.0
3762 0.0
3763 0.0
3764 -6.873806160061609e-05
3765 -6.050167221349171e-06
3766 0.0
3767 0.0
3768 0.0
3769 0.0
3770 0.0
3771 0.0
3772 0.0
3773 0.0
3774 0.0
3775 0.0
3776 0.0
3777 0.0
3778 0.0
3779 0.0
3780 0.0
3781 0.0030279576346833826
3782 0.0
3783 0.0
3784 0.0
3785 0.0
3786 0.0
3787 0.0
3788 0.0
3789 0.0
3790 0.0
3791 0.0
3792 0.0
3793 0.0
3794 0.0
3795 0.0
3796 0.0
3797 0.0
3798 0.0
3799 -0.0008529667096496926
3800 0.0
3801 0.0
3802 0.0
3803 0.0
3804 0.0
3805 0.0
3806 0.0
3807 0.0
3808 -0.0008430220358254725
3809 -0.0005906338272229106
3810 -8.704360881143277e-05
3811 0.0
3812 0.0
3813 0.0
3814 0.0
3815 0.0
3816 0.0
3817 0.0
3818 0.0
3819 0.0
3820 0.0
3821 0.0
3822 0.0
3823 0.0
3824 0.0
3825 0.0
3826 0.0
3827 0.0
3828 0.0
3829 -0.00036587450683228824
3830 0.0
3831 0.0
3832 0.0
3833 -0.00014963176195557684
3834 -0.000763258178903478
3835 0.0
3836 -5.929766577669869e-05
3837 -0.0006394065173282029
3838 -0.00032539134034291386
3839 0.0
3840 -0.0006290478453119288
3841 -0.00032879539990680266
3842 0.0
3843 0.0
3844 0.0005439322305045203
3845 0.0022145715425619457
3846 0.0024841241974322224
3847 0.0026333052297494598
3848 0.0018134828584839876
3849 0.0
3850 0.0
3851 0.0
3852 0.0
3853 0.0
3854 0.0
3855 0.0
3856 0.0
3857 0.0
3858 0.0
3859 0.0
3860 0.0
3861 0.0
3862 0.0
3863 0.0
3864 0.0
3865 0.0
3866 0.0
3867 0.0
3868 0.0
3869 -0.0008716594753614997
3870 0.0
3871 0.0
3872 0.0
3873 0.0
3874 0.0
3875 0.0
3876 0.0
3877 0.0
3878 0.0
3879 0.0
3880 0.0
3881 0.0
3882 0.0
3883 0.0
3884 0.0
3885 0.0
3886 0.0
3887 0.0
3888 0.00012904533233188236
3889 0.0003996246317252831
3890 0.0
3891 0.0
3892 0.0
3893 0.0
3894 0.0
3895 0.0
3896 0.0
3897 0.0
3898 -0.0006889022600750958
3899 0.0
3900 0.0
3901 0.0
3902 -0.0007647872743152268
3903 0.0
3904 -0.0008114630924352152
3905 -0.0015818977852794945
3906 0.0
3907 0.0
3908 0.0
3909 0.0
3910 0.0012659684640521582
3911 0.003368751439767003
3912 0.003377646186965734
3913 0.0018157395633847332
3914 0.001338419482182214
3915 0.0
3916 0.0
3917 0.0
3918 0.0
3919 0.0
3920 0.0
3921 0.0
3922 0.0
3923 0.0
3924 0.0
3925 0.0
3926 0.0
3927 0.0
3928 0.0
3929 0.0
3930 0.0
3931 0.0
3932 0.0
3933 0.0
3934 0.0
3935 0.0
3936 0.0
3937 0.0
3938 0.0
3939 0.0
3940 0.0
3941 0.0
3942 0.0
3943 0.0
3944 0.0
3945 0.0
3946 0.0
3947 0.0
3948 0.0
3949 0.0
3950 0.0
3951 0.00020614938002248983
3952 0.000528995435140265
3953 0.0012515548301147408
3954 0.0
3955 9.850365090799352e-05
3956 0.0
3957 0.0
3958 0.0
3959 0.0
3960 0.0
3961 0.0
3962 0.0
3963 0.0
3964 0.0
3965 0.0
3966 -0.0006101771994366555
3967 -0.001120914495002889
3968 -0.0019093792578589283
3969 -0.0026695971290763044
3970 -0.0018175635308876968
3971 -8.639797332007741e-05
3972 0.0
3973 0.0
3974 0.0
3975 0.0
3976 0.0
3977 0.0
3978 0.0
3979 0.0
3980 0.0
3981 0.0
3982 0.0
3983 0.0
3984 0.0
3985 0.0
3986 0.0
3987 0.0
3988 0.0
3989 0.0
3990 0.0
3991 0.0
3992 0.0
3993 0.0
3994 0.0005157441251047625
3995 0.0
3996 0.0
3997 5.901980830893734e-05
3998 0.0007122324525080128
3999 0.0003678067111723465
4000 9.747612696195038e-05
4001 0.0
4002 0.0
4003 0.0
4004 0.0
4005 0.0
4006 0.0
4007 0.0
4008 0.0011989277586371373
4009 0.001212358929629626
4010 0.0012500201721138042
4011 0.0
4012 0.0
4013 0.0
4014 0.0
4015 0.00038248564090496973
4016 0.0003246442929980466
4017 1.4128744817831784e-05
4018 0.0
4019 0.0
4020 0.0
4021 0.0
4022 0.0
4023 0.0
4024 0.0
4025 0.0
4026 0.0
4027 0.0
4028 0.0
4029 -0.0015783827727042967
4030 -0.002461319833699223
4031 -0.0015658392207888523
4032 -0.0028844092590108767
4033 -0.0027411762295340724
4034 -0.0031183617691168276
4035 -4.351072629835834e-05
4036 0.0
4037 -0.0018749974565312182
4038 -0.001785156729608581
4039 -0.0016959372967764383
4040 0.0
4041 0.0
4042 0.0
4043 0.0
4044 0.0
4045 0.0
4046 0.0
4047 0.0
4048 0.0
4049 0.0
4050 0.0
4051 0.0
4052 0.0
4053 0.0
4054 0.0
4055 0.0
4056 7.790459324681821e-05
4057 0.00025247540438471126
4058 0.0013622731879791865
4059 0.0015198693176521657
4060 0.0
4061 1.8017656810423514e-05
4062 0.0024939259497086513
4063 0.0027078071011800236
4064 0.001980166579204683
4065 0.0005004160097800835
4066 9.501591481104118e-05
4067 0.0
4068 0.0
4069 0.0
4070 0.0
4071 0.0
4072 0.0
4073 0.0003524844659786981
4074 0.0009737233154631347
4075 0.0002665558113553596
4076 0.0
4077 0.0
4078 0.0
4079 0.0
4080 0.0
4081 0.0
4082 0.0
4083 0.0
4084 0.0
4085 0.0
4086 0.0
4087 0.0
4088 0.0
4089 0.0
4090 0.0
4091 0.0
4092 0.0
4093 -0.0011483364159912918
4094 -0.0020590845411301443
4095 -0.0011683536439656703
