 0
0 1.1382403682848585
1 1.292748004609987
2 1.7527908501190241
3 1.8389026699346152
4 1.439219632773144
5 1.0412063770780566
6 0.5894450995789703
7 0.261521667573913
8 0.43325972079467573
9 0.4885761456947584
10 0.29216947802593746
11 0.7517783964969148
12 0.5635970340569547
13 0.5318952862732752
14 0.4917441426516583
15 0.5670174925072209
16 0.27852647741923214
17 0.06721899307054884
18 0.09975294360459906
19 0.0921053762856206
20 0.21576747271362173
21 0.20764397545038543
22 0.009178153746398049
23 0.30544340082817795
24 0.3170859561026782
25 0.021469837423477914
26 0.007682429817480883
27 0.00045132469075017615
28 0.3952469423071134
29 0.8126401173939921
30 0.8301984657127881
31 1.2782995880654988
32 1.723562555661565
33 2.200134734979217
34 2.3384804030366033
35 1.7549168949920149
36 2.508767703607646
37 4.254294347197034
38 5.249457336143591
39 5.435554913383501
40 4.592713418814377
41 3.303886373864702
42 2.8059537420230383
43 1.9940985084684326
44 2.162958033442193
45 1.1817721847339955
46 1.8824204209782998
47 1.7898854255170278
48 1.2233949189702684
49 0.9833573513217289
50 1.7719380827003606
51 1.4956222864277258
52 1.3936199504341145
53 1.2079817531501391
54 1.4190922049737218
55 0.627830645529855
56 0.37412331558545775
57 0.7640938738091343
58 0.8036858314154881
59 0.8935859266878815
60 0.6230799276544811
61 0.6017017458513437
62 0.28034550276771214
63 0.5817223515745295
64 0.9473492810542911
65 0.69336736300299
66 0.9237035132010473
67 1.1826799254772151
68 1.00360297811084
69 0.5410249041993144
70 0.1559254412684661
71 0.05060686666120998
72 0.05304461542751546
73 0.08701032443398435
74 0.009109211803286787
75 0.0006100312121892139
76 0.11992671075377571
77 0.3000881864427888
78 0.5370440000255562
79 0.8078384050090828
80 0.27069073771914126
81 0.16401636167494935
82 0.2037327116131476
83 0.08387047577033621
84 0.12622771444609818
85 0.02082069375108497
86 0.24305853641932262
87 0.5345003143427902
88 0.4688447027476876
89 0.1528653937419595
90 0.20624484254753614
91 0.26945095473068315
92 0.7347823987367434
93 1.0169415020107941
94 1.3449024933357268
95 2.034364556535012
96 2.7118188091040905
97 3.3936738764407295
98 3.1007529356497288
99 2.757953753913495
100 4.295870588281963
101 5.119110163838717
102 5.437419399049733
103 4.900111616741649
104 3.049613556237864
105 1.9200764898806648
106 1.4019171541445294
107 1.1125685248146486
108 0.7997334046316595
109 0.2081968959880403
110 0.5857048252391712
111 0.8612928928010193
112 0.7163874013927368
113 0.5171734766552804
114 0.8315634438639501
115 1.1659261810812611
116 1.054151825559226
117 1.1109252338181577
118 1.1337768777695763
119 0.7126294524592334
120 0.704397012138976
121 1.171752801579697
122 0.6223961396439409
123 0.7229220036823472
124 0.4908935819158479
125 0.37309071458366005
126 0.07712591485154184
127 0.3530419357157228
128 0.48046855690350426
129 0.23795334695644935
130 0.5693020990587372
131 0.5898352052109217
132 0.8349967110025845
133 0.08383952047231051
134 0.05504855623304148
135 0.203544673907284
136 0.14742710936595188
137 0.023322682658987553
138 0.3080046277249466
139 0.24896828268657573
140 0.13812899619920257
141 0.0005281450358347224
142 0.029700425255780333
143 0.18003884412504073
144 0.009427328732879136
145 0.04044388291792718
146 0.10946945239051506
147 0.0014152652246133672
148 0.06195894967366821
149 0.3101758232996681
150 0.7158069694269631
151 1.8291790992669545
152 1.3152739404806786
153 0.9554267793888661
154 0.7668811193217481
155 0.991239047094207
156 1.6508213672929237
157 1.9725161376720375
158 3.2150394133631788
159 4.126926616845425
160 5.488014967850804
161 5.15651771355744
162 4.380910320560133
163 3.932041112678799
164 4.410339733722021
165 3.7684154426316674
166 4.178488329414411
167 3.5640385569721262
168 1.3878499158498736
169 1.1880173935163385
170 0.8923875594539041
171 0.7369172603885186
172 0.27596535934586447
173 0.051716837926447205
174 0.0880189208817455
175 0.31625681777593406
176 0.22993883498702913
177 0.11770178330435824
178 0.5701068881960045
179 0.8085489461365997
180 0.8179599579902467
181 0.6162748309284932
182 0.3845326060551879
183 0.6599684255211966
184 0.8050863551093058
185 1.1202044636958763
186 0.442327491529573
187 0.15541735669245238
188 0.15092077731269135
189 0.11084843597047689
190 0.3056132102626376
191 0.3805395781270822
192 0.2143707714169897
193 0.011534619706923835
194 0.2572312708519958
195 0.03396204132424463
196 0.025365497140376024
197 0.26087466227969947
198 0.005272600086875758
199 0.11658843729462341
200 0.22132677990512806
201 0.2280065564352667
202 0.5156466633611224
203 0.07848504766047544
204 0.00014290182022156706
205 0.03058618280303761
206 0.0013658157439215212
207 0.018394778675465764
208 0.25521412158549817
209 0.06829600897270208
210 0.2191881925267535
211 1.3417764405243966
212 1.0488626910463725
213 1.2683358872983068
214 2.4169482050971722
215 2.606779249571934
216 1.7547629171718844
217 1.8114758049976425
218 2.482563240394473
219 2.3215429273176076
220 3.74964046059615
221 4.561204156526575
222 5.595598835594513
223 6.660424049091514
224 7.250857823291784
225 3.6221094549466666
226 2.560331782624702
227 2.742825694137593
228 1.8930041519002705
229 2.0940791008466855
230 2.8724863002922585
231 2.7661616921391468
232 1.2640538689192844
233 0.910590547987073
234 1.492140358266821
235 1.5028842877353579
236 0.7289017387286534
237 0.18973406286960653
238 0.09029639511078937
239 0.21847980366817002
240 0.10672569128307491
241 0.0042021367692398085
242 0.039247601088884074
243 0.19623615127269556
244 0.07369996602238148
245 0.044201465330293864
246 0.09376898424804456
247 0.3445649115050504
248 1.013893289454234
249 0.9358600713441423
250 0.3396079739090795
251 0.12698580527512365
252 0.13251170287469846
253 0.2457993346157959
254 0.5421128312298215
255 0.9100945272725296
256 0.14531830114574512
257 0.08321455101316003
258 0.03556441025585985
259 0.0004147153076581962
260 0.04385772935863964
261 0.3288561698599409
262 0.2258060719383648
263 0.03073287073901744
264 0.1566021678487993
265 0.11222744906250048
266 0.02853264625626082
267 0.5985752055650091
268 0.7342887464181916
269 0.6830723335667602
270 0.287186174174302
271 0.021847395124226798
272 0.14348791207222047
273 0.09639795801957875
274 0.3648157124468409
275 1.0671413857009524
276 2.7288760953222764
277 3.7295840388045725
278 3.365599861825309
279 2.2853189560948666
280 1.6870859754720076
281 2.449092592184643
282 3.3494872522850963
283 3.5323732084723956
284 4.991824891901766
285 5.6678924885819555
286 5.909288754012318
287 5.665559177367577
288 5.033808034268562
289 3.609720422781508
290 2.6650751531519115
291 2.5687408295777
292 2.7218575717476754
293 2.922047666699672
294 2.743797248277097
295 2.631283701709144
296 2.36006263059626
297 2.1135755501525875
298 2.2522869672825663
299 2.768177383922629
300 1.0535420244888314
301 0.7040559265591693
302 0.19227315019158667
303 0.18472946560110015
304 0.06977869890056353
305 0.01055180746754537
306 0.025744016750389297
307 4.0579592651694446e-07
308 0.019796508480061936
309 0.11603318222340876
310 0.005179564884299252
311 0.1159498866569632
312 0.47086953899305106
313 0.639289089100634
314 0.5523290495157883
315 0.4451555168102407
316 0.682745771036796
317 1.1058055959572026
318 0.8581134190603805
319 0.8606888870917551
320 0.38958971838608275
321 0.11046348691018806
322 0.09464648504562294
323 0.02177342172538736
324 0.013154931657049595
325 0.3323539845776247
326 0.8041170027051544
327 0.8879235143496347
328 0.556655386220973
329 1.1914750805625396
330 1.5340366132665513
331 2.335243145653955
332 2.557047772081842
333 3.511472222830723
334 2.169098153150376
335 1.0365706419968614
336 0.3298926514090552
337 0.0034091260594313754
338 0.23352371907278024
339 0.07684521886066563
340 0.05524696841921809
341 1.0480346460345091
342 1.4516899061470299
343 1.95370586928238
344 2.401296123774291
345 2.135225624442141
346 1.9263027550098961
347 4.027697868568092
348 5.607573124218705
349 4.378357487533821
350 3.04936211238154
351 2.394714393652992
352 2.5423671944019497
353 3.505700196399465
354 2.48323157076017
355 2.5555011791569795
356 2.4477339832055045
357 2.2847857607491764
358 2.3019147463042127
359 2.746803351164272
360 4.450129675222861
361 3.060110983809855
362 2.410344911654626
363 1.7781502272256224
364 1.8581551565122316
365 1.6770459738523678
366 0.8108623027878766
367 0.6046865444418453
368 0.37199640334980183
369 0.014224326040916854
370 0.026318127632380582
371 0.21932408090081626
372 0.388902768347463
373 0.5976825861356566
374 0.0734591923977157
375 0.005483059121927797
376 0.11106555073355746
377 0.48300271454664373
378 0.8294408135167523
379 0.5824533808954282
380 0.7936994357642526
381 0.9996390839383612
382 0.8492171058574081
383 0.6292393664499181
384 0.31534356978239414
385 0.33550879228934316
386 0.04128805529953927
387 0.48854994822360465
388 0.1174370050140427
389 0.04174161870933852
390 1.0653476199871468
391 1.1745078800417585
392 1.5694371553835678
393 2.2506497287452256
394 3.1237407207521675
395 4.202408127954667
396 3.2924343710889166
397 4.1793858227721215
398 2.8146026450305506
399 1.1815492167797903
400 0.6334054469457091
401 0.000799726648584686
402 0.08560808530782356
403 0.18560158263622817
404 0.4734821244726929
405 0.4358481607472317
406 0.8607079634108582
407 1.5809270964465205
408 1.9803848986089794
409 1.6657431438713732
410 2.614623262624938
411 3.1210687096240357
412 4.664243059899461
413 4.530242401539989
414 2.6013487645776703
415 1.6151853260312157
416 1.6017920712433766
417 2.4115960101442067
418 1.4185213991897467
419 1.1610739761875493
420 1.7822933556012492
421 1.2310286956009566
422 1.0569667832195573
423 1.4414044868921725
424 2.457167963053367
425 2.369107270948453
426 2.287467296015256
427 1.546973809944978
428 1.0168773657900867
429 1.1922563515046982
430 0.7156059228476901
431 1.1090217280172119
432 0.5247829850886492
433 0.07566086122640686
434 0.028536756804864453
435 0.15132067505132554
436 0.5053017744586183
437 0.45783969401833663
438 0.5375067387923053
439 0.1740510508200074
440 0.0018350762039414797
441 0.08695289157858256
442 0.17448036168475778
443 0.17806623597511054
444 0.2429712587608038
445 0.19235373168134334
446 0.14122310759418813
447 0.2238868566819222
448 0.31498850766990083
449 0.21512903068125294
450 0.306960359831953
451 0.11507759238449546
452 0.3328391115074342
453 2.134601598571934e-05
454 0.10709083190847812
455 0.5367341968903657
456 1.1462096041777126
457 2.1062915152993833
458 2.6855748459262716
459 3.5730494877873236
460 3.121606465907983
461 3.7580903389777776
462 2.6761935580637704
463 2.090915200508177
464 2.0271525969528033
465 0.8466703755014183
466 0.0389981402942022
467 0.16851835838022708
468 1.240577333259737
469 1.6361573529627629
470 1.920484188492833
471 2.1994980865746108
472 1.8090632304062546
473 1.8177956642936397
474 2.5508872535454055
475 2.7392400495604563
476 2.5196013128971164
477 2.4332402688973502
478 1.0479292981471342
479 1.113894589847117
480 0.5767119432226642
481 0.3148900497041221
482 0.11418661643613374
483 0.17998586375881032
484 0.2763644681088531
485 0.3879610663508696
486 0.6151749002164013
487 0.9961615944669877
488 1.1426194441368347
489 0.6817412449810517
490 0.5622319134654519
491 0.12799073777568648
492 0.029145748271236182
493 0.01250217945513468
494 0.3360376048102217
495 0.8488174208410039
496 0.9972887564943119
497 0.09646313538522992
498 0.023346295271520105
499 0.06498399459770368
500 0.8010514619660986
501 0.3461771588782985
502 0.5378083065230466
503 0.4949763055681212
504 0.32684896143589587
505 0.017364560306455234
506 0.04634367811994976
507 0.04301781000721749
508 0.024609853657263474
509 0.04390177992058966
510 0.006243588904369213
511 0.10180047235020555
512 0.12234441105655677
513 0.19267218461149427
514 0.6628270153126178
515 0.2895265658622671
516 0.09808526381122043
517 0.0009511492183154256
518 0.0377949293616205
519 0.0641661477308244
520 1.0132724435110771
521 1.7915685125932694
522 1.2099020960917808
523 1.9634631763599084
524 2.1794548842366948
525 2.535950843025204
526 2.5675654054899333
527 2.770516208167333
528 2.207031056288938
529 1.3381162560068978
530 0.38068424717070287
531 0.15246839526934833
532 0.7660228574194522
533 0.5977149832039469
534 1.1863351225640486
535 1.4947650431909583
536 0.8652011899261759
537 1.4306480924324116
538 2.8932679522671583
539 1.9628606386557492
540 3.112500082950617
541 2.4285643973529
542 0.43704841641931175
543 0.1434506466747645
544 0.0002683193391713925
545 0.03018313204473259
546 0.0004486928961464908
547 0.12158836521229399
548 0.44037292550894797
549 0.35462180169934365
550 0.21407707140062526
551 0.33822012846243893
552 1.4025821804332301
553 0.6494628013101744
554 0.319234759929604
555 0.006292222115176359
556 0.19533985134795515
557 0.13211742411274882
558 0.01674026545302634
559 0.09413669125923163
560 0.2592224055986267
561 0.0037086709108523626
562 0.06220311823772936
563 0.17054688669436746
564 0.6631156915378131
565 0.5489068263563239
566 0.33193553720300667
567 0.8776154394454546
568 0.7202010209886442
569 0.2178251155488679
570 0.1152876250808365
571 0.14266031299307483
572 0.031192349477583002
573 0.057852929568132094
574 0.0012755710695150088
575 0.08371821640268248
576 0.08576227228213683
577 0.289269359242844
578 0.6156372971799918
579 0.7353587029670275
580 0.0660619380987044
581 0.9153542507376644
582 0.847824441896772
583 0.820496583499205
584 0.0026531180964730746
585 0.2828549717827557
586 0.17471590811060211
587 0.4083119366161137
588 0.5294266734593188
589 1.138466045265379
590 2.3508432794957037
591 2.36288359648067
592 1.580351615456104
593 0.8236629892893381
594 0.06521576600858424
595 0.028297488620921574
596 0.126063693720229
597 0.14946546198084681
598 0.08200926647355006
599 0.08213240914021266
600 0.00024710915227797644
601 0.20347829862300323
602 1.299917174628669
603 1.5742581934545439
604 1.9091677240046192
605 1.6742583648351594
606 0.6769500760199477
607 0.08944386134724581
608 0.030844189638156036
609 0.015225580986517606
610 0.06730521177686939
611 0.05917050492002084
612 0.009511043856045408
613 0.01635837627669593
614 0.17293793180211536
615 0.556537732496899
616 0.40555513075199573
617 0.07701691306535154
618 0.0061063942208156585
619 0.18565444058438144
620 0.2561964208733612
621 0.38410354904310284
622 0.21290469259391262
623 0.022065915632832004
624 0.026636244940148344
625 0.14360937475807503
626 0.35381088674364775
627 0.6623494864394486
628 0.6556179873302501
629 0.40691553330603697
630 0.5176944501342127
631 1.147092006363931
632 1.0178653946171463
633 0.4717886923477869
634 0.20310055041901476
635 0.43464064851620265
636 0.46286625363772965
637 0.3072164692727061
638 0.04779301138030982
639 0.0005749401080730883
640 0.2643067406124712
641 0.32190133025131384
642 0.5711713926988472
643 0.5993206245502124
644 0.097821328113619
645 0.4654121051039166
646 1.9941257922088929
647 1.9601236741607513
648 0.9497260179005983
649 0.23981292120448114
650 0.1682308866986958
651 0.18652837966138527
652 4.030716097415275e-05
653 0.3561157249541977
654 0.7983926296553678
655 1.5041264710048343
656 0.714476371131142
657 0.516968671394003
658 0.09058323645733324
659 0.004902148025674534
660 0.009130257655792444
661 0.02566123337285902
662 1.0809235211556511e-05
663 0.005665205236409719
664 0.1281508239662891
665 0.23113534251130743
666 1.4716636796795672
667 0.8726146767239708
668 1.9035192268742243
669 1.303811253250152
670 0.6717526244920775
671 0.04686349237685342
672 0.011486548891020487
673 0.08132476653320704
674 0.16921259833546934
675 0.5118545223429376
676 0.20360778958862147
677 0.049375911123559484
678 0.03585232751295075
679 0.20083889375770372
680 0.11785273363066168
681 0.05688641841821618
682 2.779076011584906e-06
683 0.31407603657002997
684 0.6509158721256042
685 0.920930218102506
686 0.5283557310697946
687 0.08245743296149952
688 0.29136280900796124
689 0.4344998946406373
690 1.3364019849367852
691 1.61465597217703
692 1.662095867993701
693 1.1164293501080529
694 0.7794726967225676
695 3.0758022949947503
696 1.5155542903392338
697 2.7288255705646476
698 1.606022887596473
699 1.0295606045914159
700 0.6942046753035961
701 0.6936680481818889
702 0.3369309344245819
703 0.03947961671572805
704 0.8221057620532827
705 0.7500394097533583
706 0.5046457584492631
707 0.7505879056855839
708 0.40680696037768277
709 0.05337072489910629
710 1.0835370741930506
711 1.8371945980777524
712 3.135261407034987
713 3.2385681693645103
714 2.240705994953866
715 1.3926522058278734
716 0.40040002804272506
717 0.0076413239192615985
718 0.06910997530769672
719 0.4402373251743754
720 0.22769592952519674
721 0.24318289166597643
722 0.04965684369865294
723 0.0013309564699831116
724 0.10677676677638567
725 0.22994561871970834
726 0.02438557850105594
727 0.08291660722745972
728 0.001237868559967782
729 0.29628863944502726
730 0.8479050975671841
731 1.2594423654272449
732 1.9478918694112697
733 1.734390400582602
734 0.8434527289180372
735 0.21264348037845665
736 0.07265412036736064
737 0.10469808089403154
738 0.07119245453049068
739 0.06670787722876077
740 0.05358789118458919
741 0.014711365427656173
742 0.008122789194315553
743 0.0019051945612843153
744 0.10311486740893196
745 0.14262565192223775
746 0.2871640273989109
747 0.6775413148998444
748 0.8052733961951284
749 1.7671194764321683
750 1.987346129183695
751 0.7482756582356561
752 0.8650814780055208
753 1.8890524952571666
754 2.7586965363694764
755 2.2578264785567934
756 2.1075349979937106
757 1.5277353022127111
758 1.2160856896314962
759 2.359535693140386
760 2.3081926034091795
761 3.8081014024381945
762 2.4786971103582824
763 1.9803724671464769
764 1.283202146133967
765 0.8953668185968127
766 0.65058448877889
767 0.18962647878603156
768 0.8499730339984345
769 0.854873243824138
770 0.6776097514926598
771 0.8377726859321206
772 0.14299265879233056
773 0.10914812243912704
774 0.9608974114299059
775 1.9567529981221414
776 3.8090478399050354
777 5.476622286533189
778 4.127561480989319
779 2.4761633806931393
780 1.2045130272641729
781 0.5321247218357633
782 0.05996832576358939
783 0.0012693429740261732
784 0.005253275883910235
785 0.0324174049766889
786 0.02508237165399106
787 0.010558268330541947
788 0.03281500812795538
789 0.15774418541487245
790 0.6128449064565021
791 0.5414670113037544
792 0.15900068783568733
793 0.016948862934870964
794 0.015991922241469614
795 0.01986179543125818
796 0.07819379874828475
797 0.18173667058143975
798 0.09364247312757676
799 0.12320143085281951
800 0.26780289159659043
801 0.1660960147584221
802 0.18962243230115314
803 0.0002947567413125901
804 0.004839519451190041
805 0.00757991353242
806 0.024068137297112872
807 0.0047221257234019995
808 0.11969738512241314
809 0.23574375731032174
810 0.3868369638273776
811 0.31525960331860786
812 0.3105581084236208
813 0.9362840050196999
814 1.1200338500264078
815 0.4065973313870986
816 0.34481697097573255
817 1.0219132430317257
818 2.6879101492690025
819 2.1725091854936363
820 2.66380012119327
821 2.2839426418117066
822 1.8725017831367128
823 2.6055050735092724
824 2.3640322696525193
825 3.8522981615059915
826 4.504888485265674
827 3.2591338151041973
828 2.502573402971581
829 1.94439046090002
830 1.3194085723615123
831 0.8036174821047289
832 1.8150057341024248
833 0.7445843715386401
834 0.31871943489838017
835 0.05270441016837462
836 0.07636557290964903
837 0.37340040733248003
838 1.272810258371785
839 3.6709852237091027
840 8.777863707899094
841 8.475230561193195
842 8.923580090003798
843 5.790936952731754
844 3.083104809795995
845 1.7353936931711527
846 0.3656357960200319
847 0.2750663119360519
848 0.001298000586859103
849 0.03263617327799891
850 0.058115659148199904
851 0.038042434936540026
852 0.34100578043756324
853 0.5885737523351806
854 1.162188378440467
855 0.7112796252102093
856 0.35750872333962425
857 0.00011407002641215173
858 0.014879004353289756
859 0.001998683965524825
860 0.02861605966834861
861 0.03521982830100092
862 0.00042557926396743996
863 0.10427374732505892
864 0.1138649214900126
865 0.2488840968103582
866 0.08213928175555289
867 0.19645252353642967
868 0.06440232769750417
869 0.2925556044055828
870 1.2542371443522624
871 0.7168646597745719
872 0.5067301793783145
873 0.3469956736273528
874 0.5668596729866109
875 0.9315670195881826
876 0.9626235869108278
877 0.8354872799914295
878 1.059386863985797
879 1.1199130450015917
880 1.2892435124766384
881 2.617594203796003
882 3.9119819503748983
883 3.3260578956465685
884 4.306404567368063
885 3.533300785330791
886 4.715319814168883
887 4.699972215843165
888 3.9382535243095633
889 5.305405712824388
890 6.101403682694592
891 5.563271703239187
892 4.344396990670372
893 4.38999339596345
894 4.164434023699678
895 1.9419951620539315
896 1.2338079068881336
897 0.266843936772044
898 0.0007260147286721206
899 0.085095270856349
900 0.16841583544056926
901 0.8509108746554567
902 2.9064909693682246
903 7.972090036653982
904 9.838158967308605
905 9.313822415806893
906 11.415754413018231
907 9.155861422315105
908 5.760689821444234
909 4.077614580311016
910 2.3835805770577556
911 1.116823394525193
912 0.1431770211717771
913 0.03342465158023201
914 0.017459991920024003
915 0.08892951065161186
916 0.12367969515989995
917 0.5007864874200403
918 0.8224367464001965
919 0.44414950775089856
920 0.005665016679293934
921 0.013360176031131356
922 0.04617931830642537
923 0.04561718242497878
924 1.9948166790390038e-05
925 0.02673704319192662
926 0.04816317519929374
927 0.0011512613361658365
928 0.09474020619365435
929 0.031041670886830006
930 0.006672601330820038
931 0.17711008041796597
932 0.02797704966623797
933 0.32803483896435554
934 2.569498473907123
935 2.6225599015422563
936 2.2530043712781422
937 2.0193883145454077
938 1.3410787268253859
939 2.194697718909908
940 2.814129455002956
941 3.3654328042598287
942 3.7655570103652325
943 3.265623337689491
944 4.553351714357746
945 5.9163531640228735
946 6.1440237557218
947 5.3309962990832025
948 6.083560478448799
949 4.35806564103928
950 3.7233704577047577
951 4.273645207672618
952 8.017781038451478
953 8.460980938025399
954 8.746344948423493
955 6.959030727347608
956 5.906199782528796
957 7.789857995907064
958 7.965327013392626
959 3.493198449421064
960 1.0784963496512676
961 0.49202223583784954
962 0.0018907652604146345
963 0.03284721311263395
964 0.0942835849001147
965 0.5503796470560635
966 4.0250105810053975
967 6.343178808459606
968 6.814757364455511
969 7.294352871878052
970 10.49704876522841
971 13.921816651323894
972 10.916349906048897
973 7.620369460272991
974 6.767145974694636
975 5.375694570295563
976 2.7258292027922773
977 1.5265349880825543
978 0.4646716460346877
979 0.0695542303691544
980 0.026453464300722315
981 0.10380201941939829
982 0.30103068669167726
983 0.05957113964221997
984 0.011916099893137105
985 0.14436743365856777
986 0.43788945223456177
987 0.39737752527061876
988 0.17427060771281608
989 0.009685980836908097
990 0.018872323184488556
991 0.08996528632850313
992 0.1311687244759991
993 0.11545876186768138
994 0.32933174493067413
995 0.19104411068005453
996 0.36650206095201054
997 0.03294095411752639
998 2.3315656571820935
999 3.5061247773926594
1000 3.1017202298373556
1001 1.993234239609193
1002 1.2339596416826335
1003 1.7306298234222839
1004 1.5632557026209477
1005 3.695030997211058
1006 3.8760051757696683
1007 2.6721222450882767
1008 3.229817277301009
1009 5.638721448585018
1010 4.721934363657035
1011 4.488461235147189
1012 4.467854682401426
1013 5.010070304800925
1014 3.709150171705679
1015 6.513402766318634
1016 11.09293158688771
1017 10.065264044307268
1018 8.449047789410752
1019 6.79494736569676
1020 7.338393654435248
1021 9.6619290347217
1022 9.097518185649903
1023 4.205626623300878
1024 0.46427384066958055
1025 0.2473857058892681
1026 0.0318932997808198
1027 0.13607131140048875
1028 0.6325560664882995
1029 1.9496217461618055
1030 2.641660809474648
1031 3.0630436255016424
1032 5.005967549907467
1033 8.65504537029755
1034 11.086825716997305
1035 15.080189355009205
1036 15.750637982216784
1037 12.421380366191421
1038 11.739591166539402
1039 8.704660032583813
1040 6.321646634108852
1041 4.817010273041885
1042 4.0358975207963805
1043 1.4008068649951628
1044 0.33705437073020517
1045 0.08389703919044153
1046 7.914290008881005e-05
1047 0.19393387519544517
1048 0.3140124934438495
1049 0.13184288142272552
1050 0.34317120366534226
1051 0.23845857475329277
1052 0.18097987715340516
1053 0.045538257973111965
1054 0.15082710364697352
1055 0.2921302453366249
1056 0.3240612964821981
1057 0.5733518738049147
1058 1.058802817763683
1059 0.8620487361439154
1060 1.0098134168966362
1061 0.0023665047246187497
1062 1.8923575766275964
1063 3.237723964385879
1064 3.060107644435553
1065 1.9568599907069342
1066 1.579923678987181
1067 1.634923554496794
1068 1.833151500525992
1069 3.443704283253747
1070 3.891852458155685
1071 1.881618789030031
1072 2.9502155874465563
1073 4.788493892114866
1074 3.6915742922825814
1075 4.215149590114897
1076 3.86866999354925
1077 5.525437254858349
1078 4.689617608350712
1079 5.04828350575104
1080 6.423678834820121
1081 6.90287986209153
1082 6.601486597988419
1083 7.965703635334174
1084 9.108225081215314
1085 8.232778713016705
1086 7.818611217723555
1087 4.930821165098404
1088 0.35846648976821605
1089 0.28722016780589377
1090 0.021116195218332825
1091 0.17969814787895558
1092 1.4528600248438635
1093 3.7630536866707205
1094 3.4783506172550585
1095 2.09088952906095
1096 3.9960548908220055
1097 11.557848920075525
1098 13.020035426856568
1099 13.944036818327472
1100 17.687313651960405
1101 20.148379000342892
1102 15.73423403008556
1103 12.37266681678754
1104 11.550871208489355
1105 9.804520761368513
1106 6.34376955743487
1107 3.5702215014251313
1108 1.8912386967574906
1109 0.6560892283357673
1110 0.8105921048649918
1111 1.2348168965947501
1112 1.2060303095962324
1113 1.050537955622081
1114 1.1053464608854362
1115 0.9106825619414648
1116 0.42833972661875913
1117 0.17197285219127684
1118 0.5341763219794907
1119 0.9456268372562284
1120 0.30461590703642216
1121 0.4983359731881525
1122 1.5545694922291822
1123 4.831454619829747
1124 4.807944006939871
1125 0.7522617944443434
1126 0.39929892480255214
1127 2.1576110526412347
1128 2.144926859851139
1129 2.0387603467966944
1130 3.6122383074137483
1131 2.7478393010856528
1132 2.4558072681312955
1133 2.2738270360465234
1134 2.188406111043718
1135 1.9817885329990321
1136 3.099894528038336
1137 5.261969868272511
1138 5.8086062742996845
1139 6.732904666889237
1140 6.106939589578271
1141 6.339232929822316
1142 4.881361989961229
1143 4.2485039877184825
1144 4.4037595029514955
1145 4.621366364056514
1146 3.9024977618487897
1147 5.6253119527851485
1148 8.789678424219671
1149 6.316240334547902
1150 5.515293976036557
1151 4.369622898983259
1152 0.47444920684727093
1153 0.36024743674353843
1154 0.0048664758648292745
1155 0.25409801112950736
1156 1.2575141133769074
1157 3.6922278422698183
1158 6.636785852947034
1159 4.5613997263225015
1160 5.3758369369763495
1161 7.960316206129515
1162 10.832401418933948
1163 14.094773324662246
1164 18.715875116693667
1165 22.535501386133344
1166 20.98597755177077
1167 18.1518023840508
1168 18.942032655905475
1169 15.847634397787974
1170 14.278372213783191
1171 9.630339128388842
1172 6.927812022677829
1173 3.457040002569843
1174 2.328567154098176
1175 2.0454953076984608
1176 1.724123816463299
1177 1.7439648446033982
1178 2.316884784762484
1179 1.9917341696309006
1180 1.577927456134673
1181 0.9392126369040295
1182 1.663298086607719
1183 1.668432579307619
1184 1.842429952466393
1185 1.7670553267715876
1186 3.720737263594392
1187 6.098309955695717
1188 6.051176582414775
1189 3.5529011057731337
1190 0.000429447204327162
1191 0.8044290961218282
1192 1.4052532865219372
1193 2.2070857530823265
1194 2.2578304930800415
1195 2.488628432853463
1196 1.5694014479148297
1197 1.0409395794726624
1198 0.9056494330732021
1199 1.0535357833169194
1200 2.5783773156576606
1201 4.706261678645308
1202 5.471064778539035
1203 7.4753204963367255
1204 8.20245740966009
1205 8.605188389721274
1206 6.49736940130901
1207 5.513226193819787
1208 4.367307407220369
1209 3.0911373538294704
1210 3.393784535774859
1211 3.9073573265174115
1212 4.779930361443285
1213 4.016880438936144
1214 3.687985666131051
1215 2.413187736879145
1216 0.37706354853669455
1217 0.32553307014140304
1218 0.05165938953484813
1219 0.19096257270092679
1220 2.007244842686456
1221 3.6348036212669155
1222 7.111836934650522
1223 8.090511135902533
1224 8.99579996416211
1225 8.415150878433845
1226 10.249466654500255
1227 13.190598023221918
1228 18.73665185612832
1229 21.178582517324056
1230 24.1832812721211
1231 26.009426877478543
1232 22.375810952597043
1233 22.97499803159761
1234 21.66428717241921
1235 14.666093122283035
1236 9.797473059683117
1237 5.851574951757205
1238 3.677981819662591
1239 2.78887966764042
1240 3.2157166007271747
1241 2.071224437045623
1242 2.244451746135313
1243 1.4902812603319062
1244 2.1564253082867118
1245 2.5596028708494454
1246 2.072935319845842
1247 2.3809895881535637
1248 6.714858984929734
1249 9.458058537897509
1250 13.444114626416187
1251 11.873005804504386
1252 5.3681916011525095
1253 4.255339415553208
1254 1.7627143102861398
1255 0.34818750599818543
1256 0.16961218364287756
1257 1.99172947935626
1258 2.136690945013972
1259 2.8793752008822615
1260 2.068945780484268
1261 1.1244639734251423
1262 1.2749837133172952
1263 2.5201906871864623
1264 3.79752326846448
1265 7.642105894484853
1266 7.7922648300008825
1267 8.995732991870415
1268 9.86716316474323
1269 10.941381979021989
1270 8.846753878833887
1271 7.053398342659587
1272 5.634614116210105
1273 3.547557522994905
1274 3.1370088737619044
1275 4.138530135232977
1276 4.323744514690331
1277 1.892968140652693
1278 2.32881189289778
1279 1.0551951808989681
1280 0.01735031323345217
1281 0.0032831534159268707
1282 0.06070621745807662
1283 0.2614496556858586
1284 1.8474189100520553
1285 3.7000991413549076
1286 7.089218813711262
1287 10.27435822778647
1288 10.652955132777418
1289 9.613304339770751
1290 10.87588807819095
1291 11.245209248057284
1292 14.453752584164963
1293 18.656520612696205
1294 27.222574425939403
1295 29.64837149985436
1296 28.398170898830397
1297 28.074157158864782
1298 22.42526836035685
1299 14.40437413983901
1300 12.073747658151806
1301 9.544384558007016
1302 7.063453026152941
1303 4.910648462432808
1304 2.694524953133908
1305 1.0334783089030903
1306 0.6943255125095983
1307 0.1493568859847407
1308 0.5718530823154662
1309 1.0382772552290445
1310 1.0793175475848213
1311 1.9283990252670262
1312 7.424322290942899
1313 16.9648268746853
1314 23.79546104195182
1315 18.559919915310324
1316 9.888646375942857
1317 5.689684872151556
1318 5.3541148513714605
1319 1.8409986969445176
1320 0.08807131375690819
1321 1.3805611795077863
1322 1.7590416996869365
1323 2.9565653849881652
1324 2.300604048142131
1325 1.7157724752626533
1326 2.321551443879258
1327 2.5939930723723843
1328 4.42840540076068
1329 6.779802411393803
1330 7.8756273295310235
1331 8.950595598216623
1332 9.399841795195535
1333 12.451683033163771
1334 10.9455615032632
1335 7.386163938367852
1336 5.835360980987604
1337 5.265001629895822
1338 5.12890212047184
1339 4.274162522210824
1340 4.418286731669252
1341 2.7705077564598075
1342 1.8667976736517655
1343 0.622400212809031
1344 0.05004600106015876
1345 0.06202444655031939
1346 0.10343450502501676
1347 0.6427659928875427
1348 2.975289307367212
1349 4.98418875793301
1350 8.422241643484085
1351 10.974900651822765
1352 12.149010600954389
1353 12.588595189879909
1354 16.454605812763486
1355 14.25309925750027
1356 17.16884679928976
1357 24.94594197781792
1358 28.138999964317648
1359 33.45571484725329
1360 32.38741137668353
1361 30.32077220205145
1362 20.875283944676813
1363 16.25950118419237
1364 13.380328641695215
1365 12.047045632619307
1366 7.766765930888413
1367 5.549973003972201
1368 1.517873217593152
1369 0.1769766589032924
1370 0.0778206491553274
1371 0.03541501814733817
1372 0.01662301340309971
1373 0.699063061162874
1374 1.1887608720282388
1375 1.0704758774274772
1376 3.4043300512661046
1377 12.54400261605242
1378 19.09562538624274
1379 14.583544851694045
1380 9.03051022403393
1381 6.927626807984437
1382 6.6485666614513965
1383 3.3202440104267783
1384 0.6076037106270327
1385 0.3596491928358538
1386 1.7045839229742579
1387 1.237152711039075
1388 1.47813915458308
1389 1.34320119076604
1390 1.5754929861970242
1391 2.230755898051873
1392 4.072982567024532
1393 6.859062971220112
1394 6.921997839435113
1395 8.946666000654659
1396 8.90862631769546
1397 12.691562440556531
1398 13.421914502060698
1399 12.597695824475032
1400 6.643211259177984
1401 6.154240308659331
1402 5.008922489457829
1403 6.444425699889923
1404 6.854634134100923
1405 4.729612025632646
1406 1.7692293430760386
1407 0.5168850701415744
1408 0.0027281899386138804
1409 0.08340673704223033
1410 0.20514666015267263
1411 1.2631375300301175
1412 4.085855919910415
1413 7.320406699571942
1414 8.284695541608066
1415 12.657972958488795
1416 13.188257821426443
1417 15.946686982628231
1418 18.756123014334175
1419 16.492237392065814
1420 17.901999837368354
1421 29.918027804124996
1422 33.97120872475764
1423 32.06049315492913
1424 28.773878071779187
1425 30.785307505720144
1426 23.359950594548252
1427 20.066107104548536
1428 16.620031886099706
1429 11.750260456286298
1430 9.368593111415292
1431 5.515371349438193
1432 2.2309625462721816
1433 0.4867957520612841
1434 0.4181193890582077
1435 0.05831118308544014
1436 0.03497222500230925
1437 1.0083285394134307
1438 2.0382562210090835
1439 2.2665912397329784
1440 3.431998370753475
1441 7.530209964694533
1442 12.532570043225883
1443 10.863656778540408
1444 7.727835833337468
1445 5.975025548059809
1446 4.674607793663392
1447 1.2868226347936298
1448 1.1118949366932187
1449 7.100761098427685e-06
1450 1.4641056499338825
1451 0.9391889103467984
1452 0.4916477951979432
1453 1.1979198259858752
1454 1.0652633447783304
1455 1.0598504139180425
1456 2.884326198391131
1457 6.033700487262729
1458 7.27685797486148
1459 7.255124867001821
1460 8.203085226059057
1461 9.931082616677767
1462 12.326763628401304
1463 10.708749368880527
1464 7.7177086539221245
1465 7.2822488738090625
1466 5.851005068668323
1467 5.840327590780856
1468 6.3979298106460405
1469 6.0552578675169535
1470 2.92912341659616
1471 0.6810407283887521
1472 0.0748858951000163
1473 0.2932412327866656
1474 0.9831989445083545
1475 2.177306571544686
1476 5.788518940725344
1477 8.725527825145173
1478 9.207570382534952
1479 14.352973846110663
1480 15.689706377864713
1481 17.891216888137528
1482 18.429476180281256
1483 19.296100008024897
1484 22.616225898389093
1485 32.379687324991686
1486 39.08417647105765
1487 37.49386509333401
1488 30.52363657125359
1489 32.25742809941954
1490 21.063892290779066
1491 17.95391227101024
1492 14.491605165414095
1493 8.461383587810396
1494 7.912798374267134
1495 5.252959059748653
1496 2.152708182840708
1497 3.0367810523523615
1498 3.132284631196839
1499 0.6524235457841108
1500 4.7249019876805887e-07
1501 0.42835835826509716
1502 1.0708960961016556
1503 1.9365114313930885
1504 2.522920666077286
1505 4.591858004900449
1506 7.886246560138453
1507 6.913809138866656
1508 6.736799398809261
1509 4.396018335437264
1510 4.363044431261004
1511 1.626202731040391
1512 1.2426354074892034
1513 0.19277331450188212
1514 0.5366182042015863
1515 0.7196241718327033
1516 1.2142280100662148
1517 1.8225169741642981
1518 1.5219806001112153
1519 1.8510011754789408
1520 2.602583918838687
1521 3.602095523834622
1522 6.081054014506217
1523 7.090305615573557
1524 8.337981387805048
1525 9.53793075512638
1526 10.106076967001306
1527 9.093498477081832
1528 8.694176098881995
1529 8.739615198727853
1530 8.11096241602
1531 8.937922524339589
1532 7.357409325129592
1533 5.178353534256089
1534 3.5710819710705075
1535 2.149064981567721
1536 0.4638805573672987
1537 0.5110701679323868
1538 1.43889332929469
1539 2.8681690981664905
1540 6.313955270646133
1541 8.135005078523509
1542 10.520912699897801
1543 14.432283112413202
1544 15.99636772826194
1545 16.716638549447325
1546 16.655716113571415
1547 19.77579759800471
1548 26.607027637780703
1549 35.8263117772492
1550 37.27894456393443
1551 35.73087754944483
1552 31.013801235272673
1553 32.57566459260563
1554 24.75123700187035
1555 18.077108249100316
1556 12.224472811754262
1557 8.904027985902985
1558 7.677258969278416
1559 4.608391030585866
1560 3.048882045991946
1561 2.369162436972297
1562 2.139364580253001
1563 1.1012318420971483
1564 0.0315554235433292
1565 0.11020125030630769
1566 0.08317268609812382
1567 0.5237651076784454
1568 0.7030983125800664
1569 2.603035456854024
1570 5.092252664023186
1571 5.142340055997462
1572 6.611724406754407
1573 4.984448393962855
1574 3.3973799985708237
1575 4.591851642126951
1576 4.48951478871614
1577 2.248095637075164
1578 0.2515415923871056
1579 0.12889082858109127
1580 0.8852586273712846
1581 1.1489092891915422
1582 1.2821930379607087
1583 2.1142056899735358
1584 2.442457665819838
1585 3.446802556649437
1586 5.559530462361433
1587 7.207416114141659
1588 9.589107771442475
1589 11.201728697297577
1590 11.757113637820412
1591 9.40256508939248
1592 8.312876430634724
1593 8.99571692241544
1594 9.075235828643118
1595 10.999042772907401
1596 8.268171693017516
1597 5.528687538392551
1598 3.9191770355666535
1599 2.759097558683834
1600 0.8878142567044537
1601 0.9049084804971602
1602 1.3821762906568908
1603 3.968257136093194
1604 7.648884549170323
1605 8.865251852589761
1606 13.074461104351524
1607 15.050561384744327
1608 16.926016228472694
1609 18.25721948426682
1610 18.06907908490931
1611 20.298317452285726
1612 27.093534192395815
1613 34.74706875888714
1614 43.46758740085028
1615 37.381260083516274
1616 27.960977948677453
1617 30.305811048389145
1618 26.39669485335888
1619 20.80231877311691
1620 16.00372505441063
1621 10.826751346759133
1622 9.573989674218684
1623 7.089458186046431
1624 5.03228812662805
1625 2.8555144221428335
1626 2.189587408513203
1627 1.1021517671073233
1628 0.03913419449697029
1629 0.10384676426153154
1630 0.05770063451245512
1631 0.7109647402260928
1632 2.032937843213884
1633 2.4393791561388594
1634 2.8239144081999608
1635 3.915321683385834
1636 5.656714850972304
1637 8.05239317749134
1638 8.150313610858118
1639 6.673838223788671
1640 4.667287283668471
1641 2.567574716300259
1642 0.5355119313091051
1643 0.14767074331918345
1644 0.8719504281102147
1645 1.7218337746890873
1646 3.0806703711036527
1647 4.09006625817512
1648 5.6482747654029035
1649 8.423768747912737
1650 9.025993398864527
1651 10.182380965269498
1652 11.789074668349071
1653 14.444706719563127
1654 15.657930190191816
1655 12.764525271337385
1656 10.703721902167631
1657 10.85596832509476
1658 9.398670253208767
1659 14.046138308011207
1660 11.944731903967407
1661 6.836150766138779
1662 5.5906957799636405
1663 3.819450921925044
1664 0.45452410478233046
1665 0.7702193272487318
1666 2.2963883622334906
1667 5.177068773926957
1668 6.362141966264703
1669 10.621071057379083
1670 13.912019622665076
1671 15.154250336458396
1672 16.158245485838837
1673 16.652104404459877
1674 19.73721719630398
1675 21.807131948538984
1676 25.609892579443322
1677 32.23482996964672
1678 42.85786003958417
1679 38.8928895637122
1680 32.33397276647389
1681 31.5931096539733
1682 30.90593783411312
1683 25.544146953251968
1684 21.578839610584502
1685 14.902097617396734
1686 11.766344195731298
1687 10.512397156934387
1688 8.701176561828168
1689 6.378403187796862
1690 4.1011056355558475
1691 2.687441656978868
1692 1.418686419011556
1693 0.7707278810632755
1694 1.292067816088742
1695 2.9239633489016086
1696 4.560632225248964
1697 4.53210086779806
1698 2.3855822650009335
1699 1.3173071978669517
1700 2.5804893213018625
1701 4.614070202667892
1702 4.9216854902306215
1703 4.117842557234731
1704 2.392169834154933
1705 1.0466407298663962
1706 0.24218110788110453
1707 0.1309753384303253
1708 0.7633011647887029
1709 2.1823879807169932
1710 3.145199194938944
1711 4.614890681717869
1712 9.549217411076459
1713 12.485388521649933
1714 11.850933239590457
1715 13.887045367464053
1716 16.732908581632195
1717 19.268845043863486
1718 19.173018221152912
1719 14.364540535871276
1720 10.194288507248817
1721 11.183437660032101
1722 11.755447338005245
1723 15.378046356046806
1724 13.790137774724606
1725 9.54624501182166
1726 6.3957242968198065
1727 4.478473464983247
1728 1.0934079691738112
1729 0.6936331422025273
1730 1.8026912763173384
1731 5.5773250702175385
1732 6.469781173796914
1733 8.469239376512487
1734 12.43584227648952
1735 15.016053439128457
1736 15.551641153113483
1737 16.895826587829706
1738 19.31213743533613
1739 19.284071285269437
1740 22.471974164401075
1741 29.134305463628706
1742 30.54447382238067
1743 31.34356774747643
1744 35.7446190455732
1745 35.458263318129035
1746 33.130471374988865
1747 27.4290753420636
1748 21.051182329135553
1749 18.631489345356663
1750 12.202905630277673
1751 10.710008235104237
1752 8.263135376490382
1753 7.310410823317365
1754 5.885982665717357
1755 5.426886033049927
1756 4.290329986311148
1757 3.4660196757449064
1758 4.014606076187866
1759 5.066157235789305
1760 6.53792020216323
1761 4.5688822291305184
1762 2.5933265717073337
1763 1.0732472233453942
1764 1.6381869608346444
1765 1.981014787622933
1766 2.1651567808630032
1767 1.2592353154250508
1768 0.43682502372144755
1769 0.03145852304285036
1770 0.0047478906277497405
1771 0.3075476343235232
1772 1.3895227990671974
1773 2.358412404709822
1774 3.312226224258482
1775 5.504796449967825
1776 8.524006876892086
1777 10.927182965134678
1778 13.133655166642372
1779 14.509724871958133
1780 15.921021115439352
1781 18.915190001090707
1782 14.564415873053257
1783 13.5444171207601
1784 8.218137030046616
1785 8.31379378838652
1786 10.432260949303055
1787 15.386126846978177
1788 16.83664073257942
1789 11.27123873565789
1790 7.021317828075508
1791 3.5652698739711215
1792 2.019781271635535
1793 1.491971901741582
1794 2.1314413935251277
1795 4.489309814048821
1796 4.886419036912471
1797 7.278757731591113
1798 11.01347322871801
1799 14.70687714530235
1800 16.906017957311047
1801 17.920212805363168
1802 18.081716173587335
1803 18.418879501754024
1804 22.68097449188865
1805 25.939176190084396
1806 24.081705764015307
1807 25.748380768000757
1808 33.280954298917784
1809 37.21918341423515
1810 32.04011718930375
1811 29.341858039662466
1812 26.603712646211548
1813 22.13916427453379
1814 13.946713143539748
1815 11.50259630670336
1816 10.14690208027944
1817 9.075345599161189
1818 6.77500329207683
1819 7.3176892820287
1820 4.914401445113089
1821 5.819635853972357
1822 6.528804013091145
1823 7.002686551323608
1824 7.005739726371426
1825 3.0816826830970907
1826 1.4923935327788538
1827 0.474021914667096
1828 0.848382211447321
1829 0.6296507563984154
1830 0.12182136794234613
1831 0.016278002465203525
1832 0.043706306725849325
1833 0.6775134608149382
1834 1.5728737414852085
1835 2.5208100807282983
1836 5.24650388700388
1837 5.936966053461683
1838 5.661037240446617
1839 6.373242445216886
1840 10.270353461252428
1841 11.345631300101415
1842 11.65943849207737
1843 12.059969414817028
1844 12.471021622552584
1845 14.807244673780671
1846 15.946340824259266
1847 11.801800289377478
1848 8.239528619427306
1849 7.078927923619796
1850 7.919170226243872
1851 12.605292695578504
1852 16.83036061421107
1853 13.466898958041506
1854 6.230344741277651
1855 2.6101810752738923
1856 2.3155859568061024
1857 1.9890114925768463
1858 2.6997037109840294
1859 4.73533478822792
1860 6.2357859875833
1861 6.990186283358385
1862 11.256699889595831
1863 13.323891082550643
1864 16.280152323195022
1865 17.145225755630825
1866 17.232616203573382
1867 19.236490854701724
1868 23.627682881982274
1869 30.302832606177503
1870 30.196067611322828
1871 28.74559931998828
1872 30.880478296127606
1873 30.660982152633444
1874 30.62508005587537
1875 30.637448194389442
1876 28.215026614376033
1877 20.14020992144501
1878 14.075652314039207
1879 12.663227921471771
1880 11.79076654294517
1881 9.627720500324285
1882 9.987326995352651
1883 7.7514053134827465
1884 7.502463167023817
1885 7.238631553163762
1886 7.491610817953662
1887 7.641240803928347
1888 6.0398344328207605
1889 2.9433936027862964
1890 1.0285103117981287
1891 0.11119121513275286
1892 0.00014462319984287104
1893 0.15145309102393303
1894 0.39896878325745716
1895 0.9070260198558086
1896 1.3959916189015953
1897 2.9236715335976946
1898 4.16306388941517
1899 5.723352693731313
1900 8.73118326723552
1901 8.537950023134101
1902 8.433600491685272
1903 10.172070973833165
1904 12.978323402468094
1905 12.987539807539012
1906 11.313987695338119
1907 9.978225930095128
1908 9.754172610533313
1909 11.455755356355102
1910 11.231274626946627
1911 8.929311911419612
1912 8.113642695497962
1913 6.1347022182367645
1914 5.585959297277551
1915 11.721370204551604
1916 14.726874697855505
1917 16.099365421321888
1918 8.456678226844785
1919 2.7522547762307408
1920 2.4723986157735336
1921 2.109856658846033
1922 3.3553074153688853
1923 5.185876569112115
1924 7.179693745954065
1925 7.911206952333258
1926 12.176982909810642
1927 15.627664956524978
1928 17.099964086412463
1929 16.415497571096022
1930 16.462368311223766
1931 20.349176204339813
1932 25.057644343526377
1933 32.45523535076153
1934 32.848637098850475
1935 34.102683998454765
1936 34.01977635685115
1937 36.20749324145164
1938 32.89524428586794
1939 31.03789284107413
1940 28.8027004368926
1941 21.40950397197199
1942 17.782250026757282
1943 16.07725977708709
1944 12.743480708075491
1945 9.923631527220588
1946 10.896260141721854
1947 8.858445290101747
1948 7.889677764917289
1949 8.123868157338563
1950 8.97969319348062
1951 7.803885825495982
1952 5.285341825062434
1953 2.7594995066992567
1954 1.0667588152761762
1955 0.25375963386474004
1956 0.006777582785131617
1957 0.26821026056894065
1958 0.7372097066753059
1959 2.3734990052654816
1960 3.879291473203928
1961 5.215360127523494
1962 5.40629712490706
1963 7.824309473833896
1964 10.138374759666025
1965 11.1158711209018
1966 12.287429508564104
1967 14.07948777554665
1968 14.607248544297418
1969 14.192886781609632
1970 10.851327822648148
1971 8.367313350880867
1972 8.495923091287299
1973 10.913987840373794
1974 6.95542134491303
1975 3.748061542117256
1976 5.293351135325491
1977 6.045333590660335
1978 8.498925717942711
1979 12.750813021285802
1980 12.599472216609392
1981 15.126154888023395
1982 9.376522067724489
1983 3.135371261536581
1984 2.8386358893483807
1985 1.6842888921897008
1986 2.882465915580896
1987 4.688430252624637
1988 5.909027715092225
1989 7.958227528042818
1990 12.80694268203283
1991 17.40208099217045
1992 17.781111688216477
1993 17.851904618050416
1994 17.606333670003483
1995 21.63130741480643
1996 25.353816543236054
1997 30.125809956845053
1998 33.56432859240984
1999 30.685831926697873
2000 34.942898864577785
2001 36.53028086649865
2002 36.79589771754023
2003 33.89195610718788
2004 27.471787922442065
2005 22.290210510856575
2006 18.64855574129692
2007 15.788180405984667
2008 13.081880501568373
2009 13.09043825140851
2010 13.237071451306123
2011 11.117608177088771
2012 9.426769144333027
2013 8.989470285315802
2014 8.127534250442292
2015 4.876693131015781
2016 2.9552989135373484
2017 2.054410013434283
2018 0.7780683079586866
2019 0.05108540370269292
2020 0.03383504245518293
2021 0.08148884318154441
2022 0.7452969717371883
2023 2.359606097014881
2024 4.538250029616781
2025 5.2100341638735985
2026 6.619962436451002
2027 9.596359398389142
2028 11.737391678432903
2029 14.698049019594881
2030 17.619772765756448
2031 15.752560742413904
2032 12.480604938658942
2033 10.85333419260033
2034 8.791188149331019
2035 6.375926087096852
2036 6.126032963167598
2037 8.467015163180793
2038 4.555565085592947
2039 1.6468254992535412
2040 4.831767731995011
2041 6.1116228731010755
2042 8.2424968352787
2043 7.886597317217538
2044 10.887936668257227
2045 12.95849033322143
2046 10.075907515855782
2047 3.8995411902223895
2048 1.786209737560192
2049 1.3804772089493678
2050 3.1717518910984555
2051 4.542782282023566
2052 5.972133505546731
2053 8.301677969884393
2054 13.201841251122824
2055 16.03186090199401
2056 16.17707375104673
2057 15.332912771721098
2058 15.089383429898684
2059 17.699357627155223
2060 19.486144269984326
2061 27.651837507886125
2062 28.885972917672284
2063 26.22379408759243
2064 33.37310339943698
2065 36.37532062821406
2066 32.270437241554475
2067 29.065466413060545
2068 28.65080862141114
2069 23.96123326442715
2070 18.782171733236652
2071 17.411314677848633
2072 16.922047655957474
2073 21.171267066230858
2074 19.08547059178183
2075 14.66100630378659
2076 9.922977682399743
2077 9.180299704942373
2078 7.408562842267999
2079 4.834961061171604
2080 3.7482042489240346
2081 2.3986099602943356
2082 1.0128701416681785
2083 0.10280901159587416
2084 0.033337436630465546
2085 0.12880239961496623
2086 0.15608233073394315
2087 0.6411766951686273
2088 2.1892249051969856
2089 3.690750575395231
2090 6.237423628719787
2091 7.610648909340968
2092 9.83900717986483
2093 15.37590685814259
2094 17.8724631574761
2095 16.58276676893762
2096 15.28369487366172
2097 10.833132755893091
2098 7.795030497512106
2099 6.0490273387883695
2100 4.7207867807584485
2101 5.905276082904327
2102 7.051706094158096
2103 5.874897817118682
2104 6.080938869906175
2105 5.017877759036751
2106 5.42768394413943
2107 5.224067882373799
2108 8.450454307684259
2109 11.511637485074624
2110 10.637964843312417
2111 3.50910304249535
2112 2.144511832239913
2113 1.1611640335872284
2114 2.499627084279645
2115 4.346104872928726
2116 7.225505023145324
2117 10.089223507669372
2118 13.766224275703316
2119 16.454243456314295
2120 16.118246612169862
2121 15.251645917103383
2122 13.175406288184503
2123 16.2224391967978
2124 19.994775595810623
2125 29.505452939229283
2126 30.889460898477477
2127 26.809447800937058
2128 33.807845498925595
2129 40.65938514000329
2130 39.4715711357199
2131 34.11979702325735
2132 28.170943915526056
2133 24.945083924213275
2134 24.841414533716303
2135 24.35947446505126
2136 21.211573329353918
2137 22.05638860449358
2138 18.72740564230138
2139 13.574396985228512
2140 11.767024367419014
2141 10.864665411735611
2142 9.596401975070098
2143 7.995266055052234
2144 5.446243575227717
2145 3.8173558146889843
2146 1.8081460993909928
2147 0.4725033813386603
2148 0.11466026059879125
2149 0.025861506909614966
2150 0.013089258276621286
2151 0.26175653753288974
2152 0.8556937288788231
2153 2.02192656454859
2154 3.7465334391829352
2155 5.282372588776175
2156 8.18814049456207
2157 11.936282829138907
2158 12.292439576629583
2159 13.585180542475403
2160 14.601068307929895
2161 10.131866626662058
2162 7.444122584393968
2163 6.524380480185745
2164 3.877686992360407
2165 3.261869267610969
2166 6.745954228244697
2167 7.330857257212786
2168 7.033871607184622
2169 4.01923606939634
2170 5.214293013624047
2171 3.3791907331518383
2172 5.88295312418502
2173 9.873857853986143
2174 8.103116348850214
2175 3.0508173634614226
2176 2.2528007431039714
2177 0.7848075151639132
2178 1.4235217961530768
2179 4.018834582861841
2180 7.391725636546987
2181 10.291945810577383
2182 14.511245213255664
2183 17.753871794884386
2184 16.106667518588363
2185 15.159861834827758
2186 14.679258757969215
2187 17.004353564671234
2188 20.211833652621397
2189 30.093647349917454
2190 31.014990820962808
2191 28.498820506287075
2192 35.98292572790952
2193 41.434260923158774
2194 42.81814545727984
2195 39.925291262666335
2196 31.45998494144718
2197 28.24824299753991
2198 25.25501873950839
2199 26.456372682253313
2200 20.250955911112957
2201 15.650229194340067
2202 13.175297428668966
2203 13.793891079479305
2204 13.80043208315062
2205 11.063597025590045
2206 8.621664030751424
2207 5.747406995599413
2208 3.832993976735923
2209 4.388516540438413
2210 3.610367169169632
2211 0.8213691511515283
2212 0.13318330323051042
2213 0.005934399705810083
2214 0.026746435652998463
2215 0.40088855734627266
2216 1.2687243199061775
2217 2.6125313147089524
2218 3.571157778270689
2219 5.568663382239287
2220 8.396371510095095
2221 10.925104615859869
2222 9.767114967126096
2223 9.07556860575473
2224 10.213609527847073
2225 10.010081674459721
2226 7.74162380250591
2227 7.606254950791717
2228 6.288416515284912
2229 7.648961999024723
2230 7.46906230558636
2231 7.362395489381586
2232 6.328424989752681
2233 3.7218889273614453
2234 4.328098289558981
2235 3.025048727135494
2236 5.753905261903219
2237 8.78804020752132
2238 4.335150823420285
2239 1.446513087300942
2240 1.350201406702433
2241 1.0556491458983637
2242 1.6873583555630642
2243 3.874638197885451
2244 7.0952266528678605
2245 10.38973761308117
2246 14.7214434386607
2247 17.01923640625083
2248 16.666029721440566
2249 15.934162408036597
2250 14.16738403841184
2251 16.357065855004794
2252 21.273390439628464
2253 29.357850030350573
2254 31.45250614019484
2255 30.763339685463684
2256 30.992657523263272
2257 33.70550174657003
2258 41.75156645149973
2259 39.209390187273634
2260 32.336681183853905
2261 25.519246000032677
2262 21.26831710102383
2263 19.424900633944233
2264 16.65240301529385
2265 15.160400175775987
2266 13.750166990295401
2267 14.581807995170314
2268 11.40322670263675
2269 9.510696338734386
2270 5.718407818619277
2271 4.172097906908625
2272 3.2209084554572986
2273 4.12320144872354
2274 4.093731186518966
2275 1.4361649954828641
2276 0.2829539863742224
2277 0.007119964968228683
2278 0.10293199632133693
2279 0.5969338675044522
2280 1.4919349270911435
2281 3.4035746676826726
2282 3.711570561869569
2283 4.581805721746488
2284 6.350205546218404
2285 8.049001487635639
2286 7.957345514127727
2287 6.1759325872362005
2288 8.52186690359933
2289 7.973512430350967
2290 7.447242905028665
2291 7.205611343438279
2292 8.41569038912825
2293 13.664504090838204
2294 10.021739499687715
2295 6.632333796679052
2296 6.320649642638865
2297 4.675601549601439
2298 4.10976354367764
2299 3.5507685228984416
2300 5.625457549774612
2301 6.299533655498104
2302 2.3402251782036276
2303 1.1077604454531105
2304 1.4528951376790769
2305 2.194616558235473
2306 2.2764908786065887
2307 3.0338108890109505
2308 5.6680800144827534
2309 9.331649178521493
2310 13.331611892580284
2311 16.082474046935488
2312 16.401266184034014
2313 14.95272080732971
2314 13.11565704079603
2315 16.29481788481903
2316 20.669794038921893
2317 29.153352943872456
2318 29.26221339370181
2319 31.20227559050384
2320 38.19172664064149
2321 42.605342686391246
2322 47.55174688358978
2323 43.39699515537696
2324 36.0414879597817
2325 27.82882568387357
2326 18.838556852638497
2327 16.74356104334665
2328 15.672176378308368
2329 13.888227552723523
2330 11.787638496811883
2331 9.584991048950846
2332 7.242102168314195
2333 7.337497055990889
2334 4.504631452535848
2335 2.2054623587889335
2336 1.8376639793804201
2337 3.562146744832935
2338 2.8846918142378177
2339 0.9066489469887045
2340 0.339874995518363
2341 0.11409390531340963
2342 0.000871821336559649
2343 0.6912332308048031
2344 2.2953376724913737
2345 3.3876949195277355
2346 4.435014528582521
2347 6.444292162807229
2348 8.812242470134892
2349 7.836944885723346
2350 8.979848089738773
2351 8.125302914699754
2352 8.234899063929838
2353 8.938539989301336
2354 8.704197329997482
2355 13.566791261930154
2356 16.23240881182857
2357 14.631175023970815
2358 10.58340845072626
2359 7.733663351226998
2360 5.359875522647337
2361 7.685357285517905
2362 9.123805768600825
2363 6.410566165215717
2364 6.2587779956569225
2365 3.1937656644962633
2366 1.0996722192229444
2367 0.5955971168037526
2368 1.432184438840577
2369 2.4108710807125755
2370 3.183334169623572
2371 3.4464860224537968
2372 5.675594504083669
2373 8.519506955365218
2374 12.121467685824513
2375 15.13058722197318
2376 15.300676704044655
2377 14.725924611143169
2378 14.408896793812998
2379 14.493300841629125
2380 20.568881981915464
2381 30.649889185419433
2382 31.391693780900418
2383 32.039008366625644
2384 35.941928844156585
2385 43.02926381613836
2386 49.4841220770524
2387 41.0239470674842
2388 36.10754965482213
2389 25.096327744188983
2390 14.06963291316649
2391 12.123960515303262
2392 11.452153064063053
2393 8.734611826321304
2394 6.524127461155781
2395 5.025241392593202
2396 3.9590603184745925
2397 2.851363358511606
2398 2.2919551688934
2399 0.9765719507331292
2400 0.7133569935775319
2401 1.382840661080069
2402 1.4540645932234535
2403 0.49073628434725586
2404 0.32948938001215705
2405 0.2808918716560037
2406 0.012219502210554014
2407 0.11981110841167479
2408 0.999167115430526
2409 1.4651353017107458
2410 3.1038664178144684
2411 4.674253008095676
2412 7.6327964143971245
2413 7.839688820639299
2414 8.805915138057644
2415 9.633708761285073
2416 11.72935170537876
2417 12.200419321989763
2418 14.56244173771798
2419 22.2174919828149
2420 21.874309983386826
2421 18.048385440418897
2422 12.754976771426218
2423 9.874479165947168
2424 8.873336079091121
2425 12.938416930533203
2426 12.769566416837076
2427 9.920277377163165
2428 5.897571018381699
2429 1.766109340421603
2430 0.5929274340433275
2431 0.19118037992670067
2432 0.6608977445939724
2433 1.932610486648291
2434 3.267531938055356
2435 3.57488500166322
2436 5.9458708701738905
2437 9.33766872940547
2438 13.109827975440314
2439 15.733512183713614
2440 17.19862688950603
2441 16.74607000706861
2442 16.491121548652412
2443 14.678867867914805
2444 23.081697367752824
2445 31.216156348467187
2446 30.194606572637586
2447 33.64222306120338
2448 36.98186269366279
2449 34.055296630698706
2450 36.75805557591351
2451 32.65805745245544
2452 29.07055372389962
2453 21.135942920032303
2454 13.074771734160095
2455 10.099899995323469
2456 6.107852282674664
2457 6.865818419420793
2458 5.486043962167673
2459 3.4119106926011495
2460 1.8069187437114653
2461 1.6364259999063655
2462 1.096372837372459
2463 1.4970089983957506
2464 1.1613075798836765
2465 0.9386762307216235
2466 0.8097243786857266
2467 1.250688571470531
2468 1.1111060977989278
2469 1.0513427046682247
2470 0.5685607945229025
2471 0.0038307435363795174
2472 0.3033463147047878
2473 1.097007215623559
2474 1.3677256145180066
2475 3.4192071912437267
2476 6.079198526240608
2477 8.154358146609745
2478 11.225491616954415
2479 12.915406257815192
2480 14.930297415554229
2481 21.443228849538325
2482 24.476541312918094
2483 25.870243709618016
2484 19.169351360004686
2485 21.069881133073565
2486 16.509493485522377
2487 16.44564547603096
2488 11.904198770645566
2489 13.954685198177355
2490 11.668679551273584
2491 8.303739739984882
2492 4.887993912287835
2493 1.3529665127643502
2494 0.09217576769119516
2495 0.001174195100662943
2496 0.5840895382085162
2497 1.6534480991930256
2498 4.043391195307072
2499 3.8056712174922134
2500 7.075715402885984
2501 9.418363467330108
2502 13.980530122703703
2503 15.28670412342674
2504 16.406276479776423
2505 17.86997384231221
2506 17.141788113155386
2507 15.40513647881247
2508 24.18672697003597
2509 26.706646400714938
2510 33.99301079712331
2511 35.96010038138596
2512 36.983417145092105
2513 37.34646568033268
2514 31.6249653935375
2515 27.728433791267708
2516 27.981356815629617
2517 18.972089553541302
2518 11.069168763327738
2519 6.534940730012661
2520 4.875947107192088
2521 5.461893931377681
2522 4.940525547869399
2523 2.8347180075432616
2524 1.4765669566458468
2525 1.6322269862481107
2526 2.626961452983404
2527 2.476232976647154
2528 2.1887118896981903
2529 1.8901937638337298
2530 2.0355978928348493
2531 2.9004273929330426
2532 4.358869040620627
2533 3.842407756773141
2534 3.3153037232085967
2535 1.9385733137670977
2536 0.30965804336390296
2537 0.06923310245235632
2538 0.49924471459354275
2539 2.999620399151277
2540 6.607322158212865
2541 6.165536010214736
2542 9.974724242534009
2543 12.61163432315602
2544 16.662888966118963
2545 23.61236329036164
2546 26.158041712118827
2547 23.99727030682257
2548 18.19319042583937
2549 22.408560058713675
2550 22.78217919019896
2551 19.335486546437714
2552 16.161693840397422
2553 13.052505374167449
2554 10.265297562266019
2555 7.010060852380637
2556 4.695046971601891
2557 1.8947458728475057
2558 0.40734675591729
2559 0.014032416048551894
2560 0.07937580892413577
2561 0.8521217320151442
2562 3.2811813482099432
2563 3.7903905169339884
2564 5.77443181112283
2565 8.992895935877282
2566 12.772871136319615
2567 14.546671865375133
2568 15.58104198029221
2569 18.011324532989285
2570 17.77402963395716
2571 16.951449333338065
2572 22.256414577173043
2573 26.55184184008839
2574 34.43983141735372
2575 35.11176559687955
2576 34.784118634916354
2577 37.49532890014733
2578 33.41815198677447
2579 29.212343596883716
2580 25.230472572692435
2581 16.159249252248117
2582 9.688815898588102
2583 5.811337632193266
2584 3.180910390854361
2585 2.404420867251428
2586 2.071043168203801
2587 1.4681596502254441
2588 1.113925494464475
2589 1.4291583816424052
2590 3.2811013890509924
2591 3.606923732589241
2592 2.572131400191474
2593 4.8680479194054636
2594 4.839761938972664
2595 5.999139180537337
2596 8.762252932552492
2597 7.500632758945947
2598 8.095686825185057
2599 6.981305956345899
2600 2.1623425390303943
2601 0.017865265519802206
2602 0.053282090709995567
2603 1.3030263097591461
2604 4.6248277666046915
2605 4.365541766477434
2606 6.788027914936838
2607 10.238831610799657
2608 12.687174177418369
2609 18.38547946929766
2610 18.387482611673065
2611 21.851929697343312
2612 16.966308246641894
2613 18.730615595451578
2614 15.848018244484619
2615 13.050013664539229
2616 14.107238289998026
2617 12.933577482098773
2618 8.633537728462244
2619 6.768001210772938
2620 4.231451834308243
2621 1.5066412921483807
2622 0.5778135571051285
2623 0.05752531875943523
2624 0.16388101389368978
2625 0.5268132169958502
2626 2.0012041221012997
2627 3.5337615726738165
2628 6.35878885022009
2629 9.419562694270459
2630 11.88751930245978
2631 14.567763157630008
2632 15.952837373045464
2633 15.170644728383294
2634 16.992019333470434
2635 19.912247203118188
2636 20.352233964167453
2637 28.84301223940838
2638 34.31566705515351
2639 33.23506577993674
2640 33.29390882631959
2641 34.66114399643572
2642 30.228929092809846
2643 28.619633695393453
2644 23.282633939216517
2645 12.83498854917973
2646 9.373564567116881
2647 5.846223984556722
2648 2.4997219744180192
2649 1.4394500696831847
2650 0.6803413505922997
2651 0.4695403015398395
2652 0.4512303972219132
2653 0.8802955050308542
2654 3.0930178661056056
2655 3.715316525897259
2656 4.747881474608859
2657 6.517713820242961
2658 8.487552018240676
2659 9.811960854082468
2660 8.801491554995868
2661 7.074564346172931
2662 7.136182643243308
2663 7.095918648726911
2664 4.232041697285784
2665 0.220798655608147
2666 0.0002201040712942836
2667 0.25589342673293775
2668 2.825059575582797
2669 4.626417194087062
2670 6.258514383225778
2671 7.2608427422965205
2672 9.46344881670054
2673 11.598975416781315
2674 13.254096818103632
2675 16.258456147431623
2676 12.351355200826795
2677 13.459046994348027
2678 11.395540347975233
2679 10.626921698304018
2680 9.478139924916098
2681 10.827769532887212
2682 8.088095295633744
2683 7.622824169514852
2684 3.5851152901828893
2685 1.4526022665300748
2686 1.3543287825397656
2687 0.6813394763652815
2688 0.14458636520257848
2689 0.05763801237695829
2690 1.2916872428225716
2691 2.941183645239897
2692 6.717902364461561
2693 9.799424141380108
2694 11.329332423798627
2695 12.070644480554375
2696 12.038703874924014
2697 12.4346202404407
2698 14.177526742842371
2699 16.041988933865515
2700 18.97175364337214
2701 23.342411628836317
2702 24.46674663118833
2703 30.568455686852634
2704 33.76150948827259
2705 31.648521064926904
2706 26.486691208172353
2707 25.860735690971314
2708 21.814207010801308
2709 14.553160164052299
2710 8.007006979813903
2711 3.3623777848654925
2712 1.1652143738679492
2713 0.7250158029245513
2714 0.4490977713334811
2715 0.4178808409493559
2716 0.45249394614361493
2717 0.7669167101165494
2718 2.6330647594550514
2719 2.3993547306575813
2720 2.9004604111248855
2721 5.710064296037296
2722 10.036765006036875
2723 11.97164088257993
2724 7.484851763690421
2725 6.170066542163561
2726 5.797759885342344
2727 4.32411084617804
2728 4.450042440463578
2729 0.9336589596902073
2730 0.05919508674189203
2731 0.5720233680393246
2732 2.823904777061605
2733 4.695133390477756
2734 4.91245815876686
2735 5.7053636224946604
2736 7.106990484121525
2737 7.863080035182739
2738 9.246471383376736
2739 10.13176896796836
2740 11.639029247769093
2741 11.133839339005446
2742 10.29330503076659
2743 10.556350569628659
2744 7.204097962981541
2745 7.481249287113059
2746 7.776073060199396
2747 6.485326371838819
2748 2.8000716560023875
2749 1.8035722083128292
2750 1.9022658355037987
2751 1.0919127289131172
2752 0.3551069687021151
2753 0.007307487599866638
2754 0.15600383996543085
2755 1.5472354815123213
2756 5.5085286761609185
2757 7.6827020978636655
2758 8.340781968443283
2759 10.69258355267897
2760 12.270733743944318
2761 11.021551840991835
2762 11.182729398024133
2763 14.106126906627434
2764 16.390676418420632
2765 19.40823558096171
2766 22.909449466144356
2767 28.96475601964497
2768 31.832508995339918
2769 31.709540934716067
2770 28.4091889899728
2771 22.850679449875535
2772 17.252022658629233
2773 12.987509987302795
2774 7.578130591699029
2775 4.039338583828385
2776 1.8107565308445648
2777 0.4410283494161114
2778 0.5924857980530728
2779 0.4344032802438187
2780 0.5249018398055364
2781 0.9907541000998183
2782 1.9995346146345554
2783 3.29092339976407
2784 4.337068390373348
2785 5.758693917848931
2786 9.924190135866937
2787 12.022694962334935
2788 10.25497536995419
2789 8.283191588736004
2790 7.796606386890804
2791 7.415536619779585
2792 4.988164694219099
2793 0.29903755942829974
2794 0.28609785230873425
2795 0.6906205135096558
2796 1.3535130714297205
2797 2.9017901563323036
2798 3.2572627448048808
2799 4.44958978880968
2800 4.688713057952777
2801 4.20821480666816
2802 5.213603040781124
2803 5.760937508572205
2804 7.048478265630299
2805 7.8658195345152
2806 8.992632082408178
2807 10.361382453353103
2808 7.718480083560666
2809 7.168674570398476
2810 7.875373221503209
2811 5.3295057410945
2812 3.056849697037928
2813 2.144375617758643
2814 1.5471345776269612
2815 0.808296648981599
2816 0.25575940316566037
2817 0.12694568209880103
2818 0.04672545002061577
2819 1.0654511136878497
2820 4.267560294444003
2821 7.312911431484702
2822 6.1597942268455865
2823 7.235470095825811
2824 8.950296830924819
2825 8.909477295303835
2826 9.315165066782821
2827 11.565982446468443
2828 14.597298619156696
2829 19.398523294227715
2830 25.092482680437847
2831 25.340899207336463
2832 31.716959023360623
2833 34.96097203420401
2834 28.14091749558883
2835 22.60222316742163
2836 15.944119739219067
2837 11.071699196799926
2838 7.920706180088625
2839 3.4620647450377215
2840 1.7455753168544337
2841 0.2938340123515016
2842 0.9138529357923448
2843 1.5867909565642817
2844 1.2174455343059323
2845 3.141976445327497
2846 4.634400959129944
2847 6.9881438054736975
2848 8.785282837710389
2849 10.712483420581991
2850 14.052717167319564
2851 14.246673071173044
2852 11.763690722466288
2853 7.253657271037952
2854 6.45861378270577
2855 5.39674808464219
2856 2.5484538766054734
2857 0.0117160581454088
2858 0.47758474528631734
2859 0.27359563282639104
2860 0.3546704446647747
2861 1.081668748168201
2862 2.42949610873877
2863 2.11306926716809
2864 2.807549081248528
2865 4.678179217989446
2866 4.01658155148312
2867 4.152184406180075
2868 5.314014122109961
2869 4.795743191616497
2870 7.108023454323098
2871 8.284889863985777
2872 7.427947594458029
2873 7.473730530391257
2874 6.648409464380286
2875 4.925189627133422
2876 3.620356091545648
2877 3.2117242582618672
2878 1.6751953322315105
2879 1.061665296932631
2880 0.3110431710112204
2881 0.01825784379026603
2882 0.4862019060362875
2883 1.0301574009265686
2884 4.3582870915498395
2885 5.8640920520941116
2886 4.944766797276832
2887 5.794552664286141
2888 7.511657422251903
2889 7.928605799268445
2890 7.2845320192325955
2891 8.507792053985026
2892 14.36592351364663
2893 14.102863913037964
2894 22.69163034147615
2895 26.142625185170377
2896 30.29930114598802
2897 31.988531693810803
2898 26.931233790038377
2899 20.094493725781817
2900 17.258496705077903
2901 12.152258516476852
2902 6.5274416860716435
2903 3.5419579473627154
2904 1.3412600949904312
2905 0.6613277946801135
2906 2.680919955029699
2907 2.499143352155851
2908 4.517838855408612
2909 7.679437965178518
2910 7.2458479878870214
2911 7.983385177695781
2912 9.39933316272025
2913 14.876895086106515
2914 14.2422117747684
2915 9.543183775764163
2916 10.409697312232966
2917 5.560774784029156
2918 3.562934141008934
2919 2.5156848048071296
2920 0.8739043512907892
2921 0.11899416318564741
2922 1.1146613114053083
2923 0.48024627132796843
2924 0.5005232571562683
2925 0.7304170542903936
2926 2.1217227252150943
2927 2.4199372614769357
2928 2.1543038058229955
2929 3.5830610784839387
2930 3.8176316705923368
2931 5.1747978120345905
2932 5.399269891994521
2933 5.5651155379943145
2934 9.943376657684846
2935 12.654753542360682
2936 8.24160266112838
2937 9.407076757686498
2938 5.839473557063313
2939 4.220842139287677
2940 3.392137129167884
2941 2.80216061359805
2942 1.7550553644422706
2943 0.9828866568760728
2944 0.057029444401698756
2945 0.4898585670140163
2946 1.038691082511042
2947 0.8021699448894197
2948 2.7459544686953894
2949 4.041384518511165
2950 4.04652375273404
2951 5.342244588048029
2952 6.480849408707736
2953 5.559538555272763
2954 7.005457269665047
2955 9.363929962382182
2956 14.28311575830446
2957 17.517489007682308
2958 20.130258309300423
2959 20.79150760145162
2960 20.198901587289207
2961 24.276753469780704
2962 20.49574475558336
2963 18.76977050055157
2964 13.983873904173025
2965 7.7072942102602795
2966 7.254749986498747
2967 3.7012709167846154
2968 2.031885670814559
2969 2.5679683466542222
2970 3.014431427816035
2971 4.002560336321022
2972 7.536184932543886
2973 8.342413002224953
2974 5.647843858586836
2975 5.381258901206629
2976 6.458651396981744
2977 11.03556001485958
2978 10.966424806696615
2979 7.441302917755639
2980 6.294138227199751
2981 6.235806640467048
2982 3.2601508433599773
2983 1.1818511887277912
2984 0.02463913756069683
2985 0.5675413438073293
2986 1.0778707273858756
2987 0.8976852188774733
2988 1.7726069311650927
2989 1.6845976957346633
2990 2.100471305283386
2991 2.3545558311059724
2992 2.4148060252470067
2993 4.318013710264003
2994 4.422324952131785
2995 6.3185882013764045
2996 9.18985139612777
2997 10.864942618858459
2998 12.095785672607231
2999 16.096247187580143
3000 13.669459788815965
3001 10.09022874623183
3002 7.467162224407394
3003 3.4475339355708794
3004 4.4844844047946735
3005 2.4744128871406206
3006 1.7126912262880096
3007 1.0941438935516388
3008 0.273357123597427
3009 0.8221689747402118
3010 1.1761542807049592
3011 1.518087494394635
3012 1.656533420114055
3013 1.943849672884043
3014 2.0545854821216825
3015 3.8979844209696
3016 3.64860444446322
3017 5.367083250519809
3018 7.464307555111551
3019 10.926631684313453
3020 16.238050567212667
3021 16.98313966698608
3022 15.812048903751673
3023 14.829800989437292
3024 14.489601889810986
3025 13.394861837232773
3026 11.846814176463981
3027 12.588505895391663
3028 7.192192967829783
3029 4.24634498180404
3030 4.70168579072038
3031 2.2476072279134094
3032 2.468138945344455
3033 1.8331048833234633
3034 1.9345313624499756
3035 3.4200924051668835
3036 5.5070653622108585
3037 4.645651943312301
3038 3.079099481750895
3039 3.469349203402031
3040 6.299239967783305
3041 9.347912750953679
3042 7.793569796938282
3043 4.721292482382254
3044 2.9092126932480977
3045 3.5653145318776915
3046 1.205744583472782
3047 0.24807011705733154
3048 0.11521061699959208
3049 0.17325797498555376
3050 0.27298156992824296
3051 0.7517161427953932
3052 2.2895061624363278
3053 2.2388917541498685
3054 3.6133384004333444
3055 3.8211917847446015
3056 4.028683090582799
3057 5.523372366006395
3058 6.229782775310283
3059 8.828008351692636
3060 9.170371832458821
3061 12.93135757783978
3062 11.358372942715452
3063 15.494895090682787
3064 13.647443315188102
3065 11.119067421385955
3066 5.224820080680705
3067 5.948498223607558
3068 4.613218189004963
3069 3.3331670834751845
3070 3.1655416301557846
3071 1.36794364311993
3072 0.33448035413286137
3073 0.6573023934829848
3074 1.1854464355988479
3075 1.6619574794306835
3076 1.9327882806385948
3077 1.9179392153503843
3078 1.9960672023452972
3079 3.161781976168854
3080 3.7168861561688606
3081 6.996778807912399
3082 9.865934732473729
3083 14.272426628094598
3084 15.327068503793665
3085 12.376697389166445
3086 10.238664855021712
3087 8.363276137744306
3088 8.093759780412793
3089 7.864097074655606
3090 7.2698138398617065
3091 5.398793718808594
3092 3.5440207313164205
3093 2.501380253457282
3094 2.691521178674313
3095 3.101060801267105
3096 3.874866107679006
3097 1.3110439247489323
3098 1.8977132672487318
3099 1.762730883105197
3100 2.3798463156949956
3101 1.463513015852603
3102 0.7903557445908229
3103 1.0205269381193696
3104 2.337837573520609
3105 2.7595859955685187
3106 2.0511833692584185
3107 1.299385503654183
3108 1.4678132847442242
3109 0.17798850382467607
3110 1.1187271538540847e-05
3111 0.14283266370502387
3112 0.17558659214851988
3113 0.21586488979500493
3114 0.5197724965692821
3115 1.1122348872064773
3116 1.5707618834521078
3117 1.6440623949981643
3118 2.368526364278073
3119 3.464876785108755
3120 5.677519604670361
3121 6.44724226218349
3122 8.756119294411125
3123 11.210275592471033
3124 12.031401821480634
3125 17.42813921720214
3126 11.810843198092334
3127 16.68993454347788
3128 12.420749728606605
3129 10.108750832269244
3130 5.748897426652504
3131 4.625467730511658
3132 4.525775076356692
3133 2.9870558633417876
3134 2.7802092988387703
3135 1.874479316668143
3136 0.04562677862823749
3137 0.2512875482608061
3138 0.844224606668724
3139 1.9048988941787945
3140 1.4119207233519773
3141 2.4156315376041118
3142 3.1078405877232638
3143 4.08211069115806
3144 6.240069090181877
3145 9.381107232754406
3146 10.308542667285522
3147 13.281696858199966
3148 11.60495632658601
3149 9.228547241086684
3150 7.020705783398495
3151 6.192218225116248
3152 5.609898097352122
3153 7.566362714937705
3154 7.0689116112755155
3155 4.492079539927766
3156 2.4923778182217906
3157 1.486459887254165
3158 1.7790423415429661
3159 3.3992875070458375
3160 3.026837260072559
3161 1.866248304382378
3162 2.0638957569878045
3163 1.7358122439933044
3164 1.2225604662489349
3165 1.0934256600534542
3166 0.7792644883568219
3167 0.962229877356472
3168 2.040349025182653
3169 1.98270544138895
3170 1.1682513871602795
3171 0.9047276095689956
3172 0.1701186867652816
3173 0.09705922046568109
3174 0.08356536947734124
3175 0.4388015803527712
3176 0.6226148500448108
3177 0.3772834932448502
3178 0.4262267208053755
3179 1.0000816728353046
3180 0.8857008596284813
3181 1.4396092641315348
3182 2.2444168883250994
3183 3.343630477886889
3184 3.737490855122321
3185 4.030229442978884
3186 6.330830478542663
3187 11.314298699863055
3188 13.108563206840554
3189 16.604116568988786
3190 13.853868096785598
3191 12.983765580027722
3192 9.314325310422305
3193 7.867291785859534
3194 6.916418422939896
3195 3.4681212681432547
3196 2.3081763917670415
3197 1.763807302740367
3198 1.375654365780004
3199 0.5366994690796653
3200 0.05808661164828807
3201 0.11340678871947973
3202 0.46744208636823004
3203 1.1033774837457921
3204 0.7279858351008235
3205 2.4433176209362095
3206 5.533624248357447
3207 6.71195583117159
3208 7.887647153414723
3209 12.796545371402123
3210 12.071862019503294
3211 9.484581892646734
3212 8.357697913156759
3213 5.536542562660059
3214 3.3088641865992985
3215 2.4836996515268837
3216 1.8174828153773646
3217 3.5840990874161833
3218 3.747989227208207
3219 2.606194876495485
3220 1.3767679560799548
3221 1.1145612150082047
3222 1.6103218539350372
3223 1.1765583761992027
3224 1.499458399509386
3225 2.5065956227085544
3226 1.4841081734757455
3227 1.6193962124017702
3228 1.5260906604565403
3229 1.2948860600914691
3230 1.2084180330865435
3231 0.6306815900137205
3232 0.6125408018360765
3233 0.9896165098255149
3234 0.8383453564191677
3235 0.6666816351723973
3236 0.09590166997646613
3237 0.20438904733121363
3238 0.5698320481144609
3239 0.6118262446017976
3240 0.4372198255974048
3241 0.10122320254260153
3242 0.17381422552514716
3243 0.5037824972468888
3244 0.7700672045074572
3245 0.9714140665596374
3246 1.6372065492791643
3247 2.2644618061226685
3248 2.334515686744531
3249 2.165649583264249
3250 3.990916907738485
3251 6.7525218888014775
3252 7.871894558284362
3253 8.921202393514601
3254 9.979003791211046
3255 8.74082292157932
3256 8.083465629669497
3257 8.176370632677736
3258 5.4340642965217665
3259 3.8879797096242594
3260 2.156773553411113
3261 1.9121307082655494
3262 0.8935000536570388
3263 0.4322687830147127
3264 0.0008075231932050898
3265 0.03578812105293218
3266 0.0276594796798236
3267 0.10673547597000216
3268 0.5976534718972327
3269 2.576406734354471
3270 5.704010992009059
3271 8.247803696716687
3272 9.09680668882841
3273 15.75663532894123
3274 12.017390580775482
3275 8.535114614067629
3276 5.232350251121103
3277 1.9644829841230678
3278 1.6510212236770523
3279 1.2858085636170427
3280 1.0363861563862438
3281 0.9646176003913052
3282 0.591409152350797
3283 0.30502971164685316
3284 0.24984273014629824
3285 0.003117417825050002
3286 0.21107315982128352
3287 0.38446609376016694
3288 0.7044803681951656
3289 1.0040942360394192
3290 0.8560911370783919
3291 1.5697466498068477
3292 1.0602710885093818
3293 1.0627450261827316
3294 0.9168750964356359
3295 0.7312482418294352
3296 1.2356258955788617
3297 1.016993128570884
3298 0.7439314981196564
3299 0.1837467719640194
3300 0.0004083034738265681
3301 0.4194881947539065
3302 0.29063943712522794
3303 0.5577656911787234
3304 0.32391546301588925
3305 0.46288244852781973
3306 0.3357415230753629
3307 0.48164908892894026
3308 0.33985519421420773
3309 0.42567884797949934
3310 0.42479527203211737
3311 0.954661079527075
3312 1.0689200430651333
3313 1.0281367192281892
3314 2.092637901379627
3315 2.9360151824835325
3316 4.973595863272215
3317 5.619558324869118
3318 8.330083510762806
3319 8.226689108513035
3320 10.34045067374073
3321 9.788119592560587
3322 6.502913426444385
3323 4.6171000829176565
3324 5.580608721794285
3325 2.648818405914034
3326 1.3582583811744309
3327 0.5929630311598982
3328 0.06236243646010664
3329 0.03656796312361592
3330 0.11196917291630387
3331 0.0002999077283710075
3332 0.4328948758930623
3333 3.02007118628159
3334 5.989896445611384
3335 9.90715403749256
3336 11.498402797918835
3337 9.185121099194182
3338 8.832976638500602
3339 9.085156539659568
3340 4.453186109676291
3341 1.324945173308168
3342 1.193746656989622
3343 0.47686966329746927
3344 0.28422157327433306
3345 0.16743189407416237
3346 0.192638035805335
3347 0.0669204925001147
3348 0.008332060062710785
3349 0.04928229194113175
3350 0.03964704738987367
3351 0.007027276575928816
3352 0.46530658207299713
3353 0.48603181151113967
3354 0.6654182598914428
3355 1.2052035182992924
3356 0.5692614237802154
3357 1.345738362946883
3358 1.2567852847605672
3359 1.8379743520595075
3360 1.3852976158022285
3361 1.1026230526518808
3362 0.9476299613993243
3363 0.5841810307399194
3364 0.00666831708544967
3365 0.27054303229686716
3366 0.2763499171734976
3367 0.2718060595419521
3368 0.47478321030868004
3369 0.7822955066934533
3370 0.9409000347958701
3371 0.8450349997107534
3372 0.7882004808827305
3373 0.4316399545220419
3374 0.6312484517716553
3375 1.7237091262187758
3376 0.8679772375972551
3377 1.030214542627382
3378 1.2905957627843687
3379 1.8469129061976772
3380 2.667240043131288
3381 3.4301648682454187
3382 4.965916248300197
3383 7.436833497212958
3384 9.419147693042447
3385 8.894142034557726
3386 6.582947013865804
3387 3.621948881447709
3388 4.181892094554832
3389 4.148725844089077
3390 3.413555345071139
3391 0.8918682496395749
3392 0.30551793826162627
3393 0.065121966144794
3394 0.1805429086149241
3395 0.004199479689585485
3396 0.21300607987839104
3397 1.6759991979364568
3398 4.8031083330869135
3399 9.396511619093458
3400 6.310520242965153
3401 3.9139239906607592
3402 4.723098782122423
3403 5.14147308346605
3404 4.655172479472461
3405 1.5498676752282323
3406 0.4112834571638338
3407 0.06315038856937766
3408 0.08550795638046137
3409 0.07969910212952501
3410 0.020157975324847508
3411 0.19677820564583903
3412 0.694830153426877
3413 0.22358535720359846
3414 0.07675707676284221
3415 0.40528561280437425
3416 0.660817484678961
3417 0.5411695677082444
3418 0.7830525927324961
3419 1.3407935174175796
3420 2.704592907638713
3421 2.34618823930457
3422 1.7852663469295464
3423 1.4203749594181543
3424 1.359583282118983
3425 1.3974890321819664
3426 1.0455646267555752
3427 0.7285434196078955
3428 0.03751136251647146
3429 0.03869664730445574
3430 0.0027254597230808872
3431 0.028049267644864203
3432 0.17625965796172224
3433 0.0015556956400130028
3434 0.23675650495483516
3435 0.6565510696670878
3436 0.35991568665692386
3437 0.34669098645010393
3438 0.44676911304240735
3439 1.11207379370484
3440 0.5867143459865484
3441 0.9820242699553066
3442 2.325218615152546
3443 1.805224057727013
3444 2.281073409377358
3445 4.06581340692303
3446 4.707031781260059
3447 6.325015676901298
3448 8.716402170499974
3449 8.611215517783103
3450 6.80480087226748
3451 4.19513348383631
3452 3.6504552781927466
3453 4.747027263877962
3454 4.556528406380659
3455 1.679848644153698
3456 0.4147360917937689
3457 0.3913700751537277
3458 0.11077660428493125
3459 0.0035941202225336388
3460 0.038172001577322937
3461 0.8049268017065251
3462 4.9895790338080745
3463 7.659719008495908
3464 3.7397980192817664
3465 2.4520141517245286
3466 2.3768196138593307
3467 2.633434894004074
3468 2.5079350997028413
3469 1.5359670573172237
3470 0.21959031724332118
3471 0.056192139492192254
3472 2.1515278019109745e-07
3473 0.023320671352817596
3474 0.019839814632541947
3475 0.2231510353625619
3476 0.8960217138514027
3477 0.792272602188236
3478 0.33024422539189596
3479 1.255077498890649
3480 1.2063292341130314
3481 1.685086525790339
3482 2.176660184628388
3483 2.9816671498351246
3484 3.803878449319023
3485 2.882528786165436
3486 2.250334767480924
3487 1.5146380541695421
3488 0.963744018277589
3489 0.7532426925919217
3490 0.6921303396448389
3491 0.40847210405941525
3492 0.6068070504766289
3493 0.7995856059016285
3494 0.5274938669554197
3495 1.043058657929919
3496 0.7856734704192897
3497 0.5497973385156776
3498 0.4121716214369787
3499 0.034742814928797806
3500 0.24011284415463424
3501 0.052865936004285824
3502 0.11136935934415676
3503 0.48495692590943346
3504 0.9962863078198421
3505 0.8443859762151354
3506 1.7569034361901754
3507 1.6484415404354367
3508 3.974476406323036
3509 5.086418576687473
3510 5.050643345986045
3511 9.002912509653298
3512 7.736047815353576
3513 7.831018286434388
3514 4.7701971284301035
3515 3.389510776072925
3516 1.943452705615613
3517 2.6130222602975475
3518 2.9916880060514854
3519 1.4224615596294083
3520 0.8067086577590483
3521 0.9984366486503456
3522 0.6880692851441746
3523 0.15124977748834764
3524 0.011393142824370473
3525 1.1282482901491822
3526 3.6310572532949945
3527 3.4454921262383236
3528 2.447196439521026
3529 1.6503110180023979
3530 1.3027469193105299
3531 1.0251778356027685
3532 1.0932993819118488
3533 0.6370333558784551
3534 0.20511543245120928
3535 0.03141228907204298
3536 0.24580816665678298
3537 0.0063411400067810144
3538 0.11545785798341607
3539 0.1694092392979113
3540 0.38932068986999113
3541 0.40827980622036464
3542 0.3818811014753978
3543 1.0287171346814448
3544 0.73876852960594
3545 1.1733493984486079
3546 2.3075424539138516
3547 2.838065223316942
3548 3.264106021122242
3549 2.652813741955184
3550 2.748577241251267
3551 1.0292065898232725
3552 0.3051524129594594
3553 0.44249189978588377
3554 0.6547301334381626
3555 0.8253977017894003
3556 1.5490272958514943
3557 2.0714830233314765
3558 1.6006957194282079
3559 0.8880294550395962
3560 0.5640547660397722
3561 0.5917424370549217
3562 0.33929195545908314
3563 0.17537098617342592
3564 0.003826253477199748
3565 0.0007584970025339522
3566 0.004887279970541827
3567 0.1649298415656618
3568 0.8711934949954125
3569 1.091657326028545
3570 1.3585342731570593
3571 1.591794960809864
3572 3.3459966789511166
3573 6.106729707016894
3574 5.234756423997851
3575 5.061036507422891
3576 3.6201472983435727
3577 5.501042858880915
3578 3.5002404130574942
3579 2.4398103826745685
3580 1.4290897514719778
3581 1.0563137844440174
3582 1.6623198988703316
3583 0.8046045705049854
3584 0.5893705046478057
3585 1.1211531851454615
3586 1.1168921799801859
3587 0.291856875996927
3588 0.029918347959519292
3589 1.6654369483203093
3590 2.6082831321156754
3591 1.9278898431753901
3592 2.0408251484410145
3593 0.826368569001406
3594 0.776363831904685
3595 0.5007051723557733
3596 0.5527486395931585
3597 0.08800946113848247
3598 0.0570132477759504
3599 0.006931640495690906
3600 0.07236673569667178
3601 0.024561937883222786
3602 0.013817980039487457
3603 0.0370038212771677
3604 0.41962191602102206
3605 0.5549939858818878
3606 0.2955963597228749
3607 0.6272154800372165
3608 0.9796293897862716
3609 2.3922554729922334
3610 3.5856002945822785
3611 4.375120377766173
3612 3.725199040361235
3613 2.685940594305194
3614 1.9177046420971167
3615 1.2367469233873094
3616 0.326649715456691
3617 0.42505013462295627
3618 0.7042317581198869
3619 1.2907277438453226
3620 1.3260699927705455
3621 1.3523700056922499
3622 1.2150165603970262
3623 1.8282223353721097
3624 2.353576040237619
3625 1.5631874588147918
3626 0.8323860536751205
3627 0.4081807932235768
3628 0.15932412439810617
3629 0.01749568634052574
3630 0.056501514230405676
3631 0.56302812308652
3632 1.4114219795105014
3633 2.998797070811923
3634 3.2782491560507574
3635 1.5204422294223372
3636 4.131537390861321
3637 5.414564140654344
3638 2.318408731373064
3639 1.025591160197457
3640 1.0048928878079
3641 1.3658095291463457
3642 2.59367814544072
3643 0.7666992554324551
3644 0.5351934033480579
3645 0.3267588544034845
3646 0.13561030039764058
3647 0.17075006316850605
3648 0.8053203696417289
3649 0.7150789135996845
3650 0.347617384121123
3651 0.20099990181416005
3652 0.2675124240457563
3653 2.077305948520835
3654 1.7560528711773908
3655 0.7318187479081542
3656 0.8899050092873219
3657 0.12236174703640622
3658 0.0136621393147231
3659 0.0003681923027703133
3660 0.46873339768603944
3661 0.22808537347435062
3662 0.13324837198876735
3663 0.34014555528789614
3664 0.0878112113336755
3665 0.0013410388311891257
3666 0.012576280908711093
3667 0.022080414567158025
3668 0.7823054726859089
3669 1.0300126003204473
3670 0.6856418441245078
3671 1.0216379408015226
3672 1.3647971673578094
3673 5.5603161579778995
3674 6.218286249494971
3675 4.169326761308235
3676 2.951348669522264
3677 1.4807776213842248
3678 1.2514613626519062
3679 1.025570469496771
3680 0.3362058497769499
3681 0.19674639866734756
3682 1.3570798558310087
3683 1.6711188915395128
3684 2.544495669259031
3685 1.792723806794886
3686 1.21056321969128
3687 2.2856459404882155
3688 3.1796286150951545
3689 3.231864733230403
3690 1.8545981995337306
3691 0.5110629702726692
3692 0.06777973516100222
3693 0.05161524492375849
3694 0.46115699396853393
3695 1.3573534161231149
3696 2.0056910163487314
3697 2.9878066432177413
3698 5.266981548497951
3699 1.7627606991833944
3700 2.0186208197816486
3701 1.5160101712111627
3702 0.5729306234261641
3703 0.5634439872388185
3704 0.28413082879974627
3705 0.3183939304109366
3706 1.1322974481309538
3707 1.0150646337902056
3708 0.8660120378565963
3709 0.3502547941219879
3710 0.15277427849741362
3711 0.01191934974759502
3712 0.7015359853999652
3713 0.40953375767125366
3714 0.09966533667681415
3715 0.13956515729636873
3716 1.284937449371976
3717 2.563805596716649
3718 1.516947519944541
3719 1.1995856182239215
3720 0.6219449616042957
3721 0.3018261105285399
3722 0.05187258787956433
3723 0.01067509300424197
3724 0.012763241818551617
3725 0.09944010068624151
3726 0.2844381068090603
3727 0.5466579134276961
3728 0.8123845159853628
3729 0.8375135240342841
3730 0.6797981123319857
3731 0.8010937025617513
3732 1.2518131303803846
3733 1.5920030105682057
3734 1.2756564172937634
3735 2.1536620563861186
3736 1.9913532340056734
3737 3.825444081518169
3738 4.844053474254817
3739 2.717869692232018
3740 2.111596639301472
3741 0.8050430387185197
3742 1.0642468507242842
3743 0.2308226058756983
3744 0.03672719521203213
3745 0.10537179922334577
3746 0.5838878091846651
3747 0.8320620707661901
3748 1.1538168231847632
3749 0.8866410355099509
3750 1.0333991989318057
3751 1.1364460357124058
3752 1.4143258455887617
3753 0.614806521792107
3754 0.5480882240195111
3755 0.09863883344163564
3756 0.03525441302534751
3757 0.12127410694287082
3758 0.45546923761896135
3759 1.5381551700474407
3760 2.129074500901517
3761 1.9061887136641156
3762 4.3019041959044655
3763 2.6415045477090398
3764 1.6723491186668065
3765 1.2000923317526495
3766 0.32159995070880104
3767 0.33359068590966634
3768 0.4018591890423258
3769 0.1203998688071872
3770 0.4604660814728163
3771 0.8353876212748506
3772 0.99388498753516
3773 0.8942182879818421
3774 0.7195811208632207
3775 0.051656313797534784
3776 0.4715552282417935
3777 0.4978111802968111
3778 0.04591754117194182
3779 0.23084709320847815
3780 1.561259245841624
3781 3.147105890924524
3782 2.7442162991963515
3783 2.8156389179559667
3784 1.464058014838085
3785 0.6504281909525242
3786 0.4165177798195077
3787 0.027596185618410426
3788 0.0264505934912912
3789 0.10437880689232042
3790 0.6234472488467875
3791 1.5392963678198972
3792 1.0657873379761071
3793 1.0561940726529888
3794 0.45462236601143363
3795 0.12357371668141816
3796 0.10847127342525746
3797 1.7724364609573742
3798 1.4387488713258632
3799 1.2781456427659001
3800 1.4999841853126945
3801 3.0020067512258164
3802 3.293358673538199
3803 1.1493087183684367
3804 0.5767070238386199
3805 0.22048848739900986
3806 0.6012972713660304
3807 0.004309417286538397
3808 0.1640445682570714
3809 0.2294712240424301
3810 0.0002159237532517689
3811 0.04229522661759444
3812 0.28830313652584916
3813 0.5069617368770212
3814 0.8047568029951687
3815 0.43638025886016657
3816 0.1089982751251441
3817 0.0024094509277700076
3818 0.006131154750440023
3819 0.24795612743137
3820 0.8292272711956139
3821 0.7427569061919395
3822 1.334277840113685
3823 1.81351324033799
3824 0.8758781255508894
3825 1.254708722457375
3826 2.3202085850442384
3827 1.8067389992313987
3828 1.6597595555201268
3829 1.5944673744097144
3830 0.4162163046892448
3831 0.03899587635327344
3832 1.950457508057319e-05
3833 0.0077957653877387175
3834 0.7335832544141911
3835 0.783200970264433
3836 0.9482494719910253
3837 1.2962556301382717
3838 1.2568061965203692
3839 0.15510228782212412
3840 0.6941172092166534
3841 0.5645658931554538
3842 0.059422504316221224
3843 0.04890631814560373
3844 0.3984466842850674
3845 1.8965443759578935
3846 2.731798421504846
3847 3.7808883974604375
3848 3.6632646697723144
3849 3.4323955561064095
3850 2.26444072325751
3851 0.7326465833061117
3852 0.6361861989264131
3853 0.1243922283084118
3854 0.014328186336107832
3855 0.23043202267162063
3856 0.3474877183491591
3857 0.20363012250204632
3858 0.40461212891080844
3859 0.2223598957698585
3860 0.975298828336611
3861 2.9433734905049054
3862 2.532176639895268
3863 2.4036865664393643
3864 1.4811235423662283
3865 1.7734336158731054
3866 2.150836082836633
3867 1.1760126729792038
3868 0.25326248869972573
3869 0.0015803415466066396
3870 0.052470569432947735
3871 0.00013717796991837786
3872 0.02416415200931029
3873 0.0008567936614738129
3874 0.027142756113569606
3875 0.09716247754235643
3876 0.06897501177789271
3877 0.10203021323066631
3878 0.10299621726124819
3879 0.18489357431059733
3880 0.03656053380264985
3881 0.009450791269930724
3882 0.000365909582143119
3883 0.05731853542512424
3884 0.6877462332698511
3885 1.0667762082739203
3886 1.104568527359969
3887 0.6726423024246018
3888 0.15433636831636424
3889 0.2805957409672711
3890 1.2479644441269113
3891 2.644159016464682
3892 1.9688988336654685
3893 0.7945656195854071
3894 0.29216085818726073
3895 0.004387032804500352
3896 0.022511395945973026
3897 0.019749261538332095
3898 0.5086561685575802
3899 0.6064343418197291
3900 0.5767630920686895
3901 0.39158775959617237
3902 1.0647691063943179
3903 0.2274438323685506
3904 0.40365010555790437
3905 0.5604587536828832
3906 0.05215674897975095
3907 0.0046688180380409375
3908 0.0004965156781869503
3909 0.24190245582538145
3910 1.8960565724733793
3911 3.735439710304038
3912 5.547938131848111
3913 4.707732327978051
3914 3.3439894084586306
3915 1.318969444222416
3916 0.2745920683654006
3917 0.015139711819423165
3918 0.03592344783228512
3919 5.4718930306974184e-05
3920 0.00040390662158889683
3921 0.018265869760152535
3922 0.17431442220914947
3923 0.12481524101945268
3924 0.4042528994523978
3925 1.4746121505521703
3926 1.4901742430306422
3927 0.8223410183203181
3928 0.6143113916438889
3929 0.8760365531355085
3930 1.8865795679595376
3931 1.6463927135727634
3932 0.677764093822388
3933 0.2874349033336073
3934 0.29043837468688116
3935 0.14593585563088055
3936 0.059920108975035816
3937 0.18793170144272262
3938 0.5422868512002543
3939 0.6783734822778383
3940 0.7089670410963209
3941 0.1451057557620853
3942 0.0011581163383343198
3943 0.03040345427371201
3944 0.012103652080937645
3945 0.0046395982915220894
3946 0.04877980124710922
3947 0.15584320340484786
3948 0.7118926110655371
3949 0.4561912936078384
3950 0.3768761791139764
3951 0.37562570715074595
3952 0.15800869785677155
3953 0.2852591843033327
3954 0.9061412612184727
3955 1.912455560166044
3956 1.1503944160579134
3957 0.6622219952117445
3958 0.44124679643831205
3959 0.027379572220540837
3960 0.008253416180114733
3961 0.05186636562873844
3962 0.059543140956082416
3963 0.05778441701670582
3964 0.2824270542300091
3965 0.778612638155515
3966 1.262991659103248
3967 0.9862227861975549
3968 0.48625569985672784
3969 0.7012641277256022
3970 0.38800530461828225
3971 0.07664894455133985
3972 0.0006533285425738851
3973 0.0009114625236696868
3974 0.11292501696042084
3975 0.4127627380470855
3976 0.6619837413827115
3977 0.6751032905878898
3978 0.5477519653853243
3979 0.21370735571814273
3980 0.011509350749517798
3981 0.04740399303885655
3982 0.009223993815669641
3983 0.021858558932091356
3984 0.1345941422315591
3985 0.23632761030103913
3986 0.14609874178821067
3987 0.004052107974823054
3988 0.021630200134460237
3989 0.5883074570901358
3990 0.6923633852751614
3991 0.5362812238157968
3992 0.30033834853342656
3993 0.4166235065359087
3994 1.736268402711935
3995 1.4998906009854127
3996 1.1627805688588493
3997 1.3254906722568338
3998 1.145205187306826
3999 0.9017424589805634
4000 1.5917630597504402
4001 2.081823982547062
4002 2.8354700086099
4003 2.207230507359885
4004 1.1639482914250794
4005 0.9042219341521925
4006 0.46719758946680495
4007 0.09521811799334763
4008 0.06082705967455024
4009 0.14245855642050576
4010 0.0880287416933889
4011 0.003588179072523979
4012 0.13706555950146707
4013 0.11347611237683879
4014 0.32565224728527886
4015 0.36528228972872373
4016 0.9489104542588542
4017 1.1977074177817326
4018 1.8868558248835048
4019 2.577712438663096
4020 1.5928628550850754
4021 1.468584341115479
4022 0.5542365713561013
4023 0.6488151057310232
4024 0.30950528545710854
4025 0.37118560354156516
4026 0.19128496854498644
4027 0.4689914847173177
4028 0.7078764914169826
4029 1.4213653190772342
4030 1.9743704753320364
4031 1.9151664279188145
4032 0.8872065414735297
4033 0.7656595745658733
4034 0.22787648002147837
4035 0.01337955073231831
4036 0.02224582300721248
4037 0.02789066418755991
4038 0.10733430505991066
4039 0.0017865092211213243
4040 0.010950652560930122
4041 0.0013681684208148414
4042 0.003509461392470653
4043 0.032459267466016455
4044 0.021548968612934163
4045 1.3256333906266982e-09
4046 0.043478947078835165
4047 0.04739648125788839
4048 0.04302255270778409
4049 0.07951009577064705
4050 0.004512574628758801
4051 0.05482795244587206
4052 0.03790743170708301
4053 0.19511082020268936
4054 0.3096684313615118
4055 0.37739650068286296
4056 0.558417128742228
4057 0.6952149644515272
4058 1.2198510018162367
4059 1.8493266171172005
4060 0.8318659132228551
4061 0.9435093898459982
4062 1.4655712376822323
4063 1.647143266924436
4064 2.4608107863290676
4065 2.8187485622099215
4066 3.149857437744297
4067 2.160198919028254
4068 1.29429966388516
4069 1.58770204028001
4070 1.1602482780261785
4071 1.191803629066307
4072 0.8442021234931325
4073 0.7504489789567862
4074 0.2336584180861407
4075 0.01254634335591362
4076 0.014025256896048284
4077 0.14910906566773108
4078 0.23673483567968323
4079 0.24642843787761765
4080 0.9351985736373273
4081 2.318363156197323
4082 3.057618044979424
4083 3.808512381732349
4084 1.8394099005030902
4085 1.299577794953866
4086 0.8730574079104944
4087 1.4182849476554644
4088 0.8977376029008186
4089 0.5406305348806572
4090 0.5272569112366169
4091 0.7221766587434528
4092 0.6696946996983244
4093 0.6350307289055567
4094 0.7157355137414422
4095 0.4944935064437296
