 0
0 0.9736469233722157
1 0.9944685757483575
2 1.047230111345146
3 1.0757573857297178
4 1.067887703090306
5 0.15750654737576497
6 0.12410039244760074
7 0.11955409894311461
8 0.21805365833966453
9 0.2795828157725043
10 0.11456865720419158
11 0.35589179098692775
12 0.8325271335446677
13 1.0293190457210724
14 0.8892066583522
15 0.6743078566541436
16 0.5151418013399449
17 0.03767259425821833
18 0.03509341821651427
19 0.06252824597973643
20 0.010289931887098785
21 0.023238981693692446
22 0.30417715332063355
23 0.5637343785055349
24 1.013604502619702
25 0.8464953612492057
26 1.0453365437493738
27 0.38726724221703285
28 2.328134222425306
29 2.8575472424471906
30 2.902878440835289
31 3.1126231262122053
32 4.771224791774403
33 6.387704883566816
34 5.6265629836761235
35 4.040230826908791
36 3.6366440071304047
37 4.740335461177021
38 5.7277062127022
39 5.6534694736467355
40 5.787615329023145
41 4.957156773592938
42 3.615188163153899
43 2.1630000715993636
44 2.4569165126702868
45 1.4643682537567984
46 2.0412057603654583
47 2.103037674252106
48 1.5928689343101687
49 0.9472610433051414
50 1.6983967147266008
51 1.5773952875328026
52 1.689738091679737
53 1.177037052292497
54 1.578923565159936
55 0.9916109055030394
56 0.8609968768568753
57 1.386681315839147
58 1.4351583380477821
59 1.6604849042160468
60 0.994132991690077
61 0.9234385859582993
62 0.6153802691881769
63 0.7499443733494322
64 0.9033703736339285
65 0.7237271595099495
66 1.2847214412198533
67 1.2594039367195367
68 0.8892574914061278
69 0.26059971478561517
70 0.19668948655415847
71 0.21192986312300255
72 0.2477968796173982
73 0.1897400983782208
74 0.002545205115833806
75 0.07473902643034197
76 0.49573615867241205
77 1.2312061857345624
78 1.4659212129892047
79 1.528833371075892
80 0.6596901736822007
81 0.13200010239614776
82 0.017865149486379125
83 0.029536867344449744
84 0.0027519064346317916
85 0.01384273740260327
86 0.5077567792415236
87 0.96409199893629
88 1.116163926457232
89 1.1785817815219817
90 1.4152661999018405
91 1.6001267395598298
92 3.122778693708818
93 3.7820905279122976
94 3.7227818042877376
95 4.676258067362692
96 7.084446337633481
97 7.070934781747767
98 6.583646803574413
99 5.2143222258804665
100 5.313434672943301
101 6.538791867801265
102 6.415706025619666
103 5.36602301917622
104 4.628468029517744
105 3.6406777305020874
106 2.1310885564450825
107 1.2197667679855826
108 1.2511136697588692
109 0.49758849427299545
110 0.651225796901811
111 0.6137430956228407
112 0.7908577657250718
113 0.5423135261429836
114 1.0431598471419594
115 1.4899470992330346
116 1.3896652735189716
117 1.111371768553396
118 1.4702566306498626
119 1.638500469848143
120 1.4797706346064186
121 1.7330882556313034
122 1.042953125313046
123 1.2064222529549575
124 0.5002776945462686
125 0.2818918003140155
126 0.1572690653568102
127 0.4167388490906318
128 0.5144352266214625
129 0.5734178779138569
130 1.2113637120262808
131 1.4760275744243618
132 1.169108419110458
133 0.14929993293426305
134 0.04579112786785849
135 0.019839362956137703
136 0.15478176994508705
137 0.32030099374525206
138 0.204584319859791
139 0.5423556819611571
140 0.6972971216540209
141 1.3397607397337232
142 1.3651359384915749
143 1.4063120693525786
144 0.7628951030238428
145 0.31029106238087356
146 0.20387543068914488
147 0.015524140499872292
148 0.07129495972729599
149 0.24405868567085584
150 1.3562558445380275
151 3.3034983214671207
152 3.0705503832100143
153 2.609615592465342
154 2.41850871021228
155 3.4112307098590886
156 4.722387145037523
157 5.4915103811613735
158 6.210533041740331
159 8.609533957998083
160 11.048633074432926
161 9.393372785197624
162 6.764417236297609
163 6.092129265742257
164 5.806663223325545
165 4.728143701726719
166 4.354431059448031
167 3.5734059241962006
168 2.4397056840453373
169 2.3193656115078602
170 1.323712950097431
171 1.1061071421038675
172 0.5770850205158121
173 0.22357301052702466
174 0.2705020066793884
175 0.2627557971710071
176 0.5535943706638119
177 0.5092412169821703
178 1.1018475347336683
179 2.06380986315242
180 1.4991699827760214
181 0.8874241478310522
182 1.202413283282027
183 2.4711173545252905
184 1.941807574040743
185 1.4741006623003878
186 0.5442711150024162
187 0.10138387734773256
188 0.026902370832276448
189 0.06211015157981091
190 0.16977523574054507
191 0.2835416632428739
192 0.31159579930250797
193 0.3315988125634685
194 1.5629277937960366
195 1.3040147887958748
196 1.0875325787621384
197 1.9841459590935289
198 1.3788052711937415
199 1.441733502957906
200 1.2270466315725208
201 1.2502419219026886
202 1.1670106730837437
203 1.8343149744989378
204 2.558834915177677
205 3.7997402354981227
206 2.8340192908852293
207 1.9351133697181175
208 0.9710072550463467
209 0.8446377710340746
210 0.1378928776958471
211 0.21036435970700443
212 0.0872563748661335
213 0.32206245542072715
214 2.430817769624578
215 3.673258228617102
216 2.575354834773898
217 3.0237275730996864
218 3.6553409940744754
219 4.377335422517648
220 6.177156986814669
221 6.157163048051266
222 7.288710592921973
223 9.931250418660658
224 10.919499711241452
225 5.610894725974004
226 4.494245515204273
227 4.564059123912269
228 3.507677527459634
229 3.9085530383748823
230 4.195246851774774
231 3.5719554427855282
232 2.177809352706374
233 1.7698534591963353
234 1.8525003233752377
235 1.3756981082174629
236 0.9082789988634604
237 0.42033695781078667
238 0.39311267139233763
239 0.3284179656591679
240 0.33527854498386334
241 0.17484466863552497
242 0.22207531422631444
243 0.8546168520237686
244 0.6229947294573496
245 0.4160523631584909
246 0.8037346325796568
247 1.7912723340283212
248 1.7766624256495345
249 1.147476289189342
250 0.2735056140607799
251 0.09860794503579451
252 0.08554833367093165
253 0.0744848650530164
254 0.277770528070386
255 0.9371630299698819
256 0.3521244380081204
257 0.019275004285596132
258 0.26765646072521193
259 1.3310332164961274
260 1.185128111756157
261 3.552382353739213
262 3.271586820859694
263 3.3380316313452267
264 3.9984613192876126
265 3.1680258507227177
266 3.2578843804363378
267 5.119849174447644
268 5.356594759634986
269 6.114764221170631
270 4.727231420975158
271 3.2440025318092816
272 1.9151323600127301
273 1.688589095498471
274 0.8634838726726412
275 0.08419476363478239
276 0.17165551377555902
277 0.9376742760257394
278 2.609709161324055
279 2.69061421951166
280 2.336760415910888
281 4.301738157103369
282 4.545673364264576
283 4.720343326620271
284 6.316216173722235
285 5.987807895947775
286 5.77144965992148
287 6.356455624930822
288 7.239747005474262
289 4.853891015371493
290 3.4354125279194667
291 3.1070514465792134
292 2.9108167544270143
293 4.806858103313473
294 4.9289584061967835
295 4.696695645870932
296 3.3220599771545714
297 2.593333951124815
298 2.325126892773026
299 2.126973852883938
300 0.975998044575734
301 0.7780053879577268
302 0.26623691733972815
303 0.1501775617595385
304 0.1156985038551542
305 0.009646592424989907
306 0.0005083181023330909
307 0.18837035125149437
308 0.03229376537590507
309 0.02213396015697853
310 0.6667956662201779
311 1.2603921368441344
312 1.2099622259650318
313 1.1100399898958337
314 0.5594166077203051
315 0.5406575174531384
316 0.456721428422541
317 0.39322501185638975
318 0.5369463435575486
319 0.6744701567806018
320 0.7180051916165446
321 0.4862939472070316
322 0.4051484824546264
323 1.6582223591478553
324 2.3302803361819064
325 4.692745152297781
326 5.007642319551424
327 6.288519142337394
328 5.167741505687135
329 5.42107753019102
330 5.635040039597188
331 7.613818592246481
332 7.410742100787978
333 10.317910752391018
334 8.947102851937158
335 5.781976410445722
336 2.765440471008091
337 0.9019053474150923
338 0.5559718902246009
339 0.930775083562888
340 0.6514630798889278
341 0.01885132914945866
342 0.4881021191673308
343 0.8801401245394865
344 1.63181429050448
345 2.522784759718116
346 2.814815554905582
347 4.85831575848263
348 5.98417664789703
349 4.612059612969963
350 2.8544147251707566
351 2.07705162744837
352 1.77533823868737
353 2.3045337783990885
354 1.3908142077369272
355 1.4186740355878817
356 1.9447424131547353
357 2.8570769592960654
358 3.7673563057256545
359 4.51701841559
360 5.757264380266646
361 3.769768482170953
362 2.526450472736969
363 1.5289512328152977
364 2.025273025855121
365 1.531744059149969
366 0.8490222104629326
367 0.3257933155518961
368 0.3065641815058261
369 0.1103882028435495
370 0.05048394587286902
371 0.034237501408116607
372 0.0004839731831829497
373 0.009542237966015367
374 0.4227768638771589
375 0.794525558907225
376 0.9383525057381581
377 1.1570241550371425
378 1.2635607011246965
379 1.150704929247123
380 0.8915125619315868
381 0.9678924202391184
382 0.9354387937127095
383 0.6407411431617104
384 0.3787481909493706
385 1.0756113442810613
386 1.2681007357948388
387 0.6721724960754714
388 1.6801631543575293
389 3.195673281416694
390 5.9780816097487355
391 7.385696066471706
392 7.564457337894631
393 8.03409767360954
394 9.7823991125323
395 9.399665774436036
396 8.372180139731359
397 10.674468199846148
398 7.617941824291339
399 4.2956416942886255
400 2.9635552379290964
401 1.2512583590417128
402 0.31279339939102035
403 0.23267833225849796
404 0.052274468059752055
405 1.0481617503864862e-05
406 0.10717777241673093
407 0.35182940350733877
408 0.30303933271529065
409 0.6236971063533528
410 1.749813389740727
411 2.654224034676067
412 4.152424033538699
413 3.7215118742058175
414 2.0972383866527826
415 0.7995533596711025
416 0.2758568982519758
417 0.47707945581346456
418 0.07060880658445753
419 0.18882236161980315
420 0.8438380702610928
421 1.0946288883079955
422 1.5194172195471336
423 1.7409006235319835
424 2.184802702579034
425 1.8250131213242777
426 1.804447337180829
427 1.2376418993054823
428 1.12003931204158
429 1.2139817455866668
430 0.6993328487927254
431 0.7633881584903127
432 0.5753008383045428
433 0.41923678012441357
434 0.09796761363586728
435 0.01523126383159757
436 0.04574421800589599
437 0.040763021087460376
438 0.07247175432090291
439 0.11690390612141412
440 0.5260726402286404
441 0.39514897419483547
442 0.6347276202322765
443 0.6663323601599739
444 0.6312834805319633
445 0.6309230018578244
446 0.5123416420373588
447 0.25921044407279514
448 0.45776355666727325
449 0.8664869762903008
450 1.9548146432800022
451 0.7222072779660252
452 1.0852218558005364
453 2.306503278745391
454 3.7287319374368986
455 5.797751017287448
456 6.5225237084477685
457 7.51855015846343
458 7.011112241922893
459 7.79249950598017
460 6.5477843709878805
461 7.060585288127238
462 4.583126123832124
463 4.319818337689268
464 5.306977443324324
465 2.8849271399219054
466 0.23843087774676353
467 0.06991448862111184
468 0.008542145263796869
469 0.11963643012527189
470 0.41261061663732346
471 0.7220563956534626
472 0.2186853337027012
473 0.15354347540323798
474 0.6560740520117951
475 1.7808396482103137
476 1.9452095479558995
477 1.6620966460495337
478 0.986965236325437
479 0.9735479968100784
480 0.1285061562941199
481 0.01589601576814002
482 0.023836814103007885
483 0.009205911574685656
484 0.200514453208743
485 0.6683211485956461
486 1.0785123957087621
487 1.2997235382660013
488 1.5180912260800115
489 0.8828359421305112
490 1.0915119361479013
491 0.3539923226678092
492 0.38261139075700795
493 0.22530763810470508
494 0.8763245709408987
495 0.9997384048830885
496 1.3578224226419666
497 0.4905161887813262
498 0.11517641089522704
499 0.056775558164316335
500 0.18727466669577136
501 0.020248267084170286
502 0.004531940031741846
503 0.05234849059744868
504 0.019328836006686917
505 0.07445202111619134
506 0.017405537631534126
507 0.11980563075316145
508 0.4261053616356413
509 0.3761031371937343
510 0.008946627790429783
511 0.04359710589900982
512 0.4653060254873769
513 0.5767834839576089
514 1.5521674021290006
515 1.8763927556287558
516 0.5725202667033819
517 1.5547934787242503
518 1.979478348561187
519 3.9303949632360196
520 4.777474039009249
521 5.153082785946485
522 4.00781209473772
523 4.144181716691532
524 4.585969904848429
525 3.9037474041956726
526 3.4240035058527214
527 3.8583751280903407
528 3.668395968899747
529 2.35507217851817
530 1.0037366972445978
531 0.14733883266961373
532 8.35215800104318e-05
533 0.30811918207213596
534 0.3335871185485852
535 0.37384643025846337
536 0.24291205673449412
537 0.7351100517933071
538 0.9519062435431881
539 0.3565089359404163
540 1.3682127875851058
541 1.4963905690647863
542 0.5665596475017481
543 0.19090383042993977
544 0.004237834347893025
545 0.0007333721474139769
546 0.010941463201230147
547 0.012754507605134056
548 0.2869208763151381
549 0.44724933456120275
550 0.5033377576658589
551 0.7766173410215923
552 1.3252240970883393
553 0.61742905281921
554 0.6523965273878543
555 0.09812411828936798
556 0.013067305159901232
557 0.025617133340750952
558 0.22634771099280898
559 0.8655133896566823
560 0.9523978909262169
561 0.13131125564098625
562 0.0001243182159592397
563 0.04658198022124099
564 0.5300494793193893
565 0.2281636090398694
566 0.05300726547564128
567 0.28932136540002
568 0.696386484734276
569 0.2259462443995008
570 0.09986929421399891
571 0.0022141381056706953
572 0.04701639444962326
573 0.002364963744330568
574 0.0005242116517176328
575 0.012135326370450067
576 0.612243963476324
577 0.4728136498665401
578 0.5948211955287493
579 1.7002329392690054
580 1.3842528285387412
581 0.08251178207067617
582 0.221734126685572
583 0.24915005870268317
584 1.3619165678921987
585 1.1761046211695474
586 1.457197815446939
587 2.9496037366685353
588 2.52951642152325
589 2.1589215607843544
590 2.4697702077173456
591 2.4191528559406925
592 2.2100277495213856
593 1.1810209738154693
594 0.15096757770620164
595 0.02698474088928577
596 0.00026272742000314357
597 0.07629002552376159
598 0.01648247799767855
599 5.455658842577182e-08
600 0.0018583269529060989
601 0.20264460540019996
602 0.31975367512615976
603 0.8979571314111198
604 0.7121089572302
605 0.5620743777170765
606 0.6160841707417029
607 0.1103910039254102
608 0.01829334448538456
609 0.03170402030147534
610 0.20607716097981194
611 0.18035314277783998
612 0.018911961602459403
613 0.024167879707445796
614 0.11891290959465907
615 0.6489458439646076
616 0.674740597285549
617 0.2378495054943627
618 0.1614625138466236
619 0.015109322134471474
620 0.07890480436078594
621 0.0203488405045517
622 0.0581728662013248
623 0.41022646717432626
624 0.17336251276110895
625 0.015490179150450535
626 0.11045013104119598
627 0.4903851407392941
628 0.8623019830708915
629 0.37037427589142197
630 0.30315821876458765
631 1.2988217273345177
632 1.8105075242458473
633 0.7155388030600279
634 0.32779421039274353
635 0.1874311192234987
636 0.4359748296051924
637 0.30421465614628984
638 0.1642251158437402
639 0.09602581639876208
640 0.6758219532728797
641 0.39883853708894507
642 0.6422095023711635
643 0.841886758856174
644 0.46279271988465337
645 0.09844892177850069
646 0.03857140689469158
647 0.1343140531729687
648 0.0009837032502392148
649 0.004544188274572939
650 0.12299553548319254
651 0.4704683948804546
652 0.6857073325011651
653 0.9802066943143534
654 1.0512466726558871
655 1.1543216631865223
656 1.3307529343084643
657 0.4404496164753184
658 0.02973655314110882
659 0.023889795810257054
660 0.021038311453564117
661 0.013770988740658251
662 0.09050777715874922
663 0.0029034440326176914
664 0.05516572422893182
665 0.23063122520352247
666 0.5568383449261062
667 0.48024417805804365
668 1.1111272472806808
669 0.9775867861426462
670 0.5095221734411329
671 0.07914589584068311
672 0.03199299560942554
673 0.2458983551362493
674 0.34416411468875674
675 0.3563141574755171
676 9.858387555091968e-08
677 0.022125977483893087
678 0.14187923022639726
679 0.2891516369200343
680 0.3474933389774927
681 0.7061503439116016
682 0.4843082069138414
683 0.07421556216601521
684 0.04533184592520042
685 0.00798746215978181
686 0.007182786630776456
687 0.10441684079077908
688 0.00026831661420518584
689 0.0016266936594141056
690 0.48885921370517155
691 1.0186808532012317
692 1.508239573952955
693 1.3983807919226228
694 0.8264030207385297
695 3.456840830242843
696 2.33529962853129
697 1.859100809831006
698 1.7958220069906712
699 0.9110836006217737
700 0.42931009311956153
701 0.6420942357237395
702 0.7706389531704517
703 0.36008238818804605
704 1.2910913532760206
705 0.7761546387224322
706 0.7486939428159506
707 0.7716558923906915
708 0.15280636127681885
709 0.007416996201838211
710 0.019000862536070518
711 0.40715997650688984
712 0.9168085408741952
713 1.2994768016289358
714 0.30210232738430726
715 0.08871583392154962
716 0.017835233903645414
717 0.06944841206596587
718 0.15039601250633644
719 0.3645588773853511
720 0.4855453281937031
721 0.06303849965472366
722 0.0458745292875143
723 0.0002662138728954396
724 0.0028792152897601647
725 0.0008283881013384085
726 0.38405642741715496
727 0.2705818875105694
728 0.10116699073277649
729 0.1496978644740174
730 0.8054486473647715
731 0.8130870573594347
732 1.4079699903391696
733 0.9930847708947809
734 0.35850762356928495
735 0.08489281250036626
736 0.16532033368516413
737 0.10490157235173145
738 0.02043146908661609
739 0.007621365586321555
740 0.006104868889408094
741 0.22547023145378395
742 0.08992764025358031
743 0.0580874430347316
744 3.68508847483238e-05
745 0.004501151560435721
746 0.04143567161352739
747 0.0015635808423936483
748 0.012032916797987956
749 0.39642114396639855
750 0.3616112167343442
751 0.14194980360264506
752 0.33925313047033645
753 0.5262977543946024
754 1.127221988162332
755 1.32890895372518
756 0.9964962738338222
757 1.4555659497497213
758 1.3777742057007503
759 2.680085218300701
760 2.3700375959662883
761 3.0247836667136467
762 2.7277731377787067
763 2.2374443599336606
764 1.2627587276570122
765 1.4120683506854106
766 0.7615749862001729
767 0.4921726358335998
768 1.240021544530206
769 0.7270573818030028
770 0.4350871370065068
771 0.7218254412869194
772 0.0053632390699515165
773 0.15621148776782268
774 0.5220227555416215
775 0.912779451569386
776 3.6578475085179476
777 3.2664552092290458
778 1.5080845075269906
779 0.6583087577288835
780 0.3166930604218096
781 0.19673510949037737
782 0.05035717554861355
783 0.013151969822713687
784 0.0005559156282158005
785 0.011140730479814174
786 0.11583559874492297
787 0.03524226194952447
788 0.21236250877360952
789 0.5655645548607459
790 1.2064762560111497
791 1.2582487333837706
792 0.34024811344015626
793 0.00043513297446715087
794 0.00240136920061263
795 0.05491368149329867
796 0.09105568391331362
797 0.18267393773105256
798 0.007016092678418523
799 0.0008830552027098835
800 0.13185902212790637
801 0.11309139208712551
802 0.00088031724592301
803 0.021911878072323074
804 0.0014236711747869092
805 0.045119333799401536
806 2.1922951166591878e-05
807 0.04030190969823603
808 0.075968353408637
809 0.06537237959732596
810 0.0008432281955719264
811 0.030835422489340663
812 0.014397765663798613
813 0.3907563401780952
814 0.4498926052579916
815 0.2720071920272645
816 0.5905171430412145
817 0.6068415913356063
818 1.3468132001259572
819 1.0413454871006587
820 1.0801473253588612
821 0.9665421395973761
822 1.6344605196329087
823 2.984579736159321
824 2.7271392180027094
825 4.044948037734396
826 5.205920440634251
827 3.7075107605766155
828 3.6052906571371532
829 2.6623743463359184
830 2.3611776006407657
831 2.137853822628651
832 1.8278424536607574
833 0.5442992326688041
834 0.12614129137294336
835 0.00766435139840397
836 0.414905773218382
837 1.1675320394505102
838 2.6387459027631786
839 4.8256071850575895
840 7.318153584376737
841 5.727208430073947
842 5.663599381500235
843 3.188491898009037
844 2.220488285319717
845 0.9296218848271811
846 0.48231254466704077
847 0.1905188813201249
848 0.016077204126877832
849 0.008160422910040254
850 0.03422852735383296
851 0.1050511315298684
852 0.4988046240276261
853 1.0855596984007778
854 1.4719728695380274
855 1.208772628729954
856 0.5756522646429703
857 0.002843622958801319
858 0.013972996705059247
859 0.006151575439315217
860 0.04701839900978562
861 0.14173056101551942
862 0.04609434741642236
863 0.05259210878999101
864 0.21159944813167464
865 0.29023385155529247
866 0.022136672983708805
867 0.09815872436026515
868 0.04993931373074935
869 0.02227157997377166
870 0.5715951860453037
871 0.33646570572124135
872 0.004522013981165517
873 0.00877244177608919
874 0.016588274939940598
875 0.04883571184834534
876 0.12289552839615957
877 0.4637692220970438
878 0.7963789221388377
879 1.154331851751938
880 2.101081637506655
881 2.374676781253957
882 2.2156113335332943
883 1.5402460650245267
884 2.12923305613244
885 1.7908216910807422
886 3.123876123764101
887 3.78229632854659
888 3.3164067997646183
889 4.853488116914181
890 5.8332107009125815
891 6.306888880279637
892 4.9203281751219805
893 4.4394053180118975
894 5.414167133897935
895 3.918291768259539
896 0.770982895798398
897 0.027163428148300726
898 0.012919810569829146
899 0.25410675130559385
900 1.1255873884529457
901 2.8438282133606334
902 5.494723273241081
903 11.129614118298985
904 9.815222421319804
905 9.177164792784227
906 9.60226861330564
907 6.791056635055329
908 5.22487795271066
909 3.137190469100288
910 1.7139709876089253
911 0.6988453718745473
912 0.0519228929128364
913 0.03410671344952625
914 0.006414799154547539
915 0.03644544006985254
916 0.1860050760149097
917 0.7006904276582635
918 0.9140449676327478
919 0.5460763588103438
920 0.09149402582456233
921 0.00026379623988766806
922 0.10148188045004404
923 1.9059060452523767e-06
924 4.667362590065978e-05
925 0.23423778108997348
926 0.2063449500342432
927 0.11230076466130257
928 0.007038390198743677
929 0.12492525330884825
930 0.17632185951953205
931 0.06702871843823577
932 0.05654863719293355
933 0.22283385089853266
934 2.0280967900917988
935 2.0073902044482512
936 1.7035168201572297
937 0.9130967588884774
938 0.20921926007985614
939 1.0930526142908317
940 1.6667046261387675
941 2.2501656955642964
942 3.047617641452694
943 2.69155302843831
944 3.876588801670813
945 5.378292780474854
946 5.161782030895601
947 3.660103021506932
948 3.3671366646304044
949 2.8566323983350386
950 2.744844018511528
951 2.9327510306027644
952 4.9152032236035925
953 5.770951324328732
954 6.746146855052126
955 7.274859775827671
956 6.623108885164405
957 7.565084868236572
958 8.421560522187281
959 5.890007852948885
960 0.48156835908674
961 0.029867058971948874
962 0.14524332617600227
963 0.4453331504027694
964 1.0662218403618464
965 4.172293887920973
966 8.81860728991813
967 10.711931026201901
968 10.336128100262963
969 11.040485574712193
970 12.023207555926176
971 13.02755011675909
972 10.383005793956544
973 7.050422609196206
974 5.103124283880305
975 2.8193533589969624
976 1.3369427988972924
977 0.5390948118520678
978 0.09068736151375142
979 0.07914286183415624
980 0.001923399119586584
981 0.253937422632272
982 0.37928908395884126
983 0.5336242083675402
984 0.11443802082040111
985 0.04131132842016831
986 0.42219473611563857
987 0.4419274316770029
988 0.45383199099418375
989 0.4971544948307046
990 0.4063380477664279
991 0.32158203883705433
992 0.3551896456116497
993 1.0803260312909795
994 1.9302406085679131
995 0.5063063172558889
996 0.22904291990765271
997 0.40594513012961625
998 2.6282687100712985
999 3.5248437888205713
1000 3.205752415767925
1001 2.0672350383596374
1002 1.0970637146369582
1003 1.9496333380378914
1004 2.180087984992761
1005 3.7399385825808538
1006 3.846454209620747
1007 2.672631420920499
1008 3.514815184146718
1009 6.275638846199729
1010 5.885486854732257
1011 4.092779537087276
1012 3.6511673278623853
1013 3.799818893981581
1014 2.9019456895987203
1015 3.5868857847380657
1016 6.752423473434548
1017 6.114644434780094
1018 5.05705022588653
1019 4.813557795414186
1020 5.550233995896584
1021 9.852639585523859
1022 8.583119967364917
1023 5.861243587274358
1024 0.07329788950552402
1025 0.017423590520006256
1026 0.7453425360879304
1027 1.4167216563252774
1028 3.106095724205477
1029 6.626349382743039
1030 9.021831790883821
1031 8.761517713520583
1032 11.707841161267849
1033 14.25639130165584
1034 16.025747195238296
1035 16.493323392611
1036 12.701114452595252
1037 9.100640683769468
1038 7.512624947318553
1039 4.799471242327253
1040 3.250400304016716
1041 1.970959146058804
1042 1.42614536741899
1043 0.5984110320969458
1044 0.029604771829143638
1045 0.001950050859065192
1046 0.3305331406565641
1047 0.2198882901557062
1048 0.021210495943379818
1049 0.0005252258675369729
1050 0.04280634079242701
1051 0.04508594011793375
1052 0.10706263367455758
1053 0.14890271098042435
1054 0.18001203595688703
1055 0.3554849681151896
1056 0.41269874224241304
1057 1.506809893241527
1058 1.9487499340427317
1059 1.2129738640683119
1060 0.3799391706758416
1061 0.03958913130378516
1062 2.2004276228163104
1063 2.9668569556517745
1064 3.4194607409539337
1065 2.6620703189474635
1066 3.4930533721875148
1067 3.094100778634669
1068 2.7996974095236786
1069 4.64800876263925
1070 5.537365917971127
1071 3.408510528076789
1072 4.116054664990069
1073 5.715571357943446
1074 4.553673577713997
1075 4.524822714212495
1076 3.8686661948754417
1077 4.416383433663658
1078 3.1785093249250638
1079 3.552732239176054
1080 4.385420216728206
1081 5.467204256947274
1082 5.202172424466884
1083 4.983844878283335
1084 6.092842832631998
1085 6.494642043904741
1086 6.751657487179144
1087 5.067807805685265
1088 0.0021017982107865408
1089 0.04926130119368936
1090 1.3357345343625098
1091 2.6657180885736516
1092 6.850933874203486
1093 9.312989024351026
1094 9.562487729898582
1095 9.596878354532864
1096 12.125887149587227
1097 22.899827637540984
1098 21.204467971588496
1099 16.394598227903476
1100 15.362890096621234
1101 12.257478732232745
1102 9.52868873270798
1103 6.9087979269318165
1104 5.272199974948641
1105 3.899558795502182
1106 1.6923977695979135
1107 0.9316462078868171
1108 0.47483950692990057
1109 0.1510023777864648
1110 0.00025949098893121635
1111 0.006739216298043226
1112 0.09791888362705634
1113 0.19474659593791685
1114 0.0946621196513115
1115 0.003226177383519964
1116 0.009953059124091574
1117 0.0845782184078977
1118 0.10621891585815545
1119 1.396494856596912
1120 0.8798185446504442
1121 1.6299433791762628
1122 2.4968685041181002
1123 4.655225960982531
1124 2.256999245715594
1125 0.027674317515419263
1126 1.3883134260352277
1127 2.240030853465568
1128 1.4675130323146768
1129 2.5016170120075882
1130 4.552323467407995
1131 4.281361764085184
1132 4.103317352403035
1133 4.715565882681198
1134 6.169638232811866
1135 5.787068408149596
1136 4.9748842602801915
1137 5.130766705754864
1138 4.758658943101136
1139 4.983175208911641
1140 5.322749282613889
1141 4.617101122461147
1142 3.163775772701174
1143 2.41769714062459
1144 2.776532394251498
1145 3.967663530292764
1146 4.12624350626339
1147 4.246383325390196
1148 5.308920790311903
1149 5.36483778970933
1150 4.857162621333575
1151 4.312132835363367
1152 0.000441709190872544
1153 0.07632589704357098
1154 1.351474818184822
1155 4.23900023785278
1156 7.414261984183231
1157 11.70823907729981
1158 15.96891744830907
1159 15.096565958903012
1160 16.671445178173943
1161 21.6984290919103
1162 21.386629687727524
1163 17.764894555819065
1164 16.569096563632826
1165 14.225220712654746
1166 13.689095058146831
1167 11.958869779962154
1168 10.04872041932262
1169 6.51601279186218
1170 4.982348275979984
1171 3.8520300265053713
1172 3.3402212296744547
1173 1.3257658115348097
1174 0.3064017587377804
1175 0.22843535132963966
1176 0.424371410299763
1177 0.83881885883347
1178 1.0062923687570344
1179 0.3341584670809699
1180 0.48846359457071575
1181 0.5670688163251995
1182 1.024777458671548
1183 2.944637104681064
1184 2.6004299863746927
1185 3.384779003880262
1186 4.80258167329642
1187 7.028756453092172
1188 5.775818914034809
1189 1.9691294170996196
1190 0.002898312295208628
1191 0.6946915954431041
1192 0.6653552667429382
1193 2.0327768427744215
1194 2.202144673801633
1195 3.6707425461217924
1196 3.2699548306043025
1197 3.6683305771135615
1198 5.716130920114592
1199 5.659371568758959
1200 5.959005503750289
1201 6.4662353871536995
1202 7.249929141359949
1203 8.654154574243865
1204 9.933699890529052
1205 9.581032985699453
1206 5.479472239436879
1207 3.3196409056569176
1208 2.5494087543030384
1209 2.979568526717315
1210 2.8252298642949216
1211 2.3652543215264514
1212 3.300292066895872
1213 2.822756512008759
1214 3.6538584345657252
1215 2.5334322956137214
1216 0.046798943911937674
1217 0.17332521919534782
1218 1.1448368673212206
1219 3.8939108730224126
1220 10.960232897890746
1221 17.45790592526898
1222 20.47843960458417
1223 21.588736075652385
1224 20.55268115408916
1225 22.78661315228221
1226 23.540251674798764
1227 20.362608204497835
1228 17.85551696205828
1229 18.614650098139805
1230 18.384986601584412
1231 18.370479328009534
1232 15.594875874453523
1233 13.285110002142902
1234 10.459909097705257
1235 7.010355518166707
1236 4.926577386262815
1237 2.14221109311038
1238 1.5342261529703611
1239 0.9524951190508051
1240 1.7495589465871682
1241 1.4234924844595713
1242 1.9166422028382093
1243 1.6334365748547208
1244 1.6325385478680225
1245 1.6975541363996485
1246 1.8469023487396696
1247 2.7278424706481865
1248 6.376596257052365
1249 9.375113990049794
1250 12.8486251987246
1251 12.281906664291979
1252 7.54292530671701
1253 3.8572838513853553
1254 2.634945950615993
1255 0.3236409834538571
1256 0.059262732345864794
1257 1.5402021384413744
1258 2.3066125358672744
1259 5.945765739732286
1260 4.809870778193415
1261 4.200199812703897
1262 5.95838688570233
1263 7.446212426703983
1264 8.143963580157026
1265 9.565184606928613
1266 11.49996048364678
1267 11.451731020236576
1268 12.483440971543995
1269 13.333519736037195
1270 9.378503001112337
1271 6.0042168183393745
1272 3.9672326923470713
1273 2.9335784653425003
1274 3.1883515558218276
1275 3.2562989874837096
1276 2.7738874162906058
1277 1.537784471060941
1278 1.9643689043131978
1279 1.9535245629439884
1280 0.36055584835123794
1281 0.776795048835055
1282 2.2938358041964526
1283 5.1935427634237055
1284 13.71253724081166
1285 21.40736294291857
1286 24.357596074734367
1287 25.262481126167458
1288 22.082198222359732
1289 22.817587565095995
1290 23.699637912401975
1291 21.531728447704577
1292 22.129111589936077
1293 21.78824836158964
1294 23.633264015656138
1295 22.450046401569644
1296 22.811576611921804
1297 19.898264147967918
1298 14.667050670936526
1299 9.188789272508407
1300 5.981668279620475
1301 3.9816379167549667
1302 3.3868361918572365
1303 3.173098075941021
1304 1.6366092684729256
1305 0.834026882776265
1306 0.7588586831167509
1307 0.859429231236399
1308 1.3263054378368073
1309 1.1445791165668555
1310 1.0079649295043238
1311 2.789010694342849
1312 8.67873354607874
1313 16.67564776278383
1314 21.41857108771118
1315 17.725594507994064
1316 15.681916687442149
1317 7.638964384078449
1318 6.513990696055666
1319 1.9049613897133382
1320 0.2305952456362466
1321 1.0431500370721523
1322 1.939482420223117
1323 6.344507402406203
1324 6.999123109727778
1325 7.09135914735531
1326 8.021855724924919
1327 9.836238672987037
1328 11.524778874505035
1329 10.947477677265388
1330 13.66231155486123
1331 14.489908574241412
1332 14.012129806785014
1333 15.82869329375912
1334 12.699016740128574
1335 7.760588625454606
1336 6.286580606862618
1337 4.389061227477223
1338 3.7820480343635876
1339 2.731039421062208
1340 2.1124569323512015
1341 1.5562084525318154
1342 1.6558090473399973
1343 1.6252607241341515
1344 0.3623213538627369
1345 1.5601569499998256
1346 3.2725385824145183
1347 8.665898113666136
1348 18.951094419879528
1349 25.156361785766816
1350 27.58119435326394
1351 27.262486089103717
1352 24.741711333267606
1353 25.804693142676715
1354 29.63606893357867
1355 24.0458142154241
1356 30.149342814072753
1357 34.006955655269
1358 26.81814773278804
1359 24.432534184704654
1360 28.44615684753844
1361 26.770595948161464
1362 19.064374985583214
1363 10.891982839465514
1364 6.354338088274134
1365 5.55734395852859
1366 5.52449759906418
1367 4.926843326002138
1368 0.9758523572419259
1369 0.07798906136288054
1370 0.33035225423670783
1371 0.6242762529156133
1372 1.167327694155938
1373 1.5588662611384692
1374 1.6845205887907413
1375 2.5872213159121262
1376 7.531186280491661
1377 15.543033869580723
1378 18.97660960640824
1379 20.05025497039657
1380 15.970230548899943
1381 12.10806807808861
1382 8.133516326509291
1383 3.7153011142453174
1384 0.9900217049203598
1385 0.2617845975030983
1386 1.0311456632125693
1387 1.8588263166859935
1388 4.69367557059118
1389 7.280435647639014
1390 9.241647413832526
1391 10.950205243547847
1392 11.502171778427563
1393 12.623502521507199
1394 14.106752562669897
1395 17.222931700263196
1396 19.12984850670936
1397 19.86285828035296
1398 17.915800130866078
1399 12.800150686655432
1400 7.549863077894021
1401 5.211988596463579
1402 4.049296320584021
1403 4.505689712461167
1404 2.5116003280378125
1405 2.171147292546577
1406 1.6990315673062475
1407 1.3189822716265545
1408 0.4104031757092494
1409 1.8499471693885507
1410 4.610450573440837
1411 10.885585478131565
1412 22.91479474378805
1413 27.857009468211245
1414 25.084272525970153
1415 29.82673950021634
1416 26.031694647852994
1417 29.653165030595986
1418 33.667408987243185
1419 29.426915771424426
1420 31.49917652795589
1421 44.33474704978575
1422 37.916989305002026
1423 26.762022308434442
1424 27.334640087987168
1425 29.252706552944872
1426 23.25589571490993
1427 14.48268359750899
1428 7.958446857524054
1429 7.0466103813659124
1430 6.891286040687083
1431 4.889002013908121
1432 2.156663235965447
1433 0.7195918880630626
1434 1.1937720778550334
1435 1.3196117682637598
1436 1.9351455228288723
1437 3.8588118267488603
1438 5.667766506035887
1439 5.583144138019095
1440 7.780145294814211
1441 13.955178215946813
1442 16.287012884607282
1443 17.105070568860185
1444 13.677677938841278
1445 10.729287721087058
1446 6.595481354032356
1447 1.468130435893888
1448 1.9161295723632057
1449 0.03950232345962854
1450 0.7953739534804238
1451 1.0596787896268072
1452 1.7818809684131713
1453 5.042076063627773
1454 6.058023586383785
1455 6.485153875823528
1456 7.60605826333131
1457 9.001339590351359
1458 13.110213025745598
1459 15.155916362747565
1460 18.39623681909469
1461 19.97166251503401
1462 21.332878638742176
1463 15.243159156607124
1464 10.273024798178703
1465 7.996843283674673
1466 5.675684274112856
1467 4.448437928339094
1468 4.455144140644445
1469 3.5518351295988033
1470 1.360198114409387
1471 0.9844028556750037
1472 0.6609990708099345
1473 2.240835925138734
1474 6.902724390452496
1475 13.437378134617482
1476 25.351732727404542
1477 29.001721098704188
1478 26.082081064497356
1479 31.327861487678216
1480 28.358197935836362
1481 32.432602554330025
1482 34.08728582857957
1483 33.577219053598284
1484 35.43861155999442
1485 43.190514777699676
1486 47.282613020395665
1487 39.06223745995037
1488 29.232677461932504
1489 30.198002669409583
1490 21.354448806867367
1491 12.40715982177032
1492 6.325095872155665
1493 3.7905660795321907
1494 3.871986160906288
1495 3.628207633696575
1496 1.7143527195209354
1497 3.4497741975739706
1498 3.321418098066084
1499 1.921253829960691
1500 1.0399318221995422
1501 3.185097584045371
1502 5.254018531633929
1503 5.783334249386051
1504 4.902192698122812
1505 8.86831908226844
1506 14.140281036315136
1507 13.119678679995763
1508 12.759738019138204
1509 10.008958556430153
1510 8.684817498089393
1511 4.916324220633979
1512 4.746519780261268
1513 1.2519143294952793
1514 0.22938080302278657
1515 0.9958434514811129
1516 1.985757831483687
1517 4.114374281523681
1518 4.432253216907714
1519 5.686021399005175
1520 6.317814262928088
1521 7.92269732358765
1522 10.074835612034178
1523 14.511014174906062
1524 19.53315088395978
1525 19.32709427251922
1526 20.997270876168248
1527 17.088231541936295
1528 14.608746700985629
1529 11.065496304316262
1530 8.400992941239691
1531 7.3508051199518345
1532 5.822763364888737
1533 3.4310223293775857
1534 1.347824366853548
1535 1.041827695975485
1536 1.9583102311339653
1537 2.966421412258383
1538 8.726182462408367
1539 16.22378450028787
1540 26.08878972522318
1541 27.12160442518071
1542 27.863159664532127
1543 32.664383860441134
1544 30.2977916429039
1545 32.25106454808633
1546 30.768475953768867
1547 34.0630324580835
1548 38.17857797364897
1549 47.66701103259133
1550 46.30150783762428
1551 41.161619290014755
1552 37.64389010292412
1553 36.75639459013457
1554 26.886611727285587
1555 14.708546293693917
1556 7.3125252803634115
1557 4.562397014608771
1558 3.73601486367817
1559 3.5875439038839736
1560 2.674338850869275
1561 2.451589520204406
1562 3.8522568778189403
1563 2.1355944044955457
1564 0.5290777585945666
1565 0.87258525272977
1566 3.0676633709529564
1567 3.9696798503406443
1568 3.1374338262942487
1569 6.10049555226526
1570 10.399019041978233
1571 9.955406463063472
1572 10.712551974913788
1573 10.050911206524491
1574 7.302128785148042
1575 7.781703003306805
1576 7.027996203343087
1577 3.613351261124706
1578 0.2638659656145216
1579 0.3403192963132686
1580 1.3023704399848373
1581 2.1781383289392218
1582 2.7497492190556736
1583 3.241465255082992
1584 3.7190160084332393
1585 6.165433225281842
1586 9.025238686798783
1587 11.69144698784916
1588 16.726872368083406
1589 19.62594276554864
1590 23.14835956312174
1591 17.15320518020009
1592 16.414495315160824
1593 14.139609766496665
1594 10.691325807273511
1595 8.604461538924046
1596 6.9502363000521274
1597 4.4560562505436145
1598 1.0565082108693957
1599 0.5958355792809148
1600 2.714225993937648
1601 4.801402921578825
1602 9.725151400893841
1603 18.962043439283143
1604 26.536778331367906
1605 29.06145082284724
1606 32.2680453448629
1607 33.22966038559892
1608 32.70558559498791
1609 36.2021234839316
1610 31.51999150416322
1611 36.38937849463143
1612 42.99108108416369
1613 51.1106906496106
1614 54.63413838021511
1615 46.36328891584001
1616 36.31201289387564
1617 37.299822167254845
1618 31.721942877970005
1619 19.729589171568772
1620 12.874854430416656
1621 8.233214054598774
1622 6.06737263158486
1623 5.026722198555273
1624 4.3077114004551404
1625 3.174822592216898
1626 2.2788546750106544
1627 1.9390785588341581
1628 1.0308565361564273
1629 1.0496162190455531
1630 2.649405328075828
1631 3.135995267908751
1632 2.8592769752561935
1633 3.0915979889072407
1634 3.515431551121375
1635 3.637025925580051
1636 4.321704869412446
1637 6.436693294004052
1638 7.718665791830466
1639 8.021572270249992
1640 6.025891197733893
1641 2.6555973593742603
1642 0.6640966847483022
1643 0.1315432644250147
1644 0.8053445211853695
1645 1.4093977257257435
1646 3.727565406495741
1647 3.569650341599344
1648 4.409924848570198
1649 10.039421275771316
1650 13.470029658561316
1651 15.264765043691364
1652 19.457588117729305
1653 23.230685797993132
1654 22.408533497997194
1655 17.661910459074765
1656 18.033756131005774
1657 17.331761946785672
1658 12.215224141457332
1659 11.900565964530902
1660 9.868291950468727
1661 6.129743360226539
1662 3.7697982455097514
1663 0.9202312954998793
1664 2.704359531679311
1665 4.902175795992475
1666 10.943822882418333
1667 18.36910794501275
1668 23.94048176006538
1669 31.860111437246154
1670 34.40543115607216
1671 34.6968426174838
1672 32.44987960606474
1673 35.306546786756904
1674 38.370161305002085
1675 41.49537691628855
1676 49.94546896185349
1677 55.78099439711618
1678 60.7364676423924
1679 51.57710791732653
1680 42.05640190506429
1681 42.05748177727358
1682 41.458611823376486
1683 27.339022001681013
1684 21.407157814719568
1685 15.268844796497316
1686 13.19142099224024
1687 10.89433195688099
1688 8.205582740175714
1689 6.100422564020315
1690 3.6726229305643074
1691 3.037278108199313
1692 2.159088294958861
1693 2.51823160852624
1694 3.824735904024368
1695 5.27655337261138
1696 5.386158007695517
1697 3.4180231103710668
1698 1.6028833470585295
1699 0.6522651834891603
1700 0.958476768599121
1701 3.294391068132953
1702 5.029269182803368
1703 4.407161811794435
1704 2.582035199244409
1705 1.0920380929523923
1706 0.2652353041962907
1707 0.10282557647062869
1708 0.34543547350174075
1709 1.4135742228501509
1710 2.309177370883675
1711 3.1787766172516307
1712 5.447401957467466
1713 10.7106876073186
1714 15.2669308955948
1715 20.62555701593991
1716 24.552313901088336
1717 25.039336898044
1718 22.668338309217564
1719 16.420931344235758
1720 16.267033736635042
1721 16.141882097238444
1722 13.23272136961447
1723 12.588710427706188
1724 10.175111881112063
1725 7.704496059420625
1726 3.894615158026535
1727 1.700420514628091
1728 3.728050356368944
1729 3.824636432281068
1730 7.990288089526962
1731 18.121107191372637
1732 23.223164442130006
1733 27.90371545157223
1734 31.35324072299939
1735 34.43474799267921
1736 33.28723006702153
1737 37.44918538681185
1738 40.872796440300554
1739 40.15976421881843
1740 47.07275479344466
1741 53.539410486014326
1742 48.07953382291247
1743 45.944206440201
1744 44.11607404244517
1745 49.09364127682748
1746 44.38504538858086
1747 29.958239936333328
1748 24.164187257256135
1749 20.20147585490232
1750 12.862274249069408
1751 10.980921162062401
1752 8.724151661645072
1753 8.318108180148462
1754 6.442897488040822
1755 6.194310509157019
1756 5.7853044709278025
1757 4.965496409854149
1758 6.673292172683288
1759 6.886879950950718
1760 7.317908055710271
1761 4.425293608506684
1762 2.399047607147194
1763 0.6867642129129236
1764 0.70169137530405
1765 1.3840665310923874
1766 2.4754545384941844
1767 1.6562375802276037
1768 0.22730637148686744
1769 0.003056695784130561
1770 0.02431615433315198
1771 0.46190628453982147
1772 0.6366512968807044
1773 1.4383965947510817
1774 2.1766835168778123
1775 3.174879214118093
1776 5.31610705633329
1777 7.0689825183667105
1778 13.064513513169716
1779 20.92168743104701
1780 22.42097987477534
1781 23.69758078209076
1782 16.19590468493411
1783 14.936439346389365
1784 11.784841670380068
1785 11.289347142904418
1786 12.395794142646412
1787 12.40954304521126
1788 11.833216597842734
1789 8.51167839365192
1790 4.273477537715653
1791 1.8983128790864763
1792 6.891955547078467
1793 6.778407783741575
1794 9.278417266955234
1795 15.252292056028109
1796 21.20331512056685
1797 25.465816824356885
1798 30.154779313585596
1799 34.30491723798398
1800 35.04921407836217
1801 39.04914066005007
1802 39.51023724217961
1803 36.73194574387266
1804 44.0888888410684
1805 48.55452255502752
1806 42.66660853170012
1807 43.76873091048071
1808 50.72274389565309
1809 51.992350647692994
1810 46.648951848214935
1811 35.70783695119969
1812 30.91944746023102
1813 24.862442411259504
1814 15.394875334164745
1815 10.96734987541307
1816 10.08461358689606
1817 10.62092732137662
1818 8.585968408507128
1819 9.484968628993373
1820 7.058601145613883
1821 7.927539497029585
1822 7.807845715815624
1823 9.288832552593226
1824 10.055738252619127
1825 4.62744454156446
1826 2.1556087221127074
1827 0.6178051315855908
1828 0.5938843522122049
1829 0.09691092351358542
1830 0.004838899082518752
1831 0.14982593108716663
1832 0.2252239836363074
1833 0.985212114335482
1834 1.3782805225382444
1835 1.771069191226774
1836 2.2840409039712104
1837 2.0306920845016245
1838 1.485300794245059
1839 1.6866884624292668
1840 3.9249635255315845
1841 5.159069617775548
1842 9.071916767665067
1843 14.890490458157567
1844 18.77980924919033
1845 19.412931599625647
1846 17.195824569794002
1847 13.140088436635834
1848 10.367579244889253
1849 10.427245483688813
1850 12.269477331658285
1851 13.239286813974168
1852 13.946459760093958
1853 11.177233122703838
1854 4.373257046259487
1855 1.7321355899813649
1856 6.729995924637192
1857 6.647701726565495
1858 9.570715764931172
1859 13.824252595727518
1860 20.267401845439007
1861 25.138818443332053
1862 29.774243379078246
1863 30.272957610047946
1864 33.29310657928213
1865 39.70993747484674
1866 38.39993153904743
1867 37.8873874820616
1868 46.015435179022965
1869 53.87660236289694
1870 52.913751564836
1871 51.081116434642524
1872 50.274444436943156
1873 47.669541036026736
1874 45.78658749777658
1875 36.17176094412486
1876 33.081402579380615
1877 25.85182822352331
1878 18.242251115711053
1879 16.03850707624659
1880 14.752165405003016
1881 12.260587107700195
1882 11.60631900299956
1883 8.15171565507259
1884 7.831554659410293
1885 8.632366472037535
1886 9.942234971028723
1887 9.44264810516779
1888 8.199942166899469
1889 4.200637999533445
1890 1.425587319155851
1891 0.032665820325754394
1892 0.2571638621457969
1893 0.7261036183684687
1894 1.3044502258583606
1895 1.8898324605651742
1896 2.9323703023306393
1897 3.9088208165582974
1898 3.5173718836092847
1899 4.636080718241096
1900 6.688905383228555
1901 4.686986660641185
1902 3.1326056729325233
1903 4.038364104536651
1904 5.813096098838392
1905 6.149347018334862
1906 7.268992770875112
1907 9.411808763915712
1908 11.112327949548595
1909 12.698827341283476
1910 12.709649969806087
1911 10.429927443653018
1912 11.165026143174188
1913 10.046819806837748
1914 11.38504518635498
1915 14.454255163147225
1916 14.535125584493032
1917 15.430754885311151
1918 7.5927741097948775
1919 2.7953610598162575
1920 6.284983720393605
1921 6.266756482314089
1922 9.557118626405845
1923 14.197918743174583
1924 22.109269275001676
1925 26.187745799160133
1926 31.628654193483175
1927 34.15884402928764
1928 38.473052016110294
1929 39.53794196983839
1930 35.371322635117984
1931 38.06752894737778
1932 44.576896599568464
1933 53.10073290069536
1934 57.356542689282676
1935 54.67310215161071
1936 50.535965440618135
1937 51.98185304311953
1938 48.451239844359925
1939 36.98961751763524
1940 33.48790019757389
1941 26.610849990234446
1942 23.471101469059132
1943 22.39198369644826
1944 19.526861719616097
1945 16.802268102697255
1946 18.017698922586103
1947 15.138740461318468
1948 13.024882243814567
1949 11.98231563130645
1950 10.669273797151268
1951 9.017607885037501
1952 6.830033031824455
1953 3.0196188571689015
1954 1.1435981927655474
1955 0.1710992629869949
1956 0.0939815912607143
1957 0.9433524670532514
1958 1.162735745338867
1959 2.396112904618073
1960 4.221063482508061
1961 5.842903354017348
1962 5.484990939734961
1963 8.461207535864435
1964 10.774112058531706
1965 9.143990180315361
1966 7.465824153001831
1967 6.855758482188545
1968 7.16101969636453
1969 6.721727685876662
1970 6.581849577179326
1971 6.809675544004598
1972 7.818302886391702
1973 13.159563654446353
1974 9.256021358442153
1975 6.4844758250305405
1976 10.464357041375607
1977 13.589523700574542
1978 15.670509295549842
1979 17.625808975810543
1980 16.598136195915355
1981 19.4376145811081
1982 10.826772964801885
1983 3.4182085028506903
1984 7.808562343718026
1985 7.365762545067866
1986 10.207761096587138
1987 14.293977201460603
1988 19.46491770353948
1989 25.26763110116017
1990 32.639524533743156
1991 35.12612411594406
1992 37.326451113264476
1993 40.6469653687776
1994 35.162068609922116
1995 34.97821518710809
1996 41.10970016324087
1997 47.247984515513544
1998 53.581348182250935
1999 48.9631148493572
2000 50.845887779577154
2001 51.97453220118408
2002 48.90879617827868
2003 38.48028722162329
2004 33.814171174702544
2005 28.683631158762346
2006 25.759062993691227
2007 24.13789825941239
2008 20.32098036524853
2009 20.489025633616905
2010 20.555922674436268
2011 18.47332791256014
2012 16.63507876243024
2013 11.997300073428868
2014 10.714944565861218
2015 7.213366787744158
2016 4.976825521711623
2017 2.5978724344914506
2018 1.497424637788014
2019 0.21722016948762968
2020 0.0020897481955966693
2021 0.03238660220147977
2022 0.4823933259982084
2023 1.6363011524345201
2024 3.4153032894356397
2025 4.806824346567743
2026 5.808582867038677
2027 7.93161453714396
2028 8.731041331836687
2029 9.665892422108087
2030 11.881299243682918
2031 9.768260315876903
2032 6.9879973174966405
2033 5.565309803264383
2034 6.04109143742257
2035 5.821429569264844
2036 7.441028547000902
2037 13.222604884496013
2038 8.763356268438299
2039 4.287430110857195
2040 8.706672334348855
2041 13.613483897467226
2042 16.49484571924948
2043 14.029571024080758
2044 16.72903705858674
2045 18.636989343031054
2046 12.135341240982994
2047 3.563244643236478
2048 6.462832533913768
2049 6.892432697044023
2050 11.519238593501038
2051 14.839133104017039
2052 18.93805988304557
2053 26.17258499343865
2054 33.18323755553338
2055 33.57752705837287
2056 32.43926271478369
2057 31.561895749671816
2058 30.776482216257797
2059 33.74978547812261
2060 36.374626114707326
2061 44.7969780224259
2062 50.363941998349546
2063 44.76239646222794
2064 53.484121143585966
2065 56.2998973358153
2066 47.2542175004194
2067 34.3457069339422
2068 31.750964290195476
2069 25.816117629923998
2070 22.613368403173506
2071 20.7401841310329
2072 19.446625490882393
2073 23.422440385420064
2074 23.21415790325543
2075 20.03465780072267
2076 14.20919019681447
2077 11.649121504748372
2078 9.484638132657423
2079 6.844712481434677
2080 5.264301148439135
2081 3.772343135667446
2082 2.149941033016835
2083 0.7212068556441104
2084 0.10469771525216447
2085 0.0014062999752454397
2086 0.0008215092725296054
2087 0.06565778985317103
2088 0.9652737032830175
2089 2.34123376143236
2090 3.5371084002426394
2091 3.8663034703644015
2092 4.809762254900212
2093 8.541823787112996
2094 9.774135880364364
2095 7.8997368718751115
2096 6.0058263242628485
2097 4.300941989118583
2098 5.183927925138008
2099 7.294820285685202
2100 6.109521484956672
2101 7.494124484823107
2102 7.439385605210295
2103 5.385229559073998
2104 7.706742212360419
2105 8.933896222499449
2106 10.514225823186667
2107 10.164472054286934
2108 14.089064682465208
2109 17.527460117913183
2110 12.62389301436517
2111 3.209896998531163
2112 7.748608722070928
2113 6.434694885462179
2114 10.097139393213393
2115 14.294340980046591
2116 20.59436211230472
2117 28.269653461646403
2118 33.05519751933739
2119 32.18307336355293
2120 29.55183565338499
2121 28.009376866211586
2122 25.96271766115668
2123 28.800339690706412
2124 32.70145902251024
2125 44.015386124954595
2126 51.08009850957115
2127 46.11051566468313
2128 53.61239473486641
2129 60.21053439215623
2130 52.041307412251946
2131 36.36433802114342
2132 27.806756863198782
2133 24.44121931358308
2134 24.949933673002896
2135 23.770246163011052
2136 20.86635991201623
2137 21.40810943769763
2138 20.60335118094914
2139 16.88900786278185
2140 15.964288616424756
2141 13.968201931373459
2142 12.507259039399221
2143 9.47109786001478
2144 6.66687808695357
2145 4.890489022237562
2146 2.93109706067446
2147 1.2998604419291626
2148 0.9657936072325468
2149 0.3097882621926234
2150 0.17450593343244175
2151 0.04825647668720123
2152 0.133924046857159
2153 0.8118242205524185
2154 2.149233995859854
2155 3.240015505456685
2156 4.4323324482542965
2157 7.069894831744205
2158 6.712299908039298
2159 6.858747699088525
2160 6.6103098299418
2161 3.930722752097105
2162 4.829295354686162
2163 5.8789831887114525
2164 4.473482297879589
2165 3.794944631805071
2166 6.827235955714108
2167 7.822185381464659
2168 10.243971960717253
2169 8.193637011030152
2170 8.234940224941726
2171 7.298133694873804
2172 11.512720845539208
2173 15.533139218383978
2174 9.627943513797286
2175 3.246504867279426
2176 7.150943606513142
2177 4.259092086369505
2178 6.918645529089901
2179 12.676202165651326
2180 19.575162722769473
2181 27.40731914337351
2182 33.568779018025296
2183 32.26012255549593
2184 27.98217384181664
2185 27.78337358758066
2186 27.866515160810827
2187 29.616547993065055
2188 31.480077331301985
2189 43.18333112991567
2190 47.296850945944826
2191 44.653428171956556
2192 51.78292906548636
2193 57.628447137603374
2194 52.5616021202038
2195 38.716833814538624
2196 28.56582836403924
2197 25.460284803119034
2198 24.87871479657286
2199 27.890323639170226
2200 22.978273616992954
2201 17.314761151133833
2202 15.432540372756467
2203 16.57420077671795
2204 16.727938765904042
2205 14.99232284406292
2206 11.649941188498415
2207 8.523928545977805
2208 5.538483345334809
2209 5.105635928846686
2210 4.490509135025871
2211 1.9707864052930564
2212 0.8077699680358084
2213 0.3772758428590246
2214 0.07358046587178335
2215 0.028150702151452992
2216 0.6624424800476006
2217 1.6423855211673912
2218 2.1584318065122954
2219 4.168684532748099
2220 5.728217266787225
2221 7.625483011886079
2222 6.232961495662408
2223 6.522625347994303
2224 6.6374500879388965
2225 5.601367447622899
2226 6.011268316981694
2227 7.870261482486829
2228 6.837207993108389
2229 8.209960528766604
2230 6.955359600308768
2231 7.491612208772693
2232 8.499691527110873
2233 7.721095998669683
2234 7.144267676157756
2235 6.523560349597076
2236 11.771203347686678
2237 13.512902763818843
2238 6.27719028664273
2239 2.196744610735063
2240 3.975125300769362
2241 4.441937035285488
2242 6.857730511864387
2243 11.467995844884289
2244 18.80375987603063
2245 25.91721360635604
2246 30.31253916300931
2247 28.60948504334928
2248 27.84893620789437
2249 27.27713830724108
2250 26.817083381109867
2251 29.83936925634886
2252 32.70413426370693
2253 40.0232638253379
2254 42.98905374489362
2255 42.96001541351289
2256 46.02396976816696
2257 48.111777184078335
2258 51.76033211531068
2259 40.27136076016679
2260 32.65394410441614
2261 26.496960722560647
2262 24.730716831425685
2263 23.115215641952858
2264 18.59019556352439
2265 15.47178933483816
2266 14.90782819380658
2267 15.696108615713372
2268 14.27206488167348
2269 12.516491917355298
2270 8.073763760970888
2271 6.390849885860765
2272 5.19659286575097
2273 4.1560412259591795
2274 3.760333901823297
2275 1.7908634387949744
2276 0.8424452938965391
2277 0.14052067872526464
2278 0.0097613551476394
2279 0.054456414118706255
2280 0.8816329497393702
2281 2.715456078542548
2282 2.567104290909968
2283 3.2797782641647504
2284 4.024357380510523
2285 4.957738004981714
2286 5.243522984390765
2287 4.113448041918981
2288 5.325057323325565
2289 5.431254957697239
2290 5.896483405837772
2291 9.128836405980302
2292 10.00622212301264
2293 12.512419633042636
2294 7.875731674190105
2295 5.737598692606049
2296 6.442121379722376
2297 5.685678277915661
2298 6.830538998327716
2299 7.826129476065896
2300 10.624773746675169
2301 9.115099986982843
2302 4.06437927451183
2303 1.8812301382075713
2304 3.1736444837786912
2305 5.177184165771157
2306 7.394445444999596
2307 10.148965029249423
2308 15.601298454901025
2309 22.29414134063492
2310 27.03526975635896
2311 28.33818254316036
2312 26.64838748227658
2313 26.566820577546192
2314 24.438757054540794
2315 29.474400870799485
2316 33.480653921503624
2317 39.72310097864282
2318 45.4583632139889
2319 46.63016197215719
2320 51.70335551839775
2321 57.74076918006312
2322 56.433014193156346
2323 46.04055356762836
2324 39.68867401302864
2325 32.16031160298707
2326 23.67840632992122
2327 20.796112176971885
2328 19.020194655058674
2329 17.991451777040275
2330 14.634530613537375
2331 12.217647842401442
2332 10.729039495315195
2333 11.377475453550728
2334 10.056134713929042
2335 7.339227191267362
2336 5.829916395974171
2337 6.003219158782476
2338 3.5278209657530257
2339 1.816821591338919
2340 0.9731178791683743
2341 0.8413329762289634
2342 0.687273865771594
2343 0.026001217708094795
2344 0.6926445585677432
2345 2.298645318033029
2346 3.4420771359878577
2347 5.011548940866949
2348 5.895416555881106
2349 4.005752509749489
2350 5.296207366290161
2351 5.016858815999969
2352 5.208134900286963
2353 5.563719763644012
2354 7.321020088476212
2355 12.100358195396378
2356 15.208281463837823
2357 14.98970258395953
2358 10.769921935516797
2359 7.935245676839094
2360 5.786284971913234
2361 7.200983644890096
2362 10.41406991719341
2363 10.233610580255718
2364 10.696938253817033
2365 5.103620640479814
2366 2.293992129199706
2367 1.2868707414550358
2368 2.6989519421791153
2369 4.492238248788753
2370 8.804296793820116
2371 10.011172464783353
2372 14.156639366254911
2373 21.431051169368015
2374 25.001446077445713
2375 27.00654777442469
2376 25.98932065719584
2377 25.3429039344183
2378 24.869810396309713
2379 26.324058820674065
2380 34.78916955889657
2381 45.65069917455634
2382 52.16555207112768
2383 49.88663597157623
2384 53.305485670021056
2385 64.50386142776402
2386 60.915599496073156
2387 44.63064045401526
2388 41.5835125591805
2389 29.4457925021669
2390 17.586172971748777
2391 13.995473255813833
2392 12.293068334947746
2393 10.554197488410354
2394 9.89084916257676
2395 9.219042406608626
2396 9.130422023563563
2397 9.774312133757332
2398 8.86722956875289
2399 6.993454266527616
2400 5.71612617012968
2401 4.67657916638183
2402 3.1394429166997297
2403 1.409443352217435
2404 1.153581138453151
2405 1.9367636171796305
2406 1.1329121166591565
2407 0.30787308117233525
2408 0.07835294559533718
2409 0.639381219124494
2410 2.1705430662219807
2411 4.162821922833993
2412 6.226141691216117
2413 5.047489790708048
2414 5.484596216263056
2415 5.986298051047014
2416 7.256899431118619
2417 8.567056843487675
2418 11.607713868254129
2419 17.04964049448785
2420 19.91065560686936
2421 17.493964960844423
2422 16.684355318540057
2423 14.460632117410897
2424 10.698980770619615
2425 11.184629214581985
2426 11.127680835104046
2427 11.94062420732323
2428 9.602477082778236
2429 3.7703103045058746
2430 1.4075071500229983
2431 0.6671966331832326
2432 1.0300602717689196
2433 3.168917711679355
2434 8.07976115097143
2435 11.191599693285832
2436 14.989782021603927
2437 21.21890560554765
2438 25.09307152423771
2439 27.297488792392382
2440 27.018364407802093
2441 26.307995785413826
2442 25.486308131146384
2443 25.772145259511973
2444 37.9170098296844
2445 48.63468885272818
2446 52.70140687582641
2447 55.44199274547522
2448 62.3258136799308
2449 63.26345680455374
2450 57.60876255203953
2451 41.05006846243241
2452 36.714363366843465
2453 26.63117212316368
2454 15.62208752946133
2455 12.215805082057464
2456 8.773122410428293
2457 7.819292875215532
2458 7.3252118692843595
2459 7.178121585504227
2460 6.208607630123102
2461 6.363906760978026
2462 5.91973702129911
2463 6.334770376193999
2464 6.621558600172757
2465 4.113065324529788
2466 1.9438666146474604
2467 2.2677445932868183
2468 1.6061090627600458
2469 1.4506833763737355
2470 0.7132780821422181
2471 0.07492289938616743
2472 0.00023320214071689713
2473 0.20674997613955
2474 0.6857271787401844
2475 2.858142782661234
2476 6.5894313536239055
2477 7.332077855028075
2478 8.234772696346482
2479 8.709394399707284
2480 10.947717329568539
2481 17.13637606523232
2482 22.35767466952596
2483 23.090964951849948
2484 19.513690359948814
2485 23.057194512640184
2486 21.429919674638253
2487 20.660992841668815
2488 14.607786740980815
2489 13.294354607145143
2490 11.047822302624043
2491 8.906641030164911
2492 8.073007337816598
2493 3.747035170892289
2494 0.7053341112024846
2495 0.3453611650279915
2496 0.9962038156255283
2497 2.840324619928011
2498 8.50177425165491
2499 11.539895914453856
2500 17.04226640031836
2501 21.59911750876937
2502 24.760443541885802
2503 26.42166405568179
2504 26.18301102801785
2505 25.838003058119742
2506 25.41247689936777
2507 27.982195675265245
2508 41.268941941994136
2509 44.53613448389492
2510 53.269555906558075
2511 57.07030535991899
2512 62.74806798518253
2513 66.9578293072878
2514 56.812563847969585
2515 39.68581669862706
2516 37.23088474970783
2517 27.37834063161684
2518 14.818537817892176
2519 9.823546238040825
2520 8.948216774433144
2521 9.652737291879099
2522 8.908703377099277
2523 8.42773523487824
2524 6.667707944943603
2525 6.320064647425546
2526 7.842101832269749
2527 7.773568140083483
2528 6.551058839121935
2529 4.108806644327553
2530 3.9404718260829794
2531 4.466729079586609
2532 4.657423585768243
2533 3.428629513655008
2534 3.3230967148488144
2535 2.0088886662645375
2536 0.2288052930833517
2537 0.0009727802147025027
2538 0.052724884455682894
2539 3.3135218237381205
2540 8.012641174565816
2541 6.972357584390143
2542 9.079964150382223
2543 9.632326432458814
2544 12.351794708025567
2545 19.963839656366467
2546 23.06389517968487
2547 22.32642141547278
2548 21.714286662085716
2549 26.081695558686985
2550 22.862421676815767
2551 19.909192999163015
2552 22.767630255701018
2553 14.094009930968324
2554 10.988106537287809
2555 9.201038508194832
2556 6.894313728692464
2557 3.2213769040964895
2558 1.3788617091562299
2559 0.4165865726606247
2560 0.18152580156092044
2561 1.5839107048672811
2562 7.619705641691898
2563 10.827903245974047
2564 15.818909962713924
2565 20.67028730558463
2566 25.805362259953725
2567 26.03069678939853
2568 25.306793293958105
2569 25.914263801667424
2570 26.036875150846633
2571 31.415172692028865
2572 41.671880465170354
2573 44.95669992344112
2574 54.41875333534086
2575 55.90231536393629
2576 56.47910966734969
2577 59.30834896040861
2578 52.95170064385016
2579 42.51814169149148
2580 32.89823580587231
2581 23.529442999482058
2582 14.625181002757206
2583 10.886695179769559
2584 7.719581329101001
2585 8.691630283328276
2586 9.149135571541088
2587 10.588557456794735
2588 8.804755576638613
2589 7.086031917997167
2590 10.413982958878083
2591 10.510611972900906
2592 6.310091906231514
2593 7.617988724735238
2594 7.840805594854605
2595 7.096726014455687
2596 7.143685075196355
2597 5.258087207957843
2598 4.780389376963225
2599 4.781371169610057
2600 1.252426096330029
2601 0.003961703569172534
2602 0.001520080504188661
2603 2.0401231247063976
2604 6.811501611139742
2605 5.966229437502039
2606 6.848989818174486
2607 9.539808223045041
2608 10.88131747208576
2609 17.164232281443674
2610 19.017191659148757
2611 24.497550319040187
2612 25.090301751756495
2613 21.50835857096051
2614 17.854613189635824
2615 14.484171279033028
2616 21.818014453132413
2617 18.455176580911726
2618 11.773440406234924
2619 9.339146933909273
2620 5.963664411594283
2621 3.2302589169958
2622 1.8813626268884742
2623 0.7107047419920752
2624 0.15967041675013682
2625 0.6770318903569573
2626 4.142761892442565
2627 8.300507225292051
2628 15.156837887628663
2629 19.504134973333315
2630 23.834577890404482
2631 24.685763275107846
2632 23.858061071272807
2633 25.28137941830236
2634 27.584303772422754
2635 33.772821922882876
2636 39.16291928418076
2637 53.02413910225695
2638 56.17941766875008
2639 52.03019859567644
2640 48.49911312268208
2641 46.83687567449355
2642 45.91839948192003
2643 39.18487119841444
2644 28.259675602557838
2645 17.55815991741077
2646 13.394490204092628
2647 9.896705515824232
2648 8.360788106366815
2649 8.515651419465694
2650 7.847093870172057
2651 7.979369421900507
2652 5.87822482102915
2653 6.689693457864778
2654 12.413243867849058
2655 12.802702617990262
2656 12.997554346726398
2657 13.563775963978095
2658 13.698750835567143
2659 9.971123868225476
2660 7.686929191938495
2661 5.81412502711598
2662 4.393878929374018
2663 3.6800765433414058
2664 2.428284330342903
2665 0.11601087402023168
2666 0.007122710291094323
2667 0.38977382065777455
2668 3.0641728987763344
2669 4.191858458258939
2670 5.675561026704162
2671 7.6104693974170115
2672 8.588658357868665
2673 11.38350292481537
2674 16.609838667977176
2675 20.509456107547567
2676 19.011542827633136
2677 16.715505448311017
2678 15.444511369204594
2679 15.526638081069521
2680 14.66680769278642
2681 15.724020792204124
2682 10.866017415869631
2683 10.163845161190915
2684 4.334633036976332
2685 2.0007659607038057
2686 2.1904905507127927
2687 1.3757625603804877
2688 0.05384319226222855
2689 0.1946498575612819
2690 2.50939059907868
2691 6.816510720706817
2692 14.197054794407173
2693 17.93550866294457
2694 21.157860794986355
2695 21.788104038429946
2696 20.879728563445525
2697 24.634845532567486
2698 26.958908245448573
2699 32.36613668690305
2700 40.30911756532609
2701 42.63355559764124
2702 46.904617758647206
2703 42.87593950269528
2704 39.81683661951539
2705 38.24827871202067
2706 35.04122447729061
2707 31.929985341268857
2708 30.551914042354685
2709 21.09174358912811
2710 11.419647668382158
2711 7.734730526073747
2712 6.08690547802371
2713 5.8609555654491565
2714 5.2983649072217265
2715 5.938680774717113
2716 5.272938477563205
2717 7.336272154442142
2718 14.4740723408819
2719 14.603237807673542
2720 13.106633235056036
2721 14.801103872092439
2722 19.22608898724509
2723 17.715469885048282
2724 12.93883747239489
2725 10.187715680876314
2726 6.229737493936303
2727 2.7071049646971725
2728 2.4045497917507053
2729 0.9274295063881834
2730 0.10227654887084107
2731 0.24042562622180133
2732 2.271614951718481
2733 4.354740308017444
2734 5.806896272313745
2735 7.2358533909457226
2736 8.858436368113766
2737 9.210106963561019
2738 13.248546664145826
2739 13.980943327487115
2740 16.587794378559643
2741 16.818379256527198
2742 15.303886145630246
2743 14.680219139774826
2744 10.035463131148319
2745 10.236658812653031
2746 8.938938547470057
2747 7.755271934966266
2748 3.404370533912338
2749 2.1507017183124506
2750 1.8331964690746887
2751 1.5361323485248508
2752 0.33847803068310417
2753 0.012569794675109677
2754 0.9989452303733546
2755 4.352735593135708
2756 11.19851098536525
2757 16.055346761370593
2758 17.180071106683968
2759 19.555665971727787
2760 21.31682572292392
2761 21.239490151170322
2762 22.888865914492296
2763 29.08126026235474
2764 36.153186443594066
2765 36.472999727283266
2766 34.842208339437256
2767 31.88449653494889
2768 34.35329633584419
2769 35.982528139960564
2770 30.144153790497246
2771 24.304942582860736
2772 22.059345270102355
2773 18.769603762366184
2774 11.785038277173197
2775 6.768765026336285
2776 4.672467447328527
2777 2.9028860402715555
2778 4.340172881358507
2779 4.387611504962631
2780 4.4494864278904815
2781 8.262385372638718
2782 13.435378698465529
2783 17.38815450382918
2784 15.074068547280715
2785 17.356521900415448
2786 25.8443965384386
2787 25.580598049324117
2788 19.88100250026018
2789 13.229764531148836
2790 9.80192510016643
2791 6.118829112019873
2792 4.492571680947567
2793 1.8122942169279634
2794 0.32022600400311363
2795 0.0033620365875968927
2796 0.7231654688086216
2797 3.162612264940667
2798 5.523895465519769
2799 7.924835785555273
2800 6.464911661530255
2801 5.630703677384338
2802 6.52656930598334
2803 8.26060447536178
2804 11.243773347082808
2805 11.065317925147982
2806 12.743557520070144
2807 13.42509287033306
2808 9.139547811942464
2809 7.636918533126297
2810 7.508165746169786
2811 6.305121298115086
2812 4.380591152207915
2813 2.6514326808436106
2814 1.7420500959815919
2815 1.3688191241027692
2816 0.4916558463609851
2817 0.3361449893717269
2818 0.2148020644446644
2819 2.542060793922544
2820 8.013525007608616
2821 13.595049147492933
2822 14.402085415297178
2823 15.013494570247795
2824 15.496237854586875
2825 15.799016154477284
2826 17.383997757113832
2827 21.51995108383219
2828 30.980943827050876
2829 33.152287452909746
2830 33.417372466312905
2831 30.548915393167075
2832 28.685514302792612
2833 31.60761673197651
2834 27.281952808796536
2835 21.224464261741335
2836 19.687860614627862
2837 15.429319534750714
2838 10.442052561416817
2839 5.067964925478648
2840 4.300453238796611
2841 2.237340391405116
2842 3.832136589320816
2843 7.441810367544317
2844 5.960674991095632
2845 10.84431145293672
2846 14.404132078948678
2847 21.030593606641983
2848 23.85885021042417
2849 28.002389885942577
2850 26.340364208238103
2851 24.412820031023486
2852 23.977898149877984
2853 11.405282732655502
2854 7.3415528718374325
2855 4.103881008202469
2856 3.612227865597936
2857 1.0018216481147102
2858 0.047092641354041384
2859 0.045101269101642895
2860 0.3597096195939628
2861 1.5977585540744748
2862 3.211029008281964
2863 3.9061809011197477
2864 2.9957225476607503
2865 3.985700824011034
2866 3.9305826288596624
2867 4.081372854560137
2868 8.417160350528171
2869 7.417975478979639
2870 7.515819563954995
2871 9.519909166613225
2872 7.613732952144857
2873 7.2334046803694925
2874 5.993490936920407
2875 5.953825170173969
2876 4.6820523202249795
2877 2.6939830568752323
2878 1.9546383805666028
2879 1.5500125859501026
2880 0.4483505371453059
2881 0.10825249411543043
2882 0.5624840652417247
2883 1.9701975174733202
2884 6.3568788147374
2885 10.586070707371992
2886 11.229100434276319
2887 13.613733116913975
2888 13.567122886815886
2889 11.663782792918168
2890 10.907226195842867
2891 14.462522915411368
2892 24.31105992034566
2893 27.247571646906692
2894 28.46955936006148
2895 27.19805478474947
2896 26.788680930743276
2897 28.399199358282925
2898 25.088075906902617
2899 22.860171037807177
2900 19.376219917042988
2901 12.890561617799674
2902 7.936303062857937
2903 5.162030006691147
2904 3.0908418215741977
2905 2.856072747281417
2906 6.855436634324757
2907 8.22892250889286
2908 11.354885482338858
2909 14.721039033902718
2910 15.28264782507618
2911 19.236690691141426
2912 20.004605654264317
2913 26.887447109705622
2914 21.99284716293804
2915 13.531021586337072
2916 17.81138086805302
2917 7.273655913222893
2918 3.0894108981413426
2919 2.1976660585394256
2920 1.759821556087084
2921 0.1068034058282435
2922 1.0727908210255739e-05
2923 0.05745820154927324
2924 0.04852561525106645
2925 0.25009708717934276
2926 0.979217027874162
2927 1.5765891429877392
2928 1.3164942126918477
2929 2.475408177644702
2930 3.833923140791672
2931 4.779767234569446
2932 7.6063428217141675
2933 8.07470069883428
2934 8.85641465643872
2935 12.398023313445414
2936 7.822496155294627
2937 8.961611714065011
2938 5.878091199658466
2939 5.030120010524324
2940 4.4119245183762175
2941 2.411702575794281
2942 1.6127199096654266
2943 1.7783591210007519
2944 0.0030350369268326866
2945 0.1382657036348808
2946 0.5486887383064772
2947 1.280390364449003
2948 4.565838494015238
2949 8.596555125660867
2950 9.74619550624111
2951 12.836430452476106
2952 12.974460751098764
2953 10.796792008307808
2954 11.599847065728792
2955 12.795881278715079
2956 16.546380712336067
2957 19.284653170347195
2958 22.50699110925319
2959 24.2920512940648
2960 21.30351066486307
2961 23.148487709540138
2962 22.405418893041936
2963 23.016607389608705
2964 15.49146083901318
2965 9.866715531571957
2966 8.225239965357723
2967 4.578285846622078
2968 3.8521813013820303
2969 5.5042455785153175
2970 5.0950498600703895
2971 7.895286032380975
2972 12.891760382782394
2973 14.743049615759434
2974 10.855006139569978
2975 13.40948184042356
2976 15.432312322414838
2977 23.418263190728194
2978 19.590750528615313
2979 13.784437479324218
2980 10.536497235612774
2981 9.017783371658023
2982 3.8682118570821804
2983 1.464433602042301
2984 0.7358140536852207
2985 0.025397180059970614
2986 0.0069402486739731165
2987 0.031367165449440806
2988 0.08896639965531894
2989 0.10638462895235684
2990 0.5013774627069018
2991 0.5352327803576892
2992 1.095007962346971
2993 3.401617739244246
2994 4.705698194499074
2995 7.343765702629715
2996 12.459177927536524
2997 12.562026784324782
2998 9.741713560685685
2999 13.964645168610481
3000 13.668390147068337
3001 9.308827642627346
3002 6.951021338043037
3003 3.988799821828035
3004 3.5361215908227774
3005 2.167897133748945
3006 2.3056943293680865
3007 1.5230178450151677
3008 0.44137518024804523
3009 0.44821424514269825
3010 0.781472548098016
3011 1.568523952156879
3012 2.537175910606873
3013 5.192986313432763
3014 7.297386754668849
3015 9.437050074984079
3016 9.842991336887168
3017 10.568415735106754
3018 14.578700561445299
3019 14.79744942230876
3020 16.83369444560731
3021 15.816799654333328
3022 15.606204906448168
3023 15.094142409359648
3024 15.068421991100907
3025 14.00112809347352
3026 13.112210847119693
3027 14.335690901238847
3028 9.411167601176707
3029 6.3758515891051974
3030 5.188075282596601
3031 2.217535746385386
3032 2.6286726331054786
3033 2.547865169032231
3034 2.736829190141549
3035 5.460676363456422
3036 8.880425414388503
3037 9.17201348754553
3038 7.10237386034999
3039 9.271419011869984
3040 12.653220776253672
3041 20.804418942767924
3042 18.022038390467994
3043 11.104982386335688
3044 7.530074830717656
3045 8.80204643193848
3046 3.011242636697273
3047 1.741680146515288
3048 0.28828165333085376
3049 1.0523231556626231
3050 0.645889318120671
3051 0.05364456565880155
3052 0.019883143348838218
3053 0.3379360366901282
3054 1.1436113972110997
3055 1.9043949338080306
3056 3.6617743922957646
3057 5.13445671696091
3058 6.035384898342701
3059 9.43816732447433
3060 10.777643503478425
3061 11.99777087494375
3062 9.390395960319355
3063 9.759713325938346
3064 9.545044600350767
3065 8.27566438549925
3066 4.560139439933585
3067 4.336629154151469
3068 2.1789895521070566
3069 2.2044887092161436
3070 3.3420973346708
3071 1.685965558855367
3072 0.734438805474333
3073 0.7038294511674471
3074 1.1550058937915737
3075 1.9835185752065163
3076 2.888855379603254
3077 4.0479700724777
3078 5.556576924471594
3079 7.760439753664841
3080 8.447063589192298
3081 11.670171834652374
3082 16.7848118608612
3083 20.469123881501424
3084 19.2880290853259
3085 12.374370908129412
3086 8.747375660466222
3087 8.911924493022658
3088 9.246633886832212
3089 8.016386323606383
3090 7.608840767433883
3091 5.916470555917969
3092 3.918034230994574
3093 2.9078789505265856
3094 3.2412205236614184
3095 2.2917790098123443
3096 2.5044445036656158
3097 1.597652476288972
3098 2.5886037569849054
3099 4.033239348378576
3100 3.9238909125815966
3101 3.8184170416910583
3102 2.2752721282301085
3103 2.982486823120532
3104 5.3742834340310015
3105 7.13382464389474
3106 6.390217592749592
3107 3.859793979708309
3108 4.455493594515347
3109 2.794680995954919
3110 1.5086127432780214
3111 0.7911046979620916
3112 0.8324784339843425
3113 1.1824265890400847
3114 0.5962964496241808
3115 0.09932734240558151
3116 0.14187315246813087
3117 0.09926666733222388
3118 0.46174193929023544
3119 3.423526659942039
3120 6.549183123582534
3121 6.394459024620662
3122 8.502139144342319
3123 10.46629670449566
3124 10.889465699266054
3125 11.179452865820268
3126 8.057530917479882
3127 7.833098616490037
3128 5.827356460362092
3129 4.790175624061574
3130 4.102520714667522
3131 3.2670724247543483
3132 2.268775151148086
3133 2.5187710072456233
3134 2.989182419297613
3135 2.068352514081528
3136 0.28076988453121454
3137 0.3109716279699971
3138 1.0061961444472731
3139 2.40707922831534
3140 2.405161714643718
3141 3.112917768038267
3142 4.547196902656006
3143 4.795300572625132
3144 6.976737474767151
3145 11.756855389526267
3146 17.20704854054166
3147 16.73386757400141
3148 13.267342895307857
3149 10.893958066395854
3150 8.110030840511017
3151 7.534468096431405
3152 5.6484081498984136
3153 8.407660754819593
3154 8.472336995031577
3155 5.462478117307784
3156 2.836762731418852
3157 2.06181293433557
3158 2.1495925394896283
3159 3.1182740930903274
3160 2.5130071148509647
3161 2.7341991412889715
3162 3.494277231417778
3163 4.788241022613
3164 2.794614965553016
3165 3.3018071452623565
3166 2.5015759959089334
3167 3.3811001854638256
3168 5.631367660517753
3169 5.388814243601567
3170 5.450794480511405
3171 3.9489698580557366
3172 2.301603453994899
3173 1.02013954611061
3174 0.9532564945746802
3175 0.44285246079635593
3176 0.4606818459871377
3177 0.2577103171324957
3178 0.15597309802262627
3179 0.0476690471696486
3180 0.01841142320368982
3181 0.14171985251721628
3182 0.5126488799526455
3183 1.93419897333318
3184 2.903931730487941
3185 2.726633035860067
3186 4.410234098693048
3187 7.177567527712357
3188 7.235304331630901
3189 8.949242612894139
3190 6.1093242847125016
3191 7.23043550232558
3192 5.032301348629354
3193 4.9056871323085645
3194 4.839778249257056
3195 2.051137722757215
3196 1.5544101154503651
3197 1.7961273933334572
3198 1.4038473653838033
3199 1.1330680266501083
3200 0.2858734957965995
3201 0.30568593368214464
3202 0.839887495958331
3203 1.5514751872061858
3204 0.9413953253089032
3205 2.5502235410164698
3206 4.325170101797054
3207 3.9403366894835017
3208 7.237313400750551
3209 15.302237091416321
3210 12.432960039588039
3211 9.882301230437644
3212 8.775365938610117
3213 7.726465364401032
3214 4.955942919733935
3215 2.320311665498789
3216 1.929631506803717
3217 4.479590489502584
3218 5.662896138860431
3219 4.1455176158836045
3220 2.8565604860347356
3221 3.4348647696172465
3222 4.758256030313526
3223 3.539830752082803
3224 3.5225664521272666
3225 3.9211081050408714
3226 3.3281058985162963
3227 3.9777031642767073
3228 3.8634069431096827
3229 3.1504251115563857
3230 3.6899761860446705
3231 2.783438156098677
3232 2.646820767522164
3233 3.665649249046317
3234 3.368182960224185
3235 2.940265395279363
3236 1.8790499236191776
3237 0.41886390857350586
3238 0.18701526466715404
3239 0.10672477587945195
3240 0.18703575848054627
3241 0.12768448363131382
3242 0.17392559567788718
3243 0.17773392547676806
3244 0.02390542702861613
3245 0.0005226013273649088
3246 0.3701942592551915
3247 1.4318794970475943
3248 1.8382827656721563
3249 1.2263224442074598
3250 2.615909026332043
3251 3.5894651831104363
3252 3.779667949736118
3253 4.910696864084066
3254 5.441058149119365
3255 4.609204076970638
3256 4.452712851137946
3257 4.988066916181603
3258 2.903455608125265
3259 2.377305300803089
3260 1.9104447465839445
3261 2.484037155438106
3262 1.193286907786959
3263 1.0497408984901762
3264 0.17844391854895514
3265 0.3008662420778407
3266 0.48562858425377775
3267 0.31533319021902717
3268 0.7251860182824826
3269 1.9959169283436822
3270 2.7471859678965145
3271 5.593159983371582
3272 9.251931589973616
3273 13.567077364467721
3274 9.581402160140044
3275 8.584436293738532
3276 4.939818546442511
3277 2.5783203676873536
3278 1.9014850262948042
3279 0.923536298341805
3280 0.6097481100510103
3281 0.8105594781380494
3282 1.774711330847941
3283 1.489215620371328
3284 1.3746716426789407
3285 1.1234595886305596
3286 2.473833779282392
3287 2.8798317325724483
3288 3.098341857871618
3289 2.901548881206811
3290 2.695396370460982
3291 3.898996531114429
3292 3.152093663200534
3293 2.866327408245104
3294 3.272591106573301
3295 2.597323574642497
3296 2.9819046187682563
3297 3.454764073340764
3298 3.5827408009882107
3299 2.3709635534473343
3300 0.8015182211317607
3301 0.09191851424638549
3302 0.21864560341479872
3303 0.028942010655247555
3304 0.06236079591041686
3305 0.0493257197187396
3306 0.035931645447409684
3307 0.01873059735759026
3308 0.02351800306245434
3309 0.02700690401216902
3310 0.012598584110477401
3311 0.3380021399500953
3312 0.6227423761643602
3313 0.3082582813606467
3314 0.882983129957649
3315 2.0035567965971013
3316 2.4084388642261496
3317 3.5408934570860975
3318 6.192678525154569
3319 4.861608883060547
3320 5.110901705788034
3321 4.574298232813047
3322 3.676307314313724
3323 2.953366202127435
3324 3.299587805577829
3325 2.308002250803278
3326 1.2659740802799693
3327 1.097310950861204
3328 0.15193117314356164
3329 0.07074095959517113
3330 0.014764117768626971
3331 0.11125741540993517
3332 0.41501900689817206
3333 1.1757972791847722
3334 3.7569524737849376
3335 8.205871046886628
3336 7.936875347027959
3337 6.450006478190135
3338 7.542986716272488
3339 7.163342054688249
3340 3.7917967958998715
3341 1.9364699261027398
3342 0.8472681108024751
3343 0.11879794689435184
3344 0.013668176150512155
3345 0.024610781324353192
3346 0.285668149590659
3347 0.5316656923021424
3348 0.5179346721418385
3349 1.0461524798834727
3350 0.8751093019051608
3351 1.1674646924002152
3352 2.482305314147277
3353 2.4160972020537677
3354 2.4969646462415596
3355 3.581634566107714
3356 2.4415879376569487
3357 4.350134900697714
3358 3.807393546948807
3359 3.8612644688948805
3360 2.403870284914391
3361 2.8940992942956423
3362 3.193742342764669
3363 2.9362008446505223
3364 1.6598737343315868
3365 0.49395484194079103
3366 0.441505909368038
3367 0.38490799743326654
3368 0.12618996783925054
3369 0.004243748749326628
3370 0.12474303822721439
3371 0.11910292703595482
3372 0.17425313538860257
3373 0.00884189435102179
3374 0.0007262783958735638
3375 0.36686803988541117
3376 0.3006109910994007
3377 0.2764265453696954
3378 0.4238159027697998
3379 1.03690515798578
3380 1.7627244382992575
3381 2.0414617114675906
3382 4.503472901034978
3383 5.266472383873459
3384 6.788348788064047
3385 5.509423493397053
3386 4.041164037568679
3387 2.5508431219543577
3388 3.888803673068583
3389 3.5646242189001676
3390 3.127489889394857
3391 1.2893049710363522
3392 0.13712318384170571
3393 0.04784158575446783
3394 0.008280566191958393
3395 0.011366211063531287
3396 0.15613144327154108
3397 0.776398682877669
3398 3.1872883026628025
3399 5.954606277076216
3400 2.8428443124262257
3401 1.733404801071501
3402 2.940098490000429
3403 2.972660713689589
3404 3.7192988725280487
3405 2.1976720096939664
3406 0.6486624404943817
3407 0.0524497127427135
3408 0.006571957161309215
3409 0.005087654525335533
3410 0.009023760225206448
3411 0.26365244106186086
3412 1.0200594115903063
3413 0.6683044063872394
3414 0.5790701285761396
3415 1.313730824982818
3416 2.6300292792515134
3417 2.5375476190759025
3418 2.4984607005577675
3419 2.64556228715261
3420 4.783853817265727
3421 5.55137713316314
3422 4.644600876608261
3423 3.89240772901841
3424 2.533140184262107
3425 3.5355201939860743
3426 3.741229711584433
3427 3.08647918539387
3428 2.0355643672544033
3429 1.6384748261689188
3430 1.5509237587356464
3431 1.3372146699956684
3432 1.6137487005004751
3433 0.3846147393972859
3434 0.0010851898740536318
3435 0.03271163887551925
3436 0.0015938794987386859
3437 0.06411528157609798
3438 0.00023894469598563235
3439 0.2850652301249841
3440 0.4174745298840983
3441 0.5336374003933294
3442 1.3066966981655281
3443 1.369711168934247
3444 2.279703379421248
3445 2.8109153310224726
3446 5.282152049530385
3447 5.792824702469126
3448 6.92131276168081
3449 5.398626428831362
3450 5.49396080667336
3451 4.46678555441311
3452 3.991169728565877
3453 6.25830434453804
3454 3.57840657508656
3455 1.7628756371432963
3456 0.09439870431596643
3457 0.06433018921183023
3458 0.01198500923789832
3459 0.07147412130411732
3460 0.0012164344363948948
3461 0.09002085133318387
3462 2.4918525312374284
3463 3.379233617717846
3464 1.0954542145951096
3465 0.6547669277151611
3466 0.5925413419666895
3467 0.8894299726057064
3468 1.3452465208777655
3469 1.1052848397676782
3470 0.3696442887706952
3471 2.8691856467748302e-05
3472 8.163235456341316e-05
3473 0.032650273036560616
3474 0.0003375624936806276
3475 0.08894728134309053
3476 0.5828377449801423
3477 0.5869486266251882
3478 0.20568729931590202
3479 2.046023943826853
3480 2.6212283213481182
3481 3.1053194606289556
3482 4.038691415275708
3483 4.027808313044099
3484 5.358193403720386
3485 4.545276033863068
3486 3.909697621481276
3487 3.539569656511857
3488 2.6719761675782454
3489 2.339385185900222
3490 3.2828535525974782
3491 2.7279272236457888
3492 3.0418609594992567
3493 3.764550473135343
3494 2.974514123494952
3495 2.9741119378364944
3496 2.3846345603790464
3497 1.680500237821661
3498 1.4216496971428767
3499 0.5789179614205162
3500 0.037277686741520114
3501 0.2626851397263113
3502 0.013805051340269032
3503 0.4137370570067325
3504 0.6340297972936864
3505 0.10469296912692883
3506 0.7341638246724826
3507 1.2445485835410595
3508 2.9649403731136497
3509 3.627917253766596
3510 5.511327283493396
3511 7.425013406754855
3512 6.223765511128919
3513 6.868583501792305
3514 5.59818833172431
3515 5.198561300511235
3516 2.7062816629461652
3517 3.2900856168800816
3518 3.000998096291365
3519 1.4689798628991262
3520 0.01890869344163902
3521 0.000291289233150998
3522 0.5049811814710071
3523 0.3382185480090105
3524 0.0800413150708043
3525 0.1981140577947897
3526 1.3138125327331853
3527 1.099320074824389
3528 0.5034364456452423
3529 0.17104868772591103
3530 0.10602993896332188
3531 0.10808842471280322
3532 0.4133652170181212
3533 0.34742985072813276
3534 0.20422495795639434
3535 0.0060066851465376886
3536 0.011093112606195105
3537 0.023998367889985623
3538 0.12208400346104303
3539 0.15786491865230634
3540 0.5319235565158958
3541 0.7101641996570429
3542 0.486303870372085
3543 2.284660264303415
3544 1.8840675289499866
3545 2.973606561934714
3546 3.8091485062517494
3547 4.018175643593363
3548 4.835995766273842
3549 5.067326936648519
3550 3.9720822596363092
3551 3.3632254048115313
3552 2.3274340745189415
3553 2.462014291414082
3554 2.8991022839119727
3555 3.1469735841641056
3556 4.618001277210769
3557 4.343018966567731
3558 4.591169318303247
3559 3.047960814289806
3560 2.6099458174617065
3561 2.1987415262786265
3562 1.89274074388475
3563 0.881640588110143
3564 0.2324718017514391
3565 0.49877318534474
3566 0.11569430565476181
3567 0.10823459169571761
3568 0.34870003618949574
3569 0.2742856255149403
3570 0.9738721056468903
3571 1.5256703972881813
3572 2.4888517464006084
3573 4.3302532205973066
3574 5.527997252022593
3575 4.718528816272419
3576 4.0510514399196556
3577 6.653774299571844
3578 3.396071623392262
3579 2.866716663916981
3580 1.7346771342407095
3581 1.3278212689409241
3582 1.680151057017896
3583 0.4814952961445129
3584 0.036601728059415646
3585 0.06974762633966117
3586 0.5021634304910331
3587 0.8216980558832683
3588 0.12818484472160468
3589 0.0746396062802557
3590 0.4740008011603348
3591 0.07278010536074604
3592 0.03424507068232411
3593 0.002606377550798944
3594 0.011882644909142448
3595 0.007926991115074
3596 0.07765016753941958
3597 0.00016959106649043452
3598 0.006648569628728091
3599 0.00021400372628335216
3600 0.016927390892023813
3601 0.03183500747605322
3602 0.23989621995769128
3603 0.24067217934729634
3604 0.4410671984648861
3605 0.5640065457849642
3606 0.45237742070911807
3607 1.0351817092380895
3608 2.5177092775051766
3609 4.614740912126321
3610 4.911949552926464
3611 6.029975357893607
3612 6.64196741662732
3613 6.209216409346672
3614 4.189219906450717
3615 4.134384926557863
3616 2.8613798909929358
3617 3.159628074212097
3618 3.51391263835149
3619 4.026947622834562
3620 3.6469908969203755
3621 3.7847413264941467
3622 3.5793943936898818
3623 3.5644264921567803
3624 3.3633103974948853
3625 2.605108265785551
3626 2.1128638399648048
3627 0.9274258692252229
3628 0.5913595845811285
3629 0.21725505461389216
3630 0.02338164260164238
3631 0.241736289052665
3632 0.5710202734336771
3633 1.2561025368134173
3634 2.3084032121726743
3635 1.5790768080067146
3636 3.732028835864059
3637 5.552607912850689
3638 4.294179274238672
3639 2.762320183744194
3640 3.1413261197200706
3641 2.3694171543007214
3642 3.7555981154576346
3643 1.4746896168130625
3644 1.6073537283750785
3645 1.3038918806293878
3646 0.7018959481663758
3647 0.4907436047431572
3648 0.027738070682969976
3649 0.14983593690055674
3650 0.08579045444498035
3651 0.7058983882029188
3652 0.0384109656193098
3653 0.11644015824481319
3654 0.1302866630809925
3655 0.02432894408734506
3656 0.10052417237569762
3657 0.22710814529590498
3658 0.3579853769416248
3659 0.26152339034456135
3660 0.01877790620177307
3661 0.008583944616637834
3662 0.017703343273838816
3663 0.07501660259383151
3664 0.0396095080867109
3665 0.09285705269516964
3666 0.25203481413732554
3667 0.22407803719896455
3668 0.738372528407551
3669 0.7558343273811644
3670 0.6241263069371582
3671 1.7430025295697662
3672 3.45318329265945
3673 7.515212635037494
3674 8.238479788705241
3675 7.147610797271463
3676 5.883299612973867
3677 3.69438782948692
3678 3.561967817122839
3679 3.1510554931773176
3680 2.0397774687519137
3681 1.899066252997391
3682 4.002419813963322
3683 4.153581727577596
3684 4.865991392246867
3685 4.297324300977045
3686 3.061134246039616
3687 3.7451249389167605
3688 3.1972306045171344
3689 3.4393954833655216
3690 1.56274160034291
3691 0.36242982653170686
3692 0.23188518521690946
3693 0.009815680785768067
3694 0.04632429854980301
3695 0.15284329810322206
3696 0.6346342729769037
3697 0.9392251273336295
3698 2.401945780776673
3699 2.057257359979209
3700 3.3210917933312945
3701 3.3222951944422547
3702 2.8719360202991346
3703 2.785509574062899
3704 1.7765752113426894
3705 1.5740659907485612
3706 3.048921572186769
3707 2.3346262676554885
3708 1.6551187030183796
3709 1.5810109355695074
3710 0.9512951700793673
3711 0.4356613915044526
3712 0.04369480580475362
3713 0.015471307773015652
3714 0.09510266907828761
3715 0.018969458790195112
3716 0.2845003803940535
3717 0.5399473214334576
3718 0.1769671890747356
3719 0.07831990988500405
3720 0.10334562786771893
3721 0.10150749988454409
3722 0.3031984258181345
3723 0.6137898668887262
3724 0.20872390200102542
3725 0.15754846414176116
3726 0.004185538077487884
3727 0.07274452911539189
3728 0.29078857793231955
3729 0.6333447132537621
3730 0.5783389086969428
3731 1.0650783024456207
3732 1.8227410205487242
3733 2.1568203308831317
3734 3.3162436980121193
3735 5.476985714205916
3736 6.073870142846132
3737 7.476689471339127
3738 7.174940969682396
3739 5.579778385706397
3740 4.630143770905243
3741 2.286258587273448
3742 2.8839975554731274
3743 1.618406045329123
3744 1.0445052978712277
3745 0.9996376856941075
3746 1.7021520177647527
3747 2.1547703747932396
3748 1.7554579326951647
3749 1.4278721396412504
3750 1.4713023564079246
3751 2.0396113092987758
3752 1.8726467678599787
3753 1.1455997916314478
3754 0.2550400193234174
3755 0.002318696502281645
3756 0.0002989255134013579
3757 0.013046011669440161
3758 0.013157874160632105
3759 0.22696116277609737
3760 0.44825571246061424
3761 1.183329308185071
3762 2.9797757440160404
3763 3.1901823530782325
3764 3.0453488611585957
3765 4.406895971628217
3766 3.9309071186939217
3767 3.978706451424018
3768 2.985058744911617
3769 2.126574247281897
3770 2.097212699066666
3771 2.335033371495502
3772 1.7905234051817778
3773 1.9340884436875347
3774 2.288432751857255
3775 0.7186604870848536
3776 0.00057659580350225
3777 0.002131051272668048
3778 0.09394274295475309
3779 0.08780246482261189
3780 0.5147363144585069
3781 1.2387785632689121
3782 0.9351319025615292
3783 0.7843017553788925
3784 0.14557602822035182
3785 0.1102025569484976
3786 0.07764609058888117
3787 0.5362784500130146
3788 0.35828679693034093
3789 0.08964123765941615
3790 0.26307394146463997
3791 1.0294387207992142
3792 0.30190152340773185
3793 0.6870590436079635
3794 0.1637563068217309
3795 0.1564290938122773
3796 0.21575098134364976
3797 3.3614855498064755
3798 4.626328840382372
3799 3.6015455842960034
3800 3.3591098892521267
3801 4.827369499735822
3802 6.769950223218091
3803 2.9867122435901914
3804 2.731392838898863
3805 1.5667257763951954
3806 1.7838003354815328
3807 0.6959668944925065
3808 0.13823882452344108
3809 0.13156975562492243
3810 0.34573869109164773
3811 0.5913897648209288
3812 1.0316867580851752
3813 1.4188820120934806
3814 1.5184192553268856
3815 1.0169934588813623
3816 0.6979522719875451
3817 0.19267724804043815
3818 0.11511325878486363
3819 0.0466718419257955
3820 0.2958470200434614
3821 0.368302582113871
3822 0.5274122521093375
3823 0.787749975860721
3824 0.3158840734694078
3825 1.1506981887371646
3826 2.49534418956269
3827 2.7836144813307833
3828 3.7460836110885585
3829 5.211824842915742
3830 5.6579225309897225
3831 3.9223900193191867
3832 3.3572861429454304
3833 3.362465565505513
3834 4.050712611819483
3835 3.757142409425227
3836 2.5202042296956715
3837 2.57249035220175
3838 2.4316466558291694
3839 1.2321507177480773
3840 0.031953865505342696
3841 0.01541236632945968
3842 0.09915947767544214
3843 0.10901387804813929
3844 0.3488922531045352
3845 1.629256190802682
3846 1.896080513129085
3847 2.161647064781055
3848 1.665126695967212
3849 1.047019785592243
3850 0.31507327216785036
3851 0.042043176070547375
3852 0.017877542195783528
3853 0.017482660600525092
3854 0.03361386738717488
3855 0.08261285192931807
3856 0.09930321049814476
3857 0.25376380958453887
3858 0.27937891446223284
3859 0.0052228299659814945
3860 0.18210154843119405
3861 2.3023388685884907
3862 3.8191250369967213
3863 3.8929761675310828
3864 2.693003328625275
3865 2.98410673817155
3866 4.009944150081785
3867 2.7310769811805047
3868 2.3179037852001763
3869 1.0055449364986615
3870 1.3541107665792171
3871 1.2594088158045316
3872 0.689238301940848
3873 0.7971849141988224
3874 1.4341563317317225
3875 1.751889508302791
3876 1.301406020495663
3877 1.7257910936581775
3878 1.354326694588551
3879 1.8696632713654513
3880 0.41665566639536405
3881 0.3096439216931693
3882 0.3550476562991621
3883 0.09452032032217013
3884 0.25808205982051347
3885 0.558374176149596
3886 0.7942405927295406
3887 0.3770484530516869
3888 0.3918115112940839
3889 0.6813133508103111
3890 1.9861483070878763
3891 4.542061199251673
3892 6.010457962850754
3893 5.593558754762956
3894 3.9484016567866633
3895 3.145312391707609
3896 3.1454846539837282
3897 3.414908423388749
3898 2.9601922446978106
3899 2.591302874967933
3900 2.1535554783065782
3901 1.623526493168127
3902 1.678830045191605
3903 0.7798059224106746
3904 0.2837072489067529
3905 0.16981221187473675
3906 0.07229776925420231
3907 0.13982827232137576
3908 0.04661909078416724
3909 0.3899534515210525
3910 1.7655717179791421
3911 3.1237553059705427
3912 3.723141224720059
3913 3.1251109436624773
3914 2.424512545609107
3915 0.7586698473415661
3916 0.0967337218907045
3917 0.03402952251367059
3918 0.08391801811209171
3919 0.005840356561696078
3920 0.0037736384685568133
3921 0.04441260796738094
3922 0.0276674026781169
3923 0.008924547743646786
3924 0.015566860738772493
3925 0.6393952350612103
3926 1.2929034079991477
3927 1.590459413526001
3928 2.109737704785624
3929 2.4996419267210754
3930 4.566206275394583
3931 4.326645452521078
3932 2.3283800205321614
3933 1.5025076867320768
3934 2.384044746376851
3935 1.934875973264395
3936 1.3484715970809158
3937 1.9025815162258795
3938 2.4610301010698743
3939 1.9090706115568123
3940 1.8996252634878068
3941 1.4445521971051727
3942 0.9422159101352677
3943 0.7737836654189949
3944 0.40648080793876185
3945 0.16819302054697227
3946 0.29886190910360994
3947 0.0024683798104315827
3948 0.23974965658342476
3949 0.36677782782478396
3950 0.5236081041278602
3951 0.7033952749107144
3952 0.48610659034502995
3953 1.087200704100579
3954 2.19844902816369
3955 3.7973782122120556
3956 4.399148124015692
3957 4.20489052582112
3958 4.337454468492662
3959 3.469512949292034
3960 2.743683906412785
3961 2.616232035170583
3962 1.9725223502452776
3963 1.6442313674162234
3964 1.972390350179371
3965 2.134028593082738
3966 2.094690213853294
3967 1.8716807197731702
3968 0.9232723945187072
3969 0.998174695954459
3970 0.2985332052306972
3971 0.008176178630356967
3972 0.034309232181037395
3973 0.07009875245493641
3974 0.07364892456995072
3975 0.283421573994743
3976 0.919452921483306
3977 1.0904136516017493
3978 0.7433157551201107
3979 0.19118206071932378
3980 0.0061575235577269365
3981 0.01178943804304002
3982 0.010593729140237398
3983 0.03305955242438784
3984 0.13304572214639426
3985 0.01376061834399243
3986 0.006921037063106876
3987 0.044213588908853074
3988 0.22148624246264575
3989 0.5817488513793903
3990 1.009284699213016
3991 1.3433753933762327
3992 0.9789543126910593
3993 2.0447730719200417
3994 4.068133085321492
3995 3.9341242705183554
3996 3.3006353875686005
3997 2.9713238732033505
3998 2.36904470409155
3999 2.3942209056525
4000 4.003325893058887
4001 4.1682840385775375
4002 4.532186502220113
4003 2.8779550442921242
4004 1.662681571334307
4005 1.7707086948195518
4006 0.7657453635236581
4007 0.6307261109724936
4008 0.41161532193364936
4009 0.41159384634471413
4010 0.2587445229876033
4011 0.2664850041494381
4012 0.018669503328625353
4013 0.09686199410183075
4014 0.5994966553691637
4015 0.8129238315913453
4016 1.7173861044494017
4017 2.901502644039375
4018 3.705589702939475
4019 4.852131978684416
4020 4.003313237722616
4021 3.690698612768897
4022 3.542306352925299
4023 4.012126314203495
4024 2.979778025826764
4025 2.7164490797598426
4026 1.642031452271635
4027 1.5001745440006893
4028 2.7214295277877603
4029 3.291994547720186
4030 2.803218507008511
4031 2.909831328882959
4032 1.7785444172953313
4033 1.2973610252781236
4034 0.3882628418894795
4035 0.01484379705583538
4036 0.06217542151537999
4037 0.10987354685086731
4038 0.00443279428028047
4039 0.05274544927431713
4040 0.16567824237870973
4041 0.12013554761512969
4042 0.19663542623556254
4043 0.06142001745871616
4044 0.020485573756907096
4045 0.08265572758169572
4046 0.12959950024946404
4047 0.08441571725501439
4048 0.022796419162347648
4049 0.05862446821393502
4050 0.03146817657705641
4051 0.06278593895742644
4052 0.1428259251878996
4053 0.10028984714818442
4054 0.19679049150651717
4055 0.37876234557358013
4056 0.7432742419312308
4057 0.7304429431041464
4058 1.799058451246169
4059 3.294210111995666
4060 2.238650574729725
4061 2.52221213962825
4062 2.6773492612721026
4063 3.348951168724593
4064 4.549676037779001
4065 5.080104372238257
4066 3.7453073430917203
4067 2.009723340160589
4068 1.2538643577008868
4069 1.9435729127321584
4070 1.6917278343309072
4071 1.468978518577219
4072 1.1382694232656019
4073 0.745565579549036
4074 0.47734532832298693
4075 0.2721151399479152
4076 0.008154616849572357
4077 0.14395649063232382
4078 0.5246966040772095
4079 0.6228538805860013
4080 1.8673781622166177
4081 3.3925088871857896
4082 3.840443493776597
4083 5.428326977656089
4084 4.0024236638741275
4085 2.6989538780903826
4086 2.6724524654804083
4087 3.3401464876003866
4088 3.2841078466427756
4089 3.313308160763614
4090 2.7899265931720088
4091 2.2349918750021525
4092 2.0824083788879246
4093 1.6014155390043885
4094 1.386219787623908
4095 1.4566073344789072
