 0
0 13.415442742428002
1 10.522025523006644
2 8.258284591831796
3 7.481466475701296
4 6.897711500143117
5 5.4793887961104115
6 5.188931345888778
7 4.207614275750099
8 3.9624376852873486
9 4.233641258628067
10 3.7910745359242
11 4.082635488898915
12 3.3960817903211256
13 3.208352994715845
14 2.607962848243462
15 2.118506145229638
16 1.8084934193196516
17 1.1278877498027413
18 0.9254529238153546
19 1.1118684893043795
20 1.2801410694139714
21 1.3382747598141729
22 0.7775662205844539
23 0.31673814261723904
24 0.0791367904140525
25 0.14721640740757816
26 0.32746440699649215
27 0.30029307839372765
28 0.10202504348985551
29 0.7716308871356428
30 0.5959021497952214
31 0.8991059622838221
32 1.0852543350588193
33 1.6898701968935934
34 1.7020749224279585
35 0.6882427543680293
36 0.6443606083465389
37 0.9965760287085108
38 1.0335128329766754
39 0.922759646429331
40 0.8497473411982932
41 0.6606259006453108
42 0.848774797361162
43 0.5019397075200869
44 0.5623768678982066
45 0.46450024546634927
46 0.6486789902988773
47 1.0280095313447695
48 1.0393036736197516
49 0.5055465112871944
50 0.8722115906442501
51 0.5270449262954231
52 0.4615324628244957
53 0.48712046010218324
54 0.8475080969904019
55 0.3094997601994251
56 0.3137529103006443
57 0.5211025810883608
58 0.29249652535311926
59 0.4804662125972102
60 0.3389679123896351
61 0.7219165062577266
62 0.4388004040475632
63 0.6291328123031846
64 12.199650105461187
65 10.85744061448779
66 8.70472073697562
67 6.392601782047206
68 4.638705961631417
69 4.064384076845944
70 3.8997959068123023
71 2.683052909749814
72 2.502049377322577
73 1.9919280466634544
74 1.666594372659177
75 1.9039697889571772
76 2.2307564864524276
77 2.7417958461872245
78 3.2090579797651846
79 2.6707887674351767
80 1.3643249081913216
81 1.2305081021529463
82 1.3912403256587738
83 1.080842020163428
84 0.8581478396604951
85 0.7492931902883792
86 0.4466413302536101
87 0.15962363253889916
88 0.0889833194584488
89 0.028862732762411615
90 0.004875484396669468
91 0.027743180535284993
92 0.838402375109784
93 1.471067901615912
94 1.2504343235916415
95 1.165355089685647
96 1.9773341270866835
97 2.081748029567647
98 2.022554320909334
99 1.1158503579519758
100 1.7586675401600194
101 1.4661352225274293
102 1.0077485541143951
103 0.840644642505914
104 0.6299317978514662
105 0.31365159116439145
106 0.3304570386309865
107 0.15109880607983084
108 0.20845574722159255
109 0.12744912207312128
110 0.2931268188271345
111 0.48002556488795045
112 0.6079697408378616
113 0.4344275300020986
114 0.6421965115591642
115 0.7376606781752463
116 0.5498970374205141
117 0.691119076348687
118 0.883548297618374
119 0.5850887819659745
120 0.7764661447409104
121 0.972102682560897
122 0.41585383195835224
123 0.26129546741472387
124 0.31608353361578195
125 0.3347215844572365
126 0.20518666776756972
127 0.3756688130948656
128 11.725763495355599
129 9.501218194677612
130 7.266261465902824
131 5.394609838010699
132 3.95859140963941
133 2.170972802863108
134 1.6552636964833276
135 0.8870549870928972
136 0.7403295265054012
137 1.2217005989904388
138 0.6694049467716232
139 0.638289382598279
140 0.3539483267289852
141 0.3537101674258123
142 0.6903807094372799
143 1.0051339176859138
144 0.7929280762036263
145 1.4133368700063742
146 1.306035737389757
147 0.6851360917789763
148 0.3143514688998208
149 0.30915264532096437
150 0.13749827643472412
151 0.0067372452676689246
152 0.007760996628290035
153 0.06750909449091819
154 0.06970471128996601
155 0.26993808019247684
156 1.0159152908828282
157 1.1605473154894232
158 1.9303927772584863
159 2.4491110064729504
160 3.657321493697662
161 3.4131725377450004
162 2.4800015596924356
163 2.1449373894895065
164 2.511836749415412
165 1.4284877423329452
166 1.201455367995418
167 1.201656761573324
168 0.3695681712389911
169 0.29913717354718755
170 0.06736151902037643
171 0.0005971646410425245
172 0.014930750101777494
173 0.08808489310570748
174 0.011606309631372165
175 0.08916446652680247
176 0.16863384994811198
177 0.12240773010528318
178 0.32911655396827705
179 0.5335328166162112
180 0.5717868626752493
181 0.30111835774841894
182 0.31559151291708654
183 0.6286492296294612
184 1.0031927704151646
185 1.176528176898782
186 0.5154181575376892
187 0.036294182702707706
188 0.022949881623714183
189 0.07954199675147008
190 0.1871763476229447
191 0.10804704233091704
192 9.523292827016789
193 6.123146287273687
194 5.055565530012403
195 3.0569507762631156
196 1.3340089057413724
197 1.0951534330861348
198 0.9919352793707038
199 0.5296220716527247
200 0.23617136526971205
201 0.4698194072701868
202 0.18392164435358932
203 0.5174503120890441
204 0.677460389940308
205 0.5217295292758859
206 0.42716229980408
207 0.528051313349886
208 0.29953653006807374
209 0.32123290712571534
210 0.027603440461835833
211 0.007131474042143975
212 0.005598439038661543
213 0.01656213118764486
214 0.08385400885926217
215 0.32789023184086324
216 0.4190355176285336
217 0.5436084836885539
218 0.7891167210848067
219 0.7859695639714555
220 1.482699804762177
221 1.9789554817698487
222 3.292609408760749
223 4.726942921430871
224 5.589440286704725
225 3.4713257007286926
226 3.131027194645772
227 2.6656331751769398
228 1.464118157775603
229 1.6448687135612796
230 1.9128942069433301
231 1.6011849586391607
232 0.7242431112363652
233 0.45791911762352616
234 0.5319637816586993
235 0.2839714211491072
236 0.0795831300407992
237 0.03678842668224926
238 0.04709535294448111
239 0.002831188194693664
240 0.022601015080540007
241 0.04778775770777643
242 0.07602537145027641
243 0.15965739501352605
244 0.09029615903934216
245 0.0008555253349407568
246 0.1778083466019874
247 0.7536698730640178
248 0.9344597887741835
249 0.904059887918262
250 0.20037310354024265
251 0.05184144818885992
252 0.08382898432569272
253 0.14699221588952258
254 0.12197427642940474
255 0.2979670016472321
256 8.008031201242789
257 4.445343644870163
258 3.4177130451265954
259 2.3395409572179746
260 0.57643017810207
261 0.6694280835085927
262 0.8556580956306156
263 0.49535130141799605
264 0.6764200831145191
265 1.0463416492488522
266 0.5250040110970008
267 1.2538998556841348
268 1.5160276682760767
269 1.9174050676925634
270 0.909913704843466
271 0.2940271234730052
272 0.06890205508234187
273 0.04153179472781474
274 0.03221664515068677
275 0.012148413676345681
276 0.26268868764270525
277 0.5377591020957265
278 1.258263270434908
279 0.9030320830127165
280 0.8324798269472768
281 1.6579927311984248
282 1.6337631877193075
283 1.5344978142233623
284 2.5112719270631643
285 2.3286110110547105
286 2.7240120549689943
287 3.7792029458471736
288 4.659053084336186
289 4.021113928552146
290 3.52776977858133
291 2.7372837917037853
292 1.9927280677719896
293 2.4772667065364358
294 2.336685269201386
295 2.7216788880878213
296 2.2719870234903885
297 1.6470100963385974
298 1.6707513165753765
299 1.1342337523127952
300 0.2587295425864364
301 0.0767110202623111
302 0.0005930523266053049
303 0.0017713063324009308
304 0.0011285941964975503
305 0.00015677201112599816
306 0.04110470183027281
307 0.07992896031641372
308 0.01692831093153148
309 0.0291792120445686
310 0.28115062931341434
311 0.5412967995845622
312 0.6362351523214363
313 0.942891589106404
314 0.23373397311978916
315 0.4695261878764529
316 0.7715446209775908
317 0.5047153862060509
318 0.3392774773753401
319 0.4319709983291796
320 8.78272371622509
321 7.154830175446727
322 3.0281786257298626
323 1.9079584831241871
324 0.6632019574642888
325 1.6967526588186683
326 1.7611108628016385
327 2.1718349878376033
328 2.215179274563873
329 3.0170633911865483
330 2.6335033883425276
331 2.601896222384846
332 1.811651137496662
333 2.8555188996601037
334 1.5554456611035625
335 1.0242458419070946
336 0.3858959205381178
337 0.1275628344595298
338 5.837661816264613e-05
339 0.23354442933410982
340 0.05912225250548813
341 0.08481118899785652
342 0.29182887272943303
343 0.6551402795945661
344 1.6023034364922693
345 1.7012810605294861
346 1.3171467736870373
347 2.636867801064455
348 3.1517243330143736
349 2.7107158241195086
350 2.2114558136333202
351 2.1064071653902023
352 2.7971573991635514
353 3.5178466737050695
354 2.9482290180583166
355 2.7188045951788506
356 1.6824802523452507
357 1.7725814329439247
358 1.904009838218963
359 2.548461764453603
360 3.7547314113094443
361 2.7015032279849307
362 2.276284244389157
363 0.9079180727887717
364 0.7751098813226017
365 0.47707659444796835
366 0.19591468997173928
367 0.03689061262637379
368 0.11551175008037706
369 0.022847265419726002
370 0.11328030680293391
371 0.013271486220871126
372 0.0014902106404777332
373 0.002077418819259273
374 0.29071286919343237
375 0.6090529533873342
376 1.1090758107261054
377 1.2032996046307276
378 1.0029609700019515
379 1.081859112865466
380 1.0739142407570181
381 0.7982105535613242
382 0.6745106592918753
383 0.49342180785714396
384 7.921715066014915
385 8.199610278142098
386 3.9505261941138663
387 1.3559103398198935
388 0.6819490709734823
389 1.3204372433477096
390 2.631067805684215
391 2.7498164825159552
392 3.6211793708356814
393 4.155566021295456
394 4.775641778596661
395 3.369206339321399
396 1.9791061352825374
397 2.683223784646114
398 1.1203744461643501
399 0.5307138121155246
400 0.26592984032081535
401 0.20830590425699627
402 0.03376104712646585
403 0.03414069542186769
404 0.4213068553031087
405 0.40505399425095967
406 0.8140387039681365
407 1.0904668625858627
408 0.9263440885673379
409 0.761679906658491
410 1.3743482633801394
411 2.3285986723273946
412 3.554696058512949
413 3.137903171950729
414 3.2376441985218505
415 2.1549289001698844
416 1.6416361250084286
417 2.3751324096235242
418 1.8504728805977773
419 1.9135352234800167
420 1.9857998077299237
421 1.2845692568438236
422 1.0840494489260473
423 1.1353537200366417
424 1.5863719501862275
425 1.3852703374680277
426 1.5040347081135261
427 0.703293541729068
428 0.5202076403199107
429 0.6763521164064171
430 0.4784933548165769
431 1.1559060523858495
432 0.7125202249799301
433 0.2547378816485713
434 0.2151500709207249
435 0.12091040492784592
436 0.02818672284542126
437 0.21371104487088005
438 0.38750098995024207
439 0.5565339079890521
440 1.0915481368998126
441 0.7943550984615705
442 1.1805564043791312
443 1.2903828351034492
444 1.0510734971693956
445 0.49229820281161657
446 0.3465511520190594
447 0.29185262024894343
448 7.459378952653008
449 7.004731560250986
450 5.633578932857543
451 1.59710372522721
452 0.6655953363115399
453 1.04492177172462
454 2.345764898712897
455 2.5507939538017945
456 3.027231262790724
457 4.173019880320929
458 4.238696173373595
459 3.5247936223876177
460 2.0961721547555707
461 2.2918355127843255
462 0.9502778544253152
463 0.7033671364072337
464 1.1085654589204594
465 0.5698654568046105
466 0.006800862642037636
467 0.31234588697574445
468 1.4394463528713324
469 1.0977108399852196
470 1.2941647905655453
471 1.001175964528419
472 0.4621349068610198
473 0.683157625121673
474 1.5766961796814458
475 1.9481256550326285
476 2.4694428025210047
477 2.109872805049893
478 1.6495369146656165
479 1.802440145269963
480 1.1486217801116305
481 0.7314781366944879
482 0.7713789284975864
483 1.5504483679140486
484 1.8274732504040405
485 1.5591525416363736
486 1.5522114405127603
487 1.6675602694571046
488 1.3289771565808022
489 0.5801869152579942
490 0.6387250062569665
491 0.44450439982999534
492 0.47996316657874144
493 0.3668951094421113
494 1.1780951918241807
495 2.4548913352917334
496 2.9747151820436306
497 1.5916049204735998
498 0.8918188623974563
499 0.8553783740263613
500 0.16982959783741428
501 0.6561394872574458
502 0.48809455325072837
503 0.5179373653159575
504 0.22738715361007134
505 0.5732642537679656
506 0.3774886906105272
507 0.6661857573000491
508 0.6925359204717089
509 0.2655271229820686
510 0.044395839711878334
511 0.2577975820730971
512 6.910715377860361
513 5.990338284140209
514 6.110427486362954
515 3.808169096946581
516 1.024532406851465
517 1.1721540848285066
518 1.5029014109966017
519 2.0153438151516605
520 2.903268599697023
521 3.275029122825288
522 2.3525085658365636
523 2.444255196380429
524 2.1862447563611562
525 1.849767359531266
526 1.5106288643642167
527 1.641445130497283
528 0.9887820614724749
529 0.5088624839108506
530 0.08299876752351718
531 0.06134840770823065
532 0.717925031550579
533 0.7634083133660414
534 1.1170413953129634
535 0.5995406280610684
536 0.504174386247697
537 1.451358180874998
538 2.4654978669646863
539 1.3307343406385128
540 1.6325688158277314
541 2.093354328717606
542 1.305386908635096
543 0.6880572285797067
544 0.2948155367229154
545 0.2519235089751994
546 0.5272165568494843
547 0.9526989706236147
548 1.7761270944365537
549 1.3968402382169944
550 1.1968327060519326
551 1.4804110877625796
552 1.9240701514972542
553 1.1266520971155458
554 0.5363427038777017
555 0.1247817850317922
556 0.12244383710409343
557 0.12196189859133787
558 0.18383243631978635
559 1.6770852028933985
560 3.139893851414933
561 1.6679289520549905
562 0.954260126351404
563 1.1389649822397614
564 0.47264410356382514
565 0.37896118356141406
566 0.36183677938068043
567 0.15243715659459642
568 0.002856010119235085
569 0.01933046527293967
570 0.060614706152309815
571 0.2536968896383225
572 0.4127709288637191
573 0.1502237082116058
574 0.15666366670369655
575 0.17766203115106963
576 6.653702971187076
577 5.611190748068996
578 3.8829088046956732
579 3.2406590079689095
580 2.156357040742734
581 0.5527076225840505
582 0.6718349777624555
583 0.3626237720653773
584 0.8974748391426091
585 1.0330544129550747
586 0.8866478468162959
587 1.2962107523423714
588 0.8384775623179264
589 1.100846396378951
590 1.6673195491675084
591 1.2415228103845424
592 0.8517780293416085
593 0.30928273743478385
594 0.03262692727907926
595 0.11653609973396842
596 0.5067678503020707
597 0.596110993703227
598 0.5021498012867123
599 0.15396906767887011
600 0.012197063125460077
601 0.19152986483401574
602 1.0503399654573828
603 1.3297687302139516
604 1.1732124845469334
605 1.677169760203908
606 1.4788879257490204
607 0.6949701364029547
608 0.14191747159783807
609 0.23908962681383247
610 0.024670698353712876
611 0.0426013108951313
612 0.4276961112920897
613 0.6494151741538521
614 0.7785451973548195
615 1.1650814830101834
616 1.1091492168709296
617 0.77077219757863
618 0.2743005902691346
619 0.0891221674801742
620 0.1514344755669357
621 5.191876124898307e-05
622 0.09704328207250233
623 1.4019456907171353
624 1.7980526676611364
625 1.2649287890978285
626 0.7094966634109926
627 0.595772125768268
628 0.3340111650359659
629 0.3967270396660175
630 0.16983966775292714
631 0.027912056286815472
632 0.1418202623403421
633 0.12583692488471415
634 0.0024970773641699853
635 0.02598074440992703
636 0.02072359302303013
637 0.010247690594246526
638 0.109347300184538
639 0.12287633050973328
640 5.8797329580227125
641 4.623390675050832
642 2.479153312318392
643 1.5073684727318768
644 1.7028135493016419
645 1.1887062540491031
646 0.31021453591532555
647 0.0006297152869317222
648 0.0005027567548764509
649 0.00580547054199428
650 0.04174621167592313
651 0.16619214384724432
652 0.04362519201269637
653 0.08984236325395902
654 0.40830927413058055
655 0.5671101994633473
656 0.39249754152328054
657 0.3234349937756037
658 0.008472373029667144
659 0.03121280818844979
660 0.3761687407772169
661 0.39923360316630135
662 0.10232409847200352
663 0.15007703238988623
664 0.1072790236613961
665 0.23651613724462042
666 1.455107044826679
667 0.7024737166156908
668 1.4930955069221303
669 2.103695380054479
670 1.5359171971402492
671 0.49432857428717747
672 0.2760554183157258
673 0.07101270276134575
674 0.0024210615132313606
675 0.018479491017805168
676 0.34670026682792165
677 0.7496322999659366
678 0.9258000725422616
679 1.1451109665676236
680 0.9460805893669539
681 0.860716514706144
682 0.5826626434964105
683 0.33087785110469065
684 0.1600639424262966
685 0.016669952738518425
686 0.23465535814171817
687 0.7966226973209763
688 0.6697283048725561
689 0.41285743227769917
690 0.10689232710917534
691 0.04331066125582348
692 0.0026711027243804574
693 4.21942813653485e-05
694 0.00727980837164938
695 0.9357864466618798
696 0.41661460386606347
697 0.42896303998327345
698 0.33159805030967726
699 0.2646873235725893
700 0.015994546225336796
701 0.03842357832601842
702 0.06785067892585801
703 0.003862273254149143
704 7.328761721948453
705 5.651853361590716
706 2.9114569261480474
707 1.8420453937244496
708 1.1521676272710994
709 1.53279200403578
710 0.8740070268576613
711 0.013225551152274187
712 0.49866569819032247
713 0.6623972722767933
714 0.2890948638844804
715 0.0931355163060477
716 0.0769538527284061
717 0.04559565555835377
718 0.0006101204933377762
719 0.06682578829830782
720 0.140763760063093
721 0.04345609295109672
722 0.022214473877657438
723 0.2426578388070667
724 0.6538635920941364
725 0.5683743077115343
726 0.05408746732442857
727 0.05363235966012171
728 0.021126345928566947
729 0.33209519447078356
730 1.0066220559681929
731 0.5109989145641023
732 2.0234089794419896
733 2.1468360791744416
734 0.7555138375719217
735 0.21983334093128343
736 0.10696390350151004
737 0.11561855145371949
738 0.46879035798269647
739 0.3806379457371649
740 0.5990338379270573
741 1.5934309546471808
742 1.0691459400112995
743 0.6080325519727576
744 0.23139853487153275
745 0.15608062773796796
746 0.1994970177801944
747 0.16044730593181916
748 0.06567095732854121
749 0.06948193443882592
750 0.07840103321485789
751 0.0009099127778898747
752 0.005170673886794636
753 0.1440851114898964
754 0.10059196899690546
755 0.07000825588462375
756 0.011923933785266282
757 0.13626186067769339
758 0.07826242329497198
759 0.47176287595044364
760 0.4151066259351326
761 0.6712998351201435
762 0.7906214245388783
763 0.8068675513719628
764 0.3134895435664689
765 0.443871960053982
766 0.3252073362270019
767 0.13873085908777427
768 8.079111050382185
769 4.918231451284742
770 2.476206354272956
771 1.9745960653020913
772 0.6552997198688796
773 0.6991035522137198
774 0.5042414646134982
775 0.04400692044169684
776 0.5562440271087737
777 1.495367912322635
778 1.24826529927644
779 0.9764563427639276
780 0.8970850757962788
781 0.434425171035286
782 0.11539025473899762
783 0.15270727881399235
784 0.1215509056163655
785 0.10516173751273947
786 0.21942070812209408
787 0.6117907632585421
788 0.32460896643842696
789 0.1735530462514876
790 0.0738509542188033
791 0.004168874833299174
792 0.013051017650566547
793 0.013004086926027026
794 0.06983003545068825
795 0.10706304876865631
796 0.36007613635784214
797 0.3752077296059049
798 0.005939046806506713
799 3.2098305516622876e-06
800 0.05128652549257957
801 0.06999519557946492
802 0.42955134279948465
803 0.5014688610551932
804 0.9896617106112954
805 1.3290297116849576
806 0.12418694611573906
807 0.07391785240424667
808 0.0013396008076852761
809 4.225141753365401e-05
810 0.001954522035876405
811 0.042099627761660416
812 0.01517457044156267
813 0.14787304725567382
814 0.18146699794478566
815 0.2056636268232358
816 0.2305275149323693
817 0.37240312323110925
818 0.5956289659614002
819 0.1406532700063496
820 0.05273332217472467
821 0.2001950544615533
822 0.5294655878128884
823 0.655021767299906
824 0.5303220631746492
825 1.0987192538952524
826 2.1006279560503005
827 1.367351088784747
828 1.1018249298704472
829 1.2206041192906236
830 0.8618213688704153
831 0.37870650303108144
832 7.532399095742257
833 3.5216513705556545
834 2.009755268334748
835 0.8320960237987567
836 0.1159612719122452
837 0.0642773146941283
838 0.01319440529737197
839 0.12587142358457995
840 1.3166520059605193
841 3.1760541810083702
842 4.903669832213421
843 4.3687664712140934
844 3.925020132660545
845 2.032116726549449
846 0.9588569048962549
847 0.9595786503666892
848 0.440966068066628
849 0.340730802215102
850 0.41754649509241576
851 0.8738113644378543
852 0.14180372210167994
853 0.012144279153478897
854 0.06311129988550812
855 0.18652314541015969
856 0.10294271104509536
857 0.009049754878443231
858 0.0025583428531697084
859 0.004057498128255416
860 0.07914982811432682
861 0.05033488706558939
862 0.10854433882475087
863 0.0024341684746130654
864 0.03235674795769245
865 0.07402795059264186
866 0.26732150882811
867 0.12089332321903726
868 0.482459420167135
869 0.4893066361826096
870 0.01470183110267177
871 0.0364567511637854
872 0.03507399595750348
873 0.08006264490120778
874 0.06143928932101993
875 0.13400193216426548
876 0.43155629575738874
877 0.7602730568517013
878 0.8186686304470341
879 1.1541937383980059
880 1.0506304041939865
881 1.7137157427251832
882 1.6353611670038952
883 0.6361009399606716
884 0.705830469826861
885 0.6183318071203714
886 1.867357230218067
887 1.745990178415626
888 1.5175498448182017
889 2.0463171734004892
890 2.8637749400886516
891 3.124810134674627
892 1.514494516927848
893 2.0043330120088885
894 2.4989482442784876
895 0.8201318969727444
896 5.719326486198676
897 2.569759719799672
898 1.301868753074368
899 0.698848922054467
900 0.18598566928983745
901 0.032608125318144277
902 0.14228191877592028
903 1.3935892663864768
904 2.181029064277053
905 4.098575177791318
906 6.859596503692178
907 8.056815807576536
908 6.53902222818152
909 3.8480448844360327
910 2.7554410450148605
911 1.9654293834075254
912 1.1093714557123173
913 0.4173089538958943
914 0.43113720373454717
915 0.04170801312887183
916 0.0035738859356020994
917 0.11419278305329895
918 0.2671234364419888
919 0.2156001540521905
920 0.0007726828107558317
921 0.01585038368634851
922 0.055937798578069645
923 0.06174455208666133
924 0.0005092761650247052
925 0.19165104865829113
926 0.4399210872409327
927 0.2766030863106399
928 0.11061659143428923
929 0.3394233094149246
930 0.44126394606745056
931 0.058007650545491174
932 0.23092269326517856
933 0.0250646619658451
934 0.549109708825836
935 0.8032734905089026
936 0.9284196692490287
937 1.514703913476555
938 0.8430524585208548
939 1.3809843220950984
940 2.0799650509802907
941 3.0832276040573494
942 3.040551518424028
943 2.894963464314622
944 3.1788874327553533
945 3.6303137090842976
946 4.251251903922399
947 2.2465142615005247
948 2.6030054906161157
949 2.0016487251680735
950 1.8810833828693674
951 3.230502960162827
952 6.142291337172585
953 5.225375988005923
954 4.771212005222114
955 4.0611484961037485
956 3.140718588016875
957 2.8120521466802764
958 2.8333081558986604
959 1.389182790577567
960 3.9193775288148
961 2.2648432495025648
962 0.959294117217992
963 0.5558004520646004
964 0.2836341491793376
965 0.028917915786384644
966 0.6845629407908567
967 1.9257606389746902
968 2.8641500396722
969 2.6928957560004303
970 5.145925718778657
971 10.447242230541596
972 9.098419876779388
973 7.043084307263372
974 5.970200034377764
975 5.011442751394165
976 2.986047171092221
977 1.392376513306092
978 0.38605262148685354
979 0.08613870344900829
980 0.0006066437499113389
981 0.022245958208551065
982 0.2708646935993486
983 0.08622759588134327
984 0.010982568097091139
985 0.2453077840410003
986 0.49987558903904095
987 0.4808357493423856
988 0.24493555639921913
989 0.2622766972844362
990 0.636000319076076
991 0.43413505414919373
992 0.6945538086939036
993 0.7228671974708993
994 1.1261905740546119
995 0.6068474065780483
996 0.6802636408008191
997 0.020625984722876526
998 1.0128124066080222
999 1.636099449214004
1000 1.6030094134779205
1001 1.6015341623797876
1002 1.1918543969273863
1003 1.4250803776266276
1004 1.1810215224945884
1005 3.028444567367398
1006 3.3698217051656276
1007 2.0757235798331983
1008 2.669561675388401
1009 3.5149834953734094
1010 4.025222013332897
1011 2.910523190467278
1012 3.4766259601520044
1013 2.8187395409438656
1014 2.186844099303708
1015 4.7396472747881235
1016 6.952713044864474
1017 6.962583617147324
1018 5.194474803319719
1019 4.83361310676433
1020 3.396547909078446
1021 4.394852421037173
1022 3.6744221954362204
1023 2.019745651881489
1024 3.079476835513341
1025 2.203882846586566
1026 0.770501322213713
1027 0.5896388546668996
1028 0.007528369627677464
1029 0.1269897312632615
1030 0.657401699296142
1031 1.1991429272898058
1032 2.955195217123234
1033 3.1358340068902515
1034 3.9416103927053134
1035 8.642586332069827
1036 11.327167673700782
1037 10.499355955510705
1038 10.443970725808217
1039 7.7905831266117875
1040 5.4093409752452555
1041 4.087058314108656
1042 2.672342592756522
1043 1.03728760079719
1044 0.35605739064702063
1045 0.07432218567845648
1046 0.006643008982855764
1047 1.2800419035589049e-05
1048 0.16712727129581612
1049 0.23399180713392193
1050 0.1865504078296561
1051 0.01109345172577907
1052 0.00036915937505524476
1053 0.0926244447928048
1054 0.33679342085373337
1055 0.8083277841270545
1056 0.5709232712910657
1057 0.5398093177175255
1058 1.5238298432543458
1059 1.7645851245014845
1060 1.3194437308516103
1061 0.03438772372987825
1062 0.40173891662821065
1063 0.6598590147531141
1064 0.5487131097049266
1065 0.6391672794624573
1066 1.1563192759926875
1067 0.8582418789091718
1068 1.3128177854624703
1069 3.332827588181462
1070 3.3544543318562767
1071 1.9994095877872147
1072 2.634030676699196
1073 3.7160486388206713
1074 3.217890936762009
1075 3.475542209282361
1076 3.0024376156554364
1077 4.395121452926228
1078 3.5549967099831425
1079 4.1873780823970765
1080 4.814923433647635
1081 6.382061374135426
1082 5.458498764912583
1083 5.610760776377196
1084 4.990834654210486
1085 4.051112841256459
1086 3.4644398306843303
1087 2.5927120160326367
1088 2.374017885295538
1089 2.0352885104060783
1090 1.0529350523507401
1091 0.8030248747352065
1092 0.06404607702295305
1093 0.6934372048422147
1094 0.8877683156102935
1095 0.74019617249844
1096 2.0453726434362127
1097 6.930505243615046
1098 6.682961971284017
1099 6.660910692512479
1100 11.209563438739785
1101 15.102578159811088
1102 13.850413884191335
1103 11.161565045997127
1104 8.852293488678905
1105 6.94207687448595
1106 3.7619280255215144
1107 1.8410961305246991
1108 1.2293776595490313
1109 1.0071619052850245
1110 0.7104465018588547
1111 0.6140558115686797
1112 0.7689450087419171
1113 1.0297458392316963
1114 0.6458683497283686
1115 0.046080129331736414
1116 0.012286508124989584
1117 0.15386838349522747
1118 0.6876385310932788
1119 1.9642345950253304
1120 1.0766835838380058
1121 0.6863155606725195
1122 2.6299572580039023
1123 6.4250325387435065
1124 5.52762903553365
1125 1.479509647343239
1126 0.01087626622580618
1127 0.381714781543313
1128 0.2991749462280573
1129 0.28720575719754227
1130 1.3117019804529866
1131 1.0418181486367113
1132 1.2299636386492967
1133 1.9935567320592225
1134 2.0846339610782603
1135 1.9361751017925664
1136 2.4467601548104008
1137 4.322347556453838
1138 4.338299076501993
1139 5.0090316622477795
1140 5.7068465566885775
1141 5.50220092326619
1142 4.211710646740977
1143 4.084839152657483
1144 3.7998990931842815
1145 5.008588760352413
1146 5.000647963646991
1147 4.824772849965155
1148 5.180790607085786
1149 4.141528373709581
1150 3.12957849925465
1151 2.5361622224697737
1152 2.7109251357855757
1153 2.0347592905781418
1154 1.175384895494522
1155 0.39258857282405796
1156 0.07139600892941467
1157 0.7709031997265464
1158 1.9597750230682263
1159 2.4501266288683015
1160 4.083403986271938
1161 6.722119531973384
1162 7.663718587290031
1163 7.198139033362386
1164 8.666241203447063
1165 12.926501524267563
1166 15.48860802818207
1167 15.39681564820214
1168 14.421363745263516
1169 10.295564308038271
1170 7.488931305133159
1171 5.176116258576772
1172 4.748161951004621
1173 2.956397227336504
1174 1.2861198572466837
1175 1.6210687406760955
1176 1.2636678585453696
1177 0.8236077807883972
1178 1.2006267323423614
1179 0.5910635475795739
1180 0.8390296999286466
1181 0.8682131506426363
1182 1.5185746130137614
1183 2.1588199002172836
1184 2.6139751810825107
1185 2.741587841614467
1186 7.05400576823459
1187 11.556372329981802
1188 8.648594810057219
1189 7.1025716309948566
1190 1.6950862372118558
1191 0.09050669967840916
1192 0.03628833942671752
1193 0.2014055631886486
1194 0.286837962464366
1195 0.5292292858149542
1196 0.6109629032421197
1197 0.8327191771984982
1198 0.9224565112821024
1199 1.0838457831887656
1200 2.233074633497055
1201 3.808131468824459
1202 4.664819499956385
1203 6.976669817740761
1204 8.92969951565817
1205 8.167880255810116
1206 7.256372505164708
1207 5.831931808258879
1208 4.614369741236858
1209 4.1340552016538
1210 3.8092009599865437
1211 3.243852787150473
1212 3.6827411994341186
1213 2.4861661064028584
1214 2.460645776794953
1215 1.274571975029435
1216 3.0264060010432314
1217 2.360687990639535
1218 1.485900653606117
1219 0.38507785331450844
1220 0.19339976194047723
1221 0.7834133824371672
1222 2.5921259992825214
1223 4.50090173751423
1224 6.765332881779596
1225 7.5988373956332955
1226 8.506340331332636
1227 7.288466455660509
1228 8.793402079019064
1229 10.674644146244816
1230 13.939372581272474
1231 17.61405679926115
1232 15.17453223578964
1233 14.629753923809195
1234 10.471258201961966
1235 7.998984857765891
1236 6.921023991464703
1237 3.5980313886648974
1238 2.186505218946213
1239 1.9874223434782385
1240 2.124270527587945
1241 1.1950021376667097
1242 1.382917432025579
1243 1.0176384179529177
1244 1.986888369522846
1245 3.1947735193453273
1246 3.172347289150182
1247 2.552434534871205
1248 6.4839791692541855
1249 9.795318755541052
1250 15.657908082382225
1251 14.578029367966757
1252 7.764267653315517
1253 6.496481013227649
1254 4.745274007903063
1255 1.882139447576183
1256 0.19598747716127024
1257 0.06940582304008608
1258 0.23197862876796263
1259 0.8006084742624081
1260 0.8818915865951036
1261 1.3431247883856847
1262 1.8529006540700725
1263 3.0256784246178134
1264 4.352863260324597
1265 6.426723477611517
1266 6.957890681559939
1267 8.643019799922051
1268 10.171894804034526
1269 10.54566888395742
1270 10.422631086240417
1271 8.913155869520514
1272 6.605708576273727
1273 5.428420114069832
1274 5.039736930680129
1275 4.435537502773736
1276 2.8004570648707
1277 1.3867805028321365
1278 1.2415491753624817
1279 0.592171538005015
1280 2.5821712613951227
1281 2.036524690337697
1282 1.056047574335059
1283 0.18184806760583744
1284 0.3883577840453975
1285 1.4573369062502233
1286 3.3196696889440247
1287 6.0328316466607035
1288 8.459273106991164
1289 7.064695367907077
1290 7.160395560107438
1291 6.89090492282681
1292 8.491724987304542
1293 10.482482982382157
1294 13.123155912624057
1295 15.54553450079841
1296 19.46313505612149
1297 18.52089375427984
1298 15.109286220153699
1299 8.790596212327344
1300 6.450215089241494
1301 5.056349326332483
1302 5.2189321780520865
1303 5.134508774593079
1304 2.8564282376755656
1305 1.7383523906012441
1306 0.8095333594501724
1307 0.8734684338920453
1308 1.3490333886332118
1309 1.990069545346321
1310 2.4485910508747772
1311 3.511752560093801
1312 8.885171417816618
1313 13.916907645592202
1314 20.17298328093517
1315 16.247165342829746
1316 13.14787119886674
1317 8.450799331120391
1318 6.052017650054368
1319 1.9042196098752842
1320 0.6671343707282643
1321 0.1383172842352498
1322 0.08769051863751852
1323 0.7164179733940021
1324 1.2767468156224502
1325 1.8151780905262531
1326 3.002750619416955
1327 3.7862525215270546
1328 5.985044181657639
1329 6.4007687607104256
1330 7.347888675132622
1331 9.950882838887054
1332 9.73585207094659
1333 10.385423797923863
1334 11.400244447789927
1335 8.75383522161941
1336 7.6666380688116815
1337 6.7551262680959505
1338 5.930508005132263
1339 4.834998773649363
1340 3.37647246351913
1341 1.854746852776922
1342 1.2532829472462377
1343 0.4497672355012675
1344 2.7472061472886655
1345 1.6034479751765833
1346 0.9266406912408883
1347 0.01576597302826434
1348 1.0260296901893682
1349 2.1378765704964917
1350 4.038905759851583
1351 5.9547837291590735
1352 7.600755659112504
1353 7.38087860776875
1354 9.941016837596635
1355 7.974195591985734
1356 12.143247958417417
1357 16.257674922299554
1358 16.514065399241222
1359 17.30024387154309
1360 21.666094897762907
1361 20.969475470462807
1362 17.485502835031483
1363 12.607466651595319
1364 8.050789831634251
1365 8.218316698919361
1366 8.350305185445082
1367 6.943669802305149
1368 3.1979550166829207
1369 1.3855786478799081
1370 0.6179219716924587
1371 0.0841011494794993
1372 0.2307915798524876
1373 0.5044834944550807
1374 1.2039250095215472
1375 2.57420684980589
1376 7.295185379911357
1377 13.398684338026507
1378 17.76137949319564
1379 17.37590404477479
1380 15.046362399728427
1381 11.608558899953568
1382 7.218708935600623
1383 3.4143849401690636
1384 1.4305222834872684
1385 0.0405391439683405
1386 0.1499382831400007
1387 0.2557427045614688
1388 1.3588748921091713
1389 1.8201088169531852
1390 3.3212167700003143
1391 4.470968063007814
1392 5.533965478863182
1393 7.3750841042467785
1394 7.226262972512499
1395 9.23843622469137
1396 8.136742496974053
1397 9.16627344248049
1398 10.418571760904214
1399 9.710276643863187
1400 6.828818586655007
1401 5.957046002172231
1402 4.428154838965091
1403 5.5947466357671285
1404 3.8244736979336724
1405 2.8851718626649587
1406 1.562667826390899
1407 0.6716239390356302
1408 3.064150108909499
1409 1.7116874576693777
1410 0.4368261345208995
1411 0.07696604536943884
1412 1.8134445152006415
1413 3.000923793511837
1414 2.98504697159358
1415 6.164667927182617
1416 7.458630978874261
1417 8.955609098761588
1418 10.734303232718647
1419 9.9508253733967
1420 11.981253629491547
1421 21.45347139581806
1422 22.41008755086853
1423 20.022601865193987
1424 25.25672655582397
1425 25.10245970914293
1426 18.96966931833007
1427 16.529343451068893
1428 11.982314000501646
1429 10.523756357930989
1430 9.446673304825344
1431 7.324327834717596
1432 3.6041650390604034
1433 1.594925907522584
1434 0.8343692282488814
1435 0.3125915139838682
1436 0.04881488396369325
1437 0.7820180548410111
1438 1.408198664474668
1439 3.134465677530762
1440 6.291549514290252
1441 11.751061205613052
1442 13.388380797647557
1443 15.344226139675708
1444 13.964061312837174
1445 10.740349045814664
1446 7.404361413018505
1447 3.1572955286968427
1448 3.5984354164049623
1449 0.3102812848378259
1450 0.3125080588694821
1451 0.6022112427791173
1452 1.0542968668596677
1453 1.8898805778335912
1454 2.447909431089218
1455 3.3053509025277963
1456 3.784659449505575
1457 5.598454730586301
1458 6.642847015265586
1459 6.250703207062421
1460 6.973507620373762
1461 8.241189816575611
1462 9.354264550039172
1463 7.9946715438126255
1464 6.236883737698482
1465 4.865956513188511
1466 3.8999711537204655
1467 3.6496226751427248
1468 3.3024274768372326
1469 2.621326261418632
1470 1.2452940204098626
1471 0.26761196889988476
1472 1.510249014075935
1473 0.9783047799522206
1474 0.03661551201760823
1475 0.43577164234822907
1476 2.398126846853293
1477 3.696091570395104
1478 3.5784589338354547
1479 6.893876413153835
1480 8.177479853098214
1481 10.010063554142342
1482 10.777516422880135
1483 12.391120757646265
1484 15.087186133009432
1485 21.73865173254183
1486 27.124551825845725
1487 28.003601797226178
1488 28.83151301371064
1489 28.57404592693044
1490 20.422219275204917
1491 18.1085574965425
1492 12.780046896263688
1493 9.84418081444489
1494 7.0649755741053095
1495 4.352959235947136
1496 2.7468329495994497
1497 3.779147435173438
1498 2.676647874898275
1499 1.0179246237646618
1500 0.1847833113054076
1501 1.0905147339023924
1502 2.18115685986741
1503 3.7628046706006906
1504 5.64253938656317
1505 7.731003247791434
1506 9.646336216738232
1507 11.382377057170245
1508 10.840778786091873
1509 9.27535511147742
1510 8.974812836103748
1511 4.268055598879537
1512 2.854792198189417
1513 0.524188011329451
1514 0.4966529605047562
1515 0.815952523964759
1516 1.1910499919246187
1517 1.0393229134707656
1518 1.16183266240289
1519 2.2687796491798706
1520 3.0884624982709274
1521 2.793398870051723
1522 3.520688275901752
1523 4.809758131205246
1524 5.874543400406499
1525 6.408302539442462
1526 7.148306704824421
1527 7.6358416206462
1528 7.178905802819558
1529 4.727195990735589
1530 3.389492482423821
1531 4.1207448548866354
1532 3.164369951207324
1533 1.7138184712604452
1534 0.5861188046471959
1535 0.3595330703429137
1536 0.6162256317787427
1537 0.3798298997103627
1538 0.07986804748324647
1539 0.958673271136953
1540 2.917037518709192
1541 3.3256806745817737
1542 4.220018719350406
1543 6.797777387025072
1544 8.363264321844326
1545 9.877477625650128
1546 10.39087522135899
1547 12.56263592386043
1548 15.900075637649351
1549 21.760745038629132
1550 24.771417531833443
1551 29.175752169748744
1552 34.759365152431286
1553 35.21920368938417
1554 30.101933989334903
1555 22.58350318731952
1556 15.786895434809264
1557 11.695578779899172
1558 8.41061533385745
1559 4.288506563310051
1560 3.2993268543461896
1561 2.9341134683664136
1562 2.325391793964651
1563 1.3153668138520553
1564 0.2568737773644974
1565 0.18347459257102475
1566 1.1393312719021043
1567 2.4209796458344637
1568 3.413815591018797
1569 6.861987348133167
1570 7.801371403573473
1571 8.002433664307683
1572 10.036926475421517
1573 9.631169035185023
1574 7.169299075115444
1575 4.585390211714369
1576 4.612493049830745
1577 2.7305035420752106
1578 0.5139222528501926
1579 0.004996844559698509
1580 0.14373212035203245
1581 0.09568840124867631
1582 0.08426283652711178
1583 0.6276588156224446
1584 1.05262839237117
1585 1.894950095578015
1586 2.315772757318951
1587 3.445556397159754
1588 4.6446444549098205
1589 5.752910138091968
1590 7.2168762837644564
1591 6.05269729247129
1592 5.746980961714949
1593 4.578819902280045
1594 3.372243846323719
1595 4.736254032574585
1596 2.7014334186935622
1597 1.4365310148970627
1598 0.24113665328657774
1599 0.11389249860260778
1600 0.26642367204942025
1601 0.09497795751859457
1602 0.12581597934736136
1603 1.1538826636431625
1604 2.784453743927217
1605 3.3886526182893797
1606 4.808135316433521
1607 6.466067458313463
1608 9.327528971779104
1609 11.599668279355482
1610 10.575883742998126
1611 11.603689254747023
1612 17.112094363628803
1613 22.853304219579183
1614 29.884220874145715
1615 33.22164579552129
1616 35.793716885391234
1617 40.40091375366723
1618 36.674792890414615
1619 25.599086482818052
1620 16.830884897069307
1621 12.429524176197555
1622 10.127733291977206
1623 5.766538567727713
1624 3.6126572451502668
1625 2.6870405662443497
1626 1.4595162044422234
1627 0.8396872146095306
1628 0.2778139178306264
1629 0.06504676501378112
1630 0.7009934969781135
1631 2.0515547034249564
1632 4.086734847715555
1633 4.419621776771728
1634 3.859504901891957
1635 4.184823553706896
1636 5.263576672457939
1637 8.723004076064205
1638 8.698932532878851
1639 7.000082127256489
1640 6.487399319672644
1641 3.376377947082981
1642 1.4646923055005874
1643 0.16857406038211983
1644 0.03097539219521
1645 0.013084021773870094
1646 0.1113769832319275
1647 0.3027555511254952
1648 1.1624610795735988
1649 2.992137753149732
1650 3.2032151979876273
1651 4.283708428526746
1652 5.287849024486069
1653 6.731054871999039
1654 8.09250192188678
1655 6.984351235902654
1656 6.133318250332712
1657 4.645458236243301
1658 3.517715134807294
1659 5.8113986591185505
1660 4.296402421439584
1661 1.7348512409013335
1662 1.1082907088894252
1663 0.36507831446689215
1664 0.27588088508176495
1665 0.13183001181741782
1666 0.11897449342008971
1667 0.9881480148095196
1668 2.306954147333036
1669 3.5106537553920307
1670 5.692336158709161
1671 6.9046100517242195
1672 8.672031581752181
1673 10.602092033347372
1674 11.365687129480234
1675 11.405064004180382
1676 18.003885196155398
1677 22.935217041232562
1678 31.71318354767734
1679 34.69058441910705
1680 41.201401020182686
1681 46.51841869538316
1682 42.100048800281876
1683 29.438153808068616
1684 23.649579592354925
1685 19.57282730118476
1686 15.84331975037927
1687 10.482617210791979
1688 6.31098097299986
1689 4.050612571444939
1690 2.2577074580370713
1691 1.3799630676000834
1692 0.769342567018449
1693 0.8273810634757123
1694 1.3711757577516743
1695 2.498199001095333
1696 4.9398772504601345
1697 4.03503401737056
1698 2.5123674415284207
1699 2.5016541640435728
1700 4.906946619741469
1701 6.373414950922272
1702 7.177069752776825
1703 4.661657083698166
1704 2.7500571363424404
1705 1.3737277738042435
1706 0.9674985991474776
1707 0.21372920318079247
1708 0.09448964437255501
1709 0.016104784047469463
1710 0.062148656400934976
1711 0.22946325900725775
1712 1.0872403379336761
1713 3.463586190876843
1714 4.652200777556771
1715 6.318284379278124
1716 7.788202045446516
1717 9.259369889551463
1718 10.322793474469792
1719 9.359128584714272
1720 5.437774127572185
1721 4.479670971615717
1722 5.142564813508367
1723 6.653421546814084
1724 4.874403758886928
1725 2.925861999827055
1726 1.532523498810702
1727 0.6392343022730704
1728 0.05348252675969728
1729 0.04654621504549403
1730 0.11653269406815314
1731 1.3642876203742826
1732 2.3676473067455808
1733 3.4434107299339733
1734 5.224540381004845
1735 6.859455005512207
1736 8.690960437080227
1737 10.559270335848867
1738 11.499236084335589
1739 11.58461850749731
1740 16.321040474601062
1741 20.950284566490428
1742 25.06400389425536
1743 31.36118335271714
1744 37.919380949492364
1745 42.07172413158168
1746 39.32517253329407
1747 31.767184723361435
1748 26.410726108216195
1749 23.344255610172638
1750 15.362575085209222
1751 10.60046989823535
1752 6.220851037161236
1753 3.5376809583670354
1754 2.574636431767684
1755 2.5680152144179966
1756 2.006193329503972
1757 2.5309916235554843
1758 3.21600362613338
1759 5.145360551819412
1760 6.921280677385526
1761 4.701086576731983
1762 3.2264600337846323
1763 2.943819903609056
1764 4.004604823124068
1765 4.698742821804809
1766 4.814934531220726
1767 1.9043177768867545
1768 0.6434115356180106
1769 0.1594553471565612
1770 0.2634961371146592
1771 0.08586336679440226
1772 0.0034097520856059375
1773 0.08555789459549583
1774 0.22872006121791486
1775 0.3982666813072534
1776 0.9574691746882764
1777 2.1924027456283137
1778 4.3882031785235895
1779 5.885533489360655
1780 6.472030488694431
1781 9.178228336479151
1782 7.574255769270406
1783 8.348284369207088
1784 5.399680540702577
1785 3.829997827242721
1786 4.822878475348476
1787 7.733230522011857
1788 7.996667714669414
1789 5.253253017000776
1790 2.368975502149672
1791 0.7518023592164911
1792 0.0014753344877918722
1793 0.012819419644171878
1794 0.3165056365869839
1795 1.465852111683478
1796 2.28001235570391
1797 3.1445958349867618
1798 4.797617521416562
1799 6.284720303510085
1800 8.242173713740105
1801 10.435960511142557
1802 10.443700705863417
1803 10.923182536504594
1804 15.400273031264142
1805 18.708280600328372
1806 20.851972330947238
1807 26.94294656714982
1808 39.531863728086236
1809 42.54985984650795
1810 40.07081512301808
1811 36.13207874530563
1812 29.70026274369953
1813 22.05709811432984
1814 12.256487549114357
1815 8.370071471908767
1816 6.687131932830509
1817 5.2236531787305305
1818 3.843145671720298
1819 3.8948006669100694
1820 2.69881164832406
1821 3.9250628068893256
1822 5.224426854128925
1823 6.831252066552674
1824 7.349440377000553
1825 3.64078550423707
1826 2.6177305166489497
1827 1.3476958472064833
1828 1.5187440588718912
1829 1.394709557959445
1830 0.5356901706078111
1831 0.09738668877189709
1832 0.008298896143706123
1833 0.46856307385490303
1834 0.36983285231577945
1835 0.3435978962669393
1836 0.6258413796890567
1837 0.5698021360478794
1838 0.49272774817101883
1839 0.31953436206746927
1840 1.2274555862253511
1841 1.5245146260365323
1842 2.7831280259898405
1843 3.6667264239133313
1844 3.1651089517106223
1845 5.642596993011955
1846 6.794807084609852
1847 5.832400254734246
1848 5.626587501341944
1849 4.952756127735209
1850 6.511853084084206
1851 8.8161747583702
1852 11.008139268477114
1853 8.382620342719736
1854 2.5474925758685334
1855 0.4062732229466462
1856 0.0010024680566985032
1857 0.050811311615139555
1858 0.3966040650096505
1859 0.9674520153882921
1860 2.5372189251278106
1861 3.558584493396965
1862 5.440225655399336
1863 5.5594689526883
1864 7.6675150446377724
1865 9.533462904657586
1866 9.016218324744536
1867 10.93059290015785
1868 14.773932680275706
1869 19.271652324758858
1870 23.96432096149175
1871 30.191899113385894
1872 38.4963657310925
1873 36.774670318402364
1874 36.718863114253466
1875 32.53648438046775
1876 28.090040084657723
1877 21.327911186439408
1878 16.434082536116698
1879 13.156946539703151
1880 11.138703995774758
1881 7.97492267315987
1882 7.092761959402038
1883 6.361945976952195
1884 5.750457564451273
1885 6.456103668578215
1886 6.935032919355206
1887 8.096516156712832
1888 8.171203928156796
1889 4.639975961599319
1890 1.9323201841406785
1891 0.2642077320276342
1892 0.00025552025635015163
1893 0.11254754880001158
1894 0.25519013538809954
1895 0.5208618883862861
1896 1.1098821160659513
1897 2.950713085190702
1898 2.547195285381285
1899 2.3654799202421826
1900 3.2777910366414447
1901 2.7791936770339323
1902 1.9657416083671488
1903 1.724259231206234
1904 2.0269331549067493
1905 1.591408633331657
1906 2.226397348648494
1907 2.9110559793279887
1908 2.1594486240750776
1909 3.319118646130686
1910 3.821244419099944
1911 3.7819847444294625
1912 5.329982152692016
1913 6.1319711479722425
1914 7.480450279542606
1915 13.857949843119728
1916 13.614670895632578
1917 11.380114836536093
1918 5.54110349224929
1919 1.0044373368720887
1920 0.09412764348059059
1921 0.1632728194823233
1922 0.6919749524824319
1923 2.0096941379957687
1924 3.7834608715105382
1925 4.947374612873902
1926 7.254167210049561
1927 9.130084656699735
1928 11.78429090039194
1929 10.567646318055873
1930 9.080835762751942
1931 11.579665934343389
1932 14.77076228369285
1933 19.394738531642606
1934 25.049678495192385
1935 32.83352038652364
1936 38.2347424957565
1937 40.827273249530144
1938 40.167548370119874
1939 34.375034304568366
1940 27.614422973265587
1941 21.851836203051104
1942 18.780827248089448
1943 16.841876075730593
1944 13.219262630348922
1945 10.148427339156443
1946 9.435565604866122
1947 9.006386122548012
1948 7.69043097361677
1949 8.348373713078189
1950 9.811931236559865
1951 9.182686212425551
1952 7.58837317014362
1953 4.845161310103419
1954 1.2077611166335225
1955 0.13192662918072875
1956 0.04211879750893567
1957 0.48881233981372907
1958 0.8865796372481526
1959 1.847146870280885
1960 2.8409492139770016
1961 4.05105503877262
1962 3.1579177659690245
1963 4.037329549426976
1964 5.931537824687892
1965 6.263565612009041
1966 4.989232881347209
1967 4.4766916352272546
1968 3.6603697482839515
1969 1.9660599760244803
1970 1.6433748658338077
1971 1.8002717671958788
1972 1.7821334193905793
1973 3.061246285083836
1974 2.4043783760048756
1975 1.5793742194997034
1976 3.734061939613665
1977 7.936183360457795
1978 11.392484476200586
1979 14.594053608820454
1980 11.16679182302763
1981 11.321454819762273
1982 7.235220524493874
1983 1.4853340946987927
1984 0.27236322908817223
1985 0.24096208688994902
1986 0.5023036269578471
1987 1.4948764776638748
1988 3.3925754476488037
1989 4.893711978657774
1990 7.758188991124506
1991 11.266058372077241
1992 13.48214289877999
1993 13.46025807280603
1994 10.32254953990209
1995 12.275197293680737
1996 15.914553322582185
1997 20.767611853710235
1998 28.119083394650215
1999 31.616997229555174
2000 38.17937694999461
2001 41.19020727023911
2002 41.43654792314594
2003 35.913839649894896
2004 28.28053257654072
2005 24.445499203392718
2006 21.290615524999374
2007 18.17560905584626
2008 15.148340491578184
2009 13.139232873591185
2010 11.380733397498378
2011 10.546686152974317
2012 8.968564563853956
2013 7.965860669724516
2014 7.956484153171739
2015 6.0897306958485276
2016 4.717924733536781
2017 2.879357351320652
2018 0.5430157434740457
2019 0.0033193785962645646
2020 0.2458784834131031
2021 0.2490116769435724
2022 0.7753113544042427
2023 1.4768755196168402
2024 2.674369644357374
2025 3.075078353824519
2026 3.2951748454386838
2027 4.0906485950895055
2028 6.697843091245494
2029 9.970758389885077
2030 9.553260569217114
2031 6.729339723433583
2032 4.168187840236612
2033 1.9269527722161661
2034 1.0984695924002403
2035 0.5369505221320708
2036 1.2500127446827365
2037 3.5050867839406816
2038 2.7630905824797503
2039 1.1186138823413099
2040 4.541008763578661
2041 10.53698436059912
2042 11.519586491420892
2043 9.051129073297593
2044 9.248394306569582
2045 9.90634471267741
2046 8.046389309103295
2047 1.3783397768137513
2048 0.10682354055984282
2049 0.2881212522114904
2050 0.771826981211736
2051 1.6568050302885955
2052 3.0224567862121856
2053 5.161420326021949
2054 7.994241590859587
2055 10.980732823906878
2056 11.920281128212933
2057 10.888310975017017
2058 9.237463789408718
2059 10.234508333303127
2060 13.65990184693449
2061 20.97740610117383
2062 25.76331486908941
2063 25.8354231244164
2064 36.518773731172864
2065 39.77213176011486
2066 40.22097871633886
2067 32.277779951603435
2068 29.645335164605626
2069 23.583974196143732
2070 22.147529343855698
2071 18.874083926450506
2072 18.050456621325672
2073 18.870060686867465
2074 17.13369950369784
2075 14.534083224683574
2076 9.556232302733376
2077 8.730007748714769
2078 7.462544021714395
2079 5.7104325975093815
2080 4.578684618018825
2081 3.126966885517236
2082 0.7025904737982265
2083 0.002176030385880964
2084 0.018650670044579386
2085 0.3332573790250288
2086 0.06681376230567013
2087 0.22082532663499865
2088 0.6081969337517945
2089 1.3763913194617234
2090 2.518659336911278
2091 3.1259345169431554
2092 6.586276001672118
2093 10.369089647116134
2094 10.043694621735561
2095 8.079538806037174
2096 5.514082035901077
2097 2.7040134870217707
2098 2.2647724200590083
2099 1.576296438418322
2100 1.2001423199867052
2101 2.7210532001143766
2102 3.769144502938128
2103 4.856769074043582
2104 6.8944678413170095
2105 9.948813532282804
2106 9.861623452805242
2107 7.225957756426248
2108 8.614540779667658
2109 9.72570819642662
2110 8.636885755754177
2111 1.76763747933336
2112 0.14244388290066123
2113 0.14585330321137804
2114 0.4922987965142072
2115 1.400293394006016
2116 3.695090040221111
2117 6.042955136963613
2118 8.510375554247661
2119 11.07643426136772
2120 10.785827668452196
2121 11.09144401371026
2122 8.799788592333817
2123 9.805433584680427
2124 13.19458540241449
2125 21.389146929521605
2126 26.548767684257303
2127 26.9176967163137
2128 35.36907429217434
2129 42.937841186934996
2130 42.1196280642211
2131 33.68445658145804
2132 29.488734427965266
2133 26.981737408421097
2134 27.653254638528555
2135 28.10043760283104
2136 25.146502630784973
2137 24.095999068070274
2138 21.061734506112415
2139 17.487526048558433
2140 13.717696320492918
2141 12.176232745030816
2142 11.430904217282889
2143 9.975883930422606
2144 8.49551194275678
2145 5.69228178609097
2146 2.0023880232551745
2147 0.32632476995609805
2148 0.12431963499802792
2149 0.020726253585455906
2150 0.011835866404468116
2151 0.009261826114009249
2152 0.10223118064931974
2153 0.5863995437270111
2154 1.7136561412098796
2155 2.83266467332351
2156 6.404513930407378
2157 8.266167584358175
2158 7.564867707425054
2159 7.078448882591737
2160 6.5205471987591865
2161 3.957820384560078
2162 2.946843407791117
2163 3.43632308260856
2164 2.1477993770578316
2165 2.395625216746167
2166 6.376577725719503
2167 10.241707690515884
2168 14.016904269244545
2169 11.341388322431214
2170 10.178049478702473
2171 7.145481288649006
2172 8.29460182537679
2173 10.318067989242435
2174 7.755407865363909
2175 1.9756128319324353
2176 0.08039537093423287
2177 0.022611207986482283
2178 0.28933230230534085
2179 1.259035547295809
2180 3.3405690043702276
2181 6.072778252883139
2182 8.74996884569578
2183 11.88255721040981
2184 11.369285998603925
2185 12.389254925735663
2186 10.977494691733355
2187 11.755039276833557
2188 14.786098350799854
2189 22.28346020315628
2190 26.363331140572296
2191 30.07361558520169
2192 40.657839859970274
2193 47.65767493457784
2194 43.70963843971144
2195 36.12982879770854
2196 31.847289671766116
2197 29.751544881427442
2198 29.19563443717796
2199 31.51189606602584
2200 26.162536460270456
2201 22.24656650922369
2202 21.734667217813648
2203 23.394294460800396
2204 20.492868064743764
2205 15.496383019759339
2206 11.938307620383371
2207 10.259533019481967
2208 7.237686753855446
2209 6.704480754418666
2210 4.1121357415834785
2211 1.691586114215798
2212 0.6528367302066745
2213 0.19065975500934815
2214 0.09867936138236538
2215 0.02488446947681696
2216 0.403335111537054
2217 1.299867305208864
2218 2.284104439714787
2219 4.367070627754604
2220 5.9972591514990885
2221 8.68634725111474
2222 6.190053658361637
2223 4.060376806887344
2224 4.846400685420583
2225 5.147011288062784
2226 5.08436874330755
2227 6.6257445631838845
2228 6.212644472104466
2229 8.559962298898736
2230 9.356540814317636
2231 10.769790828467691
2232 13.548570237599284
2233 12.238106778008147
2234 11.205914359279122
2235 8.18301069921557
2236 10.136089372105001
2237 9.79736429247557
2238 4.114626654002237
2239 1.0571979732837204
2240 0.07125587745822522
2241 0.025943769721673483
2242 0.4482846790803044
2243 1.0699406175163209
2244 3.374838315052011
2245 6.007908073414376
2246 9.128051682452158
2247 11.976206338526744
2248 12.939349963209011
2249 12.791536019368452
2250 11.031212803032785
2251 12.326083118315697
2252 17.042436999856818
2253 24.38765275912069
2254 30.140167003488664
2255 31.08395690924258
2256 37.161593088743814
2257 42.65778841299021
2258 42.957606290097125
2259 38.033758068031894
2260 33.037440288708076
2261 29.01358682703308
2262 28.90796648519409
2263 28.364284365958383
2264 24.600827276577455
2265 21.940855200587443
2266 21.97172543347468
2267 23.733851099686568
2268 19.19917706715115
2269 13.489322924467327
2270 8.925956514947845
2271 6.41344844267621
2272 6.786608054973062
2273 6.144433830585124
2274 5.5122796437993005
2275 2.8621513572449637
2276 1.476376322719485
2277 0.5413364332951162
2278 0.25153792739878345
2279 0.0003522374151622357
2280 0.2977775819599631
2281 1.2686108958149587
2282 1.9821500440033653
2283 3.5210769033309623
2284 4.443431949949732
2285 5.483658872172453
2286 4.195575789134305
2287 2.400474328493408
2288 3.512355750475287
2289 4.046598493687027
2290 5.22694676850833
2291 8.5528886648594
2292 9.78395648821818
2293 14.79152293750624
2294 11.194401392251406
2295 9.677778177331355
2296 9.724608823118059
2297 9.347402545248343
2298 8.787490472715236
2299 8.61104568311083
2300 8.875663503893069
2301 6.5108925037194965
2302 2.2532234767711428
2303 0.6040174295714963
2304 0.19097187653445757
2305 0.015109222912091639
2306 0.38828078308597436
2307 0.8321004615636045
2308 2.5507736275719752
2309 5.237410402517627
2310 8.511789207908256
2311 11.219308499541885
2312 12.336971414761623
2313 11.636472842988416
2314 10.371296378526429
2315 11.99528128847173
2316 17.645680930869048
2317 25.823527087869522
2318 30.605933330516702
2319 33.89926517369325
2320 39.86921717288278
2321 45.99267299096041
2322 44.048981132372326
2323 37.73743359077782
2324 35.18021768106292
2325 31.162397006165556
2326 24.975010367710574
2327 22.99218355850221
2328 20.81266792925514
2329 21.332895608818028
2330 19.21267837720727
2331 16.218900960429174
2332 12.655365870493432
2333 11.83327327378375
2334 8.46288732841224
2335 5.651980154435074
2336 4.681289067651976
2337 5.053247475843809
2338 5.281042748791678
2339 3.716263921586203
2340 3.0415107780057213
2341 2.286432815837024
2342 1.0485097169613973
2343 0.1968645045702968
2344 0.08734566471991173
2345 0.6747900617566801
2346 2.125125951188133
2347 3.680315855711858
2348 4.810285192822569
2349 3.8281073184356615
2350 3.6985692104702017
2351 3.022451778100621
2352 3.3365517463465566
2353 4.167516627989937
2354 6.072806628176634
2355 12.53652167012949
2356 16.291705393757372
2357 17.86939799647345
2358 12.462571282384312
2359 10.890210987673003
2360 8.429661451928771
2361 9.451246055352655
2362 9.930275437279699
2363 10.027583039603966
2364 9.272912396726992
2365 3.8350355018492093
2366 1.3457093172814791
2367 0.4479542367423808
2368 0.7811582675772412
2369 0.05777169331728161
2370 0.4472288932601856
2371 0.9367686421561118
2372 2.6243361849260602
2373 5.288324176502917
2374 9.378566102116718
2375 11.008419072711362
2376 12.550281148780948
2377 13.11781916903186
2378 11.292986752845344
2379 11.423007301195423
2380 17.77690857213123
2381 28.787092217983258
2382 32.96926824142036
2383 34.713621302097756
2384 40.70466291522684
2385 47.03700646394897
2386 47.79948004818867
2387 40.36974794581571
2388 37.45870850923365
2389 28.464282422942947
2390 18.928575161289018
2391 16.156915778891506
2392 15.27882062058796
2393 14.088895984776492
2394 12.8093630195214
2395 13.079114755834803
2396 12.612025197568085
2397 12.80251605593957
2398 10.916029294527647
2399 8.48950012408725
2400 5.709278837674802
2401 5.9706604399473875
2402 6.469656656188428
2403 5.272741162851244
2404 5.208486983285574
2405 4.657389412847882
2406 1.9638606319038807
2407 0.8846298985177069
2408 0.06979732124286636
2409 0.0744392908840493
2410 1.503552553777162
2411 2.475971559700133
2412 3.867086226157744
2413 3.8749301144459496
2414 4.1977774716360905
2415 4.853962731569603
2416 5.417839686657058
2417 6.938749292971948
2418 9.594846843179264
2419 17.311428347116404
2420 22.032257916981074
2421 22.662365457432486
2422 15.476672399168597
2423 13.383941005701312
2424 10.691222978773043
2425 11.315164724222663
2426 10.43424270990688
2427 9.686007687578973
2428 7.013526476718614
2429 2.315677652210093
2430 0.555823731981907
2431 0.0034300047653041386
2432 2.2599317392343994
2433 0.42187067040377574
2434 0.33567709777722887
2435 1.284986832692594
2436 3.5827182849776222
2437 5.955618282031628
2438 9.45610142319781
2439 11.494550715229611
2440 13.963920223049511
2441 14.463925254863028
2442 13.143568683454983
2443 11.725168433482892
2444 19.852486582155958
2445 26.802439555109032
2446 29.437124310458064
2447 33.56168697485836
2448 40.77413922913054
2449 43.43564273425918
2450 43.46358730387813
2451 40.51578700054505
2452 33.93170474576757
2453 23.82576462710825
2454 15.013709894566817
2455 13.240003978458404
2456 11.082996767669426
2457 11.510509937125567
2458 10.795464139576099
2459 10.395337633144797
2460 9.730629230495717
2461 9.718450747103645
2462 7.9408956160046
2463 8.16805486686229
2464 6.791243502176908
2465 6.1874730439821235
2466 5.974977781983638
2467 6.319140197196746
2468 6.985011700373418
2469 4.8383384358868415
2470 2.665735606007049
2471 0.8135166238639473
2472 0.18288943583041567
2473 0.00015204474695263052
2474 0.33421236356795275
2475 2.193097172242475
2476 4.069663459578872
2477 4.707707073549536
2478 5.568247403057858
2479 6.631972346859761
2480 7.533036918309084
2481 13.248119404442805
2482 17.885725062210675
2483 22.776381184520183
2484 22.597096637856886
2485 22.870608200328356
2486 16.48416160014095
2487 15.94255054153582
2488 12.219999397296249
2489 11.199773203742101
2490 9.241375064974504
2491 7.29203556437851
2492 5.136637223312514
2493 1.7355557626814948
2494 0.05405176406609867
2495 0.12300762446556954
2496 2.494070339309932
2497 0.7339688989626574
2498 0.34942279312691893
2499 1.3789184153585465
2500 4.314651545596436
2501 6.562461038305135
2502 9.480931433545619
2503 9.997851710477804
2504 12.75665478543345
2505 14.63028121991689
2506 13.265119692433977
2507 11.045255143346987
2508 18.118944235737196
2509 20.530444276261406
2510 28.637411809409844
2511 31.9024958936912
2512 37.810297297705496
2513 44.92661310973364
2514 35.31159435683599
2515 31.064709969419898
2516 31.92318285392215
2517 24.267687862993576
2518 13.74719636103741
2519 11.47722656002631
2520 10.749666893103113
2521 10.165728179646413
2522 8.990892964761764
2523 8.719264107549717
2524 7.508836336534555
2525 7.940288667550325
2526 9.036620382013481
2527 7.367601788521655
2528 8.330791445652576
2529 8.985927716456324
2530 8.366418100821448
2531 8.636324670459059
2532 8.54569069378103
2533 8.4182664228825
2534 8.490362342122188
2535 8.014720623809556
2536 3.6206406814884886
2537 0.5299957140015045
2538 0.003963070668370817
2539 2.410861768706054
2540 5.232618351415757
2541 4.8224037890039
2542 6.288361591911508
2543 6.280666581610577
2544 9.471607384907411
2545 17.878976000888315
2546 20.70414018078368
2547 21.123149463505975
2548 18.024022334535527
2549 16.51274096259423
2550 16.868847133640106
2551 15.233866968588345
2552 14.27907881139161
2553 9.340089167022517
2554 8.049830547351418
2555 5.630319893101252
2556 3.3367171895570085
2557 1.4459886702281937
2558 0.4162140436275655
2559 0.018375327489516674
2560 3.3441202887730443
2561 1.2175035990940017
2562 0.2036954304253531
2563 1.3789501504702493
2564 3.065298846013439
2565 5.597185788531641
2566 8.554557768176428
2567 8.97277240017012
2568 10.922423231938993
2569 13.96883733736505
2570 12.391768717182805
2571 11.435374861371434
2572 15.572413512990028
2573 20.75989179943317
2574 32.32086390955908
2575 34.631821350140555
2576 34.27679510271168
2577 38.7551176408272
2578 33.39392919598535
2579 29.827394118129902
2580 25.031482400066693
2581 18.669413723239465
2582 13.220973191256869
2583 10.723424415793234
2584 8.427342566657927
2585 7.301779252609127
2586 6.59435263598545
2587 6.942303954073013
2588 7.149014375773269
2589 6.7312293835830745
2590 8.189077516712501
2591 8.723238493261908
2592 9.380050506981005
2593 13.13088552391891
2594 11.888241502845942
2595 13.410546147719916
2596 15.883523836241299
2597 16.6066419783213
2598 18.456392267778632
2599 16.170790834228722
2600 9.067852278962727
2601 1.550452033507345
2602 0.19205681176971182
2603 0.5919629535780383
2604 4.244420364912956
2605 4.047435863580273
2606 4.675013132440049
2607 6.486324525261485
2608 9.12150695992462
2609 15.300906549963177
2610 16.861012920788866
2611 17.340960455663907
2612 13.575222710231383
2613 11.60197370268439
2614 9.553789513631434
2615 8.28912589055228
2616 10.25261730107212
2617 8.835219236447752
2618 7.665713010936639
2619 6.403973402648205
2620 3.4275575981934585
2621 1.3075144932591016
2622 0.768522346341387
2623 0.18223677592543205
2624 3.3790066390989946
2625 2.20081725885875
2626 0.040616253734886996
2627 0.9430814684157348
2628 3.464116245853379
2629 4.768852181354073
2630 6.59763585974569
2631 8.67379355614407
2632 9.729223000686119
2633 11.089508275851411
2634 10.639060764554973
2635 12.969187671165054
2636 13.92025479430017
2637 23.329391469048627
2638 31.273662407694808
2639 33.819197951371144
2640 35.01076427115256
2641 36.23550759697857
2642 31.452650035061737
2643 24.821008533710952
2644 20.13446581565483
2645 17.377670157708344
2646 12.000687813001194
2647 8.964859399464778
2648 5.787625315110496
2649 4.712966327413282
2650 4.428775252259626
2651 3.964227014492798
2652 3.894021761294555
2653 4.392051779021075
2654 7.4058663937110705
2655 8.989051504495803
2656 13.675459598130805
2657 16.034814283693223
2658 15.008289334095984
2659 14.848189214621017
2660 14.924285895800201
2661 15.700591196158506
2662 18.161095171776463
2663 14.886671923070008
2664 10.888419877636213
2665 1.9459125105440895
2666 0.34388168346021175
2667 0.07467581619195808
2668 1.9135244226320793
2669 2.4860840277280714
2670 3.524345624093304
2671 5.2418970050122144
2672 6.751179127936178
2673 8.366371582446494
2674 8.457904414110144
2675 8.057299022563985
2676 6.247657774764423
2677 6.29078407534946
2678 4.832643926977117
2679 5.272220394101547
2680 6.484952324006659
2681 7.787953476297528
2682 8.341621564041105
2683 7.621307272543328
2684 3.517653823543759
2685 1.849413376509835
2686 1.7519546158171244
2687 0.8061346472191503
2688 6.419124138102659
2689 3.773992516047812
2690 0.3781079627598729
2691 0.5399146563202214
2692 3.4690119255632306
2693 4.042868244316138
2694 4.698237117157675
2695 5.915244055703064
2696 6.436509122410717
2697 8.969949468673512
2698 9.36855239719895
2699 11.427167567915237
2700 14.00001964205028
2701 19.631393192177477
2702 26.432916379409004
2703 30.653059922384255
2704 35.67390977854146
2705 33.18634247974191
2706 25.055699885700157
2707 20.074049875940766
2708 20.719667356880272
2709 16.045130165287457
2710 12.045533273629646
2711 6.607184514693378
2712 3.744030737874297
2713 3.3877893911236923
2714 3.6541285237646006
2715 3.100952060685813
2716 3.7163353868823705
2717 5.49993726208686
2718 8.310146086365833
2719 8.817387425092674
2720 11.044754830214464
2721 11.558599625130432
2722 17.41250006373021
2723 19.05193097848303
2724 16.478462678039055
2725 16.544155460349277
2726 17.426226851973365
2727 11.590279135252928
2728 10.110992520434433
2729 2.9864163983423495
2730 0.35974957547379405
2731 0.0031482263545212544
2732 1.211074805775575
2733 1.6437056511911898
2734 2.044849273409854
2735 2.3710423745097082
2736 2.9322937664375797
2737 3.4142761885831803
2738 2.938532388990101
2739 2.591889438960897
2740 3.870445632204478
2741 4.493271517769952
2742 5.1761825240039885
2743 6.061425954201119
2744 6.152898480733965
2745 7.573735169866753
2746 8.504148157188917
2747 6.080126733549131
2748 3.1374026656339917
2749 2.721236178825363
2750 1.8956293567365057
2751 0.6766269446245621
2752 7.408377612621174
2753 5.308036186990182
2754 1.7236320155447733
2755 0.02519844923281223
2756 2.245412244860455
2757 2.732576331316939
2758 2.2830570609137917
2759 3.329570952894695
2760 5.4745027857712305
2761 6.860772812860639
2762 6.915541791999514
2763 9.17754774085608
2764 12.607134986756767
2765 17.612338172444638
2766 22.53114606423955
2767 27.246177677700977
2768 32.865386015198986
2769 33.15400825703663
2770 25.210474102687638
2771 20.498484028743796
2772 17.85893858749957
2773 14.866510255774344
2774 12.01722935551031
2775 6.0238842809806785
2776 2.9170331678611054
2777 1.8173704739191945
2778 3.278652694320801
2779 2.811477900646615
2780 3.6636499968855003
2781 6.3612566827687385
2782 8.68820657745982
2783 12.88032544483224
2784 14.154155923779946
2785 13.692630214790313
2786 23.47713770083296
2787 24.94410075130272
2788 17.555099819200635
2789 12.921035361044945
2790 13.802875025492297
2791 11.9414931083718
2792 9.959801580416885
2793 2.800461808421585
2794 0.5946776290178689
2795 0.10446195620711372
2796 0.10093239967265577
2797 0.5796397283530902
2798 0.6702041901743746
2799 1.0033959642819485
2800 0.593863727415483
2801 0.5027191050249704
2802 0.36897233942267577
2803 0.776127812532553
2804 2.1439750919319764
2805 3.363219621470582
2806 4.884826687910613
2807 6.52203717505557
2808 7.615552428454574
2809 7.453312344916061
2810 6.653340154143672
2811 4.595485765979593
2812 2.7898420723699364
2813 2.5928589772183392
2814 1.3410377529815645
2815 0.358891790667062
2816 6.987682405318341
2817 6.569254906220242
2818 2.7975885967000504
2819 0.2603985558435982
2820 0.837177155331824
2821 1.8675396650233826
2822 1.4928463277209376
2823 1.6651012227082014
2824 2.7547687287799385
2825 3.38004981533219
2826 5.178061043674276
2827 7.654522909418335
2828 11.271351275122697
2829 16.97317930490587
2830 24.680472349006784
2831 27.443329393278937
2832 33.019230255643826
2833 35.857857258155015
2834 26.871683153024083
2835 23.279404502217282
2836 18.641338556015192
2837 14.746790838721088
2838 9.004796241759603
2839 4.394432420955103
2840 2.7858604943774683
2841 1.2353841568644408
2842 2.4314145528509434
2843 4.590894932242692
2844 4.620829312482596
2845 7.875971493967379
2846 10.81825584322722
2847 15.532512336673726
2848 17.421313993193458
2849 20.52362680979003
2850 21.49789667640539
2851 20.84996247887894
2852 19.695917760174
2853 11.852936341696601
2854 8.672731876234446
2855 7.974236534188114
2856 6.464093767374195
2857 2.447322564550143
2858 0.9554575896571023
2859 1.1265161948676705
2860 0.561228401282978
2861 0.12415075556958437
2862 0.012889295443280937
2863 0.048718694574973055
2864 0.017112221334381922
2865 0.6137657864474878
2866 0.34866825847372496
2867 0.671106659066352
2868 2.201878468050149
2869 2.0070972381815655
2870 4.160271163287737
2871 5.5309009893654455
2872 6.277336464103815
2873 6.958347270345196
2874 5.187402004512698
2875 3.948418321200727
2876 3.057770803049253
2877 2.5186067573309243
2878 0.9705629367621872
2879 0.3577472775854178
2880 6.0766624161266325
2881 5.620704593763803
2882 2.2319083540358693
2883 0.5403005218695437
2884 0.20896908387451563
2885 0.6309372086788325
2886 0.7087521926079331
2887 1.2939760311317243
2888 1.7643016962790403
2889 1.5049055378301348
2890 2.5066078778069465
2891 5.108224987903348
2892 10.449670369215571
2893 14.803295358152077
2894 22.46481996697051
2895 26.704068024791468
2896 32.02485308766574
2897 33.33296994223227
2898 30.165611493622453
2899 26.993475571555624
2900 22.28784398173936
2901 14.960501883023907
2902 9.617358214095498
2903 6.116794044955468
2904 2.909412951061185
2905 1.5553736545457661
2906 4.235540394657679
2907 4.672756767243412
2908 7.043518426892316
2909 12.010815175622946
2910 14.500046802969502
2911 15.508152676227876
2912 15.145786562690045
2913 25.718822626537367
2914 23.5623871786075
2915 14.21533489669767
2916 16.09460556694778
2917 8.50426570362081
2918 5.50244174885187
2919 5.144468944940611
2920 4.893832219799315
2921 1.3922865707453527
2922 0.49976543258423917
2923 0.6179747857446681
2924 0.6971437968647513
2925 0.6119615109065931
2926 0.08674766458138668
2927 0.01634987340657578
2928 0.0013166669204592583
2929 0.45878966347444644
2930 0.9957050714776985
2931 1.6731356091706582
2932 2.6049686616832655
2933 2.629456926007663
2934 4.883789994052728
2935 7.072099097855522
2936 4.921482791102544
2937 6.47441318627629
2938 3.37344029362974
2939 2.9938970752653637
2940 2.6697051522080204
2941 2.0714254639042036
2942 0.8742676694293875
2943 0.2694662349348758
2944 4.3220118698623535
2945 3.103291412512058
2946 1.429564592713145
2947 0.48773447367831413
2948 0.047864062521443686
2949 0.1738716227810794
2950 0.3356147498967702
2951 1.1149796451827985
2952 1.7311175321156544
2953 1.5340945053275858
2954 2.0182496207939864
2955 4.271506244482698
2956 10.52331034610158
2957 14.024104591611316
2958 17.715666374675163
2959 20.354723495352047
2960 20.284562529980043
2961 26.357701163994168
2962 28.081664242694142
2963 27.49550513363814
2964 18.719781897065186
2965 14.679510776143085
2966 11.624544894970644
2967 5.722120779778648
2968 3.4309031491426807
2969 3.1683128181169735
2970 3.3691833382763567
2971 4.057573544970317
2972 8.624287614041318
2973 11.878431415859186
2974 11.23562883957673
2975 13.010757235070733
2976 13.049016139667271
2977 21.880183474381266
2978 23.45583772956999
2979 16.45845083110241
2980 11.784486251849582
2981 9.996753616947043
2982 7.050456800115439
2983 4.93982876072253
2984 2.471149623742165
2985 0.7024444840690791
2986 0.20510158490848823
2987 0.049613918640521885
2988 0.11011596390306189
2989 0.15193319434427
2990 2.6577755507599607e-05
2991 0.07388785011948026
2992 0.2899749576891253
2993 1.6099541613760493
2994 1.8862789072281938
2995 3.162665933968242
2996 5.982948439266983
2997 6.6334827855584315
2998 5.242734505468163
2999 9.548829874439717
3000 7.48582514138151
3001 4.268481873186395
3002 3.4693715464836385
3003 1.4902843366119782
3004 2.0002620173766794
3005 1.4174423507137428
3006 0.9699061194759798
3007 0.5930182378779214
3008 3.771059191836378
3009 2.928065504462072
3010 1.5222977200262082
3011 0.44883687531012273
3012 0.05337419032316355
3013 0.002504755257791477
3014 0.09070249190510674
3015 0.4689733086037014
3016 0.7577811800993571
3017 1.7521395405896552
3018 3.1729268313627133
3019 5.061345121811834
3020 9.767509725355538
3021 12.600391472829704
3022 12.604505686039918
3023 11.379173686055353
3024 12.90544621138416
3025 15.907738284982287
3026 17.788410809587365
3027 17.769096627126874
3028 13.202516917967309
3029 9.957412886746596
3030 8.577573041371187
3031 4.07149067989027
3032 3.7562116977867044
3033 1.2378435612436558
3034 1.4903664867382072
3035 2.734074023794163
3036 5.721001137093477
3037 8.536286766657224
3038 7.544895292811182
3039 8.80061144386506
3040 10.820725828471097
3041 16.154214977219404
3042 17.92905817348177
3043 13.486096811677653
3044 9.600613134708247
3045 8.731363478580016
3046 4.882220489233594
3047 3.722972840161872
3048 2.159503028772115
3049 1.8747964984164236
3050 0.7933145361349688
3051 0.4175049020868518
3052 0.05042393051249895
3053 0.005726640808435814
3054 0.26993095563140396
3055 1.035022838833246
3056 2.3300493542663365
3057 4.029226022111299
3058 3.993936761603885
3059 6.292279843531189
3060 5.843235328102313
3061 9.005225453337296
3062 7.554210212461278
3063 8.955647529600286
3064 6.642413187602035
3065 4.993469551359513
3066 2.3550420943451695
3067 3.1039213572560964
3068 2.5538909974779576
3069 1.6877612846703542
3070 2.927522787323893
3071 1.6309854258348508
3072 3.1918285839651497
3073 2.9541889155004872
3074 1.7614885658710673
3075 0.46935633556095646
3076 0.08834201381829569
3077 0.013774254301585041
3078 0.036405366165743566
3079 0.2728741549876292
3080 0.6606449238005506
3081 2.562807881418163
3082 4.358977207807165
3083 6.606017792916054
3084 9.90014635995717
3085 7.523663749056605
3086 5.562980617925406
3087 5.778642891043446
3088 5.703929711860133
3089 7.647341417889743
3090 10.52545912554973
3091 8.819076656995335
3092 6.4033155712724765
3093 5.193862322552113
3094 5.561086320848869
3095 4.134453302924528
3096 3.3141181448486132
3097 1.3682129905175264
3098 1.4301822205220531
3099 1.7473738378463581
3100 2.322266527002546
3101 3.5772524165374415
3102 3.805548629337851
3103 4.064488655576414
3104 5.025859681092213
3105 6.26742719921269
3106 7.5454412693158535
3107 6.03038415712949
3108 6.705022734028121
3109 3.0579324410869493
3110 1.7117368285395627
3111 1.11147442678645
3112 1.6209708790782644
3113 1.6143858433954514
3114 1.0700078290933777
3115 0.6918746043768973
3116 0.42184616542574505
3117 0.04280021179114372
3118 0.3082120847944215
3119 1.481110439054336
3120 3.69347300258466
3121 4.112640526009591
3122 5.506159373867001
3123 8.681033391499525
3124 10.52590853182592
3125 14.13768517969892
3126 8.887355356722976
3127 8.842424555817361
3128 5.326977659315251
3129 4.348027207398676
3130 3.037703243883304
3131 3.5610685773915223
3132 3.8809962525786936
3133 1.9897336606320102
3134 2.919260554815787
3135 2.6248019166018186
3136 3.7722029341666805
3137 3.3197706792744635
3138 1.8621471181936948
3139 0.44942541800862246
3140 0.26250156888265075
3141 0.10863129725937555
3142 1.4056597027104741e-05
3143 0.10451553322052105
3144 1.456660472217719
3145 4.275939640580566
3146 7.949450986337545
3147 9.82193089529129
3148 7.089431092255009
3149 5.2490645298032295
3150 3.7942258851872492
3151 4.268368373617813
3152 4.532769561447284
3153 6.390949739228813
3154 6.858194171104384
3155 6.191901631799929
3156 4.813046179862064
3157 5.257086690560531
3158 5.21308389147513
3159 5.083188133035957
3160 3.3999659492400354
3161 2.1574809791563916
3162 1.5960700338785065
3163 2.118719675505402
3164 1.792437893167559
3165 3.3428219928720493
3166 5.048887762678246
3167 5.026469980690702
3168 6.086903366989989
3169 5.476820213022103
3170 7.137782939716199
3171 6.319784264554461
3172 4.639747844406245
3173 1.6845709359434011
3174 1.4318715454937754
3175 1.0540640974232274
3176 1.1433954523653063
3177 1.4305512288148203
3178 1.8832450743155271
3179 1.2711824993575407
3180 0.713985057356095
3181 0.13773559760639878
3182 0.04978446364515314
3183 0.7031957298918581
3184 1.9519826128931648
3185 2.3649279205452123
3186 4.144566025287307
3187 7.874141049650493
3188 10.737338948232393
3189 13.910925282367367
3190 8.797360523457415
3191 8.26499796557715
3192 4.575775301582162
3193 3.6771869679037557
3194 5.651351026062661
3195 4.252757717752154
3196 3.3394051937548768
3197 1.8732260363049256
3198 1.8409641643579373
3199 1.3749141886152558
3200 3.1371915029476205
3201 3.028481921082961
3202 1.654772658845325
3203 0.628455393858991
3204 0.6793331710347088
3205 0.3077966534647167
3206 0.004039222884110957
3207 0.38827995691901757
3208 2.0713574345928674
3209 6.609938778435882
3210 7.605356941207618
3211 6.6720836351632915
3212 4.776035359261251
3213 4.181067255170687
3214 2.607544683031238
3215 1.37998608678864
3216 1.0664821654074086
3217 2.329907639639712
3218 3.681880603006399
3219 3.799417880781236
3220 2.8557416565633362
3221 3.0320942615562005
3222 4.25902783046215
3223 2.6556482553116467
3224 3.60817468267431
3225 3.5275300339254274
3226 2.3631285475415154
3227 2.549931860483204
3228 3.605104222973661
3229 3.541915313491572
3230 4.225611619258071
3231 3.137924727754537
3232 2.689766155122328
3233 2.965271390105232
3234 3.5639402057644385
3235 4.004253404653286
3236 2.0758172847662846
3237 0.22397779358162567
3238 0.1473899685069334
3239 0.28612622911535057
3240 0.8475217302513656
3241 1.3175279217391402
3242 1.4093137622901486
3243 0.8311376163772926
3244 0.36903064641514455
3245 0.048453327464060704
3246 0.05255125403557052
3247 0.34578257810816004
3248 0.6607015185357772
3249 0.6321660740139925
3250 1.6218118610099312
3251 3.4489120794571244
3252 5.1547422710729025
3253 7.715088901190349
3254 8.354899967632804
3255 6.00709603360916
3256 5.229361221685191
3257 4.7890825529122
3258 4.566557511073119
3259 5.035627604495929
3260 3.789829806817741
3261 3.106475229373684
3262 1.7895612888577264
3263 1.462321642484767
3264 3.54208949797252
3265 2.3336863971022286
3266 1.8969731069656333
3267 1.6310629671895003
3268 1.2553394679421088
3269 0.2358633669247546
3270 0.1367116486272245
3271 1.2365340867587853
3272 4.14075685513485
3273 7.765329058105484
3274 5.803610497854052
3275 4.981608997810047
3276 4.150212058845887
3277 2.7974422762613456
3278 1.5205769433137062
3279 0.643826606047856
3280 0.18720302247055287
3281 0.33940410201350174
3282 1.2759653088424627
3283 1.2512315139955952
3284 1.1440433674809816
3285 0.9265787318653914
3286 1.9822235287430485
3287 1.4485812393146413
3288 2.5806176294868624
3289 3.2112224090180317
3290 2.83721354821508
3291 3.0805852557210724
3292 3.560484097272768
3293 3.489480062039056
3294 3.665853008931904
3295 2.7517103651715753
3296 2.8974747508743066
3297 2.471228371903147
3298 2.677437265032702
3299 2.1548064986852187
3300 1.7207924697377015
3301 0.5807726062139229
3302 0.43033106194632426
3303 0.37518146452857454
3304 1.1478944616189697
3305 0.8416867432291674
3306 0.8039125610923543
3307 0.6415998540025363
3308 0.31848445227619343
3309 0.09495471762933971
3310 0.03395897585428267
3311 0.10711292145663086
3312 0.10282657827644247
3313 0.3198775179022813
3314 0.5528053066044274
3315 1.3038799644262167
3316 3.3648181695656296
3317 4.447193640851857
3318 5.908775170107925
3319 5.131714394159932
3320 8.56189083456903
3321 7.223372145369125
3322 5.580341252780177
3323 5.122453781853138
3324 5.564887109640956
3325 3.529984426310795
3326 2.362790957758263
3327 1.69559669780681
3328 3.119195020336972
3329 2.254680543709648
3330 2.8738412562164375
3331 2.7345937669516864
3332 1.4439604412484932
3333 0.12519569838881345
3334 0.2785290509785856
3335 1.9860678216410277
3336 4.452555710818236
3337 3.788419064666543
3338 3.714522848352776
3339 4.832171569453837
3340 3.209852972663694
3341 1.8605278558596754
3342 1.3035909094237614
3343 0.2641190930590671
3344 0.0641800690368135
3345 0.3210337103513169
3346 0.6521938249901059
3347 0.7888415960054732
3348 1.1288235940575606
3349 1.7329426229452625
3350 0.7369564681701426
3351 0.9752066013708742
3352 2.292824466376619
3353 2.2358575684820785
3354 2.9996861228006764
3355 2.855347041052392
3356 2.1656537970031384
3357 3.9784841918500793
3358 4.548795580758148
3359 5.291113809235739
3360 3.949264765610713
3361 3.3020521632190247
3362 3.9520870557464787
3363 4.381087195821959
3364 2.400092621236949
3365 1.2438157599735362
3366 0.7966340592127557
3367 0.791783604064224
3368 0.6395659435757538
3369 0.25209095337318604
3370 0.023067062776856755
3371 0.028382227841640677
3372 0.004902140819195285
3373 0.10242128720612353
3374 0.06240552444659448
3375 0.14274243963839783
3376 0.008379585131647058
3377 0.09146977579490465
3378 0.5704919737163072
3379 1.209928409094904
3380 2.189225363613895
3381 3.2352414873288406
3382 3.922245246127158
3383 5.950711877852147
3384 9.737460307151519
3385 7.796943650902608
3386 6.122933189743198
3387 3.178134753215388
3388 3.926703302376145
3389 4.645496645384958
3390 4.181979850091292
3391 1.8616005217719733
3392 3.3614966905371477
3393 2.1341005569523626
3394 2.3118626026506637
3395 2.3843470413928682
3396 0.8059105857835178
3397 0.08995635042403642
3398 0.26220599568771324
3399 2.1236556592845868
3400 1.2892842620549985
3401 0.6337376645473236
3402 1.0277802550149613
3403 2.3570894906565267
3404 2.748017818213085
3405 1.6657560621183287
3406 0.9581079402710271
3407 0.2268429201434047
3408 0.11046612011397973
3409 0.4229267789801577
3410 0.27275455400977094
3411 0.8972997293796475
3412 1.9871764361732476
3413 1.2934336720127457
3414 0.7690301267509683
3415 1.7989291843294026
3416 2.1132026660316763
3417 2.2196771631013585
3418 2.819808321379126
3419 3.933700321830078
3420 6.0339167953593495
3421 6.287162642250148
3422 5.842781800390803
3423 4.44068216162861
3424 3.2064472396177393
3425 3.721216331877886
3426 4.271628436807417
3427 3.706908140966098
3428 2.595662215762966
3429 1.7464666912982256
3430 1.5379049037977863
3431 1.9079067437351083
3432 1.8862905853891518
3433 0.7938815019930421
3434 0.08336742062997654
3435 0.0010518402423610712
3436 0.062308205479193884
3437 0.08248067026961356
3438 0.03717164944487288
3439 0.16017138924744123
3440 0.24049268874563176
3441 0.36609339226492277
3442 1.8470017918048989
3443 2.2093142450558454
3444 2.254445493719489
3445 3.7191522189317796
3446 3.6194934797182845
3447 5.556673615821875
3448 8.05124733828112
3449 6.369430174542533
3450 5.455009952426757
3451 3.9944969238050834
3452 2.6290219404279065
3453 4.475063194471778
3454 5.002996490394821
3455 3.219404545983116
3456 3.684925154063013
3457 2.7305143181692424
3458 2.0708865155673837
3459 1.8264999030973212
3460 0.6408765009039646
3461 0.08626968895112631
3462 0.5336483595462364
3463 1.2703960927271598
3464 0.5058974719413678
3465 0.12561759364831387
3466 0.34151992510964235
3467 0.7961543607022031
3468 1.1961866316493739
3469 1.2179856552327397
3470 0.6970371396969508
3471 0.07632551609066116
3472 0.20703789766848923
3473 0.39456388345224597
3474 0.5061187425175064
3475 0.8981408192867284
3476 2.1912250165737324
3477 2.4414862075347976
3478 1.3874207181389078
3479 3.46751734406535
3480 3.1777189969055577
3481 3.9576622469084026
3482 5.725024653253348
3483 6.3658662986636525
3484 7.153017971832752
3485 6.108901754730699
3486 5.40958418679257
3487 5.050006167866521
3488 4.031877490072278
3489 3.685125777953732
3490 3.710001267396849
3491 4.202604788884822
3492 4.90621377035074
3493 4.708868697433572
3494 3.7018277690139616
3495 3.8114011176881597
3496 3.247179463569734
3497 2.57062581126373
3498 1.6441058049306114
3499 0.8102088801728459
3500 0.22316495642541856
3501 0.3201803707000719
3502 0.03914567994260433
3503 0.1335381582799632
3504 0.9322615218651181
3505 0.5626873983969946
3506 1.6023488067335632
3507 2.2082357352905704
3508 3.5464757729925007
3509 4.758275264959006
3510 3.940612257268575
3511 6.250436371968967
3512 5.62439485108793
3513 5.270363630256589
3514 3.9409131843060305
3515 3.5739690889964635
3516 2.1284096249002293
3517 3.0264984771483934
3518 5.051483139994095
3519 2.7449539096014943
3520 4.098592518868837
3521 3.6224684798476985
3522 2.9460433152134398
3523 1.330329577149256
3524 0.8094828882093619
3525 2.2169621905743758e-05
3526 0.633422179756777
3527 0.1939397543867638
3528 0.07790534812616622
3529 0.16520197880793586
3530 0.3708542630852356
3531 0.2219534765034581
3532 0.4051423349875654
3533 0.3577689321366103
3534 0.577845247329828
3535 0.11263673131635873
3536 0.0005628564385045297
3537 0.08122251489166092
3538 0.22837120606138206
3539 0.4957070138598041
3540 1.1004161818965272
3541 1.5157154304254241
3542 2.088172759644922
3543 4.380898605029094
3544 2.967780453229685
3545 3.7510686531335895
3546 5.676057572977996
3547 5.504676899732911
3548 6.304000931277192
3549 5.7899820499449355
3550 6.354000063751854
3551 5.0698070041578776
3552 4.285854737111532
3553 3.9140297577700336
3554 3.9593190627122663
3555 4.477910295092437
3556 5.810848577541106
3557 7.235099581279126
3558 6.497163912554468
3559 3.4055864017618434
3560 2.750448739381178
3561 2.8686269501099164
3562 1.5063101451925007
3563 0.864502533145823
3564 0.21214444145538286
3565 0.08764431150831786
3566 0.0012151489386583287
3567 0.08722621022754294
3568 0.5266066550134495
3569 0.6440560256103018
3570 1.7856565989752824
3571 2.563469971654499
3572 4.331848971867504
3573 5.689394152459598
3574 5.126566771732262
3575 4.499071429557754
3576 3.465026403487399
3577 6.4922835222904185
3578 5.180742603126784
3579 4.365449840586038
3580 3.280117431164446
3581 3.0941961276050822
3582 4.295111012992063
3583 2.176175112732657
3584 3.5079601463252366
3585 3.794827068935526
3586 3.32699397478377
3587 2.215530830372415
3588 0.5249614089168605
3589 0.23963598814697087
3590 0.4112172000077701
3591 0.06909068472509973
3592 0.05036134719432887
3593 0.08578756149357179
3594 0.2753495072715036
3595 0.08297823478047088
3596 0.14203089892109388
3597 0.09661962769719608
3598 0.44179831277684356
3599 0.2963733445833146
3600 0.09026703163037027
3601 0.0328075475077385
3602 0.11256598591477252
3603 0.3097568702471407
3604 0.7796039830355969
3605 1.2636793854480661
3606 1.4692986558877286
3607 2.735335512495826
3608 2.9288434227819855
3609 4.240252495533433
3610 5.291174586848535
3611 6.585532620102411
3612 8.653598979385459
3613 8.01120954487651
3614 5.982802336479141
3615 4.911023758695691
3616 4.089684249107191
3617 4.369086088928876
3618 4.37300180586644
3619 4.561175679107306
3620 4.2616382538556685
3621 4.772508949545582
3622 4.48974771415559
3623 4.620050982702355
3624 4.59122564148135
3625 3.4387223205495325
3626 1.793347653748585
3627 0.8584944428135652
3628 0.3907362552573283
3629 0.0524785233206382
3630 0.15009458566244824
3631 0.5360359076891058
3632 1.0477343842637097
3633 2.6440722082965813
3634 4.760128195641995
3635 3.4540570566618127
3636 6.272004812745636
3637 7.036395948001853
3638 3.110800813500352
3639 1.6920039356973302
3640 1.9555048000391537
3641 3.2729796502904507
3642 6.033912549499091
3643 4.798124757224837
3644 2.7133707846771604
3645 2.2418039423174845
3646 1.6756099663601323
3647 1.483021405080294
3648 4.340237973619622
3649 4.6151465201870305
3650 3.1657870844978504
3651 2.6418183279065226
3652 0.014678687301099353
3653 0.47126027104462126
3654 0.11291315242948063
3655 0.0013382891568140861
3656 0.005761367280367853
3657 0.09217357477628749
3658 0.012545600750231008
3659 0.009688970214448624
3660 0.028874607315389315
3661 0.1052093497697339
3662 0.19044513756451428
3663 0.4407631673311344
3664 0.11436006150633572
3665 9.305420320947845e-06
3666 0.0008824761253224158
3667 0.2228946531272557
3668 0.7666194966009917
3669 0.8800502283203132
3670 0.5479035452864122
3671 1.4082135646152636
3672 2.7866410382116933
3673 6.772147002914296
3674 6.765802138105093
3675 6.260419181060074
3676 6.834292707249755
3677 5.384184894669726
3678 4.951406517446285
3679 4.635642542411122
3680 3.1859510940538294
3681 2.648212004621815
3682 4.033880374231142
3683 4.396151544745839
3684 4.671891584803854
3685 4.6905160876311776
3686 4.156431071108205
3687 5.417667568782774
3688 5.434942485569338
3689 5.015180014539684
3690 2.8592516466033566
3691 0.9079516816397883
3692 0.1195486301367644
3693 0.04881790813392162
3694 0.48235012674346395
3695 1.1681244557637294
3696 2.0148217140122924
3697 3.598575009866506
3698 6.471699401460838
3699 4.424528061730799
3700 4.221948092066139
3701 2.4099100693765476
3702 2.179685867444937
3703 2.3576302277888233
3704 1.677853128290642
3705 2.3186501575135177
3706 4.222318076770366
3707 4.375201097541323
3708 3.4604633460203975
3709 2.4733990999363065
3710 1.7486814325011426
3711 1.1272914779797625
3712 4.100630342561208
3713 4.058958968408893
3714 4.061092485061202
3715 1.0525416798614882
3716 0.12872367090664258
3717 0.27629762671108427
3718 0.1589877309120374
3719 0.14013056836864682
3720 0.001045216545243136
3721 0.018796381138293825
3722 0.05465336854502442
3723 0.025076067395014265
3724 2.4841270584230423e-06
3725 0.015540299829067218
3726 0.09336869195383196
3727 0.017666647372175912
3728 0.19743020693987934
3729 0.2762482411590424
3730 0.42369173494094325
3731 0.5900644205149947
3732 0.6604761560919995
3733 1.1565373342369445
3734 1.1317870980576248
3735 1.8900324968939002
3736 2.8005463412412945
3737 4.0307070189215874
3738 4.332470907805996
3739 3.3129626796073857
3740 3.2800436079092354
3741 2.41521592436575
3742 3.375425260506888
3743 2.263457637777029
3744 1.2164155787812345
3745 1.1911971901239637
3746 1.6773067400588761
3747 3.122897806031153
3748 2.5900466091785415
3749 2.2703208434957314
3750 2.8123127631156826
3751 3.9958837573192048
3752 3.965777050234155
3753 2.41661973972017
3754 1.190750003936583
3755 0.48287878083248703
3756 0.14497263883040926
3757 0.0010099733185769705
3758 0.020643676345112237
3759 0.42725074897113546
3760 1.011057059356515
3761 2.113486064130814
3762 4.159141775430453
3763 3.199028796854659
3764 2.3842867675196517
3765 1.745564395777455
3766 2.4385005904534047
3767 2.358578871248836
3768 1.8373507191086815
3769 1.6573450668337386
3770 2.7590942332817656
3771 2.7832238667931994
3772 2.9292881806523194
3773 2.5178772343482287
3774 3.0646423988725933
3775 1.6365159042513435
3776 3.061985852903444
3777 3.856066827988414
3778 3.626365081791511
3779 0.7525066990540693
3780 0.00316560156253228
3781 0.36901467983046327
3782 0.366454001702803
3783 0.5052875363084659
3784 0.12697612443897552
3785 0.0389318292357559
3786 0.19148170177784332
3787 0.036063955585573515
3788 0.004699599404784174
3789 0.025768798449035565
3790 0.02771739531005457
3791 0.007853833776470432
3792 0.009265322912550342
3793 0.0010840481361991605
3794 0.01731571873193531
3795 0.04255264905662163
3796 0.09198829038899937
3797 0.616903956321855
3798 0.6273270045212901
3799 0.7215567155963979
3800 1.066421966284336
3801 1.9383044865231012
3802 3.0244046532598223
3803 1.4603266060893558
3804 1.5000140866465346
3805 1.1047766669266978
3806 1.8745822048656737
3807 0.7286089156235789
3808 0.11746343425410624
3809 0.10681300269132668
3810 0.3241050905517729
3811 0.6951415625464419
3812 1.4100666991121378
3813 2.63076918301804
3814 3.388441480297659
3815 2.7721003492695635
3816 1.9326101813028116
3817 0.8975680981493889
3818 0.999570345282517
3819 0.2706725517953729
3820 0.014876649333854769
3821 1.7003207923878558e-06
3822 0.05184235105743786
3823 0.2800552551773677
3824 0.12127701033638864
3825 0.6570866850780562
3826 1.5830115378363976
3827 1.556870733758741
3828 2.382606189565096
3829 2.7267969218168617
3830 2.674199247794029
3831 2.1072270105462962
3832 1.5887515996319486
3833 1.6477587254112556
3834 3.306572737462449
3835 2.7815165331812466
3836 2.8316599865849477
3837 2.509962224676705
3838 3.2518448490201686
3839 1.5462787822998096
3840 3.3241271366273413
3841 3.3997477159595615
3842 2.2832636355537663
3843 0.9682601988349575
3844 0.30752709831013336
3845 0.08925646219324047
3846 0.6351981564829634
3847 0.9550437506248799
3848 0.608373858692902
3849 0.5318951050762566
3850 0.21663027259882178
3851 0.1715595823159691
3852 0.06686784705858084
3853 0.31760341848930823
3854 0.8600385038165431
3855 0.9077909514573431
3856 0.561564760221535
3857 0.2916653443241711
3858 0.502833418882007
3859 0.9684625284267552
3860 0.23427212932345964
3861 0.23852816915707717
3862 0.4395691916443521
3863 0.9812618157959746
3864 1.089724036808829
3865 1.631912428557938
3866 2.5039778524907264
3867 1.8572506065043572
3868 1.3607102433408627
3869 0.8848454604737104
3870 1.571280756610996
3871 1.461728743142405
3872 1.0157341990846047
3873 1.2043292849040654
3874 1.3044153284618554
3875 1.3207991548884377
3876 1.0756894446093002
3877 1.5799360849841548
3878 1.0192534216416298
3879 1.4920098141548515
3880 0.526555602628611
3881 0.48217611355726875
3882 0.6834384751951674
3883 0.3081024909921202
3884 0.0039026891701368824
3885 0.014036091975580915
3886 0.019614075662249656
3887 0.020521572803237593
3888 0.011362727981415953
3889 0.006908011712046483
3890 0.6622520134719608
3891 2.147593946120515
3892 2.1732801196207197
3893 1.8517810194618802
3894 1.5206220192091233
3895 0.9962732243795758
3896 1.0433089265969813
3897 2.3080613242867103
3898 3.067740896458166
3899 2.3262722318992006
3900 1.971493552991028
3901 1.6797797628537288
3902 2.05244583894853
3903 0.9637658122465858
3904 4.435823368826458
3905 3.67721298462514
3906 2.242956120212978
3907 0.8192877835218798
3908 0.746363383952233
3909 0.0018679996624252945
3910 0.4607957217767905
3911 1.4542534856461018
3912 2.0418776002898675
3913 1.1762177191410248
3914 0.24950744448456458
3915 0.040549247279043445
3916 0.3708664001161591
3917 0.7946876031727319
3918 1.1621423599271343
3919 1.6630826537523085
3920 1.7547567799093684
3921 1.7522593758499834
3922 1.0198929283745728
3923 0.7576097249848568
3924 0.6187943021192375
3925 0.005353020366436827
3926 0.01964105809409509
3927 0.2623589610448099
3928 0.6006250042376636
3929 1.0855054880691843
3930 2.938244537855269
3931 2.2981919576504533
3932 1.599984652900456
3933 1.2592214164962166
3934 1.990227302115877
3935 1.9093112370026062
3936 1.8682381446544747
3937 2.132206420951565
3938 2.804961185821311
3939 2.2246572717742907
3940 1.6603249858702
3941 1.1346568997777717
3942 0.5506151344486641
3943 0.2505001756131787
3944 0.41677435231550514
3945 0.255182933675704
3946 0.5640195654195304
3947 0.08575540630599456
3948 0.04125322484524862
3949 0.0005598177836058123
3950 0.038331988883692096
3951 0.014541682607566773
3952 0.004693501280931492
3953 0.1431263154568267
3954 0.6090354897207853
3955 1.2970251720523518
3956 1.1810070313309136
3957 1.6372713302688808
3958 1.4921280272432236
3959 0.8333488581969811
3960 1.084108321539993
3961 1.902470463074837
3962 2.116117815420016
3963 1.5518898750893422
3964 1.4299547726035946
3965 1.7979713093718008
3966 1.866838659509418
3967 1.4300484430487004
3968 5.768862402573182
3969 5.275761085575785
3970 2.743368811721908
3971 1.4621358988562614
3972 0.8583281436284439
3973 0.2714072160168811
3974 0.030055015121352485
3975 0.03801096853106955
3976 0.04498593687585397
3977 0.0028805670614134703
3978 0.08643958119601501
3979 0.288727983252882
3980 0.5848415489357234
3981 1.1833233972710688
3982 1.4946010567689747
3983 1.966526722942728
3984 2.402616409411643
3985 1.9221833235156318
3986 1.2589910993345055
3987 0.7072763368315178
3988 0.4265882070513393
3989 0.0013741993299112249
3990 0.014834423333867773
3991 0.0737305557156778
3992 0.08041882455667797
3993 0.3442419710581958
3994 1.4157582666701376
3995 1.6240907018296873
3996 2.0052895569170954
3997 2.4182678339409316
3998 2.552040496336849
3999 3.0026029701348596
4000 3.289095732843899
4001 2.7307030038609774
4002 3.6214042148424497
4003 2.7919982038165587
4004 1.7362697509816387
4005 1.663592175815791
4006 0.9450530246863438
4007 0.421960093758943
4008 0.32687920061438797
4009 0.38524124841953783
4010 0.4147424193210748
4011 0.17210371139193165
4012 0.031723838413156964
4013 0.038479788505560546
4014 0.000398771729006674
4015 0.0011882174349563132
4016 0.25150824240872005
4017 0.8018435781882777
4018 1.4728951120172702
4019 2.528214116770392
4020 2.0919424433255673
4021 2.32065214210122
4022 1.4912505944062353
4023 1.8955196511122028
4024 2.192781481010613
4025 2.5209380136624744
4026 2.102333371071998
4027 2.182577806890812
4028 2.3857825908020667
4029 3.254892352067246
4030 3.741594428122401
4031 3.269930603580284
4032 7.2481054723657
4033 6.544738438760876
4034 5.012573923519065
4035 2.5878580478677806
4036 2.7152573302520655
4037 2.0002460776952233
4038 1.421857456086393
4039 0.6122275227317666
4040 0.3701412388155137
4041 0.897529520315208
4042 0.5790701755877696
4043 0.3978487030827941
4044 0.6721613989929502
4045 0.45815334891286325
4046 0.556473329699809
4047 0.7419357916292559
4048 0.7425240133599218
4049 0.6283889815783049
4050 0.5802033447442497
4051 0.496310515920337
4052 0.24487265364309355
4053 0.10422407734450131
4054 0.0751354989652527
4055 0.05224116367550736
4056 0.019937117476532908
4057 0.010478576381206466
4058 0.30935444652060645
4059 0.9750616382388814
4060 1.0659603892162182
4061 1.5259906918501283
4062 2.272832242862327
4063 2.499608617670861
4064 2.9357023524534163
4065 2.843790614405357
4066 2.2986044996462405
4067 1.2884951780946798
4068 0.9041508140271741
4069 1.4014330698848718
4070 1.1819938835221901
4071 1.082002737426659
4072 0.5668936289826237
4073 0.36010584862596956
4074 0.356832278597687
4075 0.19678140982722137
4076 0.03296840972073232
4077 0.0038641546023760113
4078 0.16473197888391694
4079 0.1384845392401553
4080 0.7701665282910818
4081 2.0069157089571004
4082 2.7848928493296796
4083 3.8778640667232893
4084 3.616556249755325
4085 3.2732257988168025
4086 2.8159046704894193
4087 3.2055003087403695
4088 3.115910660776
4089 3.325466709976274
4090 3.1195570094271683
4091 2.916554025846771
4092 2.332563183423693
4093 2.3196899198308607
4094 2.3309475801328765
4095 1.690168024901737
