 0
0 -0.00012416292683054524
1 -0.000937920832481043
2 -6.826699956308248e-05
3 -0.00043993104472276424
4 -0.0009281741372821512
5 0.0
6 0.0
7 0.0
8 0.0
9 0.0
10 0.0
11 0.0
12 0.0
13 0.0
14 0.0
15 -0.0005312205701726339
16 -0.0023699576714181717
17 0.0
18 0.0
19 0.0
20 0.0
21 -0.0009381127511958465
22 0.0
23 -6.516860168308722e-05
24 0.0
25 -0.003273958938408265
26 -0.0037177361964374615
27 -0.0004843875382156944
28 0.0
29 0.0
30 0.0
31 0.0
32 0.0
33 0.0
34 0.0
35 0.0
36 0.0
37 0.0
38 0.0
39 0.0
40 0.00039589341980602173
41 0.0
42 0.0
43 0.0
44 0.0
45 0.0
46 0.0
47 0.0017224544431565106
48 0.002542314861978559
49 0.0014777865889954017
50 0.0005427291264757173
51 0.0
52 0.0
53 0.00155081843738076
54 0.0031079680622460876
55 0.0014402729723783367
56 0.0
57 0.0
58 0.0
59 0.0
60 0.0
61 0.0
62 0.0
63 0.0
64 0.0
65 0.0
66 0.0
67 0.0
68 0.0
69 0.0
70 0.0
71 0.0
72 0.0
73 0.0
74 0.0
75 0.0
76 0.0
77 0.0
78 0.0
79 -0.001649256241588144
80 0.0
81 0.0
82 0.0
83 0.0
84 -1.7175331915124933e-05
85 -0.00020561598611257108
86 0.0
87 0.0
88 0.0
89 0.0
90 0.0
91 0.0
92 0.0
93 0.0
94 0.0
95 0.0
96 0.0
97 0.0
98 0.0
99 0.0
100 0.0
101 0.0
102 0.0
103 0.0
104 0.0
105 0.0
106 0.0
107 0.0
108 -0.00045335729986801284
109 -0.0016294986077058091
110 0.0
111 0.0
112 0.0
113 0.0
114 0.0
115 0.0
116 0.0
117 0.001080405005990853
118 0.0004998966922094292
119 0.0
120 0.0
121 0.0
122 0.0
123 0.0
124 0.0
125 0.0
126 0.0
127 0.0
128 -0.001597246200741066
129 0.0
130 0.0
131 0.0
132 0.0
133 0.0
134 0.0
135 0.0
136 0.0
137 0.0
138 0.0
139 0.0
140 0.0
141 0.0
142 0.0
143 0.0
144 0.0
145 0.0
146 0.0
147 0.0
148 0.0
149 0.0
150 0.0
151 0.0
152 0.0
153 0.0
154 0.0
155 0.0
156 0.0
157 0.0
158 0.0
159 0.0
160 0.0
161 0.0
162 0.0
163 0.0
164 0.0
165 0.0
166 0.0
167 0.0
168 -0.0003317947419488339
169 0.0
170 -0.002250995223514203
171 -0.002517390038142018
172 -0.0020617680509465285
173 -0.0017559171388810669
174 0.0
175 0.0
176 0.0
177 0.0
178 0.0
179 0.0
180 0.0
181 0.0
182 0.0
183 0.0
184 0.0
185 0.0
186 0.0
187 0.0
188 0.0
189 0.0
190 0.0
191 0.0
192 -0.0012035426092254357
193 0.0
194 0.0
195 0.0
196 0.0018303992002246825
197 0.0
198 0.0
199 0.0
200 0.0
201 0.0
202 0.0
203 0.0
204 0.0
205 0.0
206 0.0
207 0.0
208 0.0
209 0.0
210 0.0
211 0.0
212 0.0
213 0.0
214 0.0
215 0.0
216 0.0
217 0.0
218 0.0
219 0.0
220 0.0
221 0.0
222 0.0
223 0.0
224 0.0
225 0.0
226 0.0
227 0.0
228 0.0
229 -0.0008364050542651048
230 0.0
231 0.0
232 0.0
233 0.0
234 0.0
235 0.0
236 0.0
237 0.0
238 0.0
239 0.0
240 0.0
241 0.0
242 0.0
243 0.0
244 0.0
245 0.0
246 0.0
247 0.0
248 0.0
249 0.0
250 0.0
251 0.0
252 0.0
253 0.0
254 0.0
255 0.0
256 0.0
257 0.0
258 0.0
259 0.001415118064061849
260 0.004293265308574431
261 0.0
262 0.0
263 0.0
264 0.0
265 0.0
266 0.0
267 0.0
268 0.0
269 0.0
270 0.0
271 0.0
272 0.0
273 0.00034184268334961195
274 0.0
275 0.0
276 0.0
277 0.0
278 0.0
279 0.0
280 0.0
281 0.0
282 0.0
283 0.0
284 0.0
285 0.0
286 0.0
287 0.0
288 0.0
289 0.0
290 0.0
291 0.0
292 0.0
293 0.0
294 0.0
295 0.0
296 0.0
297 0.0
298 0.0
299 0.0
300 0.0
301 0.0
302 0.0
303 0.0
304 0.0
305 0.0
306 0.0
307 0.0
308 0.0
309 0.0
310 0.0
311 0.0
312 0.0
313 0.0
314 0.0
315 0.0
316 0.0
317 0.0
318 0.0
319 0.0
320 0.0
321 0.0
322 0.0
323 0.0
324 7.808613985974786e-05
325 0.0
326 0.0
327 0.0
328 0.0
329 0.0
330 0.0
331 0.0
332 0.0
333 0.0
334 0.0
335 0.0
336 0.0
337 0.0
338 0.0
339 0.0
340 0.0
341 0.0
342 0.0
343 0.0005781014550570489
344 0.0015626223276563461
345 0.0012993020278673623
346 0.0
347 0.00046640193661105393
348 0.0018212578126219506
349 0.0
350 0.0
351 0.0
352 0.0
353 0.0
354 0.0
355 0.0
356 0.0
357 0.0
358 0.0
359 0.0
360 0.0
361 0.0
362 0.0006206571419467874
363 0.0
364 0.0
365 0.0
366 0.0
367 0.0
368 0.0
369 0.0
370 0.0
371 0.0
372 -0.0003528612962027688
373 -0.0011720246363335724
374 0.0
375 0.0
376 0.0
377 0.0
378 0.0
379 0.0
380 0.0
381 0.0
382 0.0
383 0.0
384 0.0
385 0.0
386 0.0
387 0.0
388 0.0
389 0.0
390 0.0
391 0.0
392 0.0
393 0.0
394 0.0
395 0.0
396 0.0
397 -0.0008260503169644787
398 0.0
399 0.0
400 0.0
401 0.0
402 0.0
403 0.0
404 0.0
405 0.0002133414564653096
406 0.00017563167317166906
407 0.0004169469167890998
408 0.0
409 0.0
410 0.0
411 0.0
412 0.0
413 0.0
414 0.0
415 0.0
416 0.0
417 0.0
418 0.0
419 0.0
420 0.0
421 0.0
422 0.0
423 0.0
424 0.0
425 0.0
426 0.0
427 0.0
428 0.0
429 0.0
430 0.0
431 0.0
432 0.0
433 0.0
434 0.0
435 0.0
436 -0.0004927653728430483
437 0.0
438 0.0
439 0.0
440 0.0
441 0.0
442 0.0
443 0.0
444 0.0
445 0.0
446 0.0
447 0.0
448 0.0
449 0.0
450 0.0
451 0.0
452 0.0
453 0.0
454 0.0
455 0.0
456 0.0
457 -0.0005844584961574123
458 0.0
459 0.0
460 0.0
461 -0.0014142840451740095
462 -0.001070566681988954
463 0.0
464 0.0
465 0.0
466 0.0
467 0.0
468 0.0
469 0.0
470 0.0005831152612653739
471 0.0007613583999676179
472 0.0
473 0.0
474 0.0
475 0.0
476 0.0
477 0.0
478 0.0
479 0.0
480 0.0
481 0.0
482 0.0
483 0.0
484 0.0
485 0.0
486 0.0
487 0.0
488 0.0
489 0.0
490 0.0
491 0.0
492 0.0
493 0.0
494 0.0
495 0.0
496 0.0
497 0.0
498 0.0
499 0.0
500 -5.448231566316691e-05
501 0.0
502 0.0
503 0.0
504 0.0
505 0.0
506 0.0
507 0.0
508 0.0
509 0.0
510 -0.00046345662211650106
511 -0.00041909792392848586
512 0.0
513 0.0
514 -0.0007136437780175675
515 0.0
516 0.0
517 0.0
518 0.0
519 0.0
520 -0.0018532444907360863
521 -0.0014465463990064984
522 0.0
523 -0.0005182504045084742
524 -0.0028250542909912385
525 -0.0027125764292969578
526 -3.4856537078913705e-05
527 0.0
528 0.0
529 0.0
530 0.0
531 0.0
532 0.0
533 0.0
534 0.0
535 0.0
536 0.0
537 0.0
538 0.0
539 0.0
540 0.0
541 0.0
542 0.0
543 0.0
544 -0.0008918034974231217
545 -4.3910622436767694e-05
546 0.0
547 0.0
548 0.0
549 0.0
550 0.0
551 0.0
552 0.0
553 0.0
554 0.0
555 0.0
556 -0.00011321394007554599
557 0.0
558 0.0
559 0.0
560 0.0
561 0.0
562 0.0
563 0.0
564 0.0
565 0.0
566 0.0
567 -3.540434931647096e-05
568 -0.0002729614588874105
569 -0.00038690496792172127
570 -0.00010499509505083007
571 0.0
572 -6.543535665292476e-05
573 -0.0004828331771182894
574 -0.0019432890569750553
575 -0.0014342235135646568
576 0.0
577 0.0
578 -8.643099218745055e-05
579 -0.002846952060986479
580 -0.000838509828840289
581 0.0
582 0.0
583 0.0
584 0.0
585 -0.001972485200511901
586 0.0
587 0.0
588 -0.00017167993547029652
589 -0.0014719246383342092
590 -0.0014165997328789586
591 0.0
592 0.0
593 0.0
594 0.0
595 0.0
596 0.0
597 0.0
598 0.0
599 0.0
600 0.0
601 0.0
602 0.0
603 0.0
604 0.0
605 0.0
606 0.0
607 0.0
608 0.0
609 0.0
610 0.0
611 0.0
612 0.0
613 -0.0008707941552071225
614 0.0
615 0.0
616 0.0
617 0.0
618 -0.0006137852440426162
619 -0.0009083423068532022
620 -0.0009667175626254983
621 -0.00030982436969475305
622 0.0
623 0.0
624 0.0
625 0.0
626 0.0
627 0.0
628 0.0
629 0.0
630 0.0
631 -0.0003693135776123659
632 -0.0014949902583328777
633 -0.002287627695333329
634 -0.0002731105671863674
635 -2.7425765079412383e-05
636 -0.0015060986227887114
637 -0.00037732304028610886
638 0.0
639 0.0
640 0.0
641 0.0
642 0.0
643 -0.0022141086010069744
644 -0.0005116056797791998
645 0.0
646 0.0
647 0.0
648 0.0
649 0.0
650 0.0
651 0.0
652 -0.0011319483124487201
653 -0.0004350628604240837
654 0.0
655 0.0
656 0.0
657 0.0
658 0.0
659 0.0
660 0.0
661 0.0
662 0.0
663 0.0
664 0.0
665 0.0
666 0.0
667 0.0
668 0.0
669 0.0
670 0.0
671 0.0
672 0.0
673 0.0
674 0.0
675 0.0
676 0.0
677 -0.0013071103058062805
678 -0.00032781738083817154
679 0.0
680 0.0
681 0.0
682 -0.000300905052287129
683 -0.0008100374501036613
684 -0.00028372578535030174
685 -0.000241186033655331
686 0.0
687 0.0
688 0.0
689 0.0
690 0.0
691 0.0
692 0.0
693 0.0
694 0.0
695 0.0
696 0.0
697 -1.1797441001408025e-05
698 0.0
699 0.0
700 0.0
701 0.0
702 0.0
703 0.0
704 0.0
705 0.0
706 0.0
707 0.0
708 -0.0001683591926315872
709 0.0
710 0.0
711 0.0
712 0.0
713 0.0
714 0.0
715 0.0
716 0.0
717 0.0
718 0.0
719 0.0
720 0.0
721 0.0
722 0.0
723 0.0
724 0.0
725 0.0
726 -6.658131354623465e-05
727 0.0
728 0.0
729 0.0
730 0.0
731 0.0
732 0.0
733 0.0
734 0.0
735 0.0
736 0.0
737 0.0
738 0.0
739 0.0
740 0.0
741 -0.0008527841590933545
742 -0.00037771410671608315
743 -0.0005264049579013729
744 -4.2778200803590684e-05
745 0.0
746 -0.00033072858160209425
747 -0.00019381182200063176
748 -0.001164528316393725
749 -0.00033655844803327426
750 0.0
751 0.0
752 0.0
753 0.0
754 0.0
755 0.0
756 0.0
757 0.0
758 0.0
759 0.0
760 0.0
761 -0.0001405285182663206
762 0.0
763 0.0
764 0.0
765 0.0
766 0.0
767 0.0
768 0.0
769 0.0
770 0.0
771 0.0
772 0.0
773 0.0
774 0.0
775 0.0
776 0.0
777 0.0
778 0.0
779 0.0
780 0.0
781 0.0
782 0.0
783 0.0
784 0.0
785 0.0
786 0.0
787 0.0
788 0.0
789 -0.0007823076395226467
790 -0.0018354737054809595
791 -0.0026306753939570543
792 -0.0012076529436725945
793 0.0
794 0.0
795 0.0
796 0.0
797 -1.4741469648322944e-05
798 -0.0007633508676899834
799 0.0
800 0.0
801 0.0
802 0.0
803 0.0
804 0.0
805 0.0
806 -0.001293571549651119
807 -0.0010687456830519157
808 0.0
809 0.0
810 0.0
811 0.0
812 0.0
813 0.0
814 0.0
815 0.0
816 0.0
817 0.0
818 0.0
819 0.0
820 0.0
821 0.0
822 0.0
823 -0.0006060804312751
824 -0.00017707126126645416
825 -0.000373391883965919
826 -7.013717100703653e-05
827 0.0
828 0.0
829 0.0
830 0.0
831 0.0
832 0.0
833 0.0
834 0.0
835 0.0
836 0.0
837 0.0
838 0.0
839 -0.000319231118480877
840 0.0
841 0.0
842 0.00020407248363117246
843 0.0
844 0.0
845 0.0
846 0.0
847 0.0
848 0.0
849 0.0
850 -0.0004816348137137859
851 -4.108582700110215e-05
852 0.0
853 -0.0017082797029348462
854 -0.0032609563131622476
855 -0.00037208022761944635
856 -0.0010072960357505253
857 0.0
858 0.0
859 -0.0011220408324444358
860 -0.0002794759152663412
861 -0.001060119082797253
862 -0.0017376953798487267
863 -0.0019598428323945732
864 0.0
865 0.0
866 0.0
867 0.0
868 0.0
869 0.0
870 0.0
871 0.0
872 0.0
873 0.0
874 0.0
875 0.0
876 0.0
877 0.0
878 0.0
879 0.0
880 0.0
881 -0.00033349191407744795
882 0.0
883 0.0
884 0.0
885 0.0
886 0.0
887 0.0
888 -0.00045789853691046697
889 -0.0006813094602635058
890 -0.0013245767324270136
891 0.0
892 0.0
893 0.0
894 0.0
895 0.0
896 0.0
897 0.0
898 0.0
899 0.0
900 -0.0013445445295380324
901 -0.0002734875278452534
902 0.0
903 0.0
904 0.0
905 0.0
906 0.0
907 0.0
908 0.0
909 0.0
910 0.0
911 0.0
912 0.0
913 -0.00010877191593643681
914 -0.001038486591317204
915 -0.0006379243244265089
916 0.0
917 -0.002231256106839043
918 -0.0022512746884437215
919 -0.0021637898476633334
920 0.0
921 0.0
922 0.0
923 0.0
924 0.0
925 -0.0010378696838657473
926 -0.0005674085101030586
927 0.0
928 -2.2207041287671296e-05
929 0.0
930 0.0
931 0.0
932 0.0
933 0.0
934 0.0
935 0.0
936 0.0
937 -5.8126558305798935e-06
938 0.0
939 0.0
940 0.0
941 0.0
942 0.0
943 0.0
944 0.0
945 0.0
946 0.0
947 0.0
948 0.0
949 0.0
950 0.0
951 0.0
952 0.0
953 0.0
954 -0.0002614361284128013
955 -0.0010350291448235486
956 0.0
957 0.0
958 -0.0001991627083556314
959 0.0
960 0.0
961 0.0
962 0.0
963 0.0
964 -0.0003940441009350345
965 -0.0036311539712367644
966 0.0
967 0.0
968 -0.0005572320980969359
969 0.0
970 0.0
971 0.002049237154653475
972 0.0005436936564420622
973 0.0
974 0.0
975 0.0
976 0.0
977 0.0
978 0.0
979 0.0
980 0.0
981 -0.0013264257193782542
982 -0.0020980528727917317
983 -0.0005151305405607158
984 0.0
985 0.0
986 0.0
987 0.0
988 0.0
989 -0.0022514208807013795
990 -0.0008441621911067015
991 -0.00014871476526885603
992 0.0
993 0.0
994 0.0
995 0.0
996 0.0
997 0.0
998 0.0
999 0.0
1000 0.0
1001 0.0
1002 0.0
1003 0.0
1004 0.0
1005 0.0
1006 0.0
1007 0.0
1008 0.0
1009 0.0
1010 0.0
1011 0.0
1012 0.0
1013 0.0
1014 0.0
1015 0.0
1016 0.0
1017 0.0
1018 0.0
1019 0.0
1020 0.0
1021 -3.97497913943678e-05
1022 -0.0003781739213525651
1023 0.0
1024 0.0
1025 0.0
1026 0.0
1027 0.0
1028 0.0
1029 0.0
1030 -0.0015216287905513283
1031 -0.0024217179355710983
1032 0.0
1033 0.0
1034 0.0
1035 0.0
1036 0.001011759418716793
1037 0.0
1038 0.0
1039 0.0
1040 0.0
1041 0.0
1042 0.0
1043 0.0
1044 0.0
1045 -0.0007842594118799926
1046 -0.0014790649584427835
1047 0.0
1048 0.0
1049 0.0
1050 0.0
1051 0.0
1052 -0.0026927387859631874
1053 -0.002628019533503983
1054 -0.002728237544348587
1055 0.0
1056 0.0
1057 0.0
1058 0.0
1059 0.0
1060 0.0
1061 0.0
1062 0.0
1063 0.0
1064 0.0
1065 0.0
1066 0.0
1067 0.0
1068 0.0
1069 0.0
1070 0.0
1071 0.0
1072 0.0
1073 0.0
1074 0.0
1075 0.0
1076 0.0
1077 0.0
1078 0.0
1079 0.0
1080 0.0
1081 0.0
1082 0.0
1083 0.0
1084 0.0
1085 0.0
1086 0.0
1087 -0.00019049670458210115
1088 0.0
1089 0.0
1090 0.0
1091 0.0
1092 0.0
1093 0.0
1094 -0.0014315181268820044
1095 -0.003020869350665493
1096 -2.982449086921045e-06
1097 0.0
1098 0.0
1099 0.0
1100 0.00108648724756902
1101 0.001577611893124079
1102 0.0
1103 0.0
1104 0.0
1105 0.0
1106 0.0
1107 0.0
1108 -0.0007575542563352434
1109 -2.309850865131913e-05
1110 0.0
1111 0.0
1112 0.0
1113 0.0
1114 0.0
1115 -0.0008150595216458819
1116 -0.003244310896403837
1117 -0.0034862839634999324
1118 -0.0018079999716914257
1119 0.0
1120 0.0
1121 0.0
1122 0.0
1123 0.000466595132200348
1124 0.0
1125 0.0
1126 0.0
1127 0.0
1128 0.0
1129 0.0
1130 0.0
1131 0.0
1132 0.0
1133 0.0
1134 0.0
1135 0.0
1136 0.0
1137 0.0
1138 0.0
1139 0.0
1140 0.0
1141 0.0
1142 7.4813865996103315e-06
1143 0.0
1144 0.0
1145 0.0014001114949408968
1146 0.0
1147 0.0
1148 0.0
1149 0.0
1150 0.0
1151 0.0
1152 0.0
1153 0.0
1154 0.0
1155 0.0
1156 0.0
1157 0.0
1158 0.0
1159 0.0
1160 0.0
1161 0.0
1162 0.0
1163 0.0
1164 0.0
1165 0.001499741109057437
1166 0.0
1167 0.0
1168 0.0
1169 0.0
1170 0.0
1171 0.0
1172 0.0
1173 0.0
1174 0.0
1175 0.0
1176 0.0
1177 0.0
1178 0.0
1179 0.0
1180 0.0
1181 0.0
1182 0.0
1183 0.0
1184 0.0
1185 0.0
1186 0.0006398552720405106
1187 0.0
1188 0.0
1189 0.0
1190 -0.0014399018975595258
1191 -0.00016870739467670992
1192 0.0
1193 0.0
1194 0.0
1195 0.0
1196 0.0
1197 0.0
1198 0.00022801421778329608
1199 0.0
1200 7.059562388222419e-05
1201 0.0
1202 0.0
1203 0.0
1204 0.0
1205 0.0
1206 0.0
1207 0.0
1208 0.00022882013026121102
1209 0.0
1210 0.0
1211 0.0
1212 0.0
1213 0.0
1214 0.0
1215 0.0
1216 0.00035812261864952646
1217 0.0003669984386084994
1218 0.0
1219 0.0
1220 0.0
1221 0.0
1222 0.0
1223 0.0
1224 0.0
1225 0.0
1226 -0.0005742290839422719
1227 -0.0017922680599684318
1228 0.0
1229 0.0
1230 0.0005000812800410824
1231 0.0
1232 0.0
1233 0.0
1234 0.0
1235 0.0
1236 0.0
1237 0.0
1238 0.0
1239 0.0
1240 0.0
1241 0.0
1242 0.0
1243 0.0
1244 0.0
1245 0.0
1246 0.0
1247 0.0
1248 0.0003348586552660898
1249 0.0024631991101052232
1250 0.0035549484797842024
1251 0.0015036487375948392
1252 0.0
1253 -8.982222887822376e-05
1254 0.0
1255 -0.0008244462589883096
1256 0.0
1257 0.0
1258 0.0
1259 0.0
1260 0.0
1261 0.0
1262 0.0
1263 0.0
1264 0.0
1265 0.0
1266 0.0
1267 0.0
1268 0.0
1269 0.0
1270 0.0
1271 0.0
1272 2.182976016875135e-05
1273 0.0
1274 0.0
1275 0.0
1276 0.0
1277 0.0
1278 0.0
1279 0.0
1280 9.28909376044471e-05
1281 0.0006163566862943685
1282 0.0
1283 0.0
1284 0.0
1285 0.0
1286 0.0
1287 0.0
1288 0.0
1289 0.0
1290 0.0
1291 -0.00106196914785003
1292 -2.3762300158418622e-05
1293 0.0
1294 0.0
1295 0.0
1296 0.0
1297 0.0
1298 0.0
1299 0.0
1300 0.0
1301 0.0
1302 0.0
1303 0.0
1304 0.0
1305 0.0
1306 0.0
1307 0.0
1308 0.0
1309 0.0
1310 0.0
1311 0.0
1312 0.0
1313 0.0028900237903081464
1314 0.007566731980635318
1315 0.0035427479356073374
1316 0.0
1317 0.0
1318 0.0
1319 0.0
1320 0.0
1321 0.0
1322 0.0
1323 0.0
1324 0.0
1325 0.0
1326 0.0
1327 0.0
1328 0.0
1329 0.0
1330 0.0
1331 0.0
1332 0.0
1333 0.0
1334 0.0
1335 0.0
1336 0.0
1337 0.0
1338 0.0
1339 0.0
1340 0.0
1341 0.0
1342 0.0
1343 0.0
1344 0.0
1345 0.00039520477526362686
1346 0.0
1347 0.0
1348 0.0
1349 0.0
1350 0.0
1351 0.0
1352 0.0
1353 0.0
1354 0.0
1355 0.0
1356 0.0
1357 3.944722257397633e-05
1358 0.0007101607772500013
1359 0.0
1360 0.0
1361 0.0
1362 0.00191543477431548
1363 0.0007400727682016277
1364 0.0
1365 0.0
1366 0.0
1367 0.0
1368 0.0
1369 0.0
1370 0.0
1371 0.0
1372 0.0
1373 0.0
1374 0.0
1375 0.0
1376 0.0
1377 0.0018402940985874422
1378 0.007048261357990821
1379 0.003437117124300728
1380 0.0
1381 0.0
1382 0.0
1383 0.0
1384 0.0
1385 0.0
1386 0.0
1387 0.0
1388 0.0
1389 0.0
1390 0.0
1391 0.0
1392 0.0
1393 0.0
1394 0.0
1395 0.0
1396 0.0
1397 0.0
1398 0.0
1399 0.0
1400 0.0
1401 0.0
1402 0.0
1403 0.0
1404 0.0
1405 0.0
1406 0.0
1407 0.0
1408 0.0
1409 0.0
1410 0.0
1411 0.0
1412 0.0
1413 0.0
1414 0.0
1415 0.0
1416 0.0
1417 0.00016368200042491532
1418 1.7103378097095796e-05
1419 0.0
1420 0.0
1421 0.00042415340219786353
1422 0.0018583931491809068
1423 0.0
1424 0.0003283201080033145
1425 0.0019518896643988676
1426 0.0
1427 0.0026962327525287652
1428 7.496731894883089e-05
1429 0.0
1430 0.0
1431 0.0
1432 0.0
1433 0.0
1434 0.0
1435 -0.0007022269910802798
1436 -0.0009076188468260109
1437 0.0
1438 0.0
1439 0.0
1440 0.0
1441 0.0
1442 0.003328916577020169
1443 0.00043057980072757864
1444 0.0
1445 0.0
1446 0.0
1447 0.0
1448 0.0
1449 0.0
1450 0.0
1451 0.0
1452 0.0
1453 0.0
1454 0.0
1455 0.0
1456 -0.00030039950939848034
1457 0.0
1458 0.0
1459 0.0
1460 0.0
1461 0.0
1462 0.0
1463 0.0
1464 0.0
1465 0.0
1466 0.0
1467 0.0
1468 0.0
1469 0.0
1470 0.0
1471 0.0
1472 0.000671377095655765
1473 1.871500445897874e-05
1474 0.0
1475 0.0
1476 0.00023334265700171696
1477 0.0
1478 0.0
1479 0.0
1480 0.0
1481 0.0
1482 0.0
1483 0.0
1484 0.0
1485 0.0
1486 0.002405384162103272
1487 0.0011450881316103145
1488 0.0
1489 0.0018481727879029039
1490 0.0018306788959742092
1491 0.0013170425268721863
1492 0.0
1493 0.0
1494 0.0
1495 0.0
1496 0.0
1497 0.0
1498 0.0
1499 0.0
1500 -0.000179491402985297
1501 0.0
1502 0.0
1503 0.0
1504 0.0
1505 0.0
1506 0.002847561886599714
1507 0.000597057314478282
1508 0.0
1509 0.0
1510 0.00013269422742819876
1511 0.0
1512 0.0
1513 0.0
1514 0.0
1515 0.0
1516 0.0
1517 0.0
1518 0.0
1519 -8.197907206262037e-06
1520 -0.00010862716388471754
1521 0.0
1522 0.0
1523 0.0
1524 0.0
1525 0.0
1526 0.0
1527 0.0
1528 0.0
1529 0.0
1530 0.0
1531 0.0
1532 0.0
1533 0.0
1534 0.0012142816246567092
1535 0.0
1536 0.0025619360783878577
1537 0.0007939660789696687
1538 0.0
1539 0.0
1540 0.0002498168862527377
1541 0.0
1542 0.0
1543 0.0
1544 0.0
1545 0.0
1546 0.0
1547 0.0
1548 0.0
1549 0.0
1550 0.0012569790073798507
1551 0.0012056989088404064
1552 0.0
1553 0.001254073406289083
1554 0.0029039041612405896
1555 0.0
1556 0.0
1557 1.0403017378316829e-05
1558 0.0
1559 6.301988739002758e-05
1560 0.000906992263183439
1561 0.00035291860992130527
1562 0.0
1563 0.0
1564 -0.00047610944376312857
1565 -0.0007506219167560171
1566 -6.196574162329864e-05
1567 0.0
1568 0.0
1569 0.0
1570 0.00045589398334032537
1571 0.0022774994852288294
1572 0.0
1573 0.0
1574 0.0
1575 0.0
1576 0.003269738912790161
1577 0.0018986996648840421
1578 0.0
1579 0.0
1580 -0.0002716101018414715
1581 0.0
1582 0.0
1583 0.0
1584 -6.756896782173545e-05
1585 0.0
1586 0.0
1587 0.0
1588 0.0
1589 -0.0004461568429544199
1590 -0.00033151235033457337
1591 0.0
1592 0.0
1593 0.0
1594 0.0
1595 0.0
1596 0.0
1597 0.0
1598 0.00042182088827524524
1599 0.0
1600 0.0031138113574469477
1601 0.00038430583116439066
1602 0.0
1603 0.0
1604 0.0
1605 0.0
1606 0.0
1607 0.0
1608 0.0
1609 0.0
1610 0.0
1611 0.0
1612 0.0
1613 0.0
1614 0.0024119126990466474
1615 0.0023902080561628257
1616 0.0
1617 0.00025591684554523205
1618 0.001652298997853981
1619 0.0
1620 0.0
1621 0.0
1622 0.0
1623 5.990952441146271e-05
1624 0.0
1625 0.0
1626 0.0
1627 0.0
1628 -0.0004039352992164317
1629 -0.0020913336225010072
1630 -1.846186999408227e-05
1631 0.0
1632 0.0
1633 0.0
1634 0.0002175426125077812
1635 0.0033517423992361554
1636 0.0015476442789996024
1637 0.0
1638 0.0
1639 5.755198159469888e-05
1640 0.0012495181899686036
1641 0.0022061740924169283
1642 0.0
1643 0.0
1644 0.0
1645 0.0
1646 0.0
1647 0.0
1648 0.0
1649 0.0
1650 0.0
1651 0.0
1652 0.0
1653 0.0
1654 0.0
1655 0.0
1656 0.0
1657 0.0
1658 0.0
1659 0.0
1660 0.0
1661 0.0
1662 0.0
1663 0.0
1664 2.624608485568109e-06
1665 0.0
1666 0.0
1667 0.0
1668 0.0
1669 0.0
1670 0.0
1671 0.0
1672 0.0
1673 0.0
1674 0.0
1675 0.0
1676 0.0
1677 0.0010932542149601219
1678 0.003909235490687269
1679 0.0012617975000283562
1680 0.0
1681 0.0002347270857191151
1682 0.00011622018176228092
1683 0.0
1684 0.0
1685 0.0
1686 0.0
1687 0.0005137955003861631
1688 4.1971457967643465e-05
1689 0.0
1690 0.0
1691 0.0
1692 0.0
1693 0.0
1694 0.0
1695 0.0
1696 0.00011287249411771159
1697 0.0
1698 0.0
1699 2.712378511285333e-06
1700 0.00017311184229349376
1701 0.0
1702 0.0
1703 0.0
1704 0.0
1705 0.0
1706 0.0
1707 0.0
1708 0.0
1709 0.0
1710 0.0
1711 0.0
1712 0.0
1713 0.0
1714 0.0
1715 0.0
1716 0.0
1717 0.0
1718 0.0
1719 0.0
1720 0.0
1721 0.0
1722 0.0
1723 0.0
1724 0.0
1725 0.0
1726 0.0
1727 0.0
1728 0.0
1729 0.0
1730 0.0
1731 0.0
1732 0.0
1733 0.0
1734 0.0
1735 0.0
1736 0.0
1737 0.0
1738 0.0
1739 0.0
1740 0.0
1741 0.0009453667585728684
1742 0.001691394405652378
1743 0.0009533724664900554
1744 0.0
1745 0.0
1746 0.0009876563095524997
1747 0.0
1748 0.0
1749 0.0
1750 0.0
1751 0.0
1752 0.0
1753 0.0
1754 0.0
1755 0.0
1756 0.0
1757 0.0
1758 0.0
1759 0.0
1760 0.0
1761 0.0
1762 0.0
1763 0.0
1764 0.0
1765 0.0
1766 0.0
1767 0.0
1768 0.0
1769 0.0
1770 0.0
1771 0.0
1772 0.0
1773 0.0
1774 0.0
1775 0.0
1776 0.0
1777 -0.0016908388392503386
1778 -0.006919271638728439
1779 -0.003393974688201707
1780 -0.0007202497886388926
1781 -0.00021482613342546923
1782 0.0
1783 0.0
1784 0.0
1785 0.0
1786 0.0006129872130707026
1787 0.0
1788 0.0
1789 0.0
1790 0.0
1791 0.001206831788371814
1792 0.0
1793 0.0
1794 0.0
1795 0.0
1796 0.0
1797 0.0
1798 0.0
1799 0.0
1800 0.0
1801 0.0
1802 0.0
1803 0.0
1804 0.0
1805 0.0
1806 0.0
1807 0.0
1808 0.0
1809 0.00033017974232754725
1810 0.0
1811 8.156407549354724e-05
1812 0.0
1813 0.0
1814 0.0
1815 0.0
1816 0.0
1817 0.0
1818 0.0
1819 0.00013824198915474845
1820 0.00016724530654187657
1821 0.0
1822 0.0
1823 0.0
1824 0.0
1825 0.0
1826 0.0
1827 0.0
1828 0.0
1829 0.0
1830 0.0
1831 0.0
1832 0.0
1833 0.0
1834 -0.0004459337532476914
1835 0.0
1836 0.0
1837 0.0
1838 0.0
1839 0.0
1840 -0.00039509692383985845
1841 -0.0032645403226161146
1842 -0.0033206769931460153
1843 -0.004157299802404249
1844 -0.0016641738413950573
1845 0.0
1846 0.0
1847 0.0
1848 0.0
1849 0.0
1850 0.0
1851 0.0
1852 0.0
1853 0.0
1854 0.0
1855 0.0004654519576678479
1856 0.000636028703864894
1857 0.0
1858 0.0
1859 0.0
1860 0.0
1861 0.0
1862 0.0
1863 0.0
1864 0.0
1865 0.0
1866 0.0
1867 0.0
1868 0.0
1869 0.00020477991349955187
1870 0.0
1871 0.0
1872 0.0
1873 0.0
1874 0.0
1875 0.0
1876 0.0
1877 0.00017678788618732716
1878 0.00040291029888747394
1879 0.0012931267017483612
1880 0.0008806992777518701
1881 0.00015290197440058007
1882 0.0015494067480040766
1883 0.0017084401982158965
1884 0.000735983203992742
1885 0.0
1886 0.00019755360807356624
1887 0.0
1888 0.0
1889 0.0
1890 0.0
1891 0.0
1892 0.0
1893 0.0
1894 0.0
1895 0.0
1896 0.0
1897 0.0
1898 0.0
1899 0.0
1900 -7.142963253036893e-06
1901 0.0
1902 0.0
1903 -0.0014637073674803982
1904 -0.0023246111790899645
1905 -0.0014023695452271107
1906 -0.0017868282490942178
1907 -0.0027428990478246774
1908 0.0
1909 0.0
1910 0.0
1911 0.0
1912 0.0
1913 0.0
1914 0.0
1915 0.0
1916 0.0
1917 0.0
1918 0.0
1919 0.0
1920 0.00016281120145065836
1921 0.0
1922 0.0
1923 0.0
1924 0.0
1925 0.0
1926 0.0
1927 0.0
1928 0.0
1929 0.0
1930 0.0
1931 0.0
1932 0.0
1933 0.0008826532547086394
1934 0.0002965939119790981
1935 4.4898535878445204e-05
1936 1.746980359670672e-05
1937 2.7101557475579724e-05
1938 0.0
1939 0.0
1940 0.0
1941 0.0
1942 0.0009359803917837703
1943 0.002389166271408324
1944 0.0028613158824737327
1945 0.002190737565407811
1946 0.002928670748304205
1947 0.0010213144193886524
1948 0.0
1949 0.0
1950 0.0
1951 0.0
1952 3.336414409613147e-05
1953 0.0
1954 0.0
1955 0.0
1956 0.0
1957 0.0
1958 0.0
1959 0.0
1960 0.0
1961 0.0
1962 0.0
1963 0.0
1964 0.0
1965 0.0
1966 0.0
1967 -0.001727201308594539
1968 -0.0014287282097330428
1969 0.0
1970 0.0
1971 -0.00012271326647936347
1972 0.0
1973 0.0
1974 0.0
1975 0.0
1976 0.0
1977 0.0
1978 0.0
1979 0.0
1980 0.0
1981 0.0
1982 0.0
1983 0.0008039989746810076
1984 0.00028329488572348757
1985 0.0
1986 0.0
1987 0.0
1988 0.0
1989 0.0
1990 0.0
1991 0.0
1992 0.0
1993 0.0
1994 0.0
1995 0.0
1996 0.0
1997 0.000345973697947753
1998 0.0
1999 0.0
2000 0.0
2001 0.0002191988003544908
2002 0.0
2003 0.0
2004 0.0
2005 0.0
2006 0.0
2007 0.0009732320344362493
2008 0.0020631424682965843
2009 0.0025798066074426335
2010 0.0029657427905171296
2011 0.0032446771257473614
2012 0.0003066619828820962
2013 0.0
2014 0.0
2015 0.0
2016 0.0003081804325096544
2017 0.0011843637196414156
2018 0.002075407534979794
2019 0.0
2020 0.0
2021 0.0
2022 0.0
2023 0.0
2024 0.0
2025 0.0
2026 0.0
2027 0.0
2028 0.0
2029 -0.001262072971352196
2030 -0.0012075687526602857
2031 -0.0013986182425654
2032 0.0
2033 0.0
2034 0.0
2035 0.0
2036 -0.0002644654076656986
2037 -0.001433548906241746
2038 0.0
2039 0.0
2040 0.0
2041 0.0
2042 0.0
2043 0.0
2044 0.0
2045 0.0
2046 0.0
2047 0.00048477565510039755
2048 0.0
2049 0.0
2050 0.0
2051 0.0
2052 0.0
2053 0.0
2054 0.0
2055 0.0
2056 0.0
2057 0.0
2058 0.0
2059 0.0
2060 0.0
2061 0.0
2062 0.0
2063 0.0
2064 0.0
2065 0.0
2066 0.0
2067 0.0
2068 0.0
2069 0.0
2070 0.0
2071 0.0
2072 0.0
2073 0.001591912768078283
2074 0.0011453227096518213
2075 0.0
2076 0.0
2077 0.0
2078 0.0
2079 0.0
2080 0.0
2081 0.001889469758772503
2082 0.000922980432601566
2083 0.0
2084 0.0
2085 0.0
2086 0.0
2087 0.0
2088 0.0
2089 0.0
2090 0.0
2091 0.0
2092 0.0
2093 -0.000625242835156396
2094 -0.00042288577849732283
2095 -0.0007576070944893355
2096 -5.31099157293755e-05
2097 0.0
2098 0.0
2099 -8.799643523493678e-05
2100 -0.0009447602100068617
2101 -0.0021549637151446394
2102 -0.0029438119817124992
2103 -0.002375069654605157
2104 0.0
2105 0.0
2106 0.0
2107 0.0
2108 0.0
2109 0.0
2110 0.0
2111 0.0
2112 0.0
2113 0.0
2114 0.0
2115 0.0
2116 0.0
2117 0.0
2118 1.0728987558013487e-05
2119 0.0
2120 0.0
2121 0.0
2122 0.0
2123 0.0
2124 0.0
2125 0.0
2126 0.0
2127 0.0
2128 0.0
2129 0.00012882301894575208
2130 0.0
2131 0.0
2132 0.0
2133 0.0
2134 0.0
2135 0.0
2136 0.0
2137 0.00022919983881866906
2138 0.0009042059497760175
2139 0.0
2140 0.0
2141 0.0
2142 0.0
2143 0.0
2144 0.0
2145 0.001336110129246719
2146 0.0012301564282550883
2147 0.0
2148 0.0
2149 0.0
2150 0.0
2151 0.0
2152 0.0
2153 0.0
2154 0.0
2155 0.0
2156 0.0
2157 -5.665324940661026e-05
2158 0.0
2159 0.0
2160 0.0
2161 0.0
2162 0.0
2163 -0.00222183976096756
2164 0.0
2165 0.0
2166 -0.0026240301855841373
2167 -0.0026204127850257947
2168 0.0
2169 0.0
2170 0.0
2171 0.0
2172 0.0
2173 0.0
2174 0.0
2175 0.0
2176 0.0007792250449794729
2177 0.0
2178 0.0
2179 0.0
2180 0.0
2181 0.0
2182 0.0002516620623554353
2183 0.0006900476725371257
2184 0.0
2185 0.0
2186 0.0
2187 0.0
2188 0.0
2189 0.0
2190 0.0
2191 0.0
2192 0.0
2193 0.0007524726155188426
2194 0.0
2195 0.0
2196 0.0
2197 0.0
2198 0.0
2199 0.0
2200 0.0
2201 0.0
2202 0.0
2203 0.0005956300879451065
2204 0.001276194500143148
2205 0.0010992631721424262
2206 0.0
2207 0.0
2208 0.0
2209 0.0026839387189884437
2210 0.0011225662753778856
2211 0.0
2212 0.0
2213 0.0
2214 0.0
2215 0.0
2216 0.0
2217 0.0
2218 0.0
2219 0.0
2220 0.0
2221 0.0
2222 0.0
2223 0.0
2224 0.0
2225 0.0
2226 0.0
2227 0.0
2228 0.0
2229 -0.0029015768968688087
2230 0.0
2231 0.0
2232 0.0
2233 0.0
2234 0.0
2235 0.0
2236 0.0
2237 0.0
2238 0.0
2239 0.0
2240 0.0
2241 0.0
2242 0.0
2243 0.0
2244 0.0
2245 0.0
2246 0.0
2247 9.078426927778226e-05
2248 0.0
2249 0.0
2250 0.0
2251 0.0
2252 0.0
2253 0.0
2254 0.0
2255 0.0
2256 0.0
2257 0.0
2258 0.0
2259 0.0
2260 0.0
2261 0.0
2262 0.0
2263 0.0
2264 0.0
2265 0.0
2266 0.0
2267 0.0
2268 0.0
2269 0.0
2270 0.0
2271 0.0
2272 0.0
2273 0.0006993836236936867
2274 0.0007183041438122658
2275 0.0
2276 0.0
2277 0.0
2278 0.0
2279 0.0
2280 0.0
2281 0.0
2282 0.0
2283 0.0
2284 0.0
2285 0.0
2286 0.0
2287 0.0
2288 0.0
2289 0.0
2290 0.0
2291 0.0
2292 0.0
2293 -0.000286381335053629
2294 0.0
2295 0.0
2296 0.0
2297 0.0
2298 0.0
2299 0.0
2300 0.0
2301 0.0
2302 0.0
2303 0.0006865831677206472
2304 0.0
2305 0.0
2306 0.0
2307 0.0
2308 0.0
2309 0.0
2310 0.0
2311 0.0
2312 0.0
2313 0.0
2314 0.0
2315 0.0
2316 0.0
2317 0.0
2318 0.0
2319 0.0
2320 0.0
2321 0.0006986503962211687
2322 0.0
2323 0.0
2324 0.0
2325 0.0
2326 0.0
2327 0.0001332825139308338
2328 0.0
2329 0.0
2330 0.0
2331 0.0
2332 0.0
2333 0.0
2334 0.0
2335 0.0
2336 0.0
2337 0.0
2338 0.0
2339 0.0
2340 0.0
2341 -0.0008400534595449296
2342 -1.8095601795847356e-05
2343 0.0
2344 0.0
2345 0.0
2346 0.0
2347 0.0
2348 -1.1998452815900689e-05
2349 0.0
2350 0.0
2351 0.0
2352 0.0
2353 0.0
2354 0.0
2355 0.0
2356 0.0
2357 0.0
2358 0.0
2359 0.0
2360 0.0
2361 0.0
2362 0.0
2363 0.0
2364 0.0
2365 0.0
2366 0.0001973339873948725
2367 0.0004616582083438606
2368 0.0
2369 0.0
2370 0.0
2371 0.0
2372 0.0
2373 0.0
2374 0.0
2375 0.000269069265936494
2376 0.0
2377 2.754644210357138e-05
2378 0.0
2379 0.0
2380 0.0
2381 0.0006447695627964727
2382 0.0
2383 0.0
2384 0.0
2385 0.0012289969413911649
2386 0.0010631911881003634
2387 0.0
2388 0.0
2389 0.0
2390 0.0
2391 0.0
2392 0.0
2393 0.0
2394 0.0
2395 0.0
2396 0.0
2397 0.0
2398 0.0
2399 0.0
2400 0.0
2401 0.0
2402 0.0
2403 0.0
2404 0.0
2405 0.0
2406 0.0
2407 0.0
2408 0.0
2409 0.0
2410 0.0
2411 0.0
2412 -0.0008947239436702923
2413 -0.003379021281631546
2414 -0.0024792230588938998
2415 -0.0013661574081794588
2416 0.0
2417 0.0
2418 -0.0008662073330653913
2419 -0.00029899015394852554
2420 0.0
2421 0.0
2422 0.0
2423 0.0
2424 0.0
2425 0.0
2426 0.0
2427 0.0
2428 0.0
2429 0.0009119219437296514
2430 0.0
2431 0.0005334330514448712
2432 0.0
2433 0.0
2434 0.0
2435 0.0
2436 0.0
2437 0.0
2438 0.0
2439 0.0
2440 6.929535811530719e-05
2441 0.0001584705968789606
2442 0.0
2443 0.0
2444 0.0
2445 0.0012846836441093347
2446 0.0
2447 0.0
2448 0.0
2449 0.0
2450 0.0017455471938057398
2451 0.0012775749273497379
2452 0.0009810794418172693
2453 5.6164179991192415e-05
2454 0.0
2455 0.0
2456 0.0
2457 0.0
2458 0.0
2459 0.0
2460 0.0
2461 0.0
2462 0.0
2463 6.590050382351226e-05
2464 0.0
2465 0.0
2466 0.0
2467 0.0
2468 0.0
2469 -0.0006966721122775542
2470 -0.0007783374714459057
2471 0.0
2472 0.0
2473 0.0
2474 0.0
2475 0.0
2476 -0.00039908978035377117
2477 -0.0016660197606022846
2478 -0.0026235196179758987
2479 -0.0008489878051514499
2480 0.0
2481 -0.0027636917677370844
2482 -0.003205855467027936
2483 0.0
2484 0.0
2485 0.0
2486 0.0
2487 0.0
2488 0.0
2489 0.0
2490 0.0
2491 0.0
2492 0.0
2493 0.0
2494 0.0012675099806024675
2495 0.0025976072549370286
2496 0.0
2497 0.0
2498 0.0
2499 0.0
2500 0.0
2501 0.0
2502 0.0
2503 0.0
2504 0.0
2505 0.0
2506 0.0
2507 0.0
2508 0.0
2509 0.0
2510 6.398870009370418e-05
2511 0.0002880325154458829
2512 0.0
2513 0.0011578189585809914
2514 0.0007200252818350711
2515 0.0
2516 0.00292685651702113
2517 0.0004287008404494023
2518 0.0
2519 0.0
2520 0.0
2521 0.0
2522 0.0
2523 0.0
2524 0.0
2525 0.0
2526 0.0006608855358496499
2527 0.0
2528 0.0
2529 0.0
2530 0.0
2531 0.0
2532 0.0
2533 -0.0013945486366641294
2534 -7.547277854225878e-05
2535 0.0
2536 0.0
2537 0.0
2538 0.0
2539 -0.0002954398097949179
2540 0.0
2541 0.0
2542 0.0
2543 0.0
2544 -0.0013911571650102566
2545 -0.004189383649724959
2546 -0.005359372247887975
2547 -0.0021625388909930613
2548 0.0
2549 0.0
2550 -0.0012721876264814584
2551 -0.0004980255891415501
2552 0.0
2553 0.0
2554 0.0
2555 0.0
2556 0.0
2557 0.0
2558 0.0
2559 0.0010983706062499474
2560 0.0
2561 0.0
2562 0.0
2563 0.0
2564 0.0
2565 0.0
2566 0.0005500921355975377
2567 4.0916681751106306e-05
2568 0.0
2569 0.0
2570 0.0
2571 0.0
2572 0.0
2573 0.0
2574 0.001767339986759077
2575 9.530533744506706e-05
2576 0.0
2577 0.0
2578 0.001984866091944646
2579 0.0005137092433462636
2580 0.0014311715604512346
2581 0.001046602360558256
2582 0.0
2583 0.0
2584 0.0
2585 0.0
2586 0.0
2587 0.0
2588 0.0
2589 0.0
2590 0.0
2591 0.0
2592 0.0
2593 0.0
2594 0.0
2595 0.0
2596 0.0
2597 0.0
2598 0.0
2599 0.0
2600 0.0
2601 0.0
2602 0.0
2603 0.0
2604 0.0
2605 0.0
2606 0.0
2607 0.0
2608 -0.0005019618948557807
2609 -0.003656311567127543
2610 -0.0027673595619723077
2611 -0.00373124280447545
2612 -0.0032006199485464714
2613 -0.001412485029054834
2614 0.0
2615 0.0
2616 0.0
2617 0.0
2618 0.0
2619 0.0
2620 0.0
2621 0.0
2622 0.0
2623 0.0
2624 0.0
2625 0.0
2626 0.0
2627 0.0002345375138245333
2628 0.0007585831347651898
2629 0.0
2630 0.0
2631 0.0005043918617708434
2632 0.0
2633 0.0
2634 0.0
2635 0.0
2636 0.0
2637 0.0
2638 0.0
2639 0.0
2640 0.0
2641 0.0
2642 0.0
2643 0.0
2644 0.0011088994885695485
2645 0.0
2646 0.0
2647 0.0
2648 0.0
2649 0.0
2650 0.0
2651 0.0
2652 0.0
2653 0.0
2654 0.0
2655 0.0
2656 0.0
2657 0.0
2658 0.0
2659 0.0
2660 0.0
2661 0.0
2662 0.0
2663 -0.00019255211113594655
2664 0.0
2665 0.0
2666 0.0
2667 0.0
2668 0.0
2669 0.0
2670 0.0
2671 -0.0008724047599843144
2672 -0.0011250427777631739
2673 -0.00024726160906930034
2674 -0.0014921007807871256
2675 -0.0031588604225772387
2676 -0.00225528060585598
2677 -0.0011033788287810036
2678 0.0
2679 0.0
2680 0.0
2681 0.0
2682 0.0
2683 0.0
2684 0.0
2685 0.0
2686 0.0
2687 0.0
2688 -5.798332461493505e-05
2689 0.0
2690 0.0
2691 0.0
2692 0.0014138101683760786
2693 0.0
2694 0.0
2695 0.0
2696 0.0
2697 0.0
2698 0.0
2699 0.0
2700 0.0
2701 0.0
2702 0.0
2703 0.0
2704 0.0
2705 0.0
2706 0.0
2707 0.0
2708 0.0006838698119454823
2709 0.0010959610890493088
2710 0.0
2711 0.0
2712 0.0
2713 0.0
2714 0.0
2715 0.0
2716 0.0
2717 0.0
2718 0.0
2719 0.0
2720 0.0
2721 0.0
2722 0.0
2723 0.0
2724 0.0
2725 0.0
2726 0.0
2727 0.0
2728 0.0
2729 0.0
2730 0.0
2731 0.0
2732 0.0
2733 0.0
2734 0.0
2735 -0.001019128701188408
2736 -0.0007073934777929864
2737 0.0
2738 -0.0015013873987805102
2739 -0.0013947468354097408
2740 0.0
2741 0.0
2742 0.0
2743 0.0
2744 0.0
2745 0.0
2746 0.0
2747 0.0
2748 0.0
2749 0.0
2750 0.0
2751 0.0
2752 0.0
2753 0.0
2754 0.0
2755 0.0
2756 0.0010779384826410231
2757 0.0
2758 0.0
2759 0.0
2760 0.0
2761 0.0
2762 0.0
2763 0.0
2764 0.0
2765 -7.682931560226492e-05
2766 -0.0009265991616852235
2767 -0.0002985160770967671
2768 0.0
2769 0.0
2770 0.0
2771 0.0
2772 0.0013453122627828632
2773 0.0038389064962999183
2774 0.0
2775 0.0
2776 0.0
2777 0.0
2778 0.0
2779 0.0
2780 0.0
2781 0.0
2782 0.0
2783 0.0
2784 0.0
2785 0.0
2786 0.0
2787 0.0
2788 0.0
2789 0.0
2790 0.0
2791 0.0
2792 0.0
2793 0.0
2794 0.0
2795 0.0
2796 0.0
2797 0.0
2798 0.0
2799 -0.00045506108552585223
2800 -0.0001231060632147161
2801 0.0
2802 0.0
2803 0.0
2804 0.0
2805 0.0
2806 0.0
2807 0.0
2808 0.0
2809 0.0
2810 0.0
2811 0.0
2812 0.0
2813 0.0
2814 0.0
2815 0.0
2816 0.0
2817 0.0
2818 0.0
2819 0.0
2820 0.0007061240271799363
2821 0.0
2822 0.0
2823 0.0
2824 0.0
2825 0.0
2826 0.0
2827 0.0
2828 0.0
2829 -0.0017490911621389597
2830 0.0
2831 0.0
2832 0.0
2833 0.0
2834 0.00016925418706227325
2835 0.002014173964487757
2836 0.0016648790042270265
2837 0.0007279947224307972
2838 0.0
2839 2.2349199669748928e-05
2840 0.0
2841 0.0
2842 0.0
2843 0.0
2844 0.0
2845 0.0
2846 0.0
2847 0.0
2848 0.0
2849 0.0
2850 0.002016293933699688
2851 0.0038258621566151924
2852 0.0012745366839846204
2853 0.0
2854 0.0
2855 0.0
2856 0.0
2857 0.0
2858 0.0
2859 0.0
2860 0.0
2861 0.0
2862 0.0
2863 0.0
2864 0.0
2865 0.0
2866 0.0
2867 0.0
2868 0.0
2869 0.0
2870 0.0
2871 0.0
2872 0.0
2873 0.0
2874 0.0
2875 0.0
2876 0.0
2877 0.0
2878 0.0
2879 0.0
2880 0.0
2881 0.0
2882 0.0
2883 0.0
2884 0.000615184229618696
2885 0.0
2886 0.0
2887 0.0
2888 0.0
2889 0.0
2890 0.0
2891 0.0
2892 0.0
2893 0.0
2894 0.0
2895 0.0
2896 0.0
2897 0.0009421404366517888
2898 0.0013206554473949596
2899 0.00020042870265159907
2900 0.0012436411191285004
2901 0.0005839110978379807
2902 0.0
2903 0.0007653432920570999
2904 0.0
2905 -0.0005789486886594746
2906 0.0
2907 0.0
2908 0.0
2909 0.0
2910 0.0
2911 0.0
2912 0.0
2913 0.00095064899388465
2914 0.0018682943525512024
2915 0.0
2916 0.0
2917 0.0
2918 0.0
2919 0.0
2920 0.0
2921 0.0
2922 0.0
2923 0.0
2924 0.0
2925 0.0
2926 0.0
2927 0.0
2928 0.0
2929 0.0
2930 0.0
2931 0.0
2932 0.0
2933 0.0
2934 0.0
2935 0.0
2936 0.0
2937 0.0
2938 0.0
2939 0.0
2940 0.0
2941 0.0
2942 0.0
2943 0.0
2944 0.0
2945 0.0
2946 0.0
2947 0.0
2948 0.0010106854046668468
2949 0.0
2950 0.0
2951 0.0
2952 0.0
2953 0.0
2954 -0.0007508250739276507
2955 -0.00022145126403118592
2956 0.0
2957 0.0
2958 0.0
2959 0.0
2960 0.0004041089244598417
2961 0.002214027249793497
2962 0.0021760626372201823
2963 0.0008299137076596585
2964 0.0
2965 0.0
2966 0.0009082110369386842
2967 0.0
2968 0.0
2969 0.0
2970 0.0
2971 0.0
2972 0.0
2973 0.0
2974 0.0
2975 0.0
2976 0.0
2977 0.0028863789889725347
2978 0.0028831714468896675
2979 4.358841973919824e-05
2980 0.0
2981 0.0
2982 0.0
2983 0.0
2984 0.0
2985 0.0
2986 0.0
2987 0.0
2988 0.0
2989 0.0
2990 0.0
2991 0.0
2992 0.0
2993 0.0
2994 0.0
2995 0.0
2996 0.0
2997 -0.000652630862402043
2998 0.0
2999 0.0
3000 0.0
3001 0.0
3002 0.0
3003 0.0
3004 0.0
3005 0.0
3006 0.0
3007 0.0
3008 0.0
3009 0.0
3010 0.0
3011 0.0
3012 0.0
3013 0.0
3014 0.0
3015 0.0
3016 -0.0007671357651126789
3017 -0.0017167471085825744
3018 0.0
3019 0.0
3020 0.0
3021 0.0
3022 0.0
3023 0.0
3024 0.0
3025 0.0
3026 0.0
3027 0.0
3028 0.0
3029 0.0
3030 0.0
3031 0.0
3032 0.0
3033 0.0
3034 0.0
3035 0.0
3036 0.0
3037 0.0
3038 0.0
3039 0.0
3040 0.0
3041 0.0014442752357205167
3042 0.00044905308597209146
3043 0.0
3044 0.0
3045 0.0
3046 0.0
3047 0.0
3048 0.0
3049 0.0
3050 0.0
3051 0.0
3052 0.0
3053 0.0
3054 0.0
3055 0.0
3056 0.0
3057 0.0
3058 0.0
3059 0.0
3060 0.0
3061 0.0
3062 0.0
3063 0.0
3064 0.0
3065 0.0
3066 0.0
3067 0.0
3068 0.0
3069 0.0
3070 0.0
3071 0.0
3072 0.0
3073 0.0
3074 0.0
3075 0.0
3076 0.0
3077 0.0
3078 0.0
3079 0.0
3080 -0.00022377773111374367
3081 0.0
3082 0.0
3083 0.0
3084 0.0
3085 0.0
3086 0.0
3087 0.0
3088 0.0
3089 0.0
3090 0.0
3091 0.0
3092 0.0
3093 0.0
3094 0.0
3095 0.0
3096 0.0
3097 0.0
3098 0.0
3099 0.0
3100 0.0
3101 0.0
3102 0.0
3103 0.0
3104 0.0
3105 0.001424053915586257
3106 0.0
3107 0.0
3108 0.0
3109 0.0
3110 0.0007315833287648923
3111 0.0007228610556578965
3112 0.0
3113 0.0
3114 0.0
3115 0.0
3116 0.0
3117 0.0
3118 0.0
3119 0.0
3120 0.0
3121 0.0
3122 0.0
3123 0.0
3124 0.0
3125 0.0
3126 0.0
3127 0.0
3128 0.0
3129 0.0
3130 0.0
3131 0.0
3132 0.0
3133 0.0
3134 0.0
3135 0.0
3136 0.0
3137 0.0
3138 0.0
3139 0.0
3140 0.0
3141 0.0
3142 0.0
3143 0.0
3144 0.0
3145 0.0
3146 0.0
3147 0.0
3148 0.0
3149 6.018670097938445e-06
3150 0.0001734487514721309
3151 0.0
3152 0.0
3153 0.0
3154 0.0
3155 0.0
3156 0.0
3157 0.0
3158 0.0
3159 0.0
3160 0.0
3161 0.0
3162 0.0
3163 0.0
3164 0.0
3165 0.0
3166 0.0
3167 0.0
3168 0.0
3169 0.0001784418018975508
3170 0.0
3171 0.0
3172 0.0
3173 0.0
3174 0.0
3175 0.0
3176 0.0
3177 0.0
3178 0.0
3179 0.0
3180 0.0
3181 0.0
3182 0.0
3183 0.0
3184 0.0
3185 0.0
3186 0.0
3187 0.0
3188 0.0
3189 0.0
3190 0.0
3191 0.0
3192 0.0
3193 0.0
3194 0.0
3195 0.0
3196 0.0
3197 0.0
3198 0.0
3199 0.0
3200 0.0
3201 0.0
3202 2.7106259221630436e-05
3203 0.0
3204 0.0
3205 0.0
3206 0.0
3207 0.0
3208 0.0
3209 0.0
3210 0.0
3211 0.0
3212 0.0
3213 0.0
3214 0.0
3215 0.0
3216 0.0
3217 0.0
3218 0.0
3219 0.0
3220 0.0
3221 0.0
3222 0.0
3223 0.0
3224 0.0
3225 0.0
3226 0.0
3227 0.0
3228 0.0
3229 0.0
3230 0.0
3231 -0.0005759455915519444
3232 0.0
3233 0.0
3234 0.0
3235 0.0
3236 0.0
3237 -7.575792928196797e-05
3238 -0.0007475788816839758
3239 0.0
3240 0.0
3241 0.0
3242 0.0
3243 0.0
3244 0.0
3245 0.0
3246 0.0
3247 0.0
3248 0.0
3249 0.0
3250 0.0005468741799840287
3251 0.0
3252 0.0
3253 0.0
3254 0.0
3255 0.0
3256 0.0
3257 -3.170919492218331e-05
3258 0.0
3259 0.0
3260 0.0
3261 0.0
3262 0.0
3263 0.0
3264 0.0
3265 0.0
3266 0.0
3267 0.0
3268 0.0
3269 0.0
3270 0.0
3271 0.0
3272 0.0
3273 0.002019163898782621
3274 0.0001698557479147078
3275 0.0
3276 0.0
3277 0.0
3278 0.0
3279 0.0
3280 0.0
3281 0.0
3282 0.0
3283 0.0
3284 0.0
3285 0.0
3286 0.0
3287 0.0
3288 0.0
3289 0.0
3290 0.0
3291 1.7763407966528065e-05
3292 0.0
3293 0.0
3294 0.0
3295 0.0
3296 0.0
3297 0.0
3298 0.0
3299 0.0
3300 0.0
3301 0.0
3302 -0.0020631170549538155
3303 -0.0016134470680301129
3304 0.0
3305 0.0
3306 0.0
3307 0.0
3308 0.0
3309 0.0
3310 0.0
3311 0.0
3312 0.000701653641975937
3313 0.0
3314 0.0008662246937222182
3315 0.0010344967037189668
3316 0.0007894787912582728
3317 0.0
3318 0.0
3319 0.0
3320 0.0
3321 -0.00039386917917305186
3322 0.0
3323 0.0
3324 -0.0001150672235602859
3325 0.0
3326 0.0
3327 0.0
3328 0.0
3329 0.0
3330 0.0
3331 0.0
3332 0.0
3333 0.0
3334 0.0
3335 0.0
3336 0.0007709002295460326
3337 0.000674483726338345
3338 0.0010574566407574725
3339 0.002024628903855614
3340 0.0
3341 0.0
3342 0.0
3343 0.0
3344 0.0
3345 0.0
3346 0.0
3347 0.0
3348 0.0
3349 0.0
3350 0.0
3351 0.0
3352 0.0
3353 0.0
3354 0.0
3355 0.0
3356 0.0
3357 0.0
3358 0.0
3359 0.0
3360 0.0
3361 0.0
3362 0.0
3363 0.0
3364 0.0
3365 -0.000480107581504764
3366 -0.0026836050157454223
3367 -0.00014307201834644164
3368 0.0
3369 -0.0004913969630807371
3370 0.0
3371 0.0
3372 0.0
3373 0.0
3374 0.0
3375 0.0
3376 0.0
3377 0.00045020728474791394
3378 0.00013292094089842321
3379 0.0
3380 0.0
3381 0.0
3382 0.0
3383 -0.00025948156298696265
3384 -0.0007811062560878823
3385 -0.0013811686444591916
3386 0.0
3387 0.0
3388 0.0
3389 0.0
3390 0.0
3391 0.0
3392 0.0
3393 0.0
3394 0.0
3395 -0.0007010586709181413
3396 0.0
3397 0.0
3398 0.0
3399 0.0
3400 0.0
3401 0.0
3402 0.0
3403 0.0
3404 0.0
3405 0.0
3406 0.0
3407 0.0
3408 0.0
3409 0.0
3410 0.0
3411 0.0
3412 0.0
3413 0.0
3414 0.0
3415 0.0
3416 0.0
3417 0.0
3418 0.0
3419 0.0
3420 0.0
3421 0.0
3422 0.0
3423 0.0
3424 0.0
3425 0.0
3426 0.0
3427 0.0
3428 0.0
3429 -1.2637345785735285e-05
3430 -0.0009927761415644127
3431 -0.0006167293831001611
3432 0.0
3433 0.0
3434 0.0
3435 -6.944909053812189e-05
3436 0.0
3437 0.0
3438 0.0
3439 0.0
3440 0.0
3441 0.0
3442 0.0
3443 0.0
3444 0.0
3445 0.0
3446 0.0
3447 0.0
3448 -0.001218015831486605
3449 -0.0020840075369294216
3450 -0.00042736073495024373
3451 0.0
3452 0.0
3453 0.0
3454 -0.00019726925499245304
3455 0.0
3456 0.0
3457 -0.0004466640330711258
3458 0.0
3459 0.0
3460 0.0
3461 0.0
3462 0.0
3463 0.0
3464 0.0
3465 0.0
3466 0.0
3467 0.0
3468 0.0
3469 0.0
3470 0.0
3471 0.0
3472 -0.0007502824908118303
3473 0.0
3474 -6.349514781208041e-06
3475 0.0
3476 0.0
3477 0.0
3478 0.0
3479 0.0
3480 0.0
3481 0.0
3482 0.0
3483 0.0
3484 0.0
3485 0.0
3486 0.0
3487 0.0
3488 0.0
3489 0.0
3490 0.0
3491 0.0
3492 0.0
3493 0.0
3494 0.0
3495 0.0
3496 0.0
3497 0.0
3498 0.0
3499 0.0
3500 0.0
3501 0.0
3502 0.0
3503 0.0
3504 0.0
3505 0.0
3506 0.0
3507 0.0
3508 0.0
3509 -0.0002854441263698914
3510 0.0
3511 -0.00023087159603553682
3512 -0.0011576172429957482
3513 -0.0003874266140479468
3514 -0.002012668686338304
3515 -0.00023629493820901215
3516 0.0
3517 0.0
3518 0.0
3519 0.0
3520 0.0
3521 0.0
3522 -0.0002060947617849701
3523 0.0
3524 0.0
3525 0.0
3526 0.0
3527 0.0
3528 0.0
3529 0.0
3530 0.0
3531 0.0
3532 0.0
3533 0.0
3534 0.0
3535 0.0
3536 -0.0015213892787544917
3537 0.0
3538 -0.00041010389617493666
3539 0.0
3540 0.0
3541 0.0
3542 0.0
3543 0.0
3544 0.0
3545 0.0
3546 0.0
3547 0.0
3548 0.0
3549 0.0
3550 0.0
3551 0.0
3552 0.0
3553 0.0
3554 0.0
3555 0.0
3556 0.0
3557 0.0
3558 0.0
3559 0.0
3560 0.0
3561 0.0
3562 0.0
3563 0.0
3564 0.0
3565 0.0
3566 0.0
3567 0.0
3568 0.0
3569 0.0
3570 0.0
3571 0.0
3572 0.0
3573 -0.001315782713163195
3574 -0.000902204031330571
3575 -6.0639915385510786e-05
3576 0.0
3577 -0.001260467092668371
3578 -0.0002950469359724472
3579 -0.001797420402156487
3580 0.0
3581 0.0
3582 0.0
3583 0.0
3584 0.0
3585 0.0
3586 -0.00020813575633752486
3587 -0.0006665279477740492
3588 0.0
3589 0.0
3590 0.0
3591 0.0
3592 0.0
3593 0.0
3594 0.0
3595 0.0
3596 0.0
3597 0.0
3598 0.0
3599 0.0
3600 0.0
3601 -0.0006628616200283358
3602 0.0
3603 -0.0008761905042275981
3604 0.0
3605 0.0
3606 0.0
3607 0.0
3608 0.0
3609 0.00010637930815645487
3610 0.0
3611 0.0
3612 0.0
3613 0.0
3614 0.0
3615 0.0
3616 0.0
3617 0.0
3618 0.0
3619 0.0
3620 0.0
3621 0.0
3622 0.0
3623 0.0
3624 0.0
3625 0.0
3626 0.0
3627 0.0
3628 0.0
3629 0.0
3630 0.0
3631 0.0
3632 0.0
3633 0.0
3634 0.0
3635 0.0
3636 -0.0008108017522457768
3637 -0.0007754143319809344
3638 -0.00023048494300691435
3639 0.0
3640 0.0
3641 -7.45316984349227e-05
3642 -0.0005628705276585177
3643 0.0
3644 0.0
3645 0.0
3646 0.0
3647 0.0
3648 0.0
3649 0.0
3650 -0.00018152227077521517
3651 0.0
3652 0.0
3653 1.0297785947372979e-05
3654 0.0
3655 0.0
3656 0.0
3657 0.0
3658 0.0
3659 0.0
3660 0.0
3661 0.0
3662 0.0
3663 0.0
3664 0.0
3665 0.0
3666 -0.0020298576741372507
3667 -0.0014055195890506863
3668 -0.0012277658738466932
3669 0.0
3670 0.0
3671 0.0
3672 0.0
3673 0.0017958156102817278
3674 0.0011144847396472937
3675 0.0005905683686296608
3676 0.0014736871206527447
3677 0.0014487903088931306
3678 0.0
3679 0.0
3680 0.0
3681 0.0
3682 0.0
3683 0.0
3684 0.0
3685 0.0
3686 0.0
3687 0.0
3688 0.0
3689 0.0
3690 0.0
3691 0.0
3692 0.0
3693 0.0
3694 0.0
3695 0.0
3696 0.0
3697 0.0
3698 0.0
3699 0.0
3700 0.0
3701 0.0
3702 0.0
3703 0.0
3704 0.0
3705 0.0
3706 0.0
3707 0.0
3708 0.0
3709 0.0
3710 0.0
3711 0.0
3712 0.0
3713 -0.00027862257593841286
3714 0.0
3715 0.0
3716 0.0013875352035684584
3717 0.0002673892067980825
3718 0.0
3719 0.0
3720 0.0
3721 0.0
3722 0.0
3723 0.0
3724 0.0
3725 0.0
3726 0.0
3727 0.0
3728 0.0
3729 0.0
3730 0.0
3731 -0.0012024275576280495
3732 -0.00010325867544098246
3733 0.0
3734 0.0
3735 0.0
3736 0.0
3737 0.0
3738 0.0007105906364890087
3739 0.0
3740 0.0009486437303726567
3741 0.0
3742 0.0
3743 0.0
3744 0.0
3745 0.0
3746 0.0
3747 0.0
3748 0.0
3749 0.0
3750 0.0
3751 0.0
3752 0.0
3753 0.0
3754 5.6511680845796166e-05
3755 0.0
3756 0.0
3757 0.0
3758 0.0
3759 0.0
3760 0.0
3761 0.0
3762 0.0
3763 0.0
3764 0.0
3765 0.0
3766 0.0
3767 0.0
3768 0.0
3769 0.0
3770 0.0
3771 0.0
3772 0.0
3773 0.0
3774 0.0
3775 0.0
3776 0.0
3777 0.0
3778 0.0
3779 0.0
3780 0.002404556675973488
3781 0.0025543644604860923
3782 0.0
3783 0.0
3784 0.0
3785 0.0
3786 0.0
3787 0.0
3788 0.0
3789 0.0
3790 0.0
3791 0.0
3792 0.0
3793 0.0
3794 0.0
3795 0.0
3796 0.0
3797 0.0
3798 0.0
3799 0.0
3800 0.0
3801 0.0
3802 0.0
3803 0.0
3804 0.0
3805 0.0
3806 0.0
3807 0.0
3808 -0.0027450269614988755
3809 -0.002591163946096836
3810 -0.00048086417117108274
3811 0.0
3812 0.0
3813 0.0
3814 0.0
3815 0.0
3816 0.0
3817 0.0
3818 0.0
3819 0.0
3820 0.0
3821 0.0
3822 0.0
3823 0.0
3824 0.0004186664868432373
3825 0.0
3826 0.0
3827 0.0
3828 0.0
3829 0.0
3830 0.0
3831 0.0
3832 0.0
3833 0.0
3834 0.0
3835 0.0
3836 0.0
3837 0.0
3838 0.0
3839 0.0
3840 -0.0005628899183275466
3841 -0.0005220402627458901
3842 0.0
3843 0.0
3844 0.001292483820938897
3845 0.0017493968543262385
3846 0.0024961600543099783
3847 0.002007033922428018
3848 0.0018501556666794534
3849 0.0
3850 0.0
3851 0.0
3852 0.0
3853 0.0
3854 0.0
3855 0.0
3856 0.0
3857 0.0018567750705152037
3858 0.0
3859 0.0
3860 0.0
3861 0.0
3862 0.0
3863 0.0
3864 0.0
3865 0.0
3866 0.0
3867 0.0
3868 0.0
3869 -0.00015058707581309754
3870 0.0
3871 0.0
3872 0.0
3873 0.0
3874 0.0
3875 0.0
3876 0.0
3877 0.0
3878 0.0
3879 0.0
3880 0.0
3881 0.0
3882 0.0
3883 0.0
3884 0.0
3885 0.0
3886 0.0
3887 0.0
3888 0.0007507948482127212
3889 0.0
3890 0.0
3891 0.0
3892 0.0
3893 0.0
3894 0.0
3895 0.0
3896 0.0
3897 0.0
3898 0.0
3899 0.0
3900 0.0
3901 0.0
3902 0.0
3903 0.0
3904 -0.0002548080003640196
3905 -0.0011910551272920878
3906 0.0
3907 0.0
3908 0.0
3909 0.0
3910 0.0017531594298871587
3911 0.0032449021279176687
3912 0.004052130656773474
3913 0.005300763176642155
3914 0.004128428192097488
3915 0.000485735024026249
3916 0.0
3917 0.0
3918 0.0
3919 0.0
3920 0.0
3921 0.0
3922 0.0
3923 0.0
3924 0.0
3925 0.0
3926 0.0
3927 0.0
3928 -0.0008910181723612185
3929 0.0
3930 0.0
3931 0.0
3932 0.0
3933 0.0
3934 0.0
3935 0.0
3936 0.0
3937 0.0
3938 0.0
3939 0.0
3940 0.0
3941 0.0
3942 0.0
3943 0.0
3944 0.0
3945 0.0
3946 0.002356158432395021
3947 0.0
3948 0.0
3949 0.0
3950 1.640089476870528e-05
3951 0.001110892796726151
3952 0.0007607257987267808
3953 0.0
3954 0.0
3955 0.0
3956 0.0
3957 0.0
3958 0.0
3959 0.0
3960 0.0
3961 0.0
3962 0.0
3963 0.0
3964 0.0
3965 0.0
3966 0.0
3967 -2.8500812685228488e-05
3968 -0.0013802084539580213
3969 0.0
3970 0.0
3971 0.0
3972 0.0
3973 0.0
3974 0.0
3975 0.0
3976 0.0006077630141311563
3977 0.0
3978 0.0
3979 0.0
3980 0.0
3981 0.0
3982 0.0
3983 0.0
3984 0.0
3985 0.0
3986 0.0
3987 0.0
3988 0.0
3989 0.0
3990 0.0
3991 0.0
3992 0.0
3993 0.0
3994 0.0
3995 0.0
3996 0.0
3997 0.0
3998 0.000734530246050593
3999 0.0006154935265177592
4000 0.0011306447177916001
4001 0.0
4002 0.0
4003 0.0
4004 0.0
4005 0.0
4006 0.0
4007 0.0
4008 0.0
4009 3.885108505241272e-05
4010 0.0016759255189158987
4011 0.0013933234769483024
4012 0.0
4013 0.0
4014 0.0
4015 0.0014117634538008397
4016 0.0
4017 0.0
4018 0.0
4019 0.0
4020 0.0
4021 0.0
4022 0.0
4023 0.0
4024 -6.426126615367659e-05
4025 0.0
4026 0.0
4027 0.0
4028 0.0
4029 -0.0009175626426947202
4030 -0.0018252661841819777
4031 -0.0025410250803663916
4032 -0.0037416965035116405
4033 -0.0042108956151684
4034 -0.0017882457666935183
4035 0.0
4036 0.0
4037 0.0
4038 -0.0009674312167814022
4039 -6.466404568048189e-05
4040 0.0
4041 -3.6000940714455024e-05
4042 0.0
4043 0.0
4044 -5.7088011797701155e-05
4045 0.0
4046 0.0
4047 0.0
4048 0.0
4049 0.0
4050 0.0
4051 0.0
4052 0.0
4053 0.0
4054 0.0
4055 0.0
4056 0.0
4057 0.0
4058 0.0
4059 0.0005013499784131954
4060 0.0
4061 0.0
4062 0.0016666510875598109
4063 0.003970709547801358
4064 0.002502985776013816
4065 0.0008127016183340655
4066 0.00019880969472998582
4067 0.0
4068 0.0
4069 0.0
4070 0.0
4071 0.0
4072 0.0
4073 0.0
4074 1.7433721680209198e-05
4075 0.0
4076 0.0
4077 0.0
4078 0.0
4079 0.0
4080 0.0
4081 0.0
4082 0.0
4083 -0.0007472278114756541
4084 0.0
4085 0.0
4086 0.0
4087 0.0
4088 -0.0013602178756772253
4089 0.0
4090 -3.2311737453567894e-05
4091 0.0
4092 -0.0005877162392327152
4093 -0.0010361995640405036
4094 -0.0011858205632590626
4095 -0.0004229798744670798
