 0
0 1.9000276878183038
1 1.4540784907514552
2 2.0035932411641193
3 2.108916753314398
4 2.406745645075467
5 1.4926555687881005
6 0.7800770540502142
7 0.7117324056034384
8 0.980122550394284
9 1.1414821796928654
10 0.8202748667777885
11 1.1829719821815659
12 1.2005730546252087
13 0.8185178390609754
14 0.9493334834931678
15 0.8390326048797803
16 0.9677776705558271
17 0.34949313799725995
18 0.11818696574993588
19 0.15177840564195075
20 0.27364448097864097
21 0.10308860541954785
22 1.346166092694309e-08
23 0.0008408742163682037
24 0.03387949159352205
25 5.823625913366215e-06
26 0.00022288024315873152
27 0.04482066391060556
28 0.30222186708145543
29 0.8800434993677064
30 1.223388188603157
31 1.7712939078475154
32 2.346910111397066
33 2.6423554525518216
34 2.7746731973824534
35 2.4510907140750255
36 2.847762588492803
37 3.477985561089111
38 2.904995939362819
39 3.1403445424503014
40 2.85288831189445
41 2.331338296991856
42 2.0065502824081847
43 0.9368672419966336
44 1.0303155404794364
45 0.7412218364254525
46 1.3611533247007483
47 1.0846512042979
48 0.6831636730634191
49 0.24076776825256108
50 0.40382244218330887
51 0.1949338071470091
52 0.24114687060289547
53 0.1578227728814238
54 0.36536956207443044
55 0.04138472212501406
56 0.06349460095607698
57 0.2909131032957755
58 0.39776600758147357
59 0.4219145957672166
60 0.14985330799141441
61 0.5167279542811974
62 0.5274896223902683
63 0.8754361725120354
64 1.4125004517742534
65 1.3851234465406084
66 1.6927762899531849
67 1.7580486002641793
68 1.6311169290373084
69 1.064001385873842
70 0.5230958837424984
71 0.592469623200217
72 0.44446852444165064
73 0.25632247793829255
74 0.12663695139859896
75 0.4219670939766124
76 0.9848395552234911
77 1.0966748278215233
78 1.56870431627009
79 1.9644677287469778
80 1.2500056878887498
81 0.5731681449388991
82 0.5439139905646346
83 0.3404473521098566
84 0.28258545025794746
85 0.15068459493397024
86 0.00020692638122068796
87 0.0088524022385113
88 0.00041141035224841454
89 0.0002769156402239443
90 0.06118486977507449
91 0.10808140752233557
92 0.6303417610103699
93 1.1305626223824867
94 1.54341174460035
95 1.8514726796798329
96 2.4839311580466488
97 2.6584121909587606
98 2.96275565293092
99 3.6166382624535918
100 4.952055489468094
101 6.0587402011112514
102 3.6670385201834748
103 3.537302830841701
104 2.517260842380232
105 2.0438311253311445
106 1.223174604062094
107 0.49216119823172855
108 0.5204544845752656
109 0.3600320987593785
110 0.5598589931228369
111 0.2761117616710998
112 0.303086561992337
113 0.07601634054510119
114 0.12961692262257887
115 0.23206648239938638
116 0.29163702467520636
117 0.3781341389277984
118 0.526268920165558
119 0.2508598849278041
120 0.3863240345377528
121 0.6633120667411811
122 0.29464947970375005
123 0.17698615984842708
124 0.045378531533609566
125 0.14414332901664562
126 0.12388197109188173
127 0.3763421103916562
128 1.1119613469830685
129 1.0169928705099942
130 1.2466876187244917
131 0.7136766489540156
132 0.5944673849705178
133 0.13371208459286535
134 0.0026024727138599145
135 4.8299093008495053e-08
136 0.0008079922679746953
137 0.057540083296419464
138 0.06819513863605851
139 0.1900646840469505
140 0.2806578121368161
141 0.2472998926316538
142 0.13946000307492942
143 0.3831853880925448
144 0.1814923887757537
145 0.16518692472070096
146 0.23865323124115267
147 0.13089785498506196
148 0.09617414998053996
149 0.09060715896314903
150 0.0005510407687363801
151 0.17635391513822254
152 0.11928986431488045
153 0.047433529444923586
154 0.08626817275076261
155 0.4251035981315606
156 0.9826137436125442
157 1.248609031915763
158 1.810437744100088
159 2.5421145264608436
160 3.5278522063646047
161 3.750721822768775
162 3.3610099046971147
163 4.791283958284651
164 6.574340683552739
165 5.84526781401628
166 4.917548397060856
167 4.557789168445713
168 2.871980572016315
169 2.0803581306885564
170 1.1536770294509706
171 0.7410016228048598
172 0.38969799964404817
173 0.1549396526933843
174 0.12837489440508576
175 0.26652865011709787
176 0.29925695850206113
177 0.0736008073735946
178 0.37418278418691503
179 0.8055378457834876
180 0.8017745367562249
181 0.7883064972728864
182 0.6048076038497858
183 0.7466892533352008
184 0.9054147760618584
185 0.9672291952249836
186 0.20921297977858924
187 0.01503390059952863
188 5.408630154051909e-05
189 0.07846885189911967
190 0.1813435911688516
191 0.4009665747452276
192 0.5014878425684942
193 0.2408359223996229
194 0.9856281589951187
195 0.07556269820551476
196 0.016468093443513247
197 0.24308842639240608
198 0.0724548150419352
199 0.058740835540163384
200 0.046806296669195425
201 0.09074355312232643
202 0.08550494303576414
203 0.3419268453123051
204 0.7329566308791412
205 0.7141343074369598
206 0.22355523699642346
207 0.05094148270335247
208 0.03606338911302588
209 0.031664149010574724
210 0.14521740544783873
211 0.29528193633409516
212 0.0009062740638237583
213 0.030966671579672526
214 0.2805139262189098
215 0.3715886385855976
216 0.10142630496251294
217 0.15379189986947245
218 0.42088737986776503
219 0.5348068897868378
220 1.41772104602035
221 1.4224253450504114
222 1.730983659404451
223 2.3308479648256073
224 3.2802288169862215
225 2.1747918736189384
226 2.209669505700928
227 3.382056119582698
228 3.8975426820630625
229 4.34124986485024
230 4.7142312906110915
231 5.0956378992401055
232 4.067950169071817
233 2.7675017024505486
234 2.6496845043432597
235 2.150647934541402
236 1.0705978381408925
237 0.4488668153403832
238 0.3446159874749941
239 0.3165525725028986
240 0.36591364944954663
241 0.11311413419288811
242 0.26623284861287105
243 0.7214431412530506
244 0.4996279773067791
245 0.3832728280614766
246 0.4985842844464744
247 1.0988997524144484
248 1.3696333956012734
249 0.970897529144849
250 0.2657422625686039
251 0.06316616781824293
252 0.2106307316004953
253 0.35879960776226866
254 0.6894959116722021
255 1.674572747691727
256 0.4176476368799269
257 0.0938753091012836
258 0.29413038097475247
259 0.06856519690140518
260 0.12573664134725407
261 0.11608178189057011
262 0.13447652959105572
263 0.13715551166896028
264 0.4408598815907774
265 0.5177118453369127
266 0.52068075414045
267 1.579619933980772
268 1.0479104161080346
269 0.6802376493639295
270 0.3086351458434982
271 0.06273734600043494
272 0.03693642660309274
273 0.04561819612095963
274 0.049994140935090615
275 0.009994035121556038
276 0.07826086843777245
277 0.39768700327698653
278 0.73282519747953
279 0.27450443884938164
280 0.08641033398217592
281 0.21772862202878457
282 0.3563053666860275
283 0.7198150005229343
284 1.1230006227553837
285 1.192495747164959
286 1.4274856067374915
287 1.3878504035136934
288 1.9400424352155066
289 1.2372348342188078
290 1.2131419653376685
291 1.9330090655779912
292 2.564136247760479
293 3.4761304933172372
294 3.524847439290463
295 4.082190667729614
296 5.08338074454917
297 4.3763127206682135
298 3.58089881280811
299 3.1775022760105456
300 1.9092789127333636
301 1.3737938162556604
302 0.8454780602335548
303 0.610582250247395
304 0.3730490153404379
305 0.1903421531403205
306 0.4357853904550541
307 0.6403287193660347
308 0.3274501605455147
309 0.044076739791855876
310 0.6525519551033233
311 1.0742604627815047
312 1.1676477197240167
313 1.4927865948984604
314 0.7495682375129258
315 1.2480712688724944
316 1.3801763929639659
317 1.0875056953129658
318 1.4046991781426312
319 2.0463006322735686
320 0.9698000444995374
321 0.3591884801609659
322 0.04140703624986867
323 0.019389904207491527
324 0.0014838799620399445
325 0.24458073469745914
326 0.4526846915900059
327 1.2076600810088243
328 1.074302792486785
329 1.7553158564654752
330 1.726589240534305
331 2.2016107166228096
332 1.613158083554822
333 2.262810664437987
334 1.3317358313332652
335 0.6698077760562386
336 0.20331351004973577
337 0.03415541670230642
338 0.08232927123564968
339 0.5483092040282903
340 0.6101835765802128
341 0.031149948611921004
342 0.008817949367910895
343 0.026673612427823266
344 0.15616320042659995
345 0.2633446574808567
346 0.45812694009974037
347 1.2461805847499678
348 1.4871526697962036
349 1.0477050982638536
350 0.7020373903129358
351 0.4753567362684003
352 0.3255431712932775
353 0.5654306293055434
354 0.376164930849175
355 0.7831992176702884
356 1.127877769340295
357 1.7293520816644767
358 3.058481380154119
359 4.161667405712414
360 6.50479909065943
361 5.350189880253032
362 3.8012431519787326
363 3.045484627896436
364 3.6483518864249214
365 3.4874407547210846
366 2.5045244743072526
367 1.400268903490858
368 1.0559607459933913
369 0.4588637517012629
370 0.5386409823536499
371 0.4198261668679772
372 0.0722438577018242
373 0.029263260446011487
374 0.856955538338398
375 1.0942049821918092
376 1.2727765114455536
377 1.7860068106926237
378 2.0325363855451086
379 1.57052587090238
380 1.039447036100683
381 1.285630698069934
382 1.6962275687668502
383 1.946767456778459
384 0.4576095763672246
385 0.6733399062098281
386 0.22589949302871726
387 0.031648280293626915
388 0.044058701319331685
389 0.07426514374592504
390 1.4142232381182307
391 2.508078122287988
392 2.3117571028082735
393 3.128359498794464
394 3.342501318892465
395 2.537658500851864
396 1.768885898477752
397 3.30447870155865
398 2.185181770948609
399 0.8390174343022727
400 0.6815040837040517
401 0.7369834498395359
402 0.5486904209708793
403 0.9230223094264283
404 0.22273723959490405
405 0.13889809224733568
406 0.015404644287309697
407 0.010253129725535468
408 0.00015778476097536647
409 0.0002771784636641669
410 0.4123827555123195
411 1.2143477883418095
412 1.888957317222928
413 1.7027923214780485
414 0.6082317575898365
415 0.0943824791854194
416 0.032645107254694425
417 0.32385369846052126
418 0.047604444188958116
419 0.05690577232551412
420 0.22599366758470024
421 0.21154573868319085
422 0.9546899255452117
423 2.210013961374529
424 2.883734383720311
425 2.6482788850320707
426 2.814427643947363
427 2.122491283507366
428 2.3019489318026203
429 2.549741107539372
430 2.211961886493604
431 2.482442491135001
432 1.7198295072605778
433 0.8041306152047516
434 0.4638079740067929
435 0.3974520137410544
436 0.09072919941376135
437 0.3170407059923991
438 0.5454278753432915
439 0.7391859175628565
440 1.3000169254726208
441 1.1065746336113107
442 1.3815769387680301
443 0.8994896878196303
444 0.6353516968306447
445 0.6479333049361421
446 0.9431029186822432
447 1.1923340117973127
448 0.36080278238995883
449 0.4159696808614726
450 1.1719391659579306
451 0.12171272427238612
452 0.00027897783559922184
453 0.039793611308477785
454 0.7870921390824855
455 1.9304236409292264
456 2.32555416821724
457 3.3614089504315627
458 3.065052068176388
459 2.7129089514525284
460 3.0640352220024076
461 4.679777292787961
462 3.4343058669521533
463 2.009834519275091
464 2.327090646601558
465 2.189067229947764
466 0.9045333460399102
467 0.9003210092592051
468 0.09981363746467581
469 0.04751103392923763
470 0.010340285627296107
471 0.07534149511705368
472 6.71557478767842e-06
473 0.00023951689725844262
474 0.3098745828812193
475 0.9620691288145533
476 1.140120170923145
477 0.6335923143159373
478 0.06704333305144977
479 0.07216947701100575
480 4.265366212407126e-05
481 0.013579745720047484
482 0.02374859067063611
483 1.4496122194775111e-05
484 0.001971213266120323
485 0.10110303040183785
486 0.37189432171606773
487 0.7179764620310708
488 0.36647777949973165
489 0.3630935264983151
490 0.4175120273928442
491 0.03565719641801007
492 0.15348770608550918
493 0.08078374830781206
494 0.8750050335392459
495 1.3876800894129018
496 1.7332363801500892
497 0.8528026376159744
498 0.4628383663881214
499 0.6349689646065481
500 0.028462983154390664
501 0.4990682505113257
502 0.31633603972826513
503 0.5775358109608187
504 0.19796447183097368
505 0.5082568401887793
506 0.6160615280411554
507 0.44306853993698425
508 0.7915348014116202
509 0.9408323803055708
510 0.3771951055610045
511 0.7195404535349671
512 0.3935188368459421
513 0.3786225821683285
514 1.7636372696214637
515 1.5466123178190128
516 0.00994188639514931
517 0.11621685883593892
518 0.2274539178516386
519 0.8672923020202968
520 1.7957855348964462
521 2.4172945893121094
522 1.7576898968238717
523 2.766794518474419
524 3.6120437176432065
525 3.951529309657968
526 3.5480984207553714
527 2.987983897826414
528 3.570882900769945
529 3.4027948501304772
530 2.8352326644557615
531 1.2955335260782324
532 0.36768364930567626
533 0.18789188748837674
534 0.04426681395512809
535 0.028197618363382807
536 0.05653240783448757
537 0.10286338208379184
538 0.6031672642508022
539 0.18998254096334477
540 0.7802643720025808
541 0.16295377815682235
542 0.009008920912450038
543 0.13094525412217714
544 0.22866527060889935
545 0.11724050754950682
546 0.09835205750785088
547 0.003567015181783749
548 0.12830888688034917
549 0.09145377629417223
550 0.04225408643099372
551 0.008271796941384161
552 0.08659857527078926
553 0.012581495712162898
554 0.006733632860188467
555 0.346026477988262
556 0.42922322447510985
557 0.04455735025864939
558 0.04943513402156723
559 0.7758004248890958
560 1.0228414274777429
561 0.49862697431039954
562 0.1661603403287769
563 0.19743575773322775
564 0.0028991700601462386
565 0.008113703149658707
566 0.01600844950011902
567 0.030805224966430234
568 0.012537377886999348
569 0.01293423294285327
570 0.08745181074899576
571 0.24680654998493332
572 0.4109650351827519
573 0.3732306617777357
574 0.3256692832432292
575 0.5174904666752607
576 0.3389703564461824
577 0.28782179743133757
578 0.8816043430309352
579 1.9433477706635236
580 1.0248882588066783
581 0.06545722983422236
582 0.020168024904559906
583 0.022670675483064163
584 0.25161123743753017
585 0.5715398786534397
586 0.9356689081191933
587 2.1297325465076136
588 2.188453665904505
589 2.6768696092759363
590 3.7405511264594713
591 3.550905818037494
592 4.750727902970146
593 3.647803788751322
594 2.0826573329236377
595 1.618956914137471
596 1.0332778977018569
597 0.4288234427022969
598 0.36213501993047026
599 0.5811754819239723
600 1.089728109844959
601 0.16752073699833517
602 0.11959494918093164
603 0.3316380134156501
604 0.23764517957716969
605 0.0639683816603
606 0.12262566354083966
607 0.001730200572024714
608 0.0993088156877303
609 0.12695568190491532
610 0.5091066703040535
611 0.20385983398122048
612 0.03707720732260889
613 0.11716052106546739
614 0.018328186210467275
615 0.0030565619415045316
616 0.01384607122843235
617 0.1257246176789882
618 0.2574634276383934
619 0.6275404229104865
620 0.41177959836053035
621 0.13140757386255175
622 0.023194612721346455
623 0.6096064728059967
624 0.4771821896603451
625 0.282809790492171
626 0.03211986612027661
627 0.0007053856493523215
628 0.011186594920245015
629 3.986648094339676e-05
630 0.02181933165364122
631 0.12679445928490646
632 0.18539527418938703
633 0.007095583947774551
634 0.2831535885628578
635 0.08540851119163459
636 0.010254740116561713
637 0.09283220806261379
638 0.17972847150933538
639 0.29779080735364405
640 0.29149271173241426
641 0.21528291484788697
642 0.6974707300791924
643 1.1773875479524751
644 0.8622593139139914
645 0.018339150132431443
646 0.45736021532792687
647 0.7303919750755554
648 0.2995898196938328
649 0.020376263061176694
650 0.0105851809890699
651 0.21904749299215323
652 0.628138272837192
653 1.3188564973237782
654 2.6124934793921315
655 3.7290344866936813
656 3.670249230033391
657 2.9945801458237096
658 1.5166981325830569
659 1.3989816320749278
660 0.7528246171441644
661 0.5930040441251355
662 1.0656682283818089
663 0.8820011541384914
664 0.5062134709426003
665 0.07264651455836153
666 0.4182872510536026
667 0.4018656478262682
668 1.2746903866084962
669 1.0857090221308574
670 0.4094802034974395
671 0.0003431929931944746
672 0.06428213999399732
673 0.47583798362654345
674 0.6608408584180183
675 0.8840698265568504
676 0.4298095040671001
677 0.3396568954308339
678 0.14244062029239138
679 0.11375779802778072
680 0.11989840537507856
681 0.032573248081957336
682 0.03683013140720438
683 0.2542847075554011
684 0.22079357283488907
685 0.1712410296520515
686 0.065849285867135
687 0.4488470382131241
688 0.3493812938811385
689 0.221605081327828
690 0.004894090285099012
691 0.07129879665368154
692 0.12785904203360277
693 0.11690267078071925
694 0.10015100247765328
695 1.4742181526181541
696 0.47456362601574
697 0.14059101490857037
698 0.028429442844888658
699 0.0243309793852813
700 0.05709651089417098
701 0.01242063236519692
702 0.01642670034601192
703 0.1132838583041554
704 0.5765041502328683
705 0.3410970933694621
706 0.5946744923734918
707 1.508810595003344
708 0.9675947581161888
709 0.2867136701811442
710 0.02120709111772602
711 0.7702443581700508
712 1.6956443817378768
713 1.7731525659851066
714 0.6141478734598501
715 0.18449894302653302
716 0.02511133196847069
717 0.4712645331687886
718 1.1873392800771136
719 2.1641912509803674
720 2.4345470460912617
721 2.757659912569694
722 1.6670910523778815
723 1.5179863422594342
724 0.60093095381245
725 0.6025020413961993
726 1.8326146925782674
727 1.5250789377966898
728 0.7744333163820011
729 0.035125520824174604
730 0.15996891573829164
731 0.2691286885668835
732 1.6462059397951634
733 1.5505053279547507
734 0.28880031914926024
735 0.013809052578625958
736 0.14677980663300305
737 0.2434395985594831
738 0.07655062754091486
739 0.3833367361628681
740 0.2755564261684131
741 0.1351490488458697
742 0.26974232363442285
743 0.21218883556750784
744 0.21803768087669131
745 0.19178501870328316
746 0.11934331154646796
747 0.09568468810271176
748 0.17072670239990168
749 0.4719146637339703
750 0.10562447352975217
751 0.05790704770861805
752 0.04126756622137694
753 0.003010626068193604
754 0.1071291121477736
755 0.35001632832025226
756 0.21283041873511532
757 0.08236002888688648
758 0.02611633054726911
759 0.5123624325925746
760 0.7860734017756233
761 0.5160318414003033
762 0.3508891275875057
763 0.38283366062461205
764 0.076792209559626
765 0.08281075178363402
766 0.032875965614936484
767 0.007788909936760107
768 0.3670827117484643
769 0.2515916685523824
770 0.2921806042144462
771 0.8937766376323043
772 0.5643145538029959
773 0.09108413455002788
774 0.013221648945994285
775 0.40294181291984454
776 2.212702183170447
777 3.279066972155964
778 1.5150788869215013
779 0.4378443236239204
780 0.0005149022642828565
781 0.05377216949125285
782 0.5283149869958753
783 0.9627260276534317
784 1.0872608797361758
785 1.5829319544705653
786 1.4183750120900074
787 1.352961789442997
788 1.4658071285165462
789 1.8199965429836449
790 2.8416644863879985
791 1.933654905451182
792 0.9134995107206862
793 0.12778829477071255
794 0.003949623655385968
795 0.030797483176752585
796 0.11501995735578263
797 0.19123417253133201
798 4.818932618882142e-05
799 0.0019124841879898254
800 0.07942683640475227
801 0.3983732920891582
802 0.2379653179280177
803 0.28508541841203855
804 0.21021346210316014
805 0.23954255994527876
806 0.9556506060120145
807 0.3544767040100092
808 0.11376609414152482
809 0.07020974134753795
810 0.0491402219912948
811 0.009010882734852678
812 0.03700412142942053
813 0.43987835856184165
814 0.12025610128396996
815 0.008882580658380943
816 0.00031548262182558566
817 0.01085790711674277
818 0.3322965765698275
819 0.2920233765639382
820 0.2504638844633483
821 0.07862791174624599
822 0.008337841173575318
823 0.20363072846560928
824 0.48816270851687316
825 1.0616958795640958
826 1.3720839105896656
827 0.8557388250355571
828 0.960530642570211
829 0.4980928034189771
830 0.3667289318995484
831 0.12411664485227909
832 0.7480282557164962
833 0.2530254658407924
834 0.1280914831312341
835 0.1319085628643194
836 0.006436921317730243
837 0.047582634527290384
838 0.28280800766830416
839 0.5588302971941047
840 2.4276407471663104
841 4.39796537554975
842 5.0150491672960635
843 1.7424056807246124
844 0.6991185576730907
845 0.09744172178417401
846 0.04819505261027075
847 0.05821685097868682
848 0.36130756741521447
849 0.6260601859670134
850 0.5557045266917324
851 0.30612714426353993
852 0.8711686010180894
853 1.7128702572237673
854 2.2405054378801417
855 1.369202865794617
856 0.7615197638803611
857 0.023119291369168658
858 0.002228841919654556
859 0.07756489546021635
860 0.01865044300225051
861 0.022091245403879134
862 0.019012385045250466
863 0.10672819378484483
864 0.2381026038054151
865 0.7589323065570476
866 0.3675211966603823
867 0.3886250167159302
868 0.3533908338321539
869 0.8486659161435698
870 2.2679790514841023
871 1.4305554297355492
872 0.5724090164237112
873 0.185172003594562
874 0.09288114215985455
875 0.3948179626272155
876 0.42728202072827376
877 0.491042289889321
878 0.3704432192109334
879 0.22394023867107854
880 0.40270309194744425
881 0.5479281136515172
882 0.60082448513477
883 0.40683357108596685
884 0.654693688907164
885 0.28513395653832513
886 0.5977949121644595
887 0.48421734164391245
888 0.5975636545675627
889 1.7338507202801685
890 1.5529192697964755
891 1.649529849599281
892 0.8812073352693419
893 1.4522794130349295
894 1.970242374661829
895 0.863220976634591
896 0.4380774118008766
897 0.03407568813294641
898 0.028918148966412732
899 0.026502251194358947
900 0.00843037326722023
901 0.2641947851673322
902 0.7780542764063849
903 1.5738277717124542
904 1.5871898694665225
905 3.3085206522522057
906 5.41684367615793
907 4.595586328667365
908 3.055965565317508
909 1.4762586774869477
910 0.9985511578336775
911 0.528966306678772
912 0.009861339434283743
913 0.16500165692600832
914 0.07782032939686397
915 0.25816635505959795
916 0.47508359121384314
917 0.7353281300184968
918 0.7360134076917941
919 0.27420386454877527
920 0.027645326006961048
921 4.068324607444275e-05
922 0.01203911507985914
923 0.1351792905423283
924 0.19670800869520044
925 0.03559729900965314
926 0.026776174111011977
927 0.001526140593168782
928 0.15307772761261773
929 0.1282515414402692
930 0.060405115762258106
931 0.2061571960331447
932 0.2717423779372785
933 1.0219697577374713
934 3.5591399896266167
935 3.8943028855068973
936 4.2038295685974365
937 2.419080966625996
938 0.8274439747628688
939 1.607515973136855
940 1.327917937866664
941 1.9902592716284508
942 2.1684908934980225
943 1.549063031492791
944 2.5016461823637384
945 3.2540745385377448
946 2.712108904802308
947 1.3487496055985244
948 1.6961688822704921
949 1.2080903098055655
950 0.8380740442463436
951 1.010284355307434
952 2.929557289320553
953 2.5578974135922574
954 2.8061089977219638
955 3.1025464213858296
956 2.8934815859799805
957 3.3998899555887703
958 3.5676206575980838
959 1.0992187534368905
960 0.3478624481888817
961 0.22533107346203524
962 0.10989719958328796
963 0.07430566219968036
964 0.009317842679336724
965 0.20499812006524445
966 1.3632104497362996
967 1.4695341080070001
968 1.900313036338769
969 1.751914152550371
970 4.54267308882078
971 7.857323691810041
972 7.168957502434707
973 5.2037722913628235
974 4.915401477587876
975 4.0072839462441365
976 1.4906164551064904
977 0.4820494527933273
978 0.19045976552317107
979 0.07912501806617081
980 7.597062440872514e-05
981 0.006615404553229078
982 0.00040290762896491464
983 0.034008514993031404
984 0.1890201923717666
985 0.5401584894692028
986 0.8958594199559983
987 0.9234194704218214
988 0.3154444602117857
989 0.31519425864058265
990 0.24805334816769956
991 0.1831481257312113
992 0.21129665320926408
993 0.4000369953775709
994 0.7182866317838151
995 0.1553720858581076
996 0.01624158642366295
997 0.7524191638557978
998 3.9852937653446
999 4.829435953122253
1000 5.072605060074695
1001 2.514467650028012
1002 1.3364532586101188
1003 2.1955737251588476
1004 1.9495461039025435
1005 3.125512455179468
1006 3.538809456911311
1007 2.123971673987502
1008 2.935997733371653
1009 3.9121403574979365
1010 3.025363496637995
1011 2.6766976550103285
1012 2.662735946272642
1013 2.429638941940025
1014 1.5411204405169887
1015 2.302938932809784
1016 4.969119677228368
1017 3.424429563412462
1018 2.7542081293189273
1019 3.0208441698392217
1020 3.1171335974559247
1021 4.601848921516963
1022 2.9032709271380384
1023 0.7938299364967911
1024 0.17763967469275596
1025 0.248531520724836
1026 0.16783960338141998
1027 0.013293952264111408
1028 0.4990689641990965
1029 0.759638874904458
1030 1.4169791712416666
1031 1.3838752785429393
1032 2.6074362065809336
1033 2.78799945028645
1034 3.639759894616527
1035 8.910964143546977
1036 11.483358427208698
1037 10.408085203605209
1038 9.988375327068525
1039 6.7820652760266205
1040 4.128749937864839
1041 2.608876615179045
1042 2.0398617418267317
1043 0.6548067773997086
1044 0.030555383324902697
1045 0.0013692846258582453
1046 0.05739202738992548
1047 0.40067199502161427
1048 0.3939809732978256
1049 0.27121650481215376
1050 0.2537778714653848
1051 0.06588041788095526
1052 0.05131410464180918
1053 0.08760479935385149
1054 0.08223865837947154
1055 0.36677575636135856
1056 0.6747777353788832
1057 0.9973934299565007
1058 1.1706454554137184
1059 0.6798260366322714
1060 0.43290111446128193
1061 0.04476581690547642
1062 1.9837923405796898
1063 2.6234041048216157
1064 2.8151101314675255
1065 1.6701172250377017
1066 1.6215098113325248
1067 1.6134430840641636
1068 1.5450393456654774
1069 2.857005303661337
1070 2.701119052036109
1071 1.4064253306099572
1072 1.7985277469329337
1073 3.2775907861620426
1074 2.8270088496493333
1075 2.7085914481288618
1076 2.780403049480124
1077 4.350847103900551
1078 2.005721503364386
1079 2.2200790096105627
1080 3.192726711575833
1081 3.059908567760206
1082 2.406236000220709
1083 3.500869121149365
1084 3.952048906330455
1085 3.288360224791774
1086 2.807598800595585
1087 1.0438484222216529
1088 0.023838607450322305
1089 0.18658130180341229
1090 0.1354519824279654
1091 0.021666947277016034
1092 0.8961387308298766
1093 1.6454460551851526
1094 1.7478515263170435
1095 1.4351547569669336
1096 3.6350051131982872
1097 7.349857597304125
1098 6.369921326765254
1099 6.875210704104933
1100 11.568140332271671
1101 15.599733143498685
1102 11.892485447538093
1103 7.501762628446948
1104 6.050621496370817
1105 5.254921563491496
1106 2.9011473585365337
1107 1.550037273466504
1108 0.7478398507753932
1109 0.6510416838472918
1110 1.4049530901279281
1111 1.6053259743329897
1112 0.8831697664598088
1113 1.1400801327214383
1114 1.305038570522071
1115 0.5616157367801442
1116 0.14971337310700572
1117 0.08511669349347398
1118 0.06318228451972348
1119 0.7736103388159757
1120 0.39294867842822884
1121 0.6404914219416473
1122 2.209502498591345
1123 4.5626800203604745
1124 3.6059221949483238
1125 0.2431492142386186
1126 0.7579852557610927
1127 2.127906134463465
1128 1.0689017783284984
1129 1.2020588853402692
1130 2.844307760692737
1131 3.12990183875012
1132 2.3177877010850683
1133 2.675245897153727
1134 2.1392728045393965
1135 1.5658250520534458
1136 2.0333451842956114
1137 3.8261576447828682
1138 4.108350758722888
1139 4.0409416863187095
1140 4.903252803312102
1141 4.474568664643427
1142 2.4139164075973887
1143 1.7649758061803538
1144 1.6727974803360204
1145 1.9886117972506725
1146 1.5078008566554029
1147 1.876564746877056
1148 3.6296062177168023
1149 2.697173670228073
1150 1.6480081757420413
1151 0.9468781303106828
1152 0.1109040701259577
1153 0.275625425458676
1154 0.16176225154008608
1155 0.009453005926793927
1156 0.5455912882695845
1157 1.5652953404844936
1158 3.111679426145207
1159 3.612420619244597
1160 5.33543397484114
1161 7.197910984715348
1162 7.676119972739834
1163 7.5141582800602436
1164 10.784221152077894
1165 14.153472734584792
1166 13.04899451972365
1167 11.256298444992476
1168 11.028172108162856
1169 8.39626611104246
1170 6.473786105350197
1171 4.639171039858505
1172 4.955002552337422
1173 3.6000490355466375
1174 2.5520110993978355
1175 2.5662904372076007
1176 1.819980766552379
1177 1.793120334848383
1178 2.0608882095292658
1179 1.410334961479509
1180 0.8259095243496296
1181 0.2109110815373132
1182 0.45776959999691613
1183 1.7462767620083062
1184 1.708771378078675
1185 1.5006632628892524
1186 4.316514356431179
1187 6.817014965968775
1188 5.566092183327248
1189 2.4877841315220555
1190 0.003194536643386546
1191 0.845400587283746
1192 0.6325054129996053
1193 1.2457016374379284
1194 1.0075845148618292
1195 2.8866881308728067
1196 1.8447218040102589
1197 2.0801548453937433
1198 1.7769519108130776
1199 1.3988476218331103
1200 1.6981005182055249
1201 3.502460954756937
1202 4.477594519977809
1203 5.893166524614103
1204 7.637710075393989
1205 7.019843135149788
1206 4.929270177858436
1207 3.398356451043674
1208 1.9690226534093607
1209 0.7223089523512471
1210 0.517198839753856
1211 0.6726784461895027
1212 1.268368297484664
1213 0.887853141685875
1214 1.126520307105189
1215 0.38023224357045887
1216 0.03452026073567244
1217 0.034389504969684986
1218 0.0922638252781057
1219 0.016762306814978884
1220 0.9325282072763795
1221 1.9171014009233123
1222 4.128586673054504
1223 7.217292043183404
1224 8.803000300760612
1225 9.230185914982084
1226 9.13437803334654
1227 7.78841938499637
1228 8.439320901111094
1229 10.610648599538761
1230 13.470654827082042
1231 14.691543363302584
1232 14.325201744312924
1233 13.735949031503358
1234 11.953009920736394
1235 8.585072635299797
1236 6.688761087838387
1237 4.982257615038754
1238 4.081135228463896
1239 2.515493835838759
1240 2.473781214639499
1241 1.1925164816793368
1242 0.9808952469599712
1243 0.9080905127868055
1244 1.5481580275821833
1245 1.5532561199325574
1246 1.114128624133464
1247 1.6369139866072682
1248 5.1762908097165825
1249 6.898153784178818
1250 10.398900629777147
1251 10.314978419966273
1252 5.3293887452871775
1253 3.6155972357849273
1254 3.123425323331091
1255 0.46457040247667863
1256 0.13948895099702693
1257 0.8429380594214599
1258 0.5847697027850233
1259 2.4941205643067126
1260 2.1393657263227213
1261 1.6478952885407832
1262 1.7852951558696801
1263 1.6160245652253689
1264 1.8788116962417767
1265 4.15049804426704
1266 6.061573898007513
1267 8.338467115490463
1268 7.594072010607577
1269 7.392310013772742
1270 5.5458364442029495
1271 4.769953757086602
1272 2.930266790746347
1273 1.0732812102672933
1274 0.4970899443502188
1275 0.7473700535637924
1276 0.5693747368482478
1277 0.1434575236262128
1278 0.35886703937932757
1279 0.12322374809155068
1280 0.0013317783733282492
1281 7.715823420440339e-06
1282 0.00030048523279948923
1283 0.166173470451224
1284 1.1459189962370737
1285 2.312397792085099
1286 5.110555775451011
1287 8.747915769235325
1288 11.0403255907636
1289 9.47442382262703
1290 8.760659324874362
1291 7.812345195446435
1292 7.487622651934245
1293 9.609513589022972
1294 13.031431444360669
1295 16.171392221402602
1296 17.995366698352846
1297 19.83211378033434
1298 17.116302916329154
1299 12.20409077010119
1300 8.259206056136634
1301 6.464761298322333
1302 5.785211311227121
1303 4.424363939816686
1304 2.8430939300618014
1305 1.2188286681047167
1306 0.24193473028046686
1307 0.21618602370895013
1308 0.6225254888335794
1309 0.3835630919826876
1310 0.26288626224189987
1311 0.8625639502832502
1312 4.85571421765512
1313 11.203690339019316
1314 18.573997504575146
1315 14.86311045699132
1316 10.365650822814473
1317 7.649690550628369
1318 8.745377799560357
1319 1.9748485725679858
1320 8.55398428502647e-06
1321 0.47752930616567996
1322 0.535771285228378
1323 1.6788363782896598
1324 1.6430815500415559
1325 1.3882167721716845
1326 2.3056485737859935
1327 2.20146997161806
1328 3.053759797999779
1329 4.199806554957381
1330 5.988634871675578
1331 8.575909541787556
1332 9.037503506407688
1333 9.261890524251656
1334 7.030563935076294
1335 4.0778309139257995
1336 2.4061727388356835
1337 1.9973392605755436
1338 1.2550468670857542
1339 0.8453347335040332
1340 0.6301139173386598
1341 0.1635548655065208
1342 0.08853598988477683
1343 0.00024080522032807235
1344 0.0035988395476483194
1345 0.07451698587251739
1346 0.002299048329066549
1347 0.6316396728505057
1348 2.80180968231497
1349 3.5456582517834856
1350 5.9981402931661805
1351 8.63752853265844
1352 9.854808710846884
1353 8.569336442943605
1354 10.61784258384357
1355 7.960806727092343
1356 10.236695615081297
1357 15.39480626359278
1358 14.569541626937184
1359 18.440113475933927
1360 24.439305008018554
1361 24.636152272290524
1362 17.64021242674873
1363 13.929147942665919
1364 9.172210015422655
1365 9.452022066401453
1366 8.30704948826811
1367 5.671591548508379
1368 1.9115755972375106
1369 0.6392920765368019
1370 0.28319873759561914
1371 0.0002956151651903395
1372 0.006570861315691574
1373 0.0255854606930937
1374 0.11931758321880666
1375 0.41682531540276735
1376 3.1017771533016782
1377 8.578631027359549
1378 15.990794870504102
1379 15.273788950647882
1380 10.572971166242775
1381 11.105336671326018
1382 8.182386178648159
1383 2.6008142069150404
1384 0.4213577705624856
1385 0.04338588302248713
1386 0.3798310893740848
1387 0.2971445787137362
1388 0.4107593662884676
1389 0.34998799901472033
1390 0.7511071207362113
1391 1.9445815055867741
1392 2.844914894932689
1393 5.089610090581521
1394 5.403243674750164
1395 8.15507965142408
1396 7.369809938459991
1397 8.416938298534179
1398 8.763486249795656
1399 6.009274323989322
1400 1.483641312393669
1401 1.4704339526861394
1402 0.7681619161402061
1403 1.24980425982751
1404 0.773630533129308
1405 0.4380454703821469
1406 0.1608171378466563
1407 4.6976703962067606e-05
1408 0.06781119754157688
1409 0.08147378035185919
1410 0.14779821175781313
1411 1.3391191108729985
1412 3.6088248011878608
1413 4.834954110831735
1414 4.448934723684655
1415 8.657217353819696
1416 9.156245777302159
1417 10.161827078600425
1418 11.71553715432346
1419 10.437364333357825
1420 11.23410821454331
1421 20.030871648592083
1422 22.86006139883834
1423 21.16103501194332
1424 24.978718738421595
1425 27.980700239690794
1426 18.552278676162516
1427 12.573281235185956
1428 9.584628657791793
1429 10.68077762775627
1430 8.53059182507853
1431 5.921498087682715
1432 2.1564737960434863
1433 0.6192151507655701
1434 0.462986915593045
1435 0.029801520122704792
1436 0.05652465293168091
1437 0.04132378771999937
1438 0.25133439108028754
1439 0.5873994862072575
1440 2.454491621246734
1441 7.7437299578713805
1442 14.72018974554203
1443 15.509390337494967
1444 10.565317449541299
1445 9.318420198492921
1446 6.3992954923877905
1447 2.8657194502725574
1448 3.0805602610193383
1449 0.4670484277865648
1450 0.2581891714672295
1451 0.1895071411892836
1452 0.09936161772407649
1453 0.35745521900379207
1454 0.38664876965032285
1455 0.6015878871372108
1456 1.572420004891677
1457 3.228225294941546
1458 4.107281715492724
1459 4.072800559354061
1460 4.971812291876393
1461 6.838136735581086
1462 8.065058292683052
1463 5.592610382289724
1464 2.9942791759325553
1465 1.7343022940780173
1466 0.8319264484512863
1467 0.5316112224019955
1468 0.633171033640315
1469 0.7395911961706089
1470 0.1262362430156534
1471 0.009148362773926638
1472 0.31484101689058624
1473 0.2463454300166684
1474 0.6079680227160101
1475 2.2483166895429494
1476 4.829020031252436
1477 6.35509778263291
1478 5.851830246636542
1479 9.441469987891983
1480 9.360300417648004
1481 10.827886776861382
1482 12.366842887721196
1483 13.45183850321668
1484 14.874410136426155
1485 20.492725387806555
1486 29.369208913056212
1487 31.420814986047397
1488 28.60150036984401
1489 27.307826774204297
1490 15.47167881369954
1491 11.38228605254973
1492 7.695857075044767
1493 6.448812366290163
1494 4.9450914020276935
1495 4.095219072963231
1496 1.8792941743184775
1497 2.076559520806059
1498 1.3192190395571315
1499 0.11178305395649726
1500 0.3610151118772571
1501 0.1300437523563282
1502 0.027255504712274316
1503 0.1575281811374659
1504 0.5722162686928727
1505 3.4899952883186325
1506 11.124143894555814
1507 11.72753810778281
1508 9.694515694304025
1509 7.231677623285058
1510 7.697037658242691
1511 4.879722884170356
1512 3.9569512188572014
1513 1.8082099037973791
1514 0.01154351073618275
1515 0.0011800224581111187
1516 0.06503275328831831
1517 0.20453957043218124
1518 0.18998838509289198
1519 0.675357102964794
1520 1.4435548060782
1521 1.97470369199554
1522 3.2212867636321505
1523 3.7452269449259408
1524 4.87261950709895
1525 4.735675528391109
1526 5.526340847163242
1527 4.5216931689245285
1528 3.916282601357518
1529 2.0684716626061483
1530 1.4220391900336757
1531 1.3648229271090826
1532 0.7663581718134543
1533 0.3835523980486427
1534 0.08948965076344184
1535 0.00965195854870618
1536 0.5430160062089683
1537 0.39068056922628924
1538 1.017066145182269
1539 2.734747134303695
1540 5.133376835567362
1541 5.242311162483117
1542 6.64380366831635
1543 9.292081709650018
1544 9.30127441973875
1545 10.436790219128845
1546 11.221853028827862
1547 14.30637443804037
1548 17.16934498854575
1549 23.879677927585377
1550 27.776000630426353
1551 31.118501172670115
1552 31.654231258802987
1553 30.79742021804913
1554 22.571194324741732
1555 13.80880497974159
1556 7.781255774166333
1557 7.159016423311943
1558 6.936736811561913
1559 4.240870860364875
1560 2.218450087864085
1561 1.102925789941185
1562 1.0778707757490975
1563 0.22172183894650296
1564 0.8564092027333688
1565 1.2924173167914688
1566 0.09219920879711355
1567 0.07489308879281036
1568 0.5889974258501077
1569 2.0579774547003673
1570 6.8394247588997175
1571 10.141892699600572
1572 11.218528467965266
1573 9.171713574439371
1574 6.912075734727971
1575 6.171277451267662
1576 4.974882159740528
1577 4.027789292757881
1578 1.3946982676983362
1579 0.44152140065699513
1580 0.007172786640541371
1581 0.0018960655957446797
1582 0.0014289495155078004
1583 0.19004239199619963
1584 0.702178585850916
1585 1.8025149707788373
1586 3.1412434125789055
1587 3.9643184331354298
1588 5.617102300484374
1589 6.749263293312489
1590 6.264501929667384
1591 3.9501953965517
1592 3.9341729305578395
1593 2.999516164773171
1594 1.9756354876027264
1595 1.2816413091380503
1596 0.5898172282435798
1597 0.3355485419968439
1598 0.00031811263849455877
1599 0.018501011386937587
1600 0.6456235634054385
1601 0.5765450338418878
1602 1.131046575425405
1603 3.7226679216387493
1604 5.233609125832663
1605 5.559713701575459
1606 8.295428350642815
1607 9.407682033723972
1608 10.562185800778371
1609 11.968643268136098
1610 10.727755856235905
1611 12.108404137485314
1612 18.1154709121095
1613 23.859100442155416
1614 31.624039937361843
1615 31.371571192995244
1616 28.105436705920084
1617 28.5519525477749
1618 24.02391780586143
1619 16.252419420951778
1620 13.740235601104606
1621 11.869899009744783
1622 10.138101491169285
1623 6.369793917281627
1624 3.767064357006178
1625 1.9479090582756757
1626 0.7798697776358108
1627 0.3734817540854071
1628 0.0043674321194398695
1629 0.22916642645523713
1630 0.03248174708801927
1631 0.5976396409663957
1632 1.786320185191876
1633 2.0313089288995436
1634 3.0334691853052376
1635 5.369842353432181
1636 7.471632095888971
1637 9.221855067565008
1638 9.923713098953952
1639 8.821771617286583
1640 6.579392895178698
1641 4.578597486376467
1642 2.461343825599833
1643 0.3725263872741818
1644 0.0010215086389090287
1645 0.032590999465431765
1646 0.535696250487924
1647 0.766588220925069
1648 1.4584175485540685
1649 3.470813162168859
1650 4.524490057339885
1651 6.922148270555663
1652 8.11542082441557
1653 10.489868921326257
1654 9.682226512685387
1655 6.703571021527304
1656 5.163380791764486
1657 4.512775822336859
1658 1.5721254957566317
1659 1.6910796401052843
1660 1.415373759726215
1661 0.7371527978928113
1662 0.3983655734602707
1663 5.787687429293771e-05
1664 0.4309083068983526
1665 0.5761229882232672
1666 1.7190942736750434
1667 3.632223002311715
1668 3.870649151263638
1669 6.2016982643473
1670 9.228637596730383
1671 10.32023415418364
1672 10.606008067914347
1673 10.138431959766894
1674 10.44161029917692
1675 11.054739421554773
1676 18.390936909940336
1677 25.56885776537003
1678 35.22673153428594
1679 32.615336165522756
1680 29.09982601763749
1681 29.90607432562968
1682 31.284297172830318
1683 23.80905400569525
1684 20.624064099494664
1685 17.057323800742505
1686 15.877086504788064
1687 13.308828487009972
1688 8.831338098852767
1689 5.9498757625186345
1690 2.7592707784089905
1691 1.9712213112622972
1692 1.3942338810223347
1693 1.0516000508762096
1694 1.30366169469286
1695 2.9177991731191817
1696 4.344223574373917
1697 3.265120378299564
1698 1.9667898099274248
1699 1.8691793197804238
1700 2.864767641308923
1701 5.7596019038068
1702 8.076865854147016
1703 7.504826614810607
1704 5.536056109391165
1705 3.3167334311352215
1706 1.5940182107487588
1707 0.29212907402888183
1708 0.012512224044304625
1709 0.27201067708781
1710 0.6929502449538703
1711 1.0217748346059852
1712 2.271204038732607
1713 4.826245096575165
1714 7.52009340887464
1715 11.386882231844103
1716 13.550519371401727
1717 15.803030674913105
1718 14.228574984112374
1719 8.758796895326586
1720 4.987381122255642
1721 5.070927562427327
1722 3.5684241979304407
1723 2.911152557057085
1724 2.0517636561486583
1725 1.760776795704075
1726 0.8686533305062215
1727 0.26569603710474593
1728 0.9331914514357906
1729 0.5562601040824435
1730 1.1477318072743705
1731 3.529330802762656
1732 4.261943014927039
1733 5.475818321090349
1734 8.383793281675908
1735 10.515144079292307
1736 10.462413306458675
1737 10.22130596470735
1738 10.846057288694603
1739 10.717201421707694
1740 17.358945729361395
1741 23.727971421230375
1742 25.791326439405307
1743 26.166061508256753
1744 27.598069279372123
1745 31.674049907326918
1746 32.865614197139124
1747 26.41121033448225
1748 21.46030692585276
1749 20.05525690917439
1750 18.33982380021548
1751 19.374738334741686
1752 14.747658763848989
1753 11.252615756642006
1754 8.687090885906846
1755 7.952104790224254
1756 5.483630294252356
1757 3.5656357337074747
1758 3.49320219545373
1759 4.905568399508911
1760 7.432308849484469
1761 6.043468199702582
1762 4.336907250658296
1763 2.5363925850392732
1764 3.0046031171841903
1765 3.7119847355704056
1766 4.712908105525442
1767 3.166597435679773
1768 1.5262380318053443
1769 0.4241108985292093
1770 0.17731862200225376
1771 0.00015398068157825807
1772 0.26323157419087484
1773 0.7881031174342356
1774 1.4148293253507669
1775 2.6721540863546402
1776 3.1638871547648515
1777 5.213356851273519
1778 8.698154061407976
1779 13.825776442068799
1780 17.146918707089213
1781 17.78645722452605
1782 12.81603045266174
1783 10.295463915802529
1784 5.001066792449753
1785 3.8444451029956097
1786 3.3796439760727117
1787 3.5488549036293353
1788 3.762666566957931
1789 3.1337758805331566
1790 1.2944920468534706
1791 0.3596258273423753
1792 2.261490241814614
1793 1.9002314698170748
1794 1.9263712721241304
1795 2.9832421260304947
1796 3.361276146773885
1797 4.966731871940632
1798 8.367330892462435
1799 10.198248685444831
1800 11.5907791960514
1801 11.439562839268342
1802 11.406773660293355
1803 11.186003572906777
1804 17.412180478929134
1805 20.748415244969223
1806 20.456268594603912
1807 22.357436847207087
1808 29.709291881971975
1809 33.77520216061515
1810 30.94802226978171
1811 27.90022233067636
1812 24.340757321678222
1813 22.463815657354317
1814 16.324678651995104
1815 16.785081503049902
1816 18.110050563666164
1817 15.935673055284825
1818 12.531607884773331
1819 14.322292008425846
1820 10.101262269452736
1821 9.385543118914358
1822 7.826874762382953
1823 8.676473857289375
1824 11.118928083044768
1825 7.113830317749179
1826 5.675464924812717
1827 3.2126694700985214
1828 2.948155678380673
1829 1.944277244376418
1830 0.8550858858170067
1831 0.17810012911375073
1832 0.06283567767898643
1833 0.21422586811402347
1834 0.7881843139727316
1835 1.33469108240507
1836 2.2721927577277574
1837 2.080542088257003
1838 2.409954217121932
1839 3.736644849093707
1840 5.431441137256757
1841 5.542942538743758
1842 7.04002395221638
1843 9.620315385847977
1844 11.166338196953808
1845 11.913227173459365
1846 12.344598577243518
1847 8.119144415595295
1848 5.482702573491217
1849 4.848530786704134
1850 4.291022229887944
1851 4.893592648204553
1852 5.325958198696474
1853 4.364760873293312
1854 0.9315056898562044
1855 0.05356776857239263
1856 3.2045436959383484
1857 3.00039748999971
1858 2.8588420996199297
1859 3.477739311928592
1860 4.666231512010809
1861 5.594637416334128
1862 8.445176473233106
1863 9.972254531589579
1864 12.342648312420938
1865 12.917058326157681
1866 11.81089461260318
1867 12.567186570954576
1868 17.0266524123163
1869 21.38653331387424
1870 24.47213062110927
1871 26.66164947050947
1872 30.966326964664148
1873 30.05463020009484
1874 29.50094417899069
1875 26.67689272019634
1876 27.824382269832775
1877 24.327576008933306
1878 20.035566342627423
1879 21.23169267842939
1880 20.562226179267736
1881 17.065863514980844
1882 17.24171885349653
1883 14.743105219559492
1884 15.325936347695722
1885 13.884844495096699
1886 11.391762740239212
1887 10.75582456175598
1888 10.03309884340089
1889 6.53246916712445
1890 4.212660349637804
1891 1.1580617683624421
1892 0.22883518736143074
1893 0.0013455345169865584
1894 0.09674853366867364
1895 0.46782604064090244
1896 1.171638328785684
1897 2.510842139352376
1898 3.106186419530552
1899 4.19954739597593
1900 6.3738806977950775
1901 5.152438343541911
1902 5.124414625997764
1903 7.711565158711038
1904 10.501033210025387
1905 9.8762345866304
1906 7.413300894444191
1907 6.3182341254533885
1908 6.171000456033977
1909 6.32528498631344
1910 8.401440857021159
1911 7.469240475163755
1912 6.700224056961848
1913 6.888015952641107
1914 5.740592131464413
1915 7.705915552771067
1916 6.673058556511087
1917 6.924652141931077
1918 1.9036592267574968
1919 0.16977627376445248
1920 2.936672663182328
1921 3.4661296615751898
1922 4.221366637894517
1923 4.796057590556602
1924 5.996220703590739
1925 6.7116703249957785
1926 9.442697585520273
1927 12.208556273151961
1928 13.053200763626878
1929 10.925812002185172
1930 9.934761955248458
1931 12.948717721586364
1932 16.033827604471753
1933 21.67802091723102
1934 26.27060022505834
1935 31.609460912428915
1936 34.85037301327907
1937 38.809163287151875
1938 34.7829042727109
1939 31.403726688930668
1940 32.68286449397606
1941 27.92239776202369
1942 23.755825194327002
1943 22.330484117222657
1944 21.015744771919064
1945 18.486395747600376
1946 19.477915822317378
1947 17.54728234090943
1948 15.12841321007937
1949 13.05772836859584
1950 11.45734088976156
1951 10.545975527527363
1952 8.48217000244101
1953 4.821945049712066
1954 2.1903972887379997
1955 0.6342895325514143
1956 0.025110693437384386
1957 0.22715132012135475
1958 0.8789876795837267
1959 2.340772287275677
1960 3.61538844167509
1961 6.047371483712071
1962 5.63113527303186
1963 7.2788239389709775
1964 8.880890172720903
1965 8.378314186147817
1966 9.150235067635219
1967 11.831531190090399
1968 14.34205199023129
1969 13.011056093679002
1970 8.282496354963449
1971 5.5001612676251534
1972 4.959939457908483
1973 6.5516366612354275
1974 5.687639241201919
1975 4.5443144410900675
1976 6.488250160147496
1977 8.382859482089595
1978 9.141510247865355
1979 8.054831741247547
1980 5.533541630622941
1981 7.335999856442895
1982 3.3737215411185875
1983 0.2889130503328945
1984 2.72364485792721
1985 2.901069343101118
1986 3.438372621025899
1987 4.421834291745109
1988 4.919806949604449
1989 6.714888469562148
1990 9.481154599022888
1991 11.835695486023669
1992 12.69917800770926
1993 11.321376496320344
1994 9.565494889406228
1995 12.196633689131453
1996 15.638065393665272
1997 20.58513409358617
1998 27.191152762440268
1999 26.686571101893367
2000 32.835242919794815
2001 38.9101427884648
2002 38.09430513393577
2003 34.49585442755977
2004 33.88638081429017
2005 29.344372107619126
2006 25.265543121050623
2007 21.99223301491819
2008 19.349893788731137
2009 19.88925925371419
2010 21.379440941968742
2011 19.09879646010786
2012 17.79275465363372
2013 14.4331759089321
2014 11.707232173506743
2015 8.312564878776245
2016 5.393845737087393
2017 3.734484702323164
2018 1.6992384289681004
2019 0.18410039967580305
2020 0.006836757299864354
2021 0.007896199943910012
2022 1.0186481878138895
2023 3.174936966446156
2024 5.377256228581425
2025 8.003812741853697
2026 8.03117993700489
2027 9.490966784807757
2028 10.274050781424457
2029 11.308298893874458
2030 13.418637449237192
2031 13.062134460432729
2032 12.38963416719297
2033 10.133000892376637
2034 7.840647710368532
2035 5.78974197945132
2036 6.127183842750904
2037 8.033324269476614
2038 4.80666826205681
2039 2.0187348363963915
2040 4.802715907996681
2041 6.702661661105689
2042 5.987629513367425
2043 3.0872892413678747
2044 3.9723011450823784
2045 6.077177150160802
2046 4.461309758257827
2047 0.8361766857697042
2048 1.7201485117827713
2049 2.1380896501282645
2050 3.337413771368426
2051 3.57720401885872
2052 4.28474108252626
2053 6.4647181033782655
2054 9.522382354103831
2055 10.927301486038601
2056 10.61969468427979
2057 9.148392356403264
2058 8.730655742132448
2059 10.395788744213126
2060 12.367226314952221
2061 19.190115479977624
2062 22.267917360839622
2063 19.956076994156824
2064 29.575333519184383
2065 34.70859168774804
2066 31.589741473315904
2067 25.894908285345956
2068 27.376794446078485
2069 24.16962249790844
2070 21.322268573251456
2071 18.910565404949242
2072 19.155108855095424
2073 26.63667485320166
2074 27.57321064235576
2075 24.02827121247522
2076 17.178435022964937
2077 13.374382452102761
2078 10.292424195772695
2079 6.915028144154402
2080 5.417871769895146
2081 4.073661580886928
2082 1.8235801424683142
2083 0.29633514801285
2084 0.10786417813917352
2085 0.027759646856489274
2086 0.26493802849273784
2087 0.9754117727419545
2088 2.985614756842104
2089 5.598797179619119
2090 6.89634133965411
2091 7.575381642613445
2092 8.038042926728311
2093 12.163514742352781
2094 14.278320478803856
2095 14.27340265845506
2096 13.391715984772127
2097 9.489293599644283
2098 9.043400661866734
2099 6.930833739686607
2100 4.89055805002638
2101 4.963653743111057
2102 5.308925414883702
2103 4.5793666050190165
2104 4.631422209597878
2105 3.6356377629672036
2106 2.8006846893383264
2107 1.7127851716344356
2108 3.127963500914919
2109 5.854049681875379
2110 5.529482964255677
2111 1.1796061651866867
2112 2.028393780210768
2113 1.772221904032783
2114 1.8066110696623139
2115 2.6326590089516975
2116 4.655331047931301
2117 7.186496801600453
2118 9.92633650189479
2119 11.504422819635579
2120 10.026040252182277
2121 9.451020731314175
2122 8.23063028439719
2123 10.338028945947919
2124 13.026953984954345
2125 19.871000398052107
2126 22.850343278191783
2127 20.41707751931327
2128 27.017180040537415
2129 37.06694960081476
2130 34.045910476949906
2131 28.938961055312543
2132 26.118543381164574
2133 27.108602143092664
2134 28.4312634641284
2135 29.35675173688722
2136 25.160608010687497
2137 25.75981359272211
2138 26.370961210176556
2139 19.343905038522287
2140 16.59858414351901
2141 13.60084179523066
2142 12.015118811006658
2143 8.788952237963908
2144 6.202687818886259
2145 4.35123532837247
2146 2.3704501132092455
2147 0.7872170049327412
2148 0.6416413052252745
2149 0.030099689883519413
2150 0.14611201727598258
2151 0.36824116962487574
2152 1.153560776107791
2153 2.6957544164118556
2154 4.733736775520509
2155 5.1208733820766
2156 6.43388958450381
2157 10.02355104972218
2158 10.87394811871285
2159 13.589257562754941
2160 13.995739122461881
2161 10.701753022747859
2162 9.776131549617526
2163 8.146302087763408
2164 4.703755416970604
2165 2.536232573981584
2166 4.98106797721792
2167 7.205717913019906
2168 7.207340935905502
2169 3.4885931237992898
2170 2.6372876234678433
2171 1.138623229365308
2172 2.1846481773170763
2173 5.447236577649844
2174 3.9144195670298245
2175 1.2576414557930313
2176 2.006141212979723
2177 1.1315962400263344
2178 0.7874726456095754
2179 2.039361192638074
2180 4.0110710383058255
2181 6.924323723707458
2182 10.898681793419497
2183 12.024628437736439
2184 10.118102123882549
2185 10.095206970299603
2186 9.473910779597137
2187 11.845252126573282
2188 14.792703098722583
2189 21.65470131081911
2190 24.472788213856738
2191 23.900947192163397
2192 30.855815004346997
2193 37.05495376830429
2194 37.577592331874776
2195 31.59904064171084
2196 26.748335578675718
2197 28.204171518377294
2198 29.34979622807395
2199 33.458436892779744
2200 29.440322013905284
2201 22.83498135592424
2202 20.48294264913727
2203 19.80035425668914
2204 18.142042531767363
2205 13.21893687646951
2206 10.185963686233338
2207 6.604834164405872
2208 4.295209422156987
2209 4.717441401581103
2210 3.693304401072879
2211 1.5057774652820877
2212 0.7053588544496202
2213 0.059504901640007886
2214 0.06766196994655527
2215 0.8290047082347888
2216 1.5697922875633392
2217 2.6597549292832112
2218 3.7182802251884537
2219 5.437074600490042
2220 6.239405340323523
2221 9.561384690105275
2222 9.081163432445873
2223 8.858561858883933
2224 9.242736051391912
2225 9.556976163417659
2226 9.082903080438554
2227 9.327878203124413
2228 7.751409630511518
2229 6.859198426958831
2230 5.66216324279948
2231 7.12220460985279
2232 6.109017868623665
2233 3.2454924424371145
2234 2.3661187290112378
2235 1.60439074559444
2236 2.895349978003001
2237 4.838420631843802
2238 1.8564269339692137
2239 0.409997292733747
2240 0.7803008404446492
2241 1.2765011639680621
2242 1.2492037887091416
2243 1.8103632776655822
2244 4.002357737872951
2245 6.899444161367345
2246 10.7465320515756
2247 11.725570908384212
2248 10.5432080991863
2249 10.20742641327812
2250 9.43777707439049
2251 11.919115508502859
2252 16.15367214218066
2253 21.7423528120104
2254 25.017429566970705
2255 24.870648723078197
2256 31.12800625400163
2257 34.66408900805619
2258 37.23669458533345
2259 33.09706320419854
2260 29.630828505890047
2261 30.05719519269647
2262 29.343020770903983
2263 28.365747248320115
2264 26.020637852301633
2265 22.406788230870948
2266 19.80730209556115
2267 19.46722071525209
2268 15.112814433322871
2269 11.835706289753702
2270 6.631751503372388
2271 4.208628753100752
2272 3.534636860885947
2273 3.9458857250326846
2274 3.524825644529699
2275 1.6584601531567087
2276 0.7960705487781692
2277 0.07346048434431934
2278 0.023019783672536553
2279 0.273183966609205
2280 1.0451590813076654
2281 2.026775825832099
2282 2.538465429121923
2283 3.74741903272226
2284 5.659237693320829
2285 7.1283657992882565
2286 7.488640553861321
2287 6.163719413269921
2288 6.9532728941735265
2289 6.489093810702556
2290 7.50452915694202
2291 9.26786848105841
2292 10.902948064921077
2293 12.663013879636097
2294 7.105479649224685
2295 5.401976965992773
2296 5.262556332795783
2297 3.2005299665422013
2298 2.42377596730188
2299 2.754314243416652
2300 3.642393332131732
2301 3.2205690350072325
2302 0.8337445271951046
2303 0.0732252665499989
2304 0.5840052769641342
2305 1.467843519748524
2306 1.5935853580165922
2307 1.451040380800784
2308 2.658224088640656
2309 5.473524375699285
2310 9.725334710021691
2311 11.153844405896388
2312 10.657018608342934
2313 9.71828629128162
2314 8.551653648823178
2315 11.905652617034233
2316 16.077734734754188
2317 20.77027875761353
2318 23.986840677272756
2319 25.334985741529245
2320 32.374712471258064
2321 36.958150956185754
2322 36.439332534581325
2323 34.06377895858809
2324 32.42236727668215
2325 32.79994686777912
2326 27.887210613068667
2327 25.41229400167822
2328 22.29336244390434
2329 20.438262815448038
2330 15.454235297561377
2331 12.09874718184666
2332 8.907221398786069
2333 9.255274069000029
2334 6.875109257458307
2335 3.6917343741616007
2336 2.768591994409028
2337 3.151421815507223
2338 1.630938156721794
2339 0.5346374879498779
2340 0.4565006102194763
2341 0.5033743190749856
2342 0.19376732436051367
2343 0.03448207546644008
2344 0.7710096468797054
2345 1.3676252558670405
2346 2.3983647071071856
2347 5.5419577576957435
2348 8.804626151977677
2349 6.840925498851792
2350 8.312206540248846
2351 7.460729196033289
2352 6.563118500146754
2353 6.0249098424237095
2354 6.811194927400957
2355 12.081073835661398
2356 15.351956096610175
2357 14.192831047036686
2358 9.139322498630365
2359 7.224569722503568
2360 5.807290268687802
2361 5.496980678802543
2362 4.685313795923415
2363 3.3784984676536025
2364 3.5710367959616827
2365 1.2733392468093965
2366 0.19724027866147403
2367 0.0002118280068224949
2368 0.39787831947694113
2369 1.254646745114639
2370 2.2604276190680372
2371 1.5143722202795942
2372 2.537120556159567
2373 5.226286456109287
2374 8.427763457948755
2375 10.556930458933916
2376 11.316273707789248
2377 10.64837536912759
2378 9.538907789501375
2379 10.856399940173016
2380 16.2675428595575
2381 21.250775274939137
2382 23.80475807469598
2383 23.91101582770951
2384 31.9937995039815
2385 39.1266715230868
2386 43.2815300605963
2387 35.635684181139915
2388 33.74677305173788
2389 29.26965701349741
2390 21.731466975714213
2391 17.577630684261187
2392 14.23065546652085
2393 10.833918063307566
2394 9.488057025471974
2395 8.095113716234454
2396 7.5064115509960905
2397 6.203788066978488
2398 4.879748797011747
2399 3.121779452220672
2400 1.5776654946180495
2401 1.4415541686046098
2402 0.8741451060000961
2403 0.44477530134698495
2404 0.7246605948575957
2405 1.2418641774062589
2406 0.43966250691686615
2407 0.04287828334960253
2408 0.04443052129646979
2409 0.15473924199899836
2410 1.102841637028374
2411 3.149354750658059
2412 7.900583197044439
2413 6.949942955527186
2414 6.873451100067714
2415 6.736927912816421
2416 6.9960053720454
2417 7.107347876140834
2418 9.176096359066328
2419 17.297837984192814
2420 20.038827430450684
2421 16.425284682320758
2422 11.439439187425034
2423 10.568309304423776
2424 8.883198790756449
2425 7.837293655103191
2426 5.151961915818421
2427 4.131490585633338
2428 2.831393190247356
2429 0.5180799016916393
2430 0.003345781712499081
2431 0.1459794990761502
2432 0.045567892273545185
2433 0.6683640461941861
2434 1.800933077830649
2435 1.8185915205548404
2436 3.0129362781519533
2437 5.753645278208486
2438 8.938738931101478
2439 10.793175330126726
2440 12.003765758675932
2441 11.92416478313237
2442 10.906125758048894
2443 10.970674279098223
2444 16.117535915485046
2445 19.016004827495067
2446 22.290250545946012
2447 26.1105660807334
2448 35.56832423499124
2449 36.57684613884378
2450 42.33288191100901
2451 35.559749972452956
2452 31.441766869253826
2453 25.50470948874755
2454 18.337590478980786
2455 14.142501842727066
2456 9.517767106050563
2457 8.827379200210515
2458 7.505334660600316
2459 6.423471902217273
2460 4.687901627728476
2461 3.7974655191355398
2462 3.267110961727906
2463 2.9572517358804644
2464 2.476930239564313
2465 1.3750866807359738
2466 0.9652824242766646
2467 1.4240190856992176
2468 2.157421978378666
2469 2.456503021911001
2470 1.2084680055069927
2471 0.16300075733825295
2472 0.04202896408685404
2473 0.012666242329910432
2474 0.07694570416760978
2475 1.2577746297992036
2476 4.336417936979688
2477 5.434856633284505
2478 6.449936022258924
2479 6.6785109750998615
2480 7.461507078757766
2481 12.365992453951817
2482 18.348469884892168
2483 20.283172725107722
2484 17.002461009398942
2485 17.30836035475506
2486 13.546867404154357
2487 14.73866541833456
2488 10.255985003588792
2489 7.317623001786671
2490 5.424595336736582
2491 3.7305857851195694
2492 1.9619869044823837
2493 0.17528363243019507
2494 0.40682218351786426
2495 0.7099571928300963
2496 0.020757240543467448
2497 0.3170975886737982
2498 1.6297671403843976
2499 2.0007034238325936
2500 3.910087750689214
2501 6.077963412064324
2502 9.1230058989484
2503 9.869046261502362
2504 11.296338111445332
2505 12.155904583601323
2506 11.9682335952271
2507 11.547503234712991
2508 14.703704979677447
2509 15.600074931040941
2510 22.754026856386645
2511 25.076609420991883
2512 32.472540734320496
2513 36.55715599516685
2514 36.60869377712091
2515 31.06497810653071
2516 31.310640130494654
2517 26.04174008806148
2518 17.382601143713114
2519 12.615814369965976
2520 9.48555251934396
2521 9.066693041430542
2522 6.854974550081025
2523 5.192737279053366
2524 4.292964270992516
2525 4.478108558885631
2526 6.194723618744121
2527 4.53789219427895
2528 4.044931249699785
2529 2.5994866689480634
2530 2.797123018424234
2531 3.7005294799075363
2532 4.995841969730669
2533 5.096913807555569
2534 4.093408709767038
2535 2.5992942723912504
2536 0.8318432924144866
2537 0.2573592059171907
2538 0.05293236143907485
2539 1.1308698759199165
2540 4.176403644370641
2541 3.9120721775511793
2542 5.798622292102132
2543 6.428485551170111
2544 8.030406807815275
2545 13.508002447431998
2546 17.276570062605224
2547 19.140531827871293
2548 17.443269819302092
2549 15.865238268567088
2550 16.62829003592314
2551 14.456109713705407
2552 13.454448391289384
2553 7.264504645293893
2554 5.026040499687704
2555 2.950752177990483
2556 1.2828372954771716
2557 0.04112190614365239
2558 0.1042722581214652
2559 0.3247183998020445
2560 0.16784432845943012
2561 0.0017841426103419487
2562 0.8546892174775361
2563 2.0161975026745425
2564 3.221772710181656
2565 5.893286672158415
2566 8.950396402966406
2567 9.567448170054117
2568 10.356527355076125
2569 11.901103656334648
2570 11.25558326773395
2571 10.434411121697346
2572 12.874733896474748
2573 14.373332163921523
2574 22.376302614261583
2575 25.174150644636054
2576 28.244169681246344
2577 30.659277435736826
2578 32.41039160006366
2579 27.75738326054049
2580 24.150290296993834
2581 20.454635312392252
2582 15.785386488691033
2583 12.687383493636366
2584 5.955007967973676
2585 3.918348908339801
2586 3.298272981519903
2587 3.553732721122642
2588 4.798382087230746
2589 5.245619164801201
2590 7.7714811818955125
2591 7.650993254844613
2592 5.437983944050363
2593 6.439166893291203
2594 5.648607353041059
2595 6.199801440200807
2596 7.802868806100411
2597 7.525657048759013
2598 5.468781715586783
2599 4.7556220820339625
2600 1.4758566288875647
2601 0.23055042555338123
2602 0.40809681373159107
2603 0.48041086363579016
2604 3.9168061893829806
2605 3.4405768044830776
2606 4.267275350551841
2607 6.404176702747971
2608 8.297518292794996
2609 11.694421119118743
2610 12.850000595744358
2611 16.270889788100618
2612 14.224477151128884
2613 11.582448243198114
2614 10.101587277131687
2615 8.425831524559149
2616 11.255617925274557
2617 9.669964931606266
2618 5.202336964227562
2619 3.296729445157648
2620 1.389843739710995
2621 0.0810997486864576
2622 0.038414692765073415
2623 0.2075007461244825
2624 0.1828249981130097
2625 0.15880001113267272
2626 0.11378466601078982
2627 1.4820363005158792
2628 3.372749731017748
2629 5.615431345191091
2630 8.02710507637376
2631 10.069576157197295
2632 11.225961968531008
2633 10.06063945386034
2634 9.593229822164153
2635 11.294178062919004
2636 10.248336267205516
2637 15.961118123652204
2638 21.21490344747189
2639 24.1251447340599
2640 24.458067887848447
2641 24.814490719870673
2642 25.957018937247962
2643 22.889175055423024
2644 18.373702568478613
2645 15.030206766225936
2646 13.428868240337028
2647 9.53123131894993
2648 4.126084410985185
2649 1.8705389906824539
2650 1.5265192590013257
2651 1.81217194411375
2652 2.401896871013122
2653 3.3317338651412998
2654 7.475638919510351
2655 8.013523574161292
2656 8.179492755994227
2657 8.633811072957329
2658 8.108861720462318
2659 8.962027251032087
2660 8.972181208937906
2661 6.468564184619659
2662 4.430826019809332
2663 3.6859660783518815
2664 1.1675715947635583
2665 0.2563038304849237
2666 0.7287447824491664
2667 0.03490342868521613
2668 2.26358413910614
2669 2.827812314124031
2670 3.3619573668021894
2671 5.100430981509231
2672 6.36193283842711
2673 7.411339533539147
2674 8.554857181826492
2675 10.940046123523423
2676 9.764934701681163
2677 8.508651377549397
2678 7.9904269823692955
2679 8.034962386228264
2680 7.199176057209208
2681 8.914608068410722
2682 4.403942822800389
2683 2.992454274123478
2684 0.4002941605993817
2685 0.0432242591043495
2686 0.009495601641195346
2687 4.847594553755137e-06
2688 0.9649978488146721
2689 0.5343150693802211
2690 0.0003049281399498401
2691 0.8563996856656335
2692 3.4377734286564823
2693 4.577772132239989
2694 7.5166910578677575
2695 9.237994287224403
2696 9.436099707316677
2697 9.841391799347816
2698 9.001642650672252
2699 9.513585362458707
2700 9.6743417466662
2701 13.605290019996888
2702 18.0293011535435
2703 18.949449872651858
2704 20.02246036914975
2705 20.878630719366388
2706 18.09237536551713
2707 15.003661466903651
2708 16.85611756805692
2709 14.361572365435327
2710 10.604052017652185
2711 6.182816660795705
2712 2.6995049344698394
2713 0.9334250095837735
2714 0.5153336317224597
2715 0.6717371666138459
2716 1.2918773551648381
2717 2.3058248252865083
2718 6.110525601812154
2719 6.6058901900161295
2720 5.773769929471834
2721 6.52481825291737
2722 10.271934077461212
2723 13.084772517715173
2724 9.835946979125435
2725 7.842722627689303
2726 4.183291201608964
2727 2.6552767224436624
2728 1.589384130130632
2729 0.3772715277879398
2730 0.14111540500578282
2731 0.15369965282645215
2732 1.750111753803617
2733 3.3418460658521845
2734 2.991965151873329
2735 3.6781233947766263
2736 4.369007849384112
2737 4.794951138094184
2738 5.032933883486942
2739 6.221787286331934
2740 7.742344892592433
2741 8.710459305240338
2742 7.5374157080148505
2743 8.534576825970882
2744 4.833633638473415
2745 3.76991655645698
2746 2.420174041530524
2747 1.209779409029027
2748 0.10813685266344514
2749 0.02160624808499889
2750 0.000428535633322132
2751 0.010998836107441344
2752 1.2137902905591509
2753 0.7069308804563088
2754 0.060439607003064014
2755 0.40936683050812683
2756 2.9362341319109038
2757 3.379869017224471
2758 4.853682504560226
2759 7.155137254825487
2760 9.704753936375532
2761 8.196196222635171
2762 7.044950615475783
2763 6.987587211318267
2764 9.016039386309508
2765 11.797308503956492
2766 12.719850731856624
2767 13.12051204628916
2768 15.658279998315225
2769 19.06640199655244
2770 15.205385501489838
2771 11.095732627261432
2772 12.601515727780626
2773 13.137966902529278
2774 9.91466343524779
2775 5.526862944957625
2776 2.113829797889566
2777 0.49514274312698653
2778 0.5527565033162317
2779 0.7413625785920102
2780 1.3482754300119701
2781 2.47784330017915
2782 4.083838244770561
2783 7.511303743923206
2784 7.028311739982012
2785 7.903289084636454
2786 14.4700436786948
2787 17.764453422402365
2788 12.356458508338406
2789 6.352397574190995
2790 3.878554493653323
2791 3.843111308925023
2792 2.039682300255867
2793 0.24859448056914946
2794 0.0019047327075340345
2795 0.2988937597672934
2796 0.9944321150229082
2797 2.119044430931549
2798 2.389082836936076
2799 3.190082562838328
2800 2.5641376573885606
2801 2.9630997104899555
2802 3.2788214354720884
2803 3.961025514010114
2804 3.780196988598489
2805 3.7761905440009724
2806 5.2501425466416505
2807 7.1167286157183804
2808 4.365842801813571
2809 2.4478393470049027
2810 1.911467768774027
2811 1.1126849842758588
2812 0.15885072534298317
2813 0.06862877116893093
2814 0.005032686653986259
2815 0.0251421719347605
2816 0.6958522872306444
2817 0.7926234174444812
2818 0.18052752595111804
2819 0.2842628791486006
2820 1.9579800185969545
2821 3.373097400991603
2822 3.008788668861471
2823 3.459499302217707
2824 5.002058256953125
2825 4.752273355884527
2826 3.9688214778891076
2827 4.316600345271457
2828 7.699862202686075
2829 10.276285904208262
2830 12.341237546038446
2831 12.274268206209516
2832 15.60476050032217
2833 18.294826129643685
2834 14.805085218079256
2835 12.636516919088038
2836 12.192154469188027
2837 9.809032632441761
2838 6.757916065148295
2839 3.582496094599475
2840 2.2493877083079066
2841 0.7630541482282122
2842 1.0591164509539919
2843 2.3940027247228026
2844 2.17105519415635
2845 3.739549578352716
2846 5.684090353020503
2847 9.122604364559704
2848 10.961901530406024
2849 12.339224593670394
2850 15.133473883208389
2851 15.008358333995282
2852 12.758818163528574
2853 5.090015003346315
2854 1.6140201089179347
2855 1.6705631682986382
2856 1.2849369664564745
2857 0.03575173977631918
2858 0.051368017963276925
2859 0.04738770116390022
2860 0.4053890538670505
2861 0.9321443570425073
2862 1.0412350131422883
2863 1.4319005538411205
2864 1.7595148025719993
2865 3.260066162191259
2866 1.9167895945941666
2867 2.0538238030022837
2868 2.945795966977015
2869 2.224750734508426
2870 3.7950118956530834
2871 4.44704543745885
2872 3.9952662398174956
2873 3.3130717316078635
2874 2.137741109514174
2875 1.3922190615608596
2876 0.5679773627162163
2877 0.3363482824306217
2878 0.0894729147397121
2879 0.07326689796766814
2880 0.39863201430204814
2881 0.4778370790584099
2882 0.00979617932476048
2883 0.2585315186454805
2884 1.9584743398466578
2885 2.5619506859611048
2886 2.1665850595441043
2887 2.19672727644566
2888 2.9723548471025394
2889 2.5608663813336006
2890 2.327906093703659
2891 3.273469747389069
2892 6.196287189069426
2893 6.985365852349575
2894 9.657424356426525
2895 11.461603463027307
2896 15.275738777408051
2897 17.96069921903614
2898 15.389449633841828
2899 14.33862140243288
2900 12.321518151769487
2901 9.428508881502541
2902 5.371618048744578
2903 3.562606173455862
2904 1.383092253147711
2905 0.6704476303244359
2906 2.1933492115825968
2907 2.4847889331259077
2908 4.549835544685477
2909 6.8825030793807835
2910 7.7491210963222885
2911 9.430389866258757
2912 9.947403699393664
2913 12.494492530379159
2914 11.698465275556897
2915 6.804983593541252
2916 9.297306493606778
2917 2.791300427993287
2918 0.5451698709518124
2919 0.9587224548055273
2920 0.8100065311679805
2921 0.05414775942160903
2922 0.20337143564746074
2923 0.0064231281320234505
2924 0.0018401343784704642
2925 0.014806824640860325
2926 0.14381346213872367
2927 0.5754144800784117
2928 0.7072242680180888
2929 1.6919251682675482
2930 1.438888043436996
2931 2.2302943513631
2932 2.9749119114672307
2933 3.025628813500624
2934 5.721891374450853
2935 6.4012201349597815
2936 3.9602358708528835
2937 4.312433805406862
2938 2.6531231084945173
2939 1.458508090830155
2940 0.7949315762429201
2941 0.46580189879219946
2942 0.17166639734676933
2943 0.20258710119889306
2944 0.011591783547052007
2945 0.022912543454487653
2946 0.000579774337393323
2947 0.09752606947004382
2948 1.2419244619116927
2949 1.6057586768771777
2950 1.2361780044145292
2951 1.90512357128468
2952 1.9960717679374202
2953 1.6422314046162132
2954 2.7272870828895215
2955 2.817200901524045
2956 5.001517147730869
2957 6.4205536342988205
2958 8.762593860490673
2959 10.83511705369136
2960 10.456056628070785
2961 15.206499220553978
2962 14.58514804357255
2963 14.443718504409569
2964 10.519442396018817
2965 7.849779980620229
2966 7.036121532212396
2967 3.981908776134413
2968 2.470519488468354
2969 2.1712926272906206
2970 1.8380105650262253
2971 2.703434894346421
2972 5.918839230940245
2973 7.051053866246674
2974 5.301120805192318
2975 6.884340001831954
2976 7.972327909594895
2977 11.90807929725534
2978 9.342312423477885
2979 6.009234883478332
2980 4.152941415526992
2981 3.7616524326948513
2982 2.272083957473374
2983 1.277674743433596
2984 0.05960556166842834
2985 0.1548918065140747
2986 0.09065291961392666
2987 0.057536838334756486
2988 0.12591598170130658
2989 0.08169301539455659
2990 0.15727276298780202
2991 0.12732187171887047
2992 0.36825272953705557
2993 1.705798524125643
2994 1.807068883706768
2995 3.5381125674096423
2996 6.295078414808841
2997 6.572768221311836
2998 6.245257664662065
2999 8.592986430287063
3000 8.056210710544748
3001 4.729068898980272
3002 3.5626972038209543
3003 1.5147288438213973
3004 1.3887991073791586
3005 0.7672761710861544
3006 0.6694018339597534
3007 0.6271507133693514
3008 0.020038820396514775
3009 0.0049834252624365045
3010 0.0010756838296658445
3011 0.34953720566359836
3012 0.7636950833551283
3013 0.7794310220634673
3014 0.5956527130145128
3015 1.130287803482223
3016 1.2672198254883442
3017 1.6432731466139523
3018 1.8007237649619066
3019 1.9365148633697393
3020 4.791157602810029
3021 7.243720980487681
3022 6.797453680823072
3023 6.815976159230185
3024 7.415313075529983
3025 8.57606827231618
3026 8.148253506633644
3027 8.090356227379004
3028 4.967611801259272
3029 3.779855599051153
3030 4.360140951466897
3031 2.349240744795223
3032 2.1704405641028495
3033 0.5705636174366834
3034 0.3754548478066779
3035 1.5827731641305591
3036 3.3427899542723916
3037 3.3813149540705
3038 2.520327420694374
3039 4.178192704490014
3040 5.681769187566234
3041 10.211583411461126
3042 8.810410373190559
3043 5.310634880833025
3044 2.9785145456399036
3045 3.407521161454413
3046 1.1317972097173568
3047 0.23353051630183178
3048 0.12253869237226465
3049 0.023552874798045062
3050 0.08736962826666272
3051 0.00016709359838296104
3052 0.1265476543386368
3053 0.28664533117326724
3054 0.9709932451821358
3055 0.9208009693918691
3056 1.4054550108187875
3057 2.90206596442888
3058 3.8220841769708707
3059 6.469318729787168
3060 5.799490464355167
3061 8.571750610220178
3062 6.932893977687717
3063 8.455014091524914
3064 8.568157196942062
3065 7.090451278649218
3066 3.092666398736861
3067 3.4624754684342114
3068 1.9962147217454103
3069 1.5713976887404921
3070 1.9726187483158908
3071 0.7939662391729753
3072 0.048463199860065115
3073 0.0003005349347891395
3074 0.00871629103835635
3075 0.4058158072669472
3076 0.9168376319797847
3077 0.4766189269549205
3078 0.31721894509670284
3079 0.9453359193047807
3080 1.5267082426801335
3081 2.916394672465191
3082 2.3709435348709285
3083 4.451580243053513
3084 6.101034942984555
3085 5.219132830276003
3086 4.4472225093136775
3087 4.092909349501585
3088 4.242209966607394
3089 4.291889333585081
3090 3.938396831093133
3091 2.296492456949329
3092 1.2695939935412275
3093 1.1012798605690877
3094 2.150589762788813
3095 1.6366167870345412
3096 1.170640609671311
3097 0.0561372540148357
3098 0.13177423572695834
3099 0.27060484726743517
3100 0.435699151427565
3101 0.4113809743784091
3102 0.221088596209872
3103 0.3675967460279799
3104 1.739133076503076
3105 3.0038595167138293
3106 2.7090338079310667
3107 1.3414400011204362
3108 1.0964976915148965
3109 0.16794789214288522
3110 0.08275902183355074
3111 0.0423258083204937
3112 0.044457725370648835
3113 0.015660889889290465
3114 5.108694205693557e-06
3115 0.01961181414462817
3116 0.0550029218637058
3117 0.36645022859386933
3118 0.40439223514907946
3119 1.614825907209008
3120 3.119801272422522
3121 3.7923056228944656
3122 5.816397107728116
3123 8.555332327401626
3124 7.446075496867334
3125 10.910463022135813
3126 7.389399425251466
3127 8.173625960003232
3128 6.234524734271366
3129 6.468799520081907
3130 4.206643819998623
3131 3.1612185420772585
3132 2.4483311629260105
3133 1.0731305356449699
3134 1.5550465269624325
3135 0.932107187439862
3136 0.001858112217121982
3137 0.011599720223065369
3138 0.00796267208908254
3139 0.4153965897278687
3140 0.4718307490695653
3141 0.3367262540008654
3142 0.471857503626454
3143 0.9773800731982363
3144 2.0272951441112763
3145 2.6696869516058124
3146 3.4999035329639723
3147 5.069007093119109
3148 3.4139818137408455
3149 2.7085625592403453
3150 2.3165050931892903
3151 2.2089265598442487
3152 1.8222161930297256
3153 3.3408668179879752
3154 2.6148430215590204
3155 1.6044716572308515
3156 0.7826594101790367
3157 0.9578215270857974
3158 1.716887942288555
3159 2.1222300933856744
3160 0.9118444688369645
3161 0.4023326919380478
3162 0.23710381420077956
3163 0.2787697734302681
3164 0.10166320402416337
3165 0.5979144498070316
3166 0.3653142240505899
3167 0.3633044055970797
3168 1.1859895338654423
3169 1.5473840212025847
3170 1.0453119913771063
3171 0.304752968707871
3172 0.00045092362469230894
3173 0.11675858949431546
3174 0.15071094798970477
3175 0.5961011366954208
3176 0.8307093557467036
3177 0.7960308123382428
3178 0.32939237360808676
3179 0.3703180853712817
3180 0.2915953841804907
3181 0.6401609297565173
3182 0.4195650889288669
3183 1.1493653245467554
3184 1.3936197137018704
3185 1.3511059148402411
3186 2.9235258681494933
3187 6.162314125427793
3188 6.343796909894023
3189 9.618252697730115
3190 6.792016702783122
3191 7.86255461667006
3192 4.8531226657949995
3193 4.675885554364317
3194 4.404715602549263
3195 2.152899452521561
3196 1.3320280194325032
3197 0.708230475630338
3198 1.0031062094399934
3199 0.8850024552101479
3200 0.014729303774376243
3201 0.029161241412565257
3202 0.007191983220777696
3203 0.12635540098388295
3204 0.04579500116804469
3205 0.5024166574248323
3206 1.0314553097000347
3207 0.9982262970224878
3208 1.862862772762358
3209 3.8274675855209592
3210 3.75686286005765
3211 2.9312845231662354
3212 2.02231283382027
3213 1.582619613669972
3214 1.139776645145142
3215 0.27397259727064044
3216 0.049567684602870664
3217 0.3140576439539272
3218 0.4051932559353789
3219 0.14837566560253101
3220 0.02046480432032606
3221 0.33579715204192473
3222 1.425623321865374
3223 1.4604855208340017
3224 1.2991150438155241
3225 0.9738686576504086
3226 0.3877103984284074
3227 0.4379191530486547
3228 0.7862893665399968
3229 0.5163732910505818
3230 0.6053098221555478
3231 0.10946405228176705
3232 0.08157722409234344
3233 0.2677610305297892
3234 0.10596000962773712
3235 0.0310297812401121
3236 0.11322652264063027
3237 0.8344105596688901
3238 1.5158065065856805
3239 1.617763623344935
3240 0.9954341382025903
3241 0.612015804429406
3242 0.15330217525517867
3243 0.27462252145794036
3244 0.7333725185168104
3245 0.44671911473335096
3246 0.6395401397405998
3247 0.7732421768811971
3248 0.6377628429537604
3249 0.3665737399488011
3250 1.3601586047904808
3251 2.802784954169648
3252 3.1690539156202506
3253 5.29658314512998
3254 5.964344485082565
3255 5.029371885636161
3256 4.17557162115341
3257 4.149541970153648
3258 2.863368287371212
3259 2.91845281070198
3260 1.3063900114481783
3261 1.2371648699377498
3262 0.8885376220501365
3263 1.0611649925203879
3264 0.0059198419745433994
3265 0.011924965138659628
3266 0.11390673104515477
3267 0.06322821969045739
3268 0.1021856636009969
3269 0.6329736524091072
3270 0.9127005454221022
3271 1.5111171786455606
3272 3.1322349533359115
3273 5.774970527326983
3274 3.3827566915233516
3275 2.6279875023826462
3276 1.4513936307006157
3277 0.5246943338817032
3278 0.3280999406608778
3279 0.034662975398777274
3280 0.02714908176308129
3281 0.11126521204020011
3282 0.19357641348738466
3283 0.2528989635889073
3284 0.15956279730707412
3285 0.12223825016738263
3286 0.24570763957226252
3287 0.6260335963490664
3288 0.7185703013687995
3289 0.23153663206048195
3290 0.12471305060671486
3291 0.4599701957708229
3292 0.32546478746637053
3293 0.3630292460425831
3294 0.4131219206012743
3295 0.18472892359570534
3296 0.2784758957760168
3297 0.18728307631803676
3298 0.08736135047124988
3299 0.0028757691122002493
3300 0.3256691160568388
3301 1.2762663255534104
3302 0.8454067899568438
3303 0.943281540287408
3304 0.5413843558636969
3305 0.5243113821368515
3306 0.013085153086916799
3307 0.011276480283031153
3308 0.043178554602700474
3309 0.015646819651375425
3310 0.011637318642960694
3311 0.026217147821161885
3312 0.017627659429262296
3313 0.01732210235278498
3314 0.42281592364583404
3315 1.351127822551603
3316 1.9456763530795818
3317 4.1244388124246365
3318 5.86569497206969
3319 5.624779170170418
3320 5.7894449982424865
3321 3.8971524588735864
3322 2.665189413413788
3323 2.311301478158179
3324 3.1420707634659077
3325 1.7854663448491428
3326 1.1904109216364758
3327 0.8611583610161182
3328 2.1070244968187292e-05
3329 0.11434061773009356
3330 0.2832914360096156
3331 0.11026974500963396
3332 0.09976553316351872
3333 0.4276513644165346
3334 0.8170301385956213
3335 2.1211729333987055
3336 4.434117829521097
3337 3.18643925764734
3338 2.4159425049628735
3339 2.3838962087903237
3340 0.8154346295287767
3341 0.18948430026296542
3342 0.06890166325507042
3343 0.04002095951036311
3344 0.2736203157800133
3345 0.48927705408252636
3346 0.9153510444569112
3347 1.0470646068160798
3348 0.49317127890575224
3349 0.09553575232087108
3350 0.06718508418072784
3351 0.048891390368195994
3352 0.5783683976398429
3353 0.34892042669155754
3354 0.18605422457937815
3355 0.30586902884048006
3356 0.13363644708738123
3357 0.4629945150780643
3358 0.3370645862003693
3359 0.29978459748683944
3360 0.08967619520953476
3361 0.1513493163398088
3362 0.31409588446988407
3363 0.3256625303319797
3364 0.00014424030041811423
3365 0.12904518164431156
3366 0.06841380046150934
3367 0.08847553127801638
3368 0.3626001786121803
3369 0.52390109725261
3370 0.47206171317528334
3371 0.37443018713357124
3372 0.20031889395027722
3373 0.011715880651436325
3374 0.1512505948125769
3375 0.0027717495970837106
3376 0.02943677134661701
3377 0.006025029645930924
3378 0.28006806590665073
3379 0.7482590725041294
3380 1.4035152100750363
3381 2.756222582367721
3382 3.501216927332256
3383 4.6928818136049335
3384 5.86030338638608
3385 3.595999063220363
3386 2.8407945413088247
3387 1.1355228580877343
3388 2.187825073202645
3389 2.6311945529056255
3390 3.17548226973672
3391 1.0412994101696993
3392 0.008917439895858296
3393 0.12938443570049785
3394 0.27642927103699516
3395 0.21450662233026757
3396 0.0010116366027099588
3397 0.12421407305976703
3398 0.5646813975417192
3399 1.8201981041345718
3400 1.5447189730570363
3401 0.8869000642558197
3402 0.8876502236741889
3403 0.8454523080832946
3404 0.7226065405926332
3405 0.05639954707957373
3406 0.038752834580068105
3407 0.4808216624705552
3408 0.8428927029560374
3409 1.1488159237488467
3410 1.6792601153300972
3411 1.0326648583871318
3412 0.38657587381784425
3413 0.41027606878699113
3414 0.3204682463583869
3415 0.0046844640471521365
3416 0.3963984534931126
3417 0.30569238141169625
3418 0.13473244748162222
3419 0.09179004288062982
3420 0.45303340582805546
3421 0.21399280394778475
3422 0.15167821584348332
3423 0.046432852583681794
3424 0.005919974505717726
3425 0.23576883645224597
3426 0.6037252268090547
3427 0.42813351730163046
3428 0.05293408899450198
3429 0.011815615186382397
3430 0.10043072490100054
3431 0.07315345984227387
3432 0.22266429980116179
3433 0.01335226435376153
3434 0.11588719993947992
3435 0.34125999442360355
3436 0.13812485945437938
3437 0.0010134485252494157
3438 0.0053489878442431965
3439 0.014045117650346921
3440 0.00021741753291500688
3441 0.10110171081605675
3442 1.3641370867795348
3443 1.100713446694256
3444 1.7401654790079846
3445 3.281830030775347
3446 3.594229534732312
3447 3.6255617973328658
3448 4.487976365781231
3449 3.6391202709401247
3450 4.003612732429028
3451 3.4699870646022224
3452 2.7671579165925513
3453 4.208804889104289
3454 4.689085273214044
3455 1.8615952814689871
3456 0.0988419134230734
3457 0.1962745007438023
3458 0.1034016408901352
3459 0.398765593182463
3460 0.06124242460019526
3461 0.0006342157290272449
3462 1.248695319807189
3463 1.5638308052822263
3464 0.5564734703019009
3465 0.24073120260896094
3466 0.376434585358211
3467 0.3866459466062229
3468 0.2734103108266595
3469 0.0082308395698243
3470 0.22813411376737114
3471 1.3506220114610727
3472 1.1716335474809725
3473 1.32672441284017
3474 1.9274647709695387
3475 1.023103989980755
3476 0.3460488025050991
3477 0.1052875211302337
3478 0.3631291346301689
3479 0.0985573631829284
3480 0.2370938998167195
3481 0.37697371416573205
3482 0.5888126892984162
3483 0.6318727600821544
3484 0.4404668260147161
3485 0.09963644636967725
3486 0.12654900299319372
3487 0.052207846709389154
3488 0.00012426143887100117
3489 7.130703620013135e-06
3490 0.28940707203932314
3491 0.3789715854335756
3492 0.5023120822199459
3493 0.6064004027613769
3494 0.5244304629354123
3495 0.49965502741998363
3496 0.36540504885291325
3497 0.6112005905396948
3498 0.6420163490563618
3499 0.08974072887649037
3500 0.01531973560592312
3501 0.009033460991232619
3502 0.003333430693186993
3503 0.1849828398442282
3504 0.6276577127292234
3505 0.6989681369633612
3506 2.0498555391621065
3507 2.4777316821802513
3508 3.922595157294368
3509 5.032949903311372
3510 4.094562628803735
3511 5.971721914648693
3512 5.245343869488984
3513 5.276979173688163
3514 4.2036607059193605
3515 4.036364339648811
3516 2.3166796557132088
3517 3.3760699686758504
3518 4.713042368299808
3519 2.6309197238616937
3520 0.3966513375668548
3521 0.2903107830477031
3522 0.485123850958624
3523 0.6938942879988528
3524 0.3122133867506051
3525 0.29612274807840033
3526 1.3999972299700425
3527 0.5300549757423301
3528 0.08577669275000434
3529 0.02449008303759914
3530 0.15645126233512413
3531 0.03664661962978396
3532 0.027943479147127883
3533 0.015294050118164494
3534 0.08791537313565238
3535 1.3051812035969812
3536 2.566497189723193
3537 2.512192309412413
3538 1.9788506037093285
3539 1.5787052145695037
3540 0.5348083117457537
3541 0.4345909880654614
3542 0.2253332878306154
3543 0.00012342248230206478
3544 0.01708876705815774
3545 0.01100394834818877
3546 0.1787883701715426
3547 0.3471131472706074
3548 0.46371758172734173
3549 0.4557758461718801
3550 0.26116283253958655
3551 0.05001847773776621
3552 0.00014735750321248376
3553 0.02170855812110228
3554 0.2472130354122041
3555 0.37454454615866317
3556 1.149112682009947
3557 1.840780538359745
3558 1.964087879029845
3559 0.7183241842149403
3560 0.3289649322382402
3561 0.48913411972543785
3562 0.5248036250648551
3563 0.20312959841854045
3564 8.627249395265596e-05
3565 0.0032711738448649628
3566 0.0377515275606009
3567 0.29172114002253213
3568 0.6726920606503073
3569 0.9351324543176246
3570 2.7119945565995445
3571 2.859520383599184
3572 4.093831898374635
3573 6.570887676066389
3574 4.473716694236041
3575 3.651920775295468
3576 2.689866913057255
3577 5.270572936996247
3578 3.9048179906114924
3579 3.4237211590168095
3580 2.3132016375858746
3581 2.167027077890554
3582 3.469336119200777
3583 1.803047403187978
3584 0.22598368252506987
3585 0.4383171099663907
3586 0.701630545282452
3587 0.8361060190768641
3588 0.12046238693636917
3589 0.2786872443598885
3590 0.7791419144086162
3591 0.21210230451604917
3592 0.04572566097081003
3593 0.0021564962155115153
3594 9.343274683275949e-05
3595 0.010439434719057132
3596 0.010607596010910738
3597 0.11583799852136463
3598 0.12102717226533775
3599 0.5092044964085879
3600 1.3621051246716653
3601 1.8388437968409082
3602 1.9664325134860803
3603 2.1277712020136024
3604 1.2636828188567708
3605 0.6691424515538674
3606 0.6916658901341248
3607 0.35565868401408396
3608 0.14414260989775757
3609 0.09853054153785429
3610 0.2399576219951266
3611 0.686888981691701
3612 1.2176595319788188
3613 0.8587508069376576
3614 0.2641941557880296
3615 0.0889363045207301
3616 3.382686393998727e-05
3617 0.03998145540301274
3618 0.17312307170073224
3619 0.5462530467427661
3620 0.6345956666229817
3621 1.5926039054946084
3622 2.208555888354398
3623 1.8723942925723858
3624 1.4302381656149497
3625 1.069761594664397
3626 0.8214496106417238
3627 0.36887984653894207
3628 0.15858955385640197
3629 0.005758362840085241
3630 0.1427806192971911
3631 0.7460496413032008
3632 1.2757611978737065
3633 2.4981123234477702
3634 4.993300945221252
3635 3.308193039883858
3636 5.5625345621455065
3637 7.205041686500031
3638 3.5212121234842155
3639 2.1669739165475463
3640 2.1919559800802038
3641 2.754649028079577
3642 5.131120760558064
3643 2.9034137842646786
3644 2.720056927338902
3645 2.2596813652432823
3646 1.397756793880625
3647 0.9440910867241585
3648 0.3517848087997163
3649 0.6917913876852444
3650 0.2318731171608583
3651 0.3255305222163711
3652 0.002171306482814431
3653 0.6058751975343426
3654 0.6966696271527578
3655 0.04013948698889758
3656 0.000358075508890548
3657 0.12932150512911197
3658 0.30477235940677166
3659 0.2541521791627346
3660 0.0002827068932134082
3661 0.04144225679096159
3662 0.02102792302041167
3663 0.09482115616636498
3664 0.699621081056988
3665 1.2566675529928744
3666 1.6847579507671038
3667 2.267310466344634
3668 1.1582039974439993
3669 1.017996699468023
3670 0.9888819301393532
3671 0.18181357171596724
3672 0.009140379158713073
3673 0.7778198004121454
3674 1.1949998472919763
3675 0.9327375883075292
3676 1.0200053609164685
3677 0.5228845240761273
3678 0.2579895840787946
3679 0.10756705429483736
3680 0.007705626029283969
3681 0.004171467040786355
3682 0.4131927548868142
3683 0.789081598766532
3684 1.885749275608898
3685 2.8087697339163857
3686 2.4389053877846627
3687 3.204463666539203
3688 2.4229602573666345
3689 2.7232394524629386
3690 1.3791316887484528
3691 0.5896696132396348
3692 0.17220441460515387
3693 0.00434864106214929
3694 0.184505746614061
3695 1.3092108571559573
3696 1.6605509928970712
3697 2.402541866337944
3698 4.008616524347147
3699 2.9909592085523196
3700 3.4945284165886177
3701 2.58952456646626
3702 1.823013170223825
3703 2.2730316031655016
3704 1.8855811782959013
3705 2.517706262986516
3706 4.06132479246729
3707 4.639169262022258
3708 3.3158888348301336
3709 2.7544001392871977
3710 1.9967758544605703
3711 1.3195477399062003
3712 0.19644860581349294
3713 0.4230970372226686
3714 0.12590596659177133
3715 0.35408848101691465
3716 1.0578293694601661
3717 1.1985670036416618
3718 0.532934800609519
3719 0.33772390686366155
3720 0.014823652166946326
3721 0.01764915759714645
3722 0.00339132625777089
3723 0.0920838777644533
3724 0.03897014671622808
3725 0.0012470144239706854
3726 0.009948063980560667
3727 0.0030781212292781543
3728 0.00742522331185732
3729 0.00232312269157336
3730 0.34005029306147744
3731 0.8639923617892591
3732 0.4961510065405031
3733 0.20823824521873002
3734 0.2909185522364212
3735 0.0734548691853599
3736 0.020530142420031296
3737 0.5891411432195675
3738 1.0760973528612128
3739 0.6282186567568301
3740 0.7112790636170123
3741 0.3021658174627126
3742 0.4030011054041411
3743 0.0223675308346727
3744 0.030555939602194132
3745 0.023023789325298066
3746 0.10469098728701384
3747 0.5244050145207655
3748 1.0564114158491458
3749 1.3436103981720442
3750 1.6674535283666165
3751 3.00001029935249
3752 2.347639553003572
3753 1.2838457595879316
3754 0.5286344873622052
3755 0.08120888678570759
3756 0.010586368567022315
3757 0.04909004579740471
3758 0.10493827374842357
3759 0.7463863333322541
3760 1.1407751348391044
3761 1.677891847894755
3762 3.699764275718206
3763 3.8636001268296774
3764 2.6800124953768187
3765 2.5051371547800834
3766 2.048893341908776
3767 2.2051483616740235
3768 2.377891831132991
3769 2.3149169735416666
3770 2.534473169435711
3771 4.231382402980844
3772 3.590586989616278
3773 2.702438660314954
3774 3.0290248730371294
3775 1.3068232199055323
3776 0.08466089706556316
3777 0.06707882343258754
3778 0.002861294169741069
3779 0.6761202065584543
3780 1.9517130313033584
3781 3.0946724875968874
3782 2.2057362678237133
3783 1.258055221539959
3784 0.35465795420262747
3785 0.029889884745473546
3786 0.084727097255976
3787 0.011396746671077531
3788 0.0005079621637491795
3789 0.042720464614129525
3790 0.04940657322140163
3791 0.2635528277227376
3792 0.00024169593436168996
3793 0.01178033487174999
3794 0.3429210788911572
3795 0.8785621586580066
3796 1.9128917918190425
3797 0.5191030583547396
3798 0.7014559756148699
3799 0.39393659248900614
3800 0.08025613646958092
3801 0.18421765212927602
3802 0.7179560154558174
3803 0.09560712775709747
3804 0.15342219412744837
3805 0.11890194592579816
3806 0.19720477927909988
3807 1.4889005545108428e-06
3808 0.25728839376196017
3809 0.19019100705863717
3810 0.02571689036731455
3811 0.05354707697139778
3812 0.4414351317090861
3813 0.884980176192136
3814 1.1046780498829367
3815 1.031115128738565
3816 0.6566096423853466
3817 0.2683490273260587
3818 0.20012861789035438
3819 0.013104339174244977
3820 0.19329183105705858
3821 0.1427269394740801
3822 0.2641124701018238
3823 0.4860792803587408
3824 0.12536583764801443
3825 0.809354350381831
3826 1.5747364550633727
3827 2.345768357882069
3828 2.480503237561724
3829 3.455667359429516
3830 2.7262035331023635
3831 1.7666600822299081
3832 2.1954116992134605
3833 2.2031352371548696
3834 3.857382449328915
3835 4.367240607337143
3836 4.802397444696396
3837 4.062204872244185
3838 4.032366112147479
3839 2.2118958171201597
3840 0.1355906233369381
3841 0.12067212935385173
3842 0.0010788706335094005
3843 0.6380868935224601
3844 1.16375781550902
3845 2.338318445064548
3846 3.0258384386349637
3847 2.7288084082155786
3848 1.3153481775600693
3849 0.6567751634343301
3850 0.12479859093968626
3851 0.04164823890132321
3852 0.04520934187008604
3853 0.21403460766053356
3854 0.8475552361716892
3855 0.28239842803892967
3856 0.38138876348026346
3857 0.5262164699884788
3858 0.7037774572269259
3859 2.1376720449359836
3860 1.188100965682533
3861 0.299602569913967
3862 0.25184521585398384
3863 0.1133475754754881
3864 0.014262164386505322
3865 0.08748241988368022
3866 0.39113149467900177
3867 0.20293294358722738
3868 0.1721107021887248
3869 0.055744903399955414
3870 0.12022739821715873
3871 0.07083569972539855
3872 0.0033591228291808516
3873 0.010242956263632618
3874 0.06646921923540751
3875 0.12960177289360306
3876 0.22172980398144307
3877 0.39106593112632976
3878 0.3207977848839675
3879 0.8092063323349526
3880 0.2611021585602137
3881 0.4464099711278003
3882 0.51482214506795
3883 0.2834130244494157
3884 0.014878903126480865
3885 0.1112292880829012
3886 0.1636788977516515
3887 0.11793430273954551
3888 0.002344905962736172
3889 0.08145850017869054
3890 0.914580491220638
3891 2.2232186880138407
3892 3.5656147498341677
3893 2.6041586602967572
3894 1.3828153216977574
3895 0.8284259594698162
3896 0.9786084680760954
3897 1.1893768149029975
3898 2.3230916182458605
3899 3.6545096730822966
3900 3.855834405955785
3901 2.682273395152763
3902 3.1206117444615766
3903 2.012582432191926
3904 0.2616757120573098
3905 0.15348109083701184
3906 0.014703301318363043
3907 0.5740682522486364
3908 0.3896628027766122
3909 0.8086712580257363
3910 2.242103905538085
3911 3.0296386698372983
3912 3.230987609972161
3913 1.9837670149132431
3914 0.7612139065995572
3915 0.14741371230842218
3916 0.07801389988241117
3917 0.7432851714635385
3918 0.9179988300122129
3919 1.183260499438971
3920 1.278330670725338
3921 2.2194186604805
3922 0.8162863182266613
3923 0.9884135103141757
3924 1.0602488081152257
3925 0.22265411574737734
3926 0.07451220627650752
3927 0.05470675597478309
3928 0.004460272690439619
3929 0.08330683835905996
3930 0.787246542920535
3931 1.0256919202421106
3932 0.6316445680593309
3933 0.3546257232331531
3934 0.3887595621732169
3935 0.08653657380145109
3936 0.0034768391478302964
3937 0.12050286800791028
3938 0.46683953806764156
3939 0.6393503419017318
3940 0.7076100449309486
3941 0.4978760631821308
3942 0.29228206457410527
3943 0.24778514782442673
3944 0.2042542439471495
3945 0.11495019316021288
3946 0.3941877170498195
3947 0.26508043940224646
3948 0.006199906144404483
3949 0.0009548222249985065
3950 0.01107196865989826
3951 0.05623150497100379
3952 0.02298601471557118
3953 0.23127491522160357
3954 0.7748438421541447
3955 1.880505797526603
3956 1.8556433946307898
3957 1.5791498981270509
3958 1.671438295721251
3959 0.9243414289750839
3960 0.6391899707006987
3961 0.8570084670015362
3962 1.522294509186441
3963 2.1977310391813223
3964 2.7727610898549178
3965 3.406380404752849
3966 3.3774746103636173
3967 3.4843008075072053
3968 1.3275032632793655
3969 0.7532099997882625
3970 0.023518994122669987
3971 0.07623799441875571
3972 0.47986837309100266
3973 0.5342258730167124
3974 0.5279728799053203
3975 0.8320730270950276
3976 1.1914321017887095
3977 0.7579634123093452
3978 0.15221583898647068
3979 0.006759544973728102
3980 0.4359424708475342
3981 0.976222399925043
3982 1.3061065295611054
3983 1.2158536762948289
3984 1.0257371796745176
3985 1.0211042275173907
3986 0.6362489273830525
3987 0.3802409029839453
3988 0.11685808701726055
3989 0.001289575529246148
3990 0.002652268276085345
3991 0.0009683257622646259
3992 8.657255690431743e-05
3993 0.13024576245779496
3994 0.8863641849161755
3995 0.9926188541264855
3996 1.008682186885564
3997 0.8023897981947035
3998 0.5022076299291739
3999 0.2317287524268425
4000 0.6311560868532524
4001 0.7543247055901509
4002 1.5293084661181964
4003 0.9685236338208816
4004 0.39401326546333754
4005 0.5063905885803566
4006 0.3515385706116559
4007 0.36724672000344644
4008 0.33264887417104844
4009 0.30840983049530113
4010 0.1306825138594325
4011 0.27423305418613303
4012 0.1090393059859715
4013 0.08299511396995793
4014 0.0024679214283248973
4015 0.056654014970597584
4016 0.3867141834864138
4017 0.8381894359374537
4018 1.774978122179211
4019 2.6241209559434253
4020 1.4227935418744533
4021 1.6417846426127254
4022 1.3835639073254131
4023 1.3162365828938298
4024 0.9753064551294197
4025 1.411867547876123
4026 1.0037634685356598
4027 1.7653866107985698
4028 2.9412357028261082
4029 3.5339357895090835
4030 3.6692317782040127
4031 3.3106110323979228
4032 1.8202622158416164
4033 1.5086560164159375
4034 0.5120996403186339
4035 0.011604206039228423
4036 0.012931345976293728
4037 0.07090455756856189
4038 0.02395209837739104
4039 0.027284333193091908
4040 0.06579190497339314
4041 0.000874822165885184
4042 0.0002408362334586131
4043 0.09013053810903096
4044 0.46622706294673405
4045 0.21481671972074606
4046 0.13987103040122845
4047 0.1206151170297829
4048 0.03922845375709961
4049 0.045625222341577364
4050 0.18227397535649284
4051 0.13183033946630215
4052 0.08952432888469142
4053 0.030954743701150568
4054 0.0007557869998458912
4055 0.011917707675124152
4056 0.01502804263301469
4057 0.1125667313445544
4058 0.4014926664069135
4059 1.040951046199624
4060 0.2570566987356275
4061 0.2416758113784516
4062 0.4329952475501357
4063 0.5299823992164953
4064 0.9932427331671458
4065 1.2096523854653471
4066 1.126331823043323
4067 0.4436050475673639
4068 0.15391243626886064
4069 0.4567123772829955
4070 0.5420391147912307
4071 0.675797631940855
4072 0.3815405279596011
4073 0.3489439617546278
4074 0.18787320314119793
4075 0.14434027451376555
4076 0.06167063374179385
4077 0.021840906227326252
4078 0.2004168385139732
4079 0.11309119926403403
4080 0.650919381988746
4081 1.7114521993001799
4082 2.4352309728897934
4083 3.9396199714571494
4084 2.179938364730369
4085 2.649458164774579
4086 1.9356626964519452
4087 1.9183576465202437
4088 1.7694756165027068
4089 1.359693874400519
4090 1.2470909624976987
4091 1.5369319838309543
4092 1.8952148389803942
4093 1.7591339263750678
4094 1.3595218753711529
4095 1.245353322278912
