 0
0 3.480974868651849
1 2.737825956802491
2 2.4274635948710785
3 2.9944418390670045
4 4.094999792665144
5 2.2977125595111554
6 1.4543163564166393
7 1.009492324871782
8 1.4977013393810876
9 1.9503473447736512
10 1.7797360847920691
11 2.101916414462267
12 1.7399767557264787
13 1.6516906330975718
14 1.6350582761601993
15 1.6943893679217246
16 1.2273029992846822
17 0.3831653500326325
18 0.46897551682973815
19 0.6016117300751387
20 0.9722711800013633
21 0.32261830017866294
22 0.008650659217259903
23 0.15154685856351197
24 0.137619259465158
25 0.017379175424068853
26 0.03846259171769695
27 0.03169931813875512
28 1.3064230440592148
29 2.5236995211713293
30 2.3568863045405184
31 3.0071824555916984
32 2.802666160668105
33 3.307306700708514
34 3.3719966187353183
35 2.0107480365706634
36 1.8405709275975422
37 2.015387927636446
38 2.096713700079148
39 2.1667663252502747
40 1.5119926112639246
41 1.0645499335466995
42 0.7960497090713778
43 0.48373433032913715
44 0.4794611983552961
45 0.2322151951181464
46 0.49082006947276885
47 0.5786502150584151
48 0.3029188976785409
49 0.27822923225963586
50 0.6044629216727715
51 0.6024663207074376
52 0.580528625914252
53 0.7364760534473319
54 0.3729183862255814
55 0.021191498446767196
56 0.004835364261541561
57 0.04932380334637517
58 0.1381795907037098
59 0.23581353211651804
60 0.0518850046853281
61 0.2339185790682173
62 0.19038299790600752
63 0.22669607450263554
64 2.5324589315710075
65 2.0485715776526843
66 1.754112915440288
67 1.9070149140674455
68 1.9849524692651244
69 0.773261412574467
70 0.3126456258963614
71 0.2883360091087393
72 0.5522564649092034
73 0.8399961385759598
74 0.392319560717635
75 0.4718584828406476
76 0.9096009073715635
77 1.570336602369831
78 1.7731071284305617
79 2.036659790278585
80 0.9286571946430473
81 0.6328573508383143
82 0.9327754808764889
83 0.9771954622406301
84 0.6765287670657921
85 0.1235705084666455
86 0.09079935624221444
87 0.3249609338799994
88 0.07140780556309127
89 0.10071521921722691
90 0.34924079715146766
91 0.7213047238854003
92 2.3603771635806057
93 2.6984233256974712
94 2.6520704572007303
95 3.1372156782751572
96 3.967859581409087
97 3.7307111328604594
98 3.2448480997334803
99 2.1661536446527703
100 2.7802737054292757
101 2.713354398892513
102 2.3839207805776232
103 2.0462351922768676
104 1.1540145229345056
105 0.8341840741824659
106 0.4211313480921757
107 0.3547848433873669
108 0.2303085508645483
109 0.061607886430784416
110 0.30329526551956754
111 0.11431638023826851
112 0.060532957364315694
113 0.013097189244956177
114 0.09494647420862459
115 0.34868848201678804
116 0.2708213830205144
117 0.3975923302428024
118 0.20722333982746619
119 0.11361818769540258
120 0.08230664133689879
121 0.18974983063319995
122 0.14528753328280475
123 0.25063818520458947
124 0.06469846263843539
125 0.1611620493881183
126 0.13482185729461757
127 0.12769611944010117
128 1.5517976610167654
129 0.8455480472949398
130 0.9611436336345808
131 0.8595982239227241
132 1.0924461435282256
133 0.4396998939256897
134 0.023844177315723022
135 0.0035687409947444356
136 0.025719824995731295
137 0.22005071672684468
138 0.02000329538564722
139 0.12039673208389846
140 0.2390011686933137
141 0.3957268494425733
142 0.4696130131186706
143 0.752073032782331
144 0.6501327578058834
145 0.9029877189958005
146 1.1856032602979898
147 0.8425767398075293
148 0.3477010658084878
149 0.01927798361510717
150 0.1146038560942108
151 0.4662961906022897
152 0.39901625472179175
153 0.32657779038070645
154 0.40724344872376894
155 0.9068805925979173
156 2.1140311826682274
157 2.6041348002762694
158 3.483924930471336
159 4.904206689878246
160 5.3897537158928674
161 4.357618246743311
162 3.832809178610775
163 2.945189643903856
164 3.6633363117422673
165 2.666347313913455
166 2.7349872058985043
167 2.4619812350616646
168 1.0892014613568808
169 0.824929658897636
170 0.41095064817435223
171 0.43459872113270304
172 0.12505400062252459
173 0.004240037842056316
174 0.05679851414024229
175 0.037098477183054285
176 0.021595818595849022
177 0.0021246357469591887
178 0.04448020906901305
179 0.3394400684557088
180 0.5719888373037454
181 0.2019357444812829
182 0.06458708402505195
183 0.3549749103544611
184 0.3307056961784985
185 0.3882151618295607
186 0.22029791493439532
187 0.05631458968013301
188 0.005798180789704754
189 0.09119415315443821
190 0.16094879897658496
191 0.08345375052481487
192 1.2269728413321488
193 0.22181005329128312
194 0.5114702399658536
195 0.16469043166852282
196 0.08007381330773422
197 0.8895853817585496
198 0.2845439616815909
199 0.11038458050406572
200 0.0660332942407027
201 0.1727586439190466
202 0.06553815104034848
203 0.4147621752055359
204 0.4689387011941552
205 0.9088635164893223
206 0.8193952824619357
207 0.8721958513320404
208 0.7492621111637411
209 0.8786003176365027
210 0.7014866325850393
211 0.19165863260612012
212 0.23981425182906901
213 0.011125623296709854
214 0.49788510871181285
215 0.855265020387875
216 0.7672771603291759
217 0.8933347423688849
218 1.096360988363404
219 0.8639232112874873
220 1.5490918015632515
221 1.810347935857596
222 3.4128376613210905
223 6.096195840038315
224 7.192849741500281
225 3.7085026511829615
226 3.149776232767963
227 3.427638305705921
228 2.157326327573579
229 2.613361542130276
230 3.038575546705806
231 2.773326778503108
232 1.5181833083402654
233 1.1585441162353847
234 1.2285246944266657
235 1.0354336262522275
236 0.5654212862460153
237 0.07883996613377679
238 0.0897974170039974
239 0.058079682869847306
240 0.08293221572821295
241 0.021782034005376615
242 0.005502654767704323
243 0.1961685403911807
244 0.1464350936440614
245 0.04790578381305367
246 0.154016708601657
247 0.5956485857278172
248 0.8162891860224204
249 0.576155072674376
250 0.2010629595806292
251 0.013194171835022696
252 0.03422939499319253
253 0.263839222101954
254 0.3810686849239667
255 0.6536131600955553
256 0.5986999980089005
257 0.010360489696106624
258 0.007861677844753586
259 0.03167771323601132
260 0.006510713658346411
261 0.7329846399325786
262 1.1098383482052148
263 1.2596174749992506
264 2.291635107855361
265 2.4640088090029444
266 2.1574519560354974
267 2.3936981555733134
268 2.2007467794418702
269 2.040748488737338
270 1.3973092482254619
271 1.295783450105896
272 0.9506487686007625
273 0.570569922924317
274 0.5906432493589732
275 0.2687579589984343
276 2.4008189760693578e-06
277 0.441093578960053
278 0.9964497427871757
279 1.3674639364385224
280 1.1823855013634006
281 2.0831434672574978
282 1.8039451167455405
283 1.3921693246394617
284 2.2197191683152147
285 2.79446279292344
286 3.0964761590664596
287 4.833849468391025
288 6.224193568501773
289 3.8051845701597404
290 2.4111566135716407
291 2.3995938841618827
292 2.222618321190001
293 3.824326048488298
294 3.4839117826539736
295 4.049049785925793
296 3.70480917763944
297 2.8526880234381773
298 1.781382480767369
299 1.65864046447487
300 0.731119956024129
301 0.4803267384230269
302 0.16945383832188873
303 0.11301175429052164
304 0.11842112591920596
305 0.04879475677580101
306 0.018148318775074487
307 0.17227101582538737
308 0.07195419264528692
309 9.019926773094553e-06
310 0.1560648646179233
311 0.3553835186008434
312 0.7341197504110494
313 0.8098249117740655
314 0.24446597167524173
315 0.28762103898765984
316 0.8120125837123279
317 0.8752393824770179
318 1.0087896991749643
319 1.2592012756516855
320 0.593937528634806
321 0.31002713494301803
322 0.00028425430943861054
323 0.12962739946673466
324 0.03893148580709337
325 1.2144452151314642
326 1.747679333146483
327 3.018080923353424
328 3.5305902341853854
329 5.252887287235091
330 5.792141796781992
331 4.587517101998571
332 3.1521874481003453
333 4.095568684119389
334 3.6368859005671634
335 2.753433547866639
336 1.7449387326615429
337 0.8375069719323179
338 0.41114619261596946
339 0.5826090498032507
340 0.5914236258562152
341 0.13334431359776477
342 0.8588388210177549
343 1.8490727139347387
344 2.127097512563556
345 2.079097744231745
346 1.2541888501367275
347 2.8636724043045017
348 4.174048489974437
349 3.5569335724315065
350 2.3012285904600556
351 2.4369749933047236
352 2.6515525562398055
353 3.3483873424644983
354 2.423878669219549
355 2.180218141601178
356 2.4416700481527402
357 3.8016443291030817
358 4.428396079658071
359 5.963988523635368
360 7.546937601092205
361 4.909808398091023
362 2.647786536770702
363 1.7767132730300625
364 1.7399679271827477
365 1.0309349454327421
366 0.5613290803220871
367 0.31090372167974667
368 0.5196174219453202
369 0.2722897363402614
370 0.12618680042837332
371 0.07278518403990651
372 0.05995958616189772
373 0.006331306662877199
374 0.18393818309076923
375 0.40051143964150665
376 0.3190756819685254
377 0.6247206717049153
378 0.5135731788241685
379 0.48557662484149217
380 0.593176648241427
381 1.0041490665534558
382 1.5659540304723298
383 1.2884713096745561
384 0.8302527814128748
385 0.9176787165336647
386 0.24371259408177717
387 0.012774411134650525
388 0.02715111930136717
389 0.6538461226501542
390 2.902545563812187
391 3.7260777241071104
392 4.66746405465122
393 5.401785495937531
394 5.644729953232164
395 5.810704539211351
396 4.119131813611842
397 5.194377023300294
398 4.004888041656473
399 2.74126202759146
400 1.9597999736178922
401 1.0017884467575315
402 0.3595631625479725
403 0.044339521573033926
404 0.0853446585521597
405 0.20466475589309147
406 0.7560811087314712
407 2.0666898518994468
408 1.4644806468788274
409 1.0524734800366695
410 1.2744708030737137
411 2.347527325644702
412 4.837210743789649
413 4.244840432252834
414 2.7413162784788745
415 1.831145837989943
416 1.5925473273838213
417 2.1709428258955112
418 1.5597440787343988
419 1.4845475124850616
420 2.4955298506455166
421 2.520298902180016
422 3.221998257246389
423 4.210457084579982
424 5.244072773930083
425 4.440222715399231
426 3.30172727817162
427 2.1189973786809637
428 1.3924646257385285
429 1.35918755783155
430 0.8151998172594774
431 1.2684646137262598
432 0.9922549361885747
433 0.5396718705696418
434 0.15039606235727146
435 0.06721294165223361
436 0.06633496297872299
437 0.25369515952434724
438 0.2609351544992124
439 0.3713176910954061
440 0.37983467663217885
441 0.19832081419741632
442 0.47050846795061113
443 0.8090906459412821
444 0.5745730965802157
445 0.6594974909551933
446 0.6272677695270612
447 0.8867307844041957
448 0.9022899542513096
449 0.8436666653870126
450 1.083999957337848
451 0.22287989659440377
452 0.012457864893447143
453 0.11647819913974121
454 0.9731026594342211
455 2.692970578770386
456 3.315276890972986
457 3.814237993812605
458 3.521657871670632
459 3.8925178798835813
460 2.474213704968375
461 2.548442106697711
462 2.7291107487510433
463 2.513175455824757
464 3.2778534540692785
465 1.9834890868759079
466 0.40244093917336604
467 0.0010362697258526473
468 0.6547803701116586
469 0.472487362599647
470 0.35906907349471673
471 0.9272953379706161
472 0.984571749679851
473 0.9597073099856722
474 1.3407655482587404
475 1.8115306125396975
476 2.4148802728072813
477 2.6121200096629313
478 1.6195831486749048
479 1.2903382082921375
480 0.660926847763495
481 0.37590800859923035
482 0.09305001542651618
483 0.3280954128168616
484 0.9305978752029894
485 2.00452920753569
486 2.3478083868936044
487 1.9488520335464887
488 1.6361224617606123
489 1.2487792820430994
490 1.4715829603855717
491 0.7066830008608362
492 0.6746617129082586
493 0.2715696390613617
494 0.649569871152522
495 1.0831624363759622
496 1.5176859602450021
497 0.5082167479065037
498 0.26863758078715394
499 0.1836961422652274
500 0.0015749918952340496
501 0.651039277562519
502 0.5477359343926803
503 0.42456467131255915
504 0.10502936606070755
505 0.09912065456823042
506 0.0531263699561117
507 0.2191293470228556
508 0.7742441224988562
509 0.930955717197039
510 0.3781129371636916
511 0.49174213864387434
512 0.9915153681888831
513 1.2947901448905152
514 1.5013776052744519
515 1.4597503010041137
516 0.08008222347836151
517 0.027003111921539123
518 0.18555583067671363
519 0.8397095681787142
520 1.850875413219537
521 1.6586715809294732
522 1.04096761505982
523 1.4080583112298009
524 1.2132324286389875
525 1.1928658144777777
526 2.02046448546812
527 2.7610850668432523
528 2.2866983251389357
529 1.4952227968577825
530 0.6855918031345041
531 0.026173291693303596
532 0.3536678574575793
533 0.2848794756619074
534 0.23320499302114728
535 0.16907510689945707
536 0.33597702750226716
537 1.2605042851675115
538 1.2327793242674694
539 0.5819824337234739
540 1.4039194640377106
541 2.1748663356615716
542 0.883086182811133
543 0.2757406799060094
544 0.10169531800355869
545 0.04958459514776071
546 0.09335470276240358
547 0.46209917823079116
548 1.0179172516418615
549 1.1694032782667518
550 0.7507108655584356
551 0.5775161117386155
552 1.2872590656736247
553 0.7696764696258629
554 0.7278539808122526
555 0.14600040684439286
556 0.09971084298051254
557 0.0979675470258759
558 0.22642100814513516
559 0.8852559762258024
560 1.823161602153509
561 0.5628278955311233
562 0.4099742573627144
563 0.48797596263113985
564 0.15665397408819037
565 0.5819937767271499
566 0.5345179345985731
567 0.16936762965406618
568 0.012735752078312707
569 5.2050128062652975e-05
570 0.019128413929283022
571 0.08729741992017946
572 0.7030038394566664
573 0.716122138041494
574 0.36216972862700325
575 0.21334643967595707
576 0.7619397173262704
577 1.203767374278277
578 1.9361798328593192
579 2.319551909442763
580 0.8955299475602185
581 0.09889380046118232
582 0.05784361442316179
583 0.11886184259422396
584 0.21721610511389763
585 0.0462147956456938
586 0.06213043567233526
587 0.336324710631363
588 0.3401083392010556
589 0.2870472668135227
590 0.9884616456574092
591 1.9044076520312272
592 1.7176105972092885
593 0.8512905100234798
594 0.09332797047537136
595 0.016568568281745504
596 0.08381283147913125
597 0.001947773656563532
598 0.07205336253465965
599 0.35288103817997407
600 0.12345336240795406
601 0.2365170380664554
602 0.5819996220459885
603 0.43158169373125344
604 0.9282951681873048
605 1.9424739623536726
606 1.837919750277336
607 0.7794360884804088
608 0.4100510437478023
609 0.3536843134407032
610 0.027864673236117483
611 0.06639241158229658
612 0.2195023821741945
613 0.1833189684048164
614 0.32225158566338236
615 0.6451680255299496
616 0.5183550120413775
617 0.291669233195383
618 0.20882616369402623
619 0.02756181505064635
620 0.06626589676366684
621 0.04519404023735744
622 0.32467760084397435
623 0.9320179858629292
624 1.0222322411965254
625 0.4804144755431751
626 0.16559893533789732
627 0.22637933236379476
628 0.09422503853981143
629 0.7551748142857613
630 0.5856485662269556
631 0.04610998764251721
632 0.028611365054617928
633 1.296881495395635e-05
634 0.06292062453247955
635 0.21704021250556915
636 0.280258055501887
637 0.39864911272759374
638 0.43621778015839074
639 0.1400688334602817
640 0.8261481127023165
641 1.1435817468821576
642 1.9182861304124061
643 2.042908648808305
644 0.8428123177294842
645 0.05653333417671399
646 0.8698585880246364
647 0.5808793771488796
648 0.3409544656571652
649 0.34695240667171595
650 0.25687116371286195
651 0.04220284304683329
652 0.008003168348727462
653 0.000625542647534174
654 0.19266416361246358
655 1.3337832131458418
656 0.9679817327305119
657 0.734536559378625
658 0.10347239309382711
659 0.0471437460732111
660 0.015065320513316752
661 0.064663356384209
662 0.4332454394355576
663 0.41528046345716507
664 0.13804424935597373
665 0.07107661387633835
666 0.6075365557534969
667 0.06165609909488621
668 1.716193721015695
669 2.789578416683024
670 1.7199947789549088
671 0.38473440507135037
672 0.25259302795371247
673 0.044961470700552286
674 0.039783928073507405
675 0.001497065815466813
676 0.12456285480562047
677 0.16346731079669977
678 0.3497864120388887
679 0.6776505968162431
680 0.4628239784684625
681 0.7357767016401751
682 0.3926665710480643
683 0.13351413669040504
684 0.17134324125511952
685 0.04710610562374445
686 0.2503023954308787
687 0.43812840393198765
688 0.24084994568030857
689 0.2935787050917242
690 0.0007735400180388466
691 0.0028624068915222623
692 0.05438537202339898
693 0.015108589031483988
694 0.1859083644049959
695 0.26236348193609
696 0.0067799161789365075
697 0.06521621722494536
698 0.05639421411237709
699 0.1590678590617555
700 0.5344139848857615
701 0.3687247970303096
702 0.22002689734960068
703 0.009059041493850308
704 1.4946221152957957
705 1.5315599410258525
706 2.2729093093277806
707 2.531112790956431
708 1.311746183173819
709 0.033116846008772786
710 0.2679503692624463
711 0.8924670735868884
712 2.5156313044671785
713 2.8690975163312533
714 1.6696924189514335
715 0.9615235788696443
716 0.39433117451430255
717 0.15792184462471112
718 0.00022247103204047094
719 0.35616416111609367
720 0.47501227688447456
721 0.4347971966831458
722 0.049054105065103694
723 0.007128062343758396
724 0.025281331944197488
725 0.031538507157196305
726 0.6027270176925956
727 0.6579132535149559
728 0.4910599186949928
729 0.010499531735543847
730 0.24889072723099784
731 0.06607887434262037
732 1.9862307721275276
733 2.669894269659012
734 1.293809659532959
735 0.3484367340444574
736 0.15815146168524577
737 0.09163353247751206
738 0.5338759629040652
739 0.23270780534495958
740 0.2304138839427968
741 0.7515848612041096
742 0.7859036637065806
743 0.7157768027456888
744 0.20564848794524446
745 0.10715957916610093
746 0.12686506688595203
747 0.15705878603618237
748 0.0729092496132887
749 0.044020201118305596
750 0.31556697449398546
751 0.06886582547115888
752 0.061070065252431256
753 0.1412383095346332
754 0.1900966900815834
755 0.18587101676576442
756 0.13850664417883782
757 3.4590575933995555e-05
758 0.012576957033269867
759 0.43979551113132015
760 0.031068374600924608
761 0.26369396963941255
762 0.0554897792599638
763 0.007412889537759448
764 0.05398614290351563
765 0.0819940552129012
766 0.05629381059883365
767 0.001241446860125486
768 1.703005523185971
769 1.8003610885086325
770 2.858157195261682
771 3.2579288143169296
772 1.2081272589892058
773 0.01713013277569601
774 0.2562276317127071
775 1.0578828938301088
776 3.6552827752019748
777 4.5122244650631975
778 3.5396601582114
779 1.6391648124772769
780 1.052976485103709
781 0.7240549383821485
782 0.19809574385896805
783 0.022073658515430052
784 0.023958743658129354
785 0.13084412809086804
786 0.08594687828709897
787 0.05890527863807979
788 0.1879861032524608
789 0.41287516539660984
790 1.264274194374035
791 0.9857175944342416
792 0.47098092775508954
793 0.15466652655303426
794 0.12290541301272001
795 0.2727621574496933
796 0.03765061670913917
797 0.517975141255692
798 0.06020838354236747
799 0.12812452086205714
800 0.16520987955856056
801 0.04863784900424691
802 0.20853476989984912
803 0.1193435751857797
804 0.2204768114677646
805 0.3173322797144416
806 0.09385048860908497
807 0.13704615882454177
808 0.011854235817291767
809 0.0007197452322850764
810 0.0039042477640099825
811 0.12437059203847517
812 0.12339623547365522
813 0.13537744464974746
814 0.45632470656960333
815 0.5095137145986735
816 0.42480152405854027
817 0.3406931831581092
818 0.4504485776265434
819 0.192898576559142
820 0.12977944215387233
821 0.02184594743702246
822 0.008864728432489803
823 0.33369294767505797
824 0.07840572842661236
825 0.3452059888121724
826 0.28827919906641375
827 0.10106161199170621
828 0.15187689850472183
829 0.13480558113321212
830 0.1292185205856874
831 0.29297737632792936
832 2.7249358235520895
833 1.689370649001962
834 2.1371435361757984
835 2.383528871568182
836 0.7803386888781797
837 0.0376616737234575
838 1.036762826208474
839 2.6789405859740336
840 6.175869687363923
841 8.27985682966526
842 6.925347502033826
843 4.98442235465622
844 2.9805188875273476
845 1.5911673627945124
846 0.6475135191023386
847 0.35478810487969503
848 0.00018031110662171602
849 0.11590853691321831
850 0.11231478775320762
851 0.0069010613268398755
852 0.42819852633781375
853 1.3723421949830692
854 2.6669913248313826
855 1.190322917096346
856 1.2522951307049142
857 0.27964436362555317
858 0.2203164512912136
859 0.5060012057598422
860 0.008170669784782219
861 0.03777070106842114
862 0.009731248808210217
863 0.11275722447695093
864 0.056096385387823744
865 0.2013101952852357
866 0.01283355421680043
867 0.015938516258252784
868 0.05190767055951552
869 0.01176820038873221
870 0.7626212359072376
871 0.5226231951496978
872 0.19919790238614762
873 0.045818315158875696
874 0.006934910273705745
875 0.06588250968124344
876 0.11077766223501638
877 0.5046633703536428
878 1.124658040441791
879 1.8273162714299342
880 1.6005633565467274
881 1.9863704235741304
882 1.0865464901036386
883 0.6262036005866931
884 0.8790563981982128
885 0.21583196344967093
886 0.7302970669587298
887 1.1173227545068043
888 0.537823651211642
889 0.5661014944339675
890 0.6486343462398309
891 0.5322871299953993
892 0.22917329201606013
893 0.5306921236305188
894 0.9542505068516961
895 1.100247136396398
896 1.8726596246147804
897 0.9690888366095043
898 0.8350068758427398
899 0.7951896397329546
900 0.44315290934112594
901 0.08725761320902331
902 1.7947036513424948
903 3.9175653822070347
904 5.205134549550613
905 8.121596623011268
906 9.360488486113562
907 6.630329192243946
908 5.021203267872403
909 4.250731768108759
910 2.769468134530364
911 1.3985209089256967
912 0.1755774310651305
913 0.0011446274362690936
914 0.0006061373202644948
915 0.030195942966476833
916 0.2952117643993667
917 1.0563107269462382
918 1.4633820595667597
919 0.7225061636801875
920 0.36049051367557955
921 0.11027725148618836
922 0.07462506430793911
923 0.204665614591445
924 0.08230214742169034
925 0.006515429050807486
926 0.01206366452707826
927 0.05695153013884721
928 0.13293014757539864
929 0.08112653327757197
930 0.01080563794500519
931 0.06399423094454394
932 0.019232517291185344
933 0.05343710483727985
934 1.8630606431297547
935 1.7894311402447232
936 1.784669025618614
937 1.8702093662474604
938 1.034740088145618
939 1.6667730582226792
940 1.949796325337448
941 2.7462855941933375
942 3.641314907567363
943 3.6293063330728232
944 4.588593424513935
945 5.2581448646013875
946 4.077408796297242
947 2.1165425376984417
948 1.8665223619738902
949 0.9172931780468855
950 1.2962498370551263
951 1.7773321801535693
952 2.744299544468511
953 2.2328216654703934
954 1.6297075822422808
955 1.4034958848710657
956 0.7525040596932928
957 1.3359700445299463
958 1.6887220212323446
959 1.1752523030950561
960 1.736531705178169
961 1.4359298851293751
962 0.5202794712814435
963 0.2814829853205086
964 0.09420480002618978
965 0.06754939425107938
966 1.779914743904755
967 3.5965371593963904
968 4.168410638747728
969 5.88246361259845
970 7.656823011823138
971 10.870612480683027
972 10.173053873369922
973 7.291914888803452
974 5.633175323925684
975 3.787679531921789
976 1.823188276985284
977 0.9084374694719405
978 0.2577844319366718
979 0.14310772669423324
980 7.427311457658142e-05
981 0.09871343162071966
982 0.3111740425032069
983 0.14003214624215765
984 0.08231767118330582
985 0.0312798371285942
986 0.23089261142631867
987 0.3245252517170678
988 0.1376137307441162
989 0.04038247989842884
990 0.000417753103870282
991 0.001970490068381829
992 0.039929642968166874
993 0.008649961839485902
994 0.3859857765121446
995 0.23926206206152487
996 0.5327056318369681
997 0.0002572248976310203
998 1.7330317355223341
999 3.8016830870335654
1000 3.1384825150469062
1001 1.8517151788102977
1002 1.7010225789631008
1003 2.7566934049759646
1004 2.7795467499743864
1005 3.994222881609127
1006 3.687043576588672
1007 2.40223137249555
1008 3.0391762580283634
1009 3.996578075703281
1010 2.6351548565070857
1011 2.017457179569351
1012 2.163137245095957
1013 2.009458918658628
1014 2.0696259082134967
1015 4.075800033063957
1016 5.179038618774414
1017 3.041926184089085
1018 2.0249981868127778
1019 1.7057170400641588
1020 1.2110557712937478
1021 1.9773991111078575
1022 1.629516154771478
1023 1.1143680261717939
1024 0.49184124397885687
1025 0.4482722979859103
1026 0.03989535164420974
1027 0.03290930679563433
1028 0.0868307291879566
1029 0.7191872739007227
1030 1.2245443144159915
1031 1.6410170992663196
1032 3.9682723338612846
1033 6.007081564677401
1034 7.210452448006427
1035 12.2513933924118
1036 13.22644603505973
1037 9.331775430864177
1038 7.713594403440943
1039 5.866810993633456
1040 4.54195553521592
1041 3.1891334061209142
1042 2.230004866805801
1043 1.0933207329677692
1044 0.25666106837777125
1045 0.09235022481731686
1046 0.003236122548950775
1047 0.018371072220904894
1048 0.01740224350301165
1049 0.006282291528610821
1050 0.04283425767493431
1051 0.056415153936155274
1052 0.005920060296276445
1053 0.006397054202202251
1054 0.06509934249966827
1055 0.09149649021534556
1056 0.031076551016863147
1057 0.35271062308045686
1058 1.4595206513188164
1059 1.4830880019545922
1060 1.7660971800850904
1061 0.42833608134995116
1062 0.3161485811708638
1063 2.2248313329864158
1064 3.3421844884683107
1065 2.3672917757798064
1066 3.1145273096890698
1067 2.7585101534671432
1068 2.7618051283122322
1069 4.8942957051811815
1070 4.204128606110154
1071 2.0920063986765585
1072 2.269950338019225
1073 2.4103119323993574
1074 1.5314915076825923
1075 1.9616901104476794
1076 1.8061386946199955
1077 3.3687326425645874
1078 4.045646142938527
1079 3.943684680215283
1080 3.698935414492175
1081 2.576277103153971
1082 2.1566930619246336
1083 2.0366524317689074
1084 1.4011123021109326
1085 1.585941528485013
1086 1.2272963161309587
1087 0.6188602143886597
1088 0.25130586154795254
1089 0.28921074423828075
1090 0.009954585355962314
1091 0.0058285820357948616
1092 0.6081010169797153
1093 1.8140097164975009
1094 1.6361773134090642
1095 1.1626881758013106
1096 2.749744214103781
1097 8.668822047205337
1098 9.964830078755165
1099 10.165423987300516
1100 15.36767548979039
1101 15.89642269561368
1102 12.177054439525563
1103 9.776783885861642
1104 9.000528998306539
1105 7.960004510265979
1106 4.609955532820512
1107 3.0131017201794585
1108 2.106312499671692
1109 0.9053591083086826
1110 0.5771273663980617
1111 0.8186108473287115
1112 0.4954180756911386
1113 0.5259606879428083
1114 0.5505917007165879
1115 0.209848344138649
1116 0.05374412546439309
1117 0.04931929226414109
1118 0.13253733126287667
1119 0.39139756178269886
1120 0.1188628886316299
1121 0.43205497161991546
1122 1.9662742904803763
1123 6.165784263764202
1124 8.263748895856518
1125 2.1510147636635466
1126 0.0006479681216200557
1127 0.28181456169103447
1128 1.0100802610149557
1129 2.298152962311328
1130 4.6443749742136005
1131 3.9248738463079453
1132 3.248750402697387
1133 3.924011021825669
1134 2.886836181067966
1135 2.719377207838477
1136 2.556888242824122
1137 3.0224647917514567
1138 3.597819715203513
1139 4.125929247032127
1140 4.507392554989035
1141 4.081715974847835
1142 4.2651321612852975
1143 2.933111350437083
1144 1.9740095053558593
1145 2.0104574549943206
1146 2.4362762866115513
1147 1.449508238594565
1148 1.9734691314450727
1149 0.9500271933942535
1150 0.21328894559645542
1151 0.20302718026089187
1152 0.28391667268502413
1153 0.2856125923177891
1154 0.11606071630373915
1155 0.004055147168073771
1156 0.39277143902868517
1157 1.740264046065167
1158 3.2123886392915844
1159 3.6621874944636574
1160 4.017132442890699
1161 6.6045873830643895
1162 10.494478291499876
1163 12.371057330644016
1164 14.846381547353248
1165 17.02276027535629
1166 17.698210588807186
1167 15.105584991305737
1168 15.843102542613595
1169 11.858329711061094
1170 9.276052894803817
1171 8.096034489385401
1172 8.361908920296969
1173 4.745210470326151
1174 1.783964410343561
1175 1.950479110741289
1176 1.5129252239964766
1177 1.077827349793933
1178 1.6102973561400142
1179 1.1571623317509159
1180 0.9122609800652715
1181 0.2838794420522625
1182 0.6259346943977271
1183 1.1158657967258379
1184 1.810138955213133
1185 2.272453410658263
1186 3.9634970058981462
1187 8.273877991873846
1188 11.406206203946338
1189 6.907120933079231
1190 0.13569902886952023
1191 0.21855322289660026
1192 0.4916044190985157
1193 1.356900661408179
1194 2.065426665140252
1195 3.1663370711537207
1196 2.4738627347405746
1197 2.5404467839560154
1198 2.685643401906966
1199 2.836640505683412
1200 2.803268746880596
1201 3.644549747804997
1202 4.059923130703005
1203 5.874380140099072
1204 7.771130947392957
1205 7.485550457196388
1206 5.066326991032683
1207 3.9464784386051672
1208 2.253528948130334
1209 1.3945695287945798
1210 1.5102404233825688
1211 1.4307391470737059
1212 1.203646783900749
1213 0.1759679504402137
1214 0.12073658734177374
1215 0.06945586528960424
1216 0.38170911042506
1217 0.32854466863920934
1218 0.1651909684134339
1219 0.00021076533650384624
1220 0.9394113722004235
1221 1.9519689082242917
1222 4.610679605410926
1223 7.316955657401781
1224 7.83578351071943
1225 7.601490815743528
1226 10.147677935583694
1227 13.135974061595235
1228 15.813446871326313
1229 16.241741805181935
1230 18.802298381933582
1231 19.84664955290009
1232 18.08424548708607
1233 17.095619532888172
1234 15.357854650185839
1235 12.5621925946193
1236 11.23339719413826
1237 5.726651647221675
1238 3.965959100710721
1239 2.4422481211701865
1240 2.5553180147111996
1241 1.0423869630447127
1242 1.1308398349558104
1243 0.7046140554854586
1244 1.7593840371803462
1245 1.9522038326500373
1246 0.8362565125716271
1247 0.7782796413480548
1248 4.764498076802293
1249 7.288888588146971
1250 11.408126430549146
1251 13.126370528018713
1252 10.642418644538548
1253 6.322950610319362
1254 2.492437085609355
1255 0.15285930866922387
1256 0.1219466127778305
1257 0.7028155732516048
1258 1.703402895407529
1259 4.330229737256054
1260 3.525937364158057
1261 2.756710473122792
1262 3.577289460938577
1263 4.835010815170695
1264 4.583550529010813
1265 6.432300458397468
1266 7.643872413881599
1267 8.958456786158992
1268 9.024590140442012
1269 9.558282833528267
1270 7.5240833028480605
1271 6.248023272447265
1272 4.859303697464349
1273 2.2623924324894324
1274 2.2068560250758473
1275 1.6842218727048897
1276 1.2437383165899123
1277 0.17954756297674535
1278 0.037507382733417645
1279 0.005697350201468521
1280 0.06088771332805838
1281 0.032048045656799036
1282 0.0006375227970880557
1283 0.11863579301470338
1284 1.527604247124314
1285 3.1878504230941602
1286 6.576014449071081
1287 10.34185115408753
1288 10.223697329333476
1289 7.82495347205171
1290 7.155082357462436
1291 9.543823814096513
1292 12.761511993572514
1293 14.200451075174692
1294 17.781040704301567
1295 21.411537088023035
1296 24.200266081069937
1297 24.29963878499533
1298 19.913189595136362
1299 13.764848831042707
1300 10.206247633223516
1301 6.975697381065196
1302 5.423374194174803
1303 3.345432130798662
1304 1.6197209131105585
1305 0.5991895550816029
1306 0.43065961334982905
1307 0.25906371713568643
1308 1.0997538194829082
1309 1.2802224368292137
1310 0.5836724289518598
1311 1.5513887989523123
1312 6.445963466907744
1313 11.065632118223089
1314 18.86671154850033
1315 20.64614054161327
1316 18.630790709433647
1317 9.146023796571011
1318 6.402663777362962
1319 1.004208409875861
1320 0.08310010551221002
1321 0.3748414937955522
1322 0.8363950677448028
1323 2.569577083646531
1324 2.6047265046264143
1325 2.2064825243804247
1326 4.36149087327197
1327 5.009529710216799
1328 7.033245407200836
1329 7.347696821658513
1330 7.732994532659202
1331 9.26516447945076
1332 8.281000275135609
1333 12.170999007493698
1334 9.69031965667878
1335 6.223497896831356
1336 5.213926195452164
1337 4.702582837655442
1338 3.8300070641138566
1339 2.686316530788455
1340 1.9139842472716018
1341 0.4113173902640834
1342 0.006105640295577098
1343 0.0001221059913602656
1344 0.039911673497707086
1345 0.019301466426481336
1346 0.021790208424578593
1347 0.4249081020695914
1348 2.750325989465513
1349 4.947294250731091
1350 8.117442608346371
1351 11.480638576788532
1352 11.219558856385266
1353 7.89647420856341
1354 9.636003438554823
1355 9.97766555592084
1356 14.773842498497629
1357 19.98547528226435
1358 22.51244894653459
1359 24.558499509373263
1360 28.698098754478803
1361 29.69351387288572
1362 23.804263903928373
1363 16.80282488922481
1364 10.950180178286828
1365 9.342622801913034
1366 8.026551399611016
1367 4.925733180352056
1368 0.9743440553570424
1369 0.26189280386285785
1370 0.16551305712098335
1371 0.00542899310991031
1372 0.07773207401566415
1373 0.7054323018831605
1374 1.0080804295278682
1375 2.8311244117157015
1376 7.3725634603172026
1377 11.998953095195224
1378 18.413590349175095
1379 21.64283468050081
1380 14.87380050742471
1381 12.113901154748394
1382 9.480562094082043
1383 3.421259090983354
1384 0.8680324565696437
1385 0.0016622815483513648
1386 0.5757330325256907
1387 0.5239106459223296
1388 0.6278334494100374
1389 0.6740954564038346
1390 1.999816837708835
1391 3.7381591812487702
1392 5.11889688069352
1393 7.347636435106417
1394 6.811788209085441
1395 9.594605077785413
1396 6.511723365923804
1397 9.74850046427976
1398 11.56558764135312
1399 10.171337524857064
1400 5.081423700798983
1401 3.962402407234018
1402 2.5626804273526065
1403 4.017198390985601
1404 2.4783133447821166
1405 1.029812308407796
1406 0.1626382188946357
1407 0.01982914272291119
1408 0.011695638316157176
1409 0.024958084554627814
1410 0.1827797965354104
1411 1.216331216774457
1412 4.789324284600193
1413 6.88674822741742
1414 7.345734871820172
1415 12.527425824920975
1416 12.296309615496966
1417 10.259420102487377
1418 10.884215480423265
1419 11.691571266795856
1420 15.848531848030236
1421 26.365403086731796
1422 28.913213482622
1423 26.158426868660623
1424 25.360743213895102
1425 30.059565100490172
1426 25.1240135569467
1427 21.42448865784785
1428 14.575683579850129
1429 10.586617112038674
1430 6.86830864110394
1431 4.359215276691036
1432 1.549360751605019
1433 0.4625625916317897
1434 0.13198700773473024
1435 0.00949163659534398
1436 0.01752741221461907
1437 0.7362098554961425
1438 1.9223322383493022
1439 4.403921359751518
1440 8.805157685829613
1441 12.796109898246629
1442 15.149502968145786
1443 15.966026471424636
1444 9.192804139634802
1445 8.626609748039103
1446 7.995641092315419
1447 3.0120942654810055
1448 2.3160456762867296
1449 0.5317487521556545
1450 0.17962126088926011
1451 0.3359769069865863
1452 0.044421425022660325
1453 0.4007007867763882
1454 0.8668802642632024
1455 1.3373962699236437
1456 3.185348050236333
1457 5.653995676544316
1458 7.334763312823055
1459 8.036049929375421
1460 6.852816360671509
1461 7.539719591169896
1462 9.763041032086996
1463 9.181360587280269
1464 5.967048731885804
1465 3.7335542308857756
1466 2.2288014819993958
1467 1.4546954014541171
1468 1.478487519138981
1469 1.6662583941261815
1470 0.5241379780033887
1471 0.09685773249751087
1472 0.01591957796307901
1473 0.11737260980773767
1474 0.8101865048310578
1475 2.339775402607726
1476 6.315490943718879
1477 8.748007632786848
1478 9.743345439881034
1479 13.306990503458891
1480 13.21374736663778
1481 12.776905415799826
1482 12.142868362994564
1483 15.647526089853308
1484 20.297419158938798
1485 27.352748899103908
1486 36.027403074332994
1487 35.640249045981435
1488 29.44779686552205
1489 30.80992901055188
1490 21.876380415171287
1491 18.637723963573652
1492 12.379470049388242
1493 6.498114481379265
1494 4.811586970935383
1495 3.282133784129597
1496 1.6153660404539805
1497 1.9817085523540965
1498 1.2480032815602657
1499 0.3651017683730607
1500 0.02685322785929943
1501 0.6483794838418065
1502 1.874846351231088
1503 3.8457111436514233
1504 6.611674041521754
1505 9.253591486617921
1506 11.359781869232387
1507 10.189285133303512
1508 6.998472548705562
1509 7.90281547657769
1510 8.644005032876711
1511 5.0546952485525285
1512 2.8654749117805425
1513 2.0335587750283985
1514 0.188553068910532
1515 0.01746096597195063
1516 0.026447979412786527
1517 0.23561181084411542
1518 0.3827383224367373
1519 0.9439879635845166
1520 2.046801572009436
1521 3.116300871286809
1522 5.062885561317833
1523 7.81864965646251
1524 8.522691432763411
1525 6.375343652604591
1526 7.329688639297744
1527 7.372306411428018
1528 6.744389503550592
1529 4.975791964261851
1530 3.488574183184324
1531 3.0175830026570907
1532 1.6643267444093082
1533 0.9785809580549877
1534 0.8022373320593624
1535 0.8178998743881386
1536 0.12753734618141524
1537 0.22773074033124333
1538 1.1582547932906133
1539 3.115379341738954
1540 6.259721632283249
1541 8.426171279899602
1542 9.688859305501495
1543 11.930748011764782
1544 12.104680735476819
1545 12.192994433468751
1546 11.894304467056065
1547 17.853581276199165
1548 25.428651593011228
1549 32.90399237838774
1550 37.967937158367036
1551 39.00808344366559
1552 35.94227850815468
1553 34.77487769079781
1554 26.0951620085139
1555 19.968465957000998
1556 12.678094271714068
1557 8.156041297480272
1558 6.142735520113523
1559 3.4073414403765745
1560 1.4713909493819484
1561 1.2779256482494452
1562 1.4394801527644496
1563 0.7058558463100985
1564 0.03843850594671153
1565 0.12230888685062949
1566 1.4985973290879784
1567 1.9876019141478571
1568 3.831446092160034
1569 8.048256753980896
1570 8.561309367486068
1571 9.19289917301644
1572 10.838157003729622
1573 9.162033313669806
1574 6.724350471921072
1575 6.402089635556763
1576 3.647847908166075
1577 2.541695597524922
1578 1.2090267785051174
1579 0.14093545428399432
1580 0.04445893493953343
1581 0.03171117016061639
1582 0.1242796176853403
1583 0.36329917137561185
1584 0.8295464361088601
1585 2.025389556282353
1586 3.2503371517288886
1587 5.6632498120004096
1588 9.774678591805518
1589 8.617849789078692
1590 8.069054983171746
1591 6.325661822984948
1592 6.1151047651766754
1593 6.5441685204593645
1594 4.672579347484231
1595 2.79476773617459
1596 1.680529057558472
1597 1.3069752914128077
1598 0.7912245597394708
1599 1.0155502381536636
1600 0.26186787670374456
1601 0.43320612870667907
1602 1.4645572501099915
1603 4.374694155498118
1604 6.87315911993676
1605 9.145188221609311
1606 10.904234767531191
1607 11.565881610790269
1608 12.538914992138338
1609 12.78952296047312
1610 12.246905079916438
1611 16.508167270367736
1612 26.224922887959
1613 32.74836747512713
1614 43.978456525989074
1615 42.32950990377463
1616 31.625538177434017
1617 32.48867857874941
1618 28.24070912900139
1619 23.446482875731093
1620 16.35168906092705
1621 9.796664456495256
1622 7.260074058801602
1623 5.5158278122601105
1624 3.4563956831080818
1625 2.417676429737582
1626 2.163426577951246
1627 1.3647948523823163
1628 0.9027544758931336
1629 0.6820220027108376
1630 1.738415539164197
1631 2.781551515858572
1632 4.924890334457474
1633 6.8123624034530685
1634 6.484753259013998
1635 7.311467140122537
1636 9.943271637047195
1637 11.867305921946508
1638 10.012360439007125
1639 7.364283104519476
1640 3.7237499988681844
1641 2.431336638666216
1642 1.0186788850162851
1643 0.02147395087779056
1644 0.10542278059872622
1645 0.1850460145474267
1646 0.8954008103473252
1647 0.8051636013522319
1648 1.2984842737860292
1649 3.5761008160143843
1650 4.45221938512741
1651 6.764482765337633
1652 10.486113666831217
1653 10.733142424573144
1654 10.256725268867656
1655 7.6651578502251905
1656 6.033011353607432
1657 6.605944933136507
1658 4.9163107294550175
1659 4.93736300429384
1660 3.4541202792309744
1661 1.872550945142246
1662 2.213908127861358
1663 1.9564915682742872
1664 0.10743722055719768
1665 0.348619448782864
1666 1.9773823510974178
1667 4.275734282845431
1668 4.998842119156028
1669 8.986382862631983
1670 11.455371940518615
1671 11.425081848359852
1672 11.19712443682954
1673 11.101929339351097
1674 13.5323330543206
1675 17.30675614233708
1676 25.78838776748529
1677 34.24565281697016
1678 46.19076949241038
1679 42.963653431714896
1680 34.63036987761422
1681 36.14839054863864
1682 36.23675161107215
1683 26.69478310889792
1684 19.000914755932403
1685 13.09285089369916
1686 10.046259883833558
1687 9.979636636015396
1688 6.4196446334183355
1689 4.150848808749999
1690 2.8822925808885382
1691 2.4193769621713908
1692 2.480937749606538
1693 2.842551652663254
1694 2.568671184549272
1695 3.2516366729830377
1696 5.7642239524512044
1697 8.231981372105377
1698 7.934070164184696
1699 6.138771656427012
1700 6.537932576275077
1701 8.436788359840378
1702 10.374349994772876
1703 5.7297770360579445
1704 2.222100595404998
1705 1.169142654147055
1706 0.4640103692308082
1707 0.059383040675733134
1708 0.0027219571029239538
1709 0.5680982256121622
1710 0.8799515104146647
1711 0.9704407403771348
1712 2.3626743408693844
1713 4.71078205859489
1714 6.840670009922114
1715 9.548869868563001
1716 12.33667001415101
1717 12.704818268113803
1718 11.897100183122397
1719 7.701827576249119
1720 5.2495067989605255
1721 5.511901113713224
1722 5.630438495514848
1723 6.376054701332814
1724 4.9958829446065565
1725 3.2004790307627373
1726 2.649786665283486
1727 3.6583070282118992
1728 0.44374694561533334
1729 0.49473589344764063
1730 1.8805767616972702
1731 4.6375342559262345
1732 6.144804896586261
1733 8.184365075291414
1734 10.455132215002699
1735 11.38416579536749
1736 10.984309189792006
1737 11.376641590470607
1738 13.296493322494658
1739 16.39879241011335
1740 22.827307869349802
1741 31.985277760453922
1742 31.837190884994502
1743 35.074394813523014
1744 36.439432317695044
1745 38.24381145136978
1746 35.60434796583845
1747 28.409431946606944
1748 21.657258323335704
1749 15.763422875287452
1750 11.213879433819379
1751 9.21643707436948
1752 5.754794556399765
1753 4.838515769724658
1754 4.758323966967465
1755 5.4736482144697165
1756 4.528236329104892
1757 4.4856696084862175
1758 4.0447725654693025
1759 5.957081507009859
1760 8.340229691218875
1761 7.969155227361831
1762 6.752233090025189
1763 6.544288610474933
1764 5.740300559480791
1765 4.885532469009395
1766 5.11946945249472
1767 2.8977008308754386
1768 0.8076874198976844
1769 0.03686233241275715
1770 0.013076870616019061
1771 0.014423753024666848
1772 0.3111101779755297
1773 0.73629395576613
1774 1.0433456526410407
1775 1.377441822937506
1776 2.0395919488794054
1777 3.9640503480974174
1778 7.588522655988202
1779 9.982693698951094
1780 12.46770620346068
1781 11.601239334058583
1782 7.435275427223776
1783 5.774887482988496
1784 3.3647639169100887
1785 3.8721619254884407
1786 6.248259072409821
1787 7.5688534295443795
1788 8.610001897313976
1789 5.098640405621682
1790 3.3760353378144687
1791 3.4018912187172887
1792 1.0737994726844113
1793 1.3250147274541546
1794 2.377441796780264
1795 4.095094903216799
1796 4.987057714444551
1797 6.633124105198776
1798 9.623320966449102
1799 11.154427877235886
1800 12.314534061995587
1801 12.073490419369026
1802 13.033568698009475
1803 15.181670087081372
1804 21.793719065940532
1805 25.917384942917494
1806 25.000977154903676
1807 27.021251008775263
1808 37.22280643051821
1809 38.974418700001074
1810 32.792977177573384
1811 29.202243751845565
1812 23.60797408962268
1813 18.275498050343867
1814 10.366253718431363
1815 8.355281156370728
1816 7.720501031250483
1817 8.193251660469755
1818 6.867153137888638
1819 8.26910584331828
1820 6.232403282846096
1821 6.214879629444574
1822 6.541485599791601
1823 7.286608926088132
1824 10.51243946076427
1825 7.81835479397967
1826 6.230309580824045
1827 4.068574184343406
1828 4.356977259474074
1829 3.139611372484549
1830 1.5687109826195058
1831 0.475727121964754
1832 0.02935410938600261
1833 0.26959599514240856
1834 0.9227975386882967
1835 1.6270412804842118
1836 2.6091104290936444
1837 2.53529351316168
1838 2.1361883739789174
1839 2.051771591210947
1840 4.174244856712688
1841 4.952846247746243
1842 7.14003091976997
1843 8.773638217623786
1844 8.01466522713553
1845 7.341113563540407
1846 6.016615720951295
1847 3.614032767402243
1848 2.9428239063675834
1849 3.573580299861083
1850 6.173450180012236
1851 9.380555522983915
1852 10.155097539632463
1853 7.7611199191538445
1854 3.3491136533293853
1855 2.4889659830956012
1856 1.3166937934296945
1857 2.2439445308641965
1858 2.913243459742406
1859 4.001577799462878
1860 5.33789605356569
1861 6.500551039863905
1862 8.871374011622956
1863 11.63597823978992
1864 14.304297482116333
1865 14.36572386318866
1866 14.163690447555611
1867 17.61481096257397
1868 23.125970432490604
1869 26.803170831097496
1870 28.821766017373857
1871 31.05812592129139
1872 35.59565900739389
1873 32.66674862800748
1874 29.597573298139498
1875 27.664679671179574
1876 25.630187266352294
1877 17.875505676489514
1878 12.090237637980259
1879 11.70446819793735
1880 11.91837677212083
1881 10.361879806839074
1882 12.089321513528407
1883 11.899907448509866
1884 11.315170404148347
1885 10.396101961645588
1886 9.003976521163587
1887 8.890315361899425
1888 10.055197255333807
1889 8.132516156626599
1890 4.617145585922604
1891 1.4630614042951195
1892 0.39441446538576846
1893 0.0808298462863882
1894 5.919694543393413e-07
1895 0.19256825818026863
1896 0.8914976240769048
1897 2.2261879401054823
1898 4.721891900941637
1899 6.482266136189446
1900 8.600089261284632
1901 7.467674765824001
1902 5.223767415203964
1903 6.0482882414964685
1904 8.794710264657896
1905 8.13583358530871
1906 8.777347521051489
1907 9.845271919344722
1908 8.098834268874961
1909 6.3532660688853255
1910 4.51899548365495
1911 2.838535349259457
1912 3.1614194573726753
1913 3.5028022332622912
1914 4.750443389166398
1915 10.427932997838331
1916 10.432750904509208
1917 10.72164052641886
1918 6.819611730809258
1919 3.9580988323788957
1920 2.139610564134053
1921 2.663931494947298
1922 3.50570407229703
1923 4.897005047848425
1924 6.217328340228488
1925 7.845028490036172
1926 11.049974029205208
1927 14.354792389256618
1928 15.13315781156023
1929 13.391820762349784
1930 12.877064630155546
1931 17.749491814583266
1932 23.699463629255337
1933 27.348968335735915
1934 31.05624229264292
1935 38.40019524172974
1936 40.684094105614065
1937 40.164054596151956
1938 32.51003394142809
1939 29.41032500699857
1940 27.17654383345447
1941 20.017264231887022
1942 17.198470651907726
1943 17.687607912476615
1944 15.37527058051515
1945 13.384971927074607
1946 14.249318795142011
1947 14.545958327977933
1948 12.847564561305457
1949 12.781467795628007
1950 12.636626449173457
1951 11.023551538551605
1952 9.570237013474667
1953 7.066584558490092
1954 3.9830720494864513
1955 1.6947368541706729
1956 0.34713977789831973
1957 0.0035175884636196196
1958 0.28961668670159013
1959 1.466431510249295
1960 3.016641581596222
1961 5.645492193780496
1962 7.352222482320959
1963 10.324054846972208
1964 12.357575421620844
1965 12.347383722701878
1966 10.824566054808509
1967 10.890146240896255
1968 10.73702202765338
1969 9.485544859993288
1970 8.994904694981901
1971 10.884889884249763
1972 10.991416442279219
1973 9.584858229267585
1974 4.364529818429415
1975 1.426748658747684
1976 2.8398280535483282
1977 4.795129184549471
1978 7.724080782604774
1979 10.35482972719749
1980 10.277279004850948
1981 13.122199643537815
1982 10.709249200310946
1983 4.83193075218172
1984 2.704171412953954
1985 2.5729541331510934
1986 3.4360156770559733
1987 5.007499448400318
1988 5.456171991593729
1989 7.599876526148162
1990 11.007359148932313
1991 14.51821334981969
1992 14.582424026932802
1993 15.254885162211115
1994 13.319680211085517
1995 16.52497489683357
1996 23.58603858644828
1997 27.58230976861823
1998 31.334294629272776
1999 31.893330925544085
2000 36.89428381292201
2001 40.543069729001466
2002 36.55892421165189
2003 32.18824422564629
2004 26.45651907219633
2005 21.941305630119416
2006 19.597857049102863
2007 18.251729810515066
2008 16.604726529900635
2009 16.873126688376274
2010 15.791514049140323
2011 14.322198284849067
2012 13.664613235256175
2013 11.619035275764837
2014 10.694641600193602
2015 8.940619745435699
2016 6.874561644077933
2017 4.314619768668661
2018 2.6707567283845592
2019 0.7972646832587112
2020 0.22313804247101826
2021 0.026035345657580256
2022 0.3818195393164507
2023 1.9428447477055228
2024 4.597936509284561
2025 6.681217202323141
2026 8.379537641611906
2027 10.146878313096947
2028 12.164026166195486
2029 15.517297580216708
2030 16.75580324454062
2031 12.887020522340118
2032 10.10240088080639
2033 8.563651504613604
2034 9.074053013870028
2035 10.143621689814776
2036 10.363003156924085
2037 10.00530932805388
2038 4.90941863073172
2039 1.6290345767904795
2040 4.031708178841553
2041 6.622766139811731
2042 7.953907991559895
2043 6.536121339405817
2044 9.545650685629218
2045 14.830723140342622
2046 14.127595224925834
2047 6.209838588756969
2048 1.3682285392843558
2049 2.0862392600153568
2050 3.617765881320225
2051 4.596226618902546
2052 5.269679128126124
2053 8.078335241029581
2054 11.146120143770782
2055 13.533187865459153
2056 13.210185483816234
2057 12.429313310621627
2058 11.996863012799993
2059 15.692977179955594
2060 21.304946125713638
2061 27.68712441722178
2062 27.57858973993607
2063 26.413158774592155
2064 35.98389322112464
2065 40.021152342623644
2066 35.096861337514355
2067 26.356827115300877
2068 23.968777126635004
2069 19.08199593879594
2070 16.532102213716346
2071 15.438264964454259
2072 16.59067704697997
2073 23.170551598904026
2074 20.609705508549276
2075 18.51051118384149
2076 13.173047738016846
2077 12.302237384659607
2078 11.660053236903972
2079 8.794888885383216
2080 7.546175598060983
2081 5.576784706636392
2082 3.244449609771376
2083 1.0257730085084695
2084 0.3069402732876679
2085 0.0985025781603688
2086 0.02334005304293988
2087 0.33746289153676545
2088 1.5905582443342265
2089 3.5387367535582155
2090 5.079116064042913
2091 6.3846928915410945
2092 9.301677708235292
2093 15.64513880112279
2094 17.695827255277564
2095 14.252949650548997
2096 9.991916884311232
2097 8.545743938493642
2098 10.697163194827981
2099 11.00554364227837
2100 9.63733620387076
2101 8.034980647155535
2102 7.841621974003179
2103 4.997583244549762
2104 6.096109892370378
2105 5.999159954329756
2106 4.9035668046101675
2107 5.599472701240237
2108 7.834303104411726
2109 14.715227107109012
2110 15.404500927986218
2111 7.146912955141162
2112 1.6135229600895984
2113 1.796140698636759
2114 3.0685844480606534
2115 4.357563696644517
2116 6.561979612547537
2117 9.419417964453693
2118 11.35744084945821
2119 13.884637652593055
2120 13.143712868450315
2121 12.615784376881916
2122 10.523926718481805
2123 15.600799923325425
2124 21.529892968531787
2125 26.732961427529652
2126 26.540582196699898
2127 26.371253939152478
2128 34.93485586297176
2129 43.72258817708922
2130 37.74394633817929
2131 27.67116025601147
2132 22.650913467291726
2133 22.39164643972265
2134 22.604722068923444
2135 21.731103847063533
2136 18.894574956101724
2137 20.272338941700056
2138 18.15415393721644
2139 15.876120929504278
2140 14.786570697456838
2141 14.441705070438253
2142 13.62589503613323
2143 12.650435014396628
2144 10.92482828231852
2145 8.106517360183366
2146 4.064692135070072
2147 1.525139954128591
2148 1.5405118283661579
2149 0.7083666295643603
2150 0.18766472445836122
2151 0.033463996294637116
2152 0.3186999789169851
2153 1.2984353465137914
2154 2.6498054402684525
2155 4.339025467825871
2156 6.764915452051665
2157 10.82037161004524
2158 12.271385020589735
2159 12.421402912610839
2160 10.88193080619842
2161 9.094834705102944
2162 7.651131597474319
2163 9.10096979521043
2164 7.686179504300284
2165 6.57866124274294
2166 8.55297340011599
2167 6.987947846673896
2168 7.293380339837798
2169 4.892560074542762
2170 3.8431711624160174
2171 3.8667014115732243
2172 6.522557680261442
2173 12.714623282711619
2174 11.518776280359749
2175 7.543616190434282
2176 1.8717321594953196
2177 1.0401271724218522
2178 2.0277312391190594
2179 4.321770389021387
2180 6.607995767891426
2181 10.092627472093287
2182 12.638671493669689
2183 15.144115875735277
2184 12.509434926621397
2185 13.009104532953398
2186 11.236872645828113
2187 16.399998340425523
2188 22.31181460901889
2189 29.709274664615908
2190 28.036268404737186
2191 27.59274390920959
2192 35.574470903130404
2193 42.21644998269636
2194 39.8924054863544
2195 29.929450857967893
2196 24.971797351350112
2197 23.566329813975
2198 22.727735653389423
2199 24.774677271418852
2200 20.510094252712797
2201 15.215675631596708
2202 12.932175953311281
2203 12.886643099905834
2204 14.43405862622536
2205 13.631223984775936
2206 11.01358339968194
2207 10.496523444875313
2208 9.257230215248105
2209 8.592255777995899
2210 5.579692186250345
2211 2.597636207625172
2212 1.8987340137803563
2213 1.3712240422521438
2214 0.661730130323856
2215 0.006893608561864516
2216 0.42115700371554976
2217 1.5023261582073426
2218 2.8884046524863414
2219 4.501049316015874
2220 6.057215186655916
2221 10.520346966680986
2222 10.798536124289383
2223 12.011233931337111
2224 11.67870268485026
2225 10.54249733889717
2226 8.879707389803214
2227 10.449539248136793
2228 9.92096552426751
2229 9.995397423718478
2230 8.59854608032911
2231 6.510469246669777
2232 6.253198984855055
2233 4.4146993459706545
2234 4.4675441322294995
2235 4.340863672403468
2236 7.887909948167451
2237 11.324014304286274
2238 7.66597775177222
2239 5.620431168952733
2240 0.7037293214350957
2241 1.004793285508958
2242 2.150963649479382
2243 4.009718907435662
2244 6.285726325954535
2245 9.309670735013045
2246 13.087541063753722
2247 14.81601327276104
2248 13.121515187527265
2249 12.61520816075492
2250 11.776052164998463
2251 15.934539815221468
2252 23.47314232912696
2253 32.7222547295269
2254 29.840914846314277
2255 27.83571858551592
2256 32.19960725091266
2257 36.3594923972125
2258 40.376566089603784
2259 32.49920568101144
2260 26.464363848965046
2261 22.45920450699106
2262 20.537566858417843
2263 19.6262932475049
2264 15.259924412942407
2265 12.570033837759185
2266 10.07684721017181
2267 11.28175162291359
2268 12.285541523155299
2269 11.100291626054734
2270 8.42861489876889
2271 7.817447637157334
2272 8.040997155294576
2273 7.703098577856899
2274 5.664860551403628
2275 3.3347448326329445
2276 2.9676749303708823
2277 1.743084520569163
2278 0.9094144624505706
2279 0.10060596461367052
2280 0.16447895323760203
2281 1.4150977315075364
2282 2.388942338159617
2283 3.726313632262268
2284 5.322005070435645
2285 8.310918581081898
2286 9.244087788655216
2287 9.570328644637275
2288 10.774350398737923
2289 9.428703212184907
2290 9.537054690548171
2291 11.69186406949264
2292 12.861349547651749
2293 13.645278764356298
2294 8.20547676827233
2295 5.039292966798085
2296 4.455437905117631
2297 4.146944161832715
2298 4.652311119117154
2299 5.580155449316338
2300 7.37601040580435
2301 9.369593352953466
2302 7.496950410714045
2303 5.405329091876922
2304 0.46267120323096855
2305 1.1266427540905568
2306 1.9448856971314907
2307 2.9892750949667932
2308 4.78193855068327
2309 7.525777076222316
2310 11.468822868488944
2311 13.776917116144237
2312 12.745854624642838
2313 11.537057161078092
2314 10.383238797258274
2315 15.00801908464753
2316 22.45226937219154
2317 31.452025844246577
2318 30.08299693382814
2319 30.158396857613177
2320 38.16406442161349
2321 45.98595179007682
2322 45.066073828731085
2323 37.449543725164105
2324 32.383331490330995
2325 23.39307020531182
2326 15.85125119824885
2327 14.922755335025803
2328 11.697032023849069
2329 10.205225420334868
2330 9.354323350934877
2331 9.841647559919071
2332 9.134205286622661
2333 9.189922510452728
2334 8.845506165153491
2335 7.004355006391186
2336 6.777981208474678
2337 7.907826127510904
2338 5.1383088074566245
2339 3.66539261623534
2340 3.841994237135965
2341 3.209189872809539
2342 1.6312186243648594
2343 0.2627357405279798
2344 0.06416098401860283
2345 0.6941188778642639
2346 2.2778831167238107
2347 4.6343764299655765
2348 6.402081197754577
2349 6.402370377099027
2350 8.40278663080083
2351 9.835918300845558
2352 9.218022911524633
2353 8.908601707589643
2354 10.310823741636145
2355 15.580906831092474
2356 17.089146683188197
2357 14.785869725802407
2358 8.563841266305232
2359 6.674201354620737
2360 4.686740066261188
2361 5.816123456484247
2362 6.8706620204196085
2363 7.160109315845023
2364 8.102465003668094
2365 6.679010581113356
2366 5.858168615610965
2367 4.496600624372235
2368 0.28937563318218434
2369 1.2049949105524136
2370 3.0076568713618794
2371 3.7153448487899485
2372 5.625677007062599
2373 7.886349391453093
2374 11.702231826836025
2375 13.324368823000755
2376 13.28872494631868
2377 12.19892131343133
2378 11.09623463356002
2379 14.588181100259677
2380 21.93840138783546
2381 32.40068746021819
2382 32.507991546616566
2383 31.12903482419161
2384 38.76122757745992
2385 45.82264846534229
2386 47.831650603218016
2387 41.60233190481456
2388 36.25480251309234
2389 23.707648401332527
2390 13.990326733857852
2391 11.19392304053165
2392 9.23206575021772
2393 8.076339550302173
2394 7.857905264678422
2395 8.143412249999233
2396 7.304318243596355
2397 7.0871010430021535
2398 7.538019880456234
2399 7.145820765780204
2400 7.31876000860898
2401 7.391690910508124
2402 6.747872568201738
2403 5.581328918720458
2404 5.5395719220175055
2405 4.917055613952019
2406 2.390467447474406
2407 1.3889076748070681
2408 0.36020345858304403
2409 0.011071157904296695
2410 0.7296239515508504
2411 2.3473340790801323
2412 4.185848942769378
2413 5.706622110922846
2414 7.593943453932877
2415 9.164234775911728
2416 9.127676908234005
2417 8.506903735260153
2418 11.858372723742702
2419 18.573412738733094
2420 20.362875984347014
2421 17.74503282031452
2422 12.395963506917184
2423 11.1172686007901
2424 9.94103822048049
2425 11.576882120535288
2426 10.059237460809106
2427 8.653434432282882
2428 7.694906871767096
2429 5.245339023248771
2430 4.37167737116804
2431 3.0212947174571423
2432 0.02284529977256908
2433 0.7394022426798749
2434 2.9047370128521877
2435 4.008181433386739
2436 6.4903159921541755
2437 9.0731806340303
2438 12.574709068563942
2439 15.034170791212967
2440 14.614311939604193
2441 14.47409994309223
2442 13.485258124777864
2443 14.337138087866023
2444 23.036191716297207
2445 29.94191328017665
2446 31.168402318923246
2447 36.17616668035357
2448 38.8409027262787
2449 40.141243018516406
2450 45.16567272954021
2451 39.201538961956174
2452 35.457217342260925
2453 24.911374436616136
2454 13.86820333516557
2455 9.325224846577067
2456 6.135937312290767
2457 7.140653770347924
2458 7.494309205501359
2459 6.9354670625949035
2460 4.285981759238632
2461 4.639548970963573
2462 5.559434712950376
2463 8.330749627450135
2464 9.001779020938638
2465 7.752066436746438
2466 7.521971331464187
2467 8.918516680966047
2468 8.842989863478227
2469 7.42175436600148
2470 4.620196195991524
2471 1.9640657474988155
2472 0.5662131274494251
2473 0.007286224520366986
2474 0.19291768466474565
2475 1.4573822933645093
2476 3.652640832063799
2477 5.868243763688674
2478 7.983660858684728
2479 9.097746404552355
2480 9.11527288907688
2481 12.621270561074567
2482 19.130112472650694
2483 21.849780951178534
2484 21.29482143589099
2485 24.38938937794565
2486 17.891868947323115
2487 18.501494533166092
2488 13.269031592955713
2489 14.544078100702114
2490 12.737593661254028
2491 8.882528040572188
2492 7.363305921220805
2493 4.99880207892731
2494 2.7680616615029066
2495 1.8200972243018603
2496 0.034006279044649014
2497 0.7380847257160137
2498 3.2626007327829605
2499 4.537947565633223
2500 7.261096706881799
2501 10.205317142425057
2502 13.241057698291133
2503 13.761815770474565
2504 13.961480599366181
2505 14.672478176952787
2506 13.693945579422241
2507 14.302689674192182
2508 20.78298349054489
2509 25.487571517879836
2510 33.96365528746731
2511 34.48407705920525
2512 37.648227816650724
2513 42.36179599822929
2514 43.65318351510106
2515 39.010779757026185
2516 39.13522138341264
2517 24.13759988274827
2518 12.363233001320532
2519 7.346877297578756
2520 5.716398864715358
2521 6.497785222130487
2522 4.890951279096706
2523 3.185334496862769
2524 2.221651306502739
2525 3.3888918396393444
2526 6.98696582935618
2527 8.563415665653151
2528 9.300313422357881
2529 8.187591881838134
2530 9.61372608448238
2531 9.899214915895731
2532 10.471807163184542
2533 8.092221050973391
2534 6.152017347625633
2535 3.8393519003936367
2536 0.6871943274207133
2537 0.06045200975960708
2538 0.004176477061321162
2539 2.1941259824008306
2540 4.449476861759675
2541 4.261885434659885
2542 6.266760596144696
2543 8.988687498901491
2544 10.740403964714249
2545 16.454609321303714
2546 21.805496416774663
2547 21.700389079634565
2548 21.482463225029925
2549 26.360334171105823
2550 24.641241131751848
2551 22.04022195104978
2552 18.801770684735025
2553 14.553640367548901
2554 12.414212773264069
2555 9.712247205745735
2556 6.341056148763693
2557 4.761869600689369
2558 3.138642935864514
2559 1.9745739775464126
2560 0.08364351042771227
2561 0.2653217249506428
2562 2.485726597370301
2563 3.823351957271709
2564 5.826867828736445
2565 9.561276375594135
2566 13.865038040987537
2567 13.25714954851102
2568 13.626275473063645
2569 14.9244661515714
2570 13.650991146854293
2571 14.072788279825447
2572 18.957649918714623
2573 22.702805189540708
2574 31.895089986296085
2575 34.116014149125284
2576 34.38055367857099
2577 40.28561637681635
2578 41.479553239792736
2579 37.959804476338846
2580 30.703974708150575
2581 20.085483852118738
2582 11.213513496039608
2583 7.267353593574131
2584 3.3438314450228894
2585 3.7932001655359473
2586 2.857933603994745
2587 2.5922636695886054
2588 3.253978734092278
2589 2.982967241071324
2590 6.585150601517241
2591 7.986208042760328
2592 8.38574326041297
2593 10.330594355525312
2594 9.659800852964434
2595 11.139944665158753
2596 11.837285595173359
2597 9.429230427800086
2598 8.424299806891915
2599 4.927831712409565
2600 1.5728029483288857
2601 0.22209922355668785
2602 0.5205687905091236
2603 0.44987115286471085
2604 3.1533491682908656
2605 3.28322324851824
2606 4.69316461668138
2607 8.43638397509603
2608 10.934658568881757
2609 14.541829676318908
2610 17.289978336046172
2611 19.087712917597024
2612 18.111313886339214
2613 20.38468130199734
2614 17.2307206008208
2615 14.294021293608
2616 16.59110162629861
2617 15.900520937915449
2618 13.288469842070294
2619 9.773489554498017
2620 6.595017153023611
2621 5.273765719014834
2622 3.6354787086962412
2623 2.0783580297563202
2624 0.130093003991029
2625 0.009480775669914268
2626 0.8836487495969242
2627 3.0591765203068233
2628 6.201137157830345
2629 8.768118781712289
2630 10.644967312597641
2631 11.61164811721822
2632 11.889522807709426
2633 12.09070432616897
2634 12.695924422336129
2635 15.098912097403256
2636 16.90550248339371
2637 24.99922931971148
2638 29.941886251761524
2639 32.67816438844368
2640 32.38909451865397
2641 37.1387146133612
2642 39.08581773795107
2643 36.02740814946905
2644 27.486197074728537
2645 16.18822380606359
2646 9.635434434241699
2647 6.169187473661219
2648 3.150071738751099
2649 2.876179070403168
2650 1.7658765406333268
2651 1.8391820630960183
2652 2.2472704117233553
2653 2.899294657038448
2654 6.17710222227845
2655 8.271330980883837
2656 10.821462773813755
2657 12.80890331022169
2658 11.028779350846659
2659 11.835117640546924
2660 10.549565988425337
2661 9.3201731886712
2662 9.307738783522383
2663 5.020111925954526
2664 2.233781102068255
2665 0.5397234534063768
2666 0.701516790579222
2667 0.00027442352192188487
2668 0.9703284237997225
2669 1.493802531703809
2670 3.612932905533831
2671 6.33411736071234
2672 7.684602044764885
2673 9.730724761204776
2674 11.943838540814905
2675 11.366083421806348
2676 11.801488241000339
2677 15.010471039333856
2678 15.042153606061522
2679 15.13614709802509
2680 12.543622803164874
2681 16.177471786057648
2682 12.628991614144244
2683 10.820405595411852
2684 6.078462323440837
2685 4.208276139487306
2686 4.126137315271057
2687 2.9569388905689866
2688 0.6337923431752123
2689 0.2532321216389775
2690 0.15489073865933511
2691 2.3623620253649524
2692 6.7177927617749
2693 7.064711358475699
2694 8.543652359612905
2695 8.881182100070001
2696 8.287751564055345
2697 9.303033983230186
2698 11.627773295630195
2699 13.067683373787967
2700 15.330878329725834
2701 20.60567212273729
2702 25.36192754473501
2703 27.660846707716974
2704 29.705717856334417
2705 33.63225794138451
2706 32.370858186928984
2707 29.222285532619257
2708 27.242001092751803
2709 16.828792025277117
2710 8.326455661912375
2711 4.700264549890109
2712 2.697285204018363
2713 1.7974095611842968
2714 1.1500878446494416
2715 0.7754325813429053
2716 1.3335597285873586
2717 3.4205809041208353
2718 6.712978450521775
2719 8.592051393898391
2720 7.878906268908036
2721 9.20330198629741
2722 14.90433997312314
2723 16.93563441953412
2724 16.446321615078492
2725 13.274418693437253
2726 10.041048438249131
2727 3.538500540091168
2728 2.2154821367411914
2729 1.619674959188256
2730 0.6157331208106045
2731 9.450755536867582e-05
2732 0.5436786515711252
2733 1.87821604117799
2734 2.839667203241626
2735 4.3729646859001745
2736 6.325712807236065
2737 7.147954291218612
2738 8.37821836652696
2739 8.23755831923281
2740 11.602254618769573
2741 11.75882279304654
2742 13.57279619229321
2743 15.794367198406585
2744 10.552759138062044
2745 11.649834556328804
2746 9.92892991579693
2747 6.923371665613092
2748 3.2884939434166296
2749 3.043858043788704
2750 3.236928421713708
2751 2.5069610129633113
2752 1.22635726383992
2753 0.5611778619792175
2754 0.00023227712431671748
2755 1.5236087305900716
2756 5.687282315788891
2757 5.474442720863971
2758 5.492938000881564
2759 6.585454378893181
2760 6.9625838146862185
2761 6.429300404390442
2762 8.502496319832824
2763 10.586753823424463
2764 12.820218152428543
2765 16.71323588676997
2766 18.980635132559694
2767 23.782215098736366
2768 28.106933279790432
2769 32.42250266898507
2770 29.78497025299352
2771 26.998345909087842
2772 20.7295569652736
2773 14.46800413457177
2774 9.100891763271793
2775 5.028935827511866
2776 2.0233894711065576
2777 0.7674406176648404
2778 0.9848008588600026
2779 1.0168796856523616
2780 1.240887246610678
2781 3.1553413353701987
2782 6.322227208616871
2783 10.60077459314629
2784 8.944217777741288
2785 10.854609723106613
2786 19.65473789679905
2787 20.73681525514055
2788 18.16108268661104
2789 11.617324625420842
2790 8.854686836435365
2791 5.450248237384847
2792 2.1483597763504725
2793 1.4849936824894567
2794 0.45290974399841655
2795 0.023151182567801173
2796 0.7781998260475615
2797 2.6238781801026776
2798 2.9202853902649886
2799 3.4994378009969487
2800 3.771702993315356
2801 4.557779943567152
2802 6.173583245777109
2803 6.228599667376958
2804 7.9459974795189
2805 7.342117273430841
2806 10.317170771902958
2807 13.422000593025611
2808 9.686261748762128
2809 10.343130975542874
2810 9.589633240224627
2811 6.387314914470153
2812 3.8339409968895253
2813 2.6962614247118206
2814 1.5761496348007054
2815 1.3639228511373318
2816 1.4063065364541976
2817 1.226102575926668
2818 0.14094793143491177
2819 0.4742469872373865
2820 3.7854045918370467
2821 4.98449490367804
2822 4.357801299141206
2823 3.9800383248665416
2824 4.462215126898996
2825 4.468541777425204
2826 5.356359505338252
2827 6.398143097621742
2828 9.980136272670935
2829 13.343910579944486
2830 20.87608582274814
2831 24.922155573862952
2832 29.748638308847465
2833 33.22162334662585
2834 29.31273764969815
2835 24.70015158675247
2836 18.34280957158917
2837 13.718833754889188
2838 8.931284110686631
2839 4.314374668118685
2840 1.325533990217378
2841 0.08319872078150617
2842 0.4100865939784861
2843 2.3374153601095613
2844 1.7204789245876635
2845 2.96839428674349
2846 5.717877304897099
2847 9.972873068352639
2848 9.989942009343777
2849 14.933674730398682
2850 18.347329687468196
2851 18.724584459588197
2852 18.778338396443427
2853 9.796574700565452
2854 7.550646153621307
2855 5.465564580731115
2856 2.033358818343239
2857 0.6089404061934055
2858 0.004520722378226053
2859 0.1460807034351278
2860 0.5029344303732621
2861 1.6012462273228296
2862 2.726441404344644
2863 3.5457604796773925
2864 3.127474834245474
2865 5.281256487268875
2866 4.977902546795457
2867 5.341649667448149
2868 6.5787162480693
2869 5.864745653023918
2870 9.528195114946211
2871 11.335546363629655
2872 10.16086545294086
2873 9.335247785594728
2874 7.983851935008362
2875 4.390753711189091
2876 3.317894154198142
2877 3.1775644657813285
2878 1.8049346744006918
2879 1.77241145082261
2880 1.9245899248218894
2881 0.9872693916176634
2882 0.0018232336321102286
2883 0.21366613049253888
2884 1.927027600067716
2885 3.579358674537591
2886 3.7789130209811232
2887 3.0459308465975354
2888 2.965169328490536
2889 2.5216328047474432
2890 2.828790318748363
2891 4.400483512917884
2892 9.266594217837145
2893 10.366824557217345
2894 18.778298557799225
2895 22.883364735336695
2896 29.31431408317577
2897 33.01889375766487
2898 29.76795378755194
2899 25.878513575837097
2900 19.54509663739106
2901 12.822389289027589
2902 8.367574136088619
2903 5.895940641951385
2904 1.4559396066925645
2905 0.45067640901983014
2906 1.8592885601392324
2907 1.9955094025053575
2908 3.5936537299850575
2909 5.316891182552598
2910 6.028181227830842
2911 9.194734024882907
2912 8.475695748449775
2913 14.638262289254552
2914 16.4399841001638
2915 11.110241581400283
2916 14.739449161473656
2917 8.174464328341625
2918 6.8886293068225495
2919 4.310410200101519
2920 1.5324958178921104
2921 0.05860008911407778
2922 0.12406431372864334
2923 0.11082498730684828
2924 0.3082387538216201
2925 0.5111732866427338
2926 1.9380136228029028
2927 3.169706936849994
2928 2.9037064756758424
2929 4.756648179489944
2930 6.1827183293320935
2931 8.80950720357605
2932 7.71824695255261
2933 7.965268217369208
2934 12.105100277811387
2935 15.419640784333493
2936 11.884113595569419
2937 10.697430335910495
2938 7.246604710637376
2939 3.9486510914737836
2940 2.76125011654539
2941 2.7138038390877544
2942 1.7295996567101846
2943 2.1370670552181115
2944 0.5257171868046495
2945 0.03146423546264674
2946 0.049424461576357756
2947 0.19053564842544005
2948 0.7776038129046566
2949 1.394405436309725
2950 2.3082560227866806
2951 2.7849352209889866
2952 2.6124306971362388
2953 2.829896874408689
2954 2.6395634304233178
2955 4.567564121591817
2956 9.232835022217435
2957 11.575985710378538
2958 16.001322237938407
2959 18.133734842866087
2960 19.3098590604917
2961 24.771495307050746
2962 26.242547787181234
2963 25.024291461876565
2964 16.776788218688434
2965 10.319959619161319
2966 7.9633008844937985
2967 5.133821691352222
2968 2.5917005904705603
2969 2.488960751801071
2970 1.674377727493125
2971 2.491721588867342
2972 5.4856050517065675
2973 5.869424559746796
2974 4.327893736305564
2975 6.42946291107594
2976 7.015266585914843
2977 11.994409935434163
2978 14.70585472493777
2979 11.607215608252389
2980 9.14999137447132
2981 8.389631963111526
2982 5.60929960289347
2983 2.4390633720220807
2984 0.7260010625975504
2985 0.010884943547099775
2986 0.6078842604939041
2987 0.5519664714517667
2988 1.0784176051131293
2989 1.1348582353281362
2990 2.9392154434562716
2991 3.117575083943716
2992 4.055319150845451
2993 7.999556301369235
2994 10.394022750909834
2995 13.283951037133157
2996 13.27491352480766
2997 14.99141307216729
2998 14.051883806910386
2999 17.742486884439675
3000 16.52868059365313
3001 11.215023332963662
3002 8.498350436234984
3003 3.890464982455946
3004 3.516611352982676
3005 3.2918626053306355
3006 2.174564483464717
3007 2.592146270263215
3008 0.18688004252705964
3009 0.00017369370724241854
3010 0.14234557377804483
3011 0.4533976179197119
3012 0.3882589999260234
3013 0.5515551767055161
3014 0.9773056115175465
3015 1.9189425822766009
3016 2.103619939908886
3017 3.3080603340218233
3018 4.871515466594917
3019 6.265993035729227
3020 8.593749762621684
3021 10.342649611876473
3022 11.548812099475036
3023 11.37822805241707
3024 14.029070282882156
3025 15.555099174436775
3026 16.41098956295986
3027 16.052474800712098
3028 11.036133860242247
3029 6.332270294886701
3030 5.041357453130285
3031 2.3075979129903295
3032 1.7967074625784962
3033 0.534748016692332
3034 0.3463338707601932
3035 0.9235175371025979
3036 2.476088532200164
3037 2.66871068039627
3038 2.1197989725372133
3039 3.8464828801203823
3040 5.642833125172902
3041 10.21612484925181
3042 11.685193591899727
3043 7.381843288432677
3044 6.215445185190895
3045 7.3249448425057375
3046 2.728309625317243
3047 0.9878339280710248
3048 0.023692000629931636
3049 0.03309496353295952
3050 0.005863206762853315
3051 0.07053429405849218
3052 0.5425503668792044
3053 1.5373249732044445
3054 3.4421861641423015
3055 4.9076235282193075
3056 5.560559781469601
3057 8.584784093655806
3058 11.724471388105647
3059 13.51962305100978
3060 10.860502901231104
3061 14.958559885613933
3062 12.608547436821071
3063 15.918793303750881
3064 13.081062094733646
3065 9.71298068267829
3066 5.447807240426683
3067 5.421481607993696
3068 4.1826559286656755
3069 3.972789028280454
3070 3.5570332453743507
3071 2.4846826288402295
3072 0.11729928163947707
3073 0.008015325234193375
3074 0.016859353538832684
3075 0.24806444475651693
3076 0.37798546905889857
3077 0.46227096659058126
3078 0.5742874834057798
3079 1.105117082963771
3080 1.9743715661948442
3081 5.220616850327749
3082 8.088045119528319
3083 10.033446314101663
3084 9.655556386881825
3085 6.833924031916697
3086 6.17622950072234
3087 5.655619102091286
3088 6.612783570683965
3089 7.757143124276448
3090 9.115083093188378
3091 6.8877154257259505
3092 3.9858030565391624
3093 2.6436176391837796
3094 2.6467704674955317
3095 1.9271767530858184
3096 1.3329216339628416
3097 0.1698344559903985
3098 0.12214190961476176
3099 0.07625625337145892
3100 0.27668341091291415
3101 0.3009224892246501
3102 0.18940570583614225
3103 0.7456859635647362
3104 1.4781989586723796
3105 2.6605590510304062
3106 4.179807290261771
3107 3.861423947606052
3108 4.408039680346261
3109 2.71274908019324
3110 0.857247471113684
3111 0.18234453060941294
3112 0.05355812292338681
3113 0.06432056183416333
3114 0.1519369658288447
3115 0.004514571085519612
3116 0.16662927510398856
3117 1.0752248475180919
3118 1.8736037304098458
3119 4.736805397978963
3120 7.453189565781572
3121 8.360499446490888
3122 11.179759511288568
3123 12.55634096280745
3124 11.383791454951849
3125 13.977716995631669
3126 8.867664624299886
3127 9.900050103560941
3128 7.16214725211254
3129 7.138646124168038
3130 4.770845695210249
3131 4.619421734292551
3132 4.934902404923725
3133 3.042011429324829
3134 2.733827043453988
3135 3.186869892965452
3136 0.4722905072635941
3137 0.11009207981051193
3138 0.008432821289107443
3139 0.2862103432755498
3140 0.2554582841091597
3141 0.2756442923780861
3142 0.36420351423959807
3143 0.7601748046376661
3144 3.0460080155998925
3145 7.03458749544973
3146 8.749489642923093
3147 10.58518571610632
3148 7.349666560008679
3149 4.701452577372849
3150 3.9671727924514246
3151 3.625581607867694
3152 2.9512302471403506
3153 5.935300955207967
3154 6.911308638158055
3155 5.708931494663648
3156 2.7982350319855662
3157 2.0900999509725287
3158 2.350610369680406
3159 2.7069953520566443
3160 1.2882635945669074
3161 0.5486659780556343
3162 0.18235194983921812
3163 0.12382832869277838
3164 0.08242539670845135
3165 0.26316210871476664
3166 0.2998307949448268
3167 0.8099960755675041
3168 1.7766329952449273
3169 2.2047622310818893
3170 4.080252883245554
3171 5.404286136152071
3172 2.6292826273856997
3173 0.6329869618824657
3174 0.29051456915298707
3175 0.06702633152605587
3176 0.05158697774741598
3177 0.010383384109784255
3178 0.16280554619077325
3179 0.01067584262292874
3180 0.028945455763233808
3181 0.6389554467076811
3182 1.6468365229574018
3183 3.1633398131561856
3184 4.064823818342265
3185 3.5915732365042463
3186 4.763528488732042
3187 7.554998441023286
3188 9.350736861574946
3189 11.932310906715728
3190 7.782392591395876
3191 7.08645617253809
3192 3.844644773156951
3193 4.337787964567694
3194 5.618929801473859
3195 3.4888121776129815
3196 3.3322313650601947
3197 1.8950166343455768
3198 2.3028463828458476
3199 2.025360571511942
3200 0.3173249049417957
3201 0.22409028925335556
3202 0.012831896750219706
3203 0.14546978669489205
3204 0.07712691695265916
3205 0.0811938398932615
3206 0.6800158883566203
3207 1.8709079323093782
3208 5.274499657201326
3209 9.143822864947465
3210 7.748776090469201
3211 7.611412734170885
3212 5.7404474605538205
3213 3.90404464910631
3214 2.4386396481294175
3215 0.9818570240603591
3216 0.4231674538945607
3217 1.3627212374208169
3218 2.735085026011827
3219 2.6175444006687516
3220 1.8850286249563737
3221 1.9680450437406978
3222 2.8835941027804393
3223 2.4969731713021646
3224 1.9347190915087893
3225 1.4728842322093465
3226 0.5368066586759854
3227 0.6044889254411837
3228 0.6755038410780738
3229 0.3990471874343041
3230 0.5000480439744109
3231 0.41329763646543854
3232 0.8252209388969327
3233 1.732486620239866
3234 2.6495144688592527
3235 3.096349983217788
3236 0.8286730014687852
3237 0.002230969524344107
3238 0.03733256469953025
3239 0.0001289415371740859
3240 0.00031526603139511315
3241 0.005485518618878171
3242 0.09651077808951058
3243 0.018132223735135587
3244 0.21883766067019697
3245 0.552717173334831
3246 1.4458602836005001
3247 2.13639594482229
3248 2.0258140049470374
3249 1.5748093872924356
3250 2.449790915490348
3251 3.7676452540419936
3252 5.14863411484362
3253 5.399783493071827
3254 5.360356034919994
3255 4.128967710726711
3256 2.791549835916446
3257 3.8618231864673755
3258 3.9645680733778272
3259 4.560461377876965
3260 2.8167089083317993
3261 2.6128329370563743
3262 2.140249689945149
3263 2.7213570632200867
3264 0.49639677937003757
3265 0.45785911730599316
3266 0.5659170577108443
3267 0.1390533946147099
3268 0.00011719560237692679
3269 0.16484087943703732
3270 1.4197237453324514
3271 3.923123649679015
3272 6.896896736729728
3273 9.726616127025784
3274 6.742523527193621
3275 6.244245954128757
3276 4.412513499371196
3277 2.391467045916415
3278 1.235728857392441
3279 0.3348582542038745
3280 0.004427070971819766
3281 0.02262796978595182
3282 0.11438940058737919
3283 0.14476930052510492
3284 0.3475705752850267
3285 0.17312913066424845
3286 0.7159331894854031
3287 1.1979963826704345
3288 2.0633910002611304
3289 1.5056864916093755
3290 1.0246289564621
3291 1.581744320840527
3292 0.7553582771706953
3293 0.8393509432443015
3294 0.6879956144916557
3295 1.0057714623799905
3296 2.141700214979983
3297 2.2803678143398014
3298 2.646837678021202
3299 2.333696047853747
3300 0.5757246306365777
3301 0.04888630498902483
3302 0.0638336594155142
3303 0.00021936960421736586
3304 0.03078872688585368
3305 0.0039423445008618324
3306 0.007389299990067998
3307 0.008233977396439284
3308 0.09633949214223904
3309 0.184583298131295
3310 0.15512278984467148
3311 0.5253409096196388
3312 0.4741940776586417
3313 0.5788314196962343
3314 1.0255985626174127
3315 1.9194323528751163
3316 3.2050659374650285
3317 3.537344629247762
3318 3.3924129340124045
3319 3.171650156123833
3320 4.512539266983393
3321 5.154846693229399
3322 4.734126383890214
3323 4.079455715272705
3324 5.971176056035931
3325 3.8535295331353576
3326 3.0042032132144594
3327 2.462462866396658
3328 0.6051568497270583
3329 0.7724669248679363
3330 1.340192614801064
3331 0.614081467310705
3332 0.0030964850297848807
3333 0.36088564349451585
3334 2.37887850222158
3335 6.254813186492973
3336 7.918368166325584
3337 5.471483114911608
3338 5.253025634482882
3339 5.843751131277689
3340 3.1658178920586098
3341 1.8964772066908122
3342 0.9952593675489526
3343 0.06277560975163707
3344 0.09318531645196546
3345 0.30832735938450007
3346 0.2693210513922601
3347 0.01645503834409108
3348 0.01629587468116383
3349 0.25635954319110427
3350 0.080279994365849
3351 0.403552747458381
3352 1.7132467365279718
3353 1.6187251787100017
3354 1.5283824116088423
3355 1.8852562972258227
3356 0.9123613192878818
3357 2.0299443235326855
3358 1.6826726958645086
3359 2.2065990294561093
3360 2.487258202973942
3361 2.83329916577692
3362 2.699060614367792
3363 3.515477994418055
3364 1.5176850839474008
3365 0.30982750702087847
3366 0.08864458943711687
3367 0.0074831246831743815
3368 0.00017816855271413488
3369 0.02981818920907357
3370 0.3146830447352937
3371 0.3870744052413637
3372 0.36701936564984
3373 0.014585288961934645
3374 0.0006583321819937035
3375 0.33197291176977284
3376 0.3717277428038212
3377 0.62403552711345
3378 0.5907632025984795
3379 1.105105184830006
3380 1.1188796906378153
3381 1.9496979246309663
3382 1.5067468817099425
3383 2.7209956202100516
3384 5.434267821862824
3385 5.298603160997145
3386 5.02360311460701
3387 3.1551082604254965
3388 4.260353709358653
3389 4.777927105024178
3390 5.339798712342784
3391 2.6994163270219307
3392 0.754216881284914
3393 1.2514917026059378
3394 1.5788120972632453
3395 0.6742191901544821
3396 0.017992420334992446
3397 0.2620463404572881
3398 1.951935725640757
3399 4.8250092109184815
3400 3.9197387475679055
3401 2.1207505206282997
3402 2.7662577705235067
3403 3.5221533041210793
3404 2.9375543966267195
3405 1.5562366187938428
3406 0.5549758961020332
3407 0.0028832710582953327
3408 0.18917002539596625
3409 0.5092864546988606
3410 0.7405002864235569
3411 0.12771325126160665
3412 0.006096272786259859
3413 0.05129503632836806
3414 0.06815719697330186
3415 0.7886688191886265
3416 1.560981871688622
3417 1.2967498107446482
3418 1.3353333452644898
3419 1.6642854974193213
3420 3.8386885570378366
3421 3.6713815152005593
3422 3.0628883455335103
3423 2.1841082055658485
3424 2.519825871731115
3425 2.8194899766359187
3426 2.3192247141920808
3427 2.7042833381529725
3428 1.6907222745744195
3429 0.639986774956105
3430 0.5446713472590836
3431 0.383698943484559
3432 0.6587620847923078
3433 0.2461274055497387
3434 0.0025075999737142743
3435 0.24860656363557782
3436 0.12661743277061108
3437 0.042176573096185305
3438 0.0022698953322894907
3439 0.15777467897630365
3440 0.2861212141371365
3441 1.0311348501698294
3442 1.726768716214147
3443 1.123988496240126
3444 1.1446925124185232
3445 2.1215974277127643
3446 1.438565916615855
3447 2.597059339812969
3448 5.335634051007375
3449 5.44435786405495
3450 6.619255111573069
3451 5.499074681218644
3452 3.720536653147552
3453 4.7080411748698525
3454 6.830703997522078
3455 4.12670424889089
3456 1.1207350970217285
3457 1.0884501927184764
3458 0.651106565570306
3459 0.24385930957903873
3460 0.00968623572569524
3461 0.2015814636073737
3462 1.7895663291373762
3463 3.374963191637497
3464 1.913870008216897
3465 1.3003581179110748
3466 1.6294393065613895
3467 1.6540640631595152
3468 1.2814898865948467
3469 0.8144500126011532
3470 0.08692693618554286
3471 0.14388281490660704
3472 0.4650333252564303
3473 0.6459862105061287
3474 0.7384874654254647
3475 0.45653638091680737
3476 0.0013700843334898615
3477 0.14493349916205064
3478 0.006608061977974312
3479 0.9163251680159445
3480 1.2718405917997961
3481 2.113674453661451
3482 1.8579151147933999
3483 3.2611350221376423
3484 4.240042171777688
3485 3.293471272946687
3486 2.4237219104643084
3487 1.8819702235343123
3488 1.7830377144282903
3489 1.0957334677096233
3490 1.6490910236258038
3491 2.3401613579186464
3492 2.6497652007776593
3493 2.5352828915870567
3494 1.7230458687401875
3495 1.2108098428344978
3496 1.026526088600426
3497 1.2700770715981318
3498 0.7819208540940296
3499 0.08472141366839786
3500 0.04628946007148156
3501 0.0021308852822963316
3502 0.014748892880903903
3503 0.2577971663477513
3504 0.8424986507602819
3505 0.9310784031949733
3506 1.0947299181506742
3507 1.0573666892689992
3508 1.9258094932721372
3509 3.1020984505684464
3510 2.6717368760993603
3511 4.5456331584636125
3512 4.854928397844633
3513 7.1618208942273
3514 6.793546865613356
3515 6.084955957824303
3516 3.5621154684513843
3517 3.889830577187101
3518 5.364125070579471
3519 3.8681881237061573
3520 1.9245504528723132
3521 1.13644299109474
3522 0.7760766574131385
3523 0.15933070466610036
3524 0.04352750870207404
3525 0.30961110977636863
3526 0.9292020403569078
3527 0.822383318502853
3528 0.8350910051500428
3529 0.8420442403015906
3530 0.9943726870744176
3531 0.5579579807105383
3532 0.546511925100464
3533 0.24866523596357853
3534 0.1565379526231708
3535 0.09750801150094883
3536 0.8278353733854193
3537 0.8333352647722996
3538 0.5551853567894536
3539 0.9339376349080026
3540 0.4028098302320072
3541 0.12010605418780615
3542 0.01223252662994197
3543 0.7927238101927014
3544 0.741399280014988
3545 1.8952853135676528
3546 2.1542915779648353
3547 2.659488762529793
3548 3.180508656333959
3549 2.802916944773409
3550 2.6631175489976138
3551 1.5171536897414057
3552 0.7277594022365245
3553 0.9792104708216356
3554 0.8847070105435565
3555 1.5704647211517573
3556 2.7645472346354527
3557 3.4012965890670612
3558 3.813011843804004
3559 1.8296520006477004
3560 1.5662829468291715
3561 1.4832695151941122
3562 0.9336116395911602
3563 0.17080288635795954
3564 0.0003751957505137126
3565 0.0005812648468108443
3566 0.00033224280367139225
3567 0.1548744797820583
3568 0.35996197701324845
3569 0.5731458241015838
3570 0.8961494709567732
3571 1.058630981140545
3572 1.6802529749617783
3573 2.9706349413242528
3574 3.174842209560121
3575 3.170943291191648
3576 3.0573243498419727
3577 5.3086700109696645
3578 4.7952316922328775
3579 4.782425285901151
3580 3.5814584403656946
3581 2.191963631766619
3582 2.770965897818215
3583 2.332293905309774
3584 1.0797113935879996
3585 1.1999010201589437
3586 0.7632861306891013
3587 0.370177494311906
3588 0.011087659725922483
3589 0.14338538652053887
3590 0.6633072933453267
3591 0.22234030142700498
3592 0.41084755536676804
3593 0.2587515485489593
3594 0.20114693391230523
3595 0.01738443692599499
3596 0.13547763153990874
3597 0.0022065031306843703
3598 0.038039533161184094
3599 0.011719185811672413
3600 0.16886139864829447
3601 0.2232823321070882
3602 0.3454565844196422
3603 0.9056275434477175
3604 0.5556844988800917
3605 0.2749388802976067
3606 0.10329145521480342
3607 0.16788463809465717
3608 0.6685536766697907
3609 2.4427628698794477
3610 2.7461875299243608
3611 3.238895943738265
3612 3.945125685442358
3613 3.8727702534892146
3614 2.6930422135265117
3615 1.9644935618641184
3616 0.8722901025387527
3617 0.7684941845286093
3618 1.0385412783703032
3619 1.86143798979179
3620 2.0963598901634137
3621 2.9581622498776996
3622 3.293019688913337
3623 3.12269262177645
3624 2.6652567510590157
3625 1.8896382776874363
3626 1.2220043202214441
3627 0.42653321785405246
3628 0.1814675838356646
3629 0.005069104144053214
3630 0.018724656867773443
3631 0.13662476842219917
3632 0.42079768820001356
3633 1.2858731542303425
3634 2.1818933995375573
3635 1.2705721042511513
3636 2.5275563595586625
3637 3.2925442311271658
3638 3.080093774745863
3639 1.8532544947619378
3640 1.3948912934471531
3641 2.480385603497652
3642 4.253732523718215
3643 2.8189892332265036
3644 2.3921433295270362
3645 1.4884533592855886
3646 0.742956569844093
3647 1.4523116301943721
3648 0.5723460568812682
3649 0.6323287708180948
3650 0.2886961196861367
3651 0.2750610043727878
3652 0.0084319000818104
3653 0.220434822098878
3654 0.3297994114696092
3655 0.06557572048540841
3656 0.020011797593510117
3657 0.0046164559392096625
3658 0.01803774563531517
3659 0.22714685609912663
3660 0.01755610968368029
3661 0.10601207039003599
3662 0.0284641937208158
3663 0.13727131165552262
3664 0.0002006968337017805
3665 0.04970753104076137
3666 0.27048191551332296
3667 0.259547606552173
3668 0.0076860033974081405
3669 0.039425112308692445
3670 0.016042657915643244
3671 0.12376409673193367
3672 0.6105735828320418
3673 3.3724197975970194
3674 3.5028591082019913
3675 3.95292013812434
3676 3.966772747259484
3677 2.6521941031249066
3678 2.4127295105916255
3679 2.632117072228648
3680 1.441661078083011
3681 0.8909279077992714
3682 1.8204374538693024
3683 2.929256168183474
3684 4.012173063682071
3685 3.619064341046992
3686 3.1163367369233423
3687 4.572915370841021
3688 4.198008939938663
3689 3.4247925730215893
3690 1.59374250148437
3691 0.46492268173383156
3692 0.11673012018713944
3693 0.04771162445497524
3694 0.22700589780090702
3695 0.35879225554775734
3696 0.7083240049290263
3697 1.5132494900628923
3698 3.504139344544008
3699 1.4422403689954388
3700 1.9588199991239037
3701 1.893403301147616
3702 2.3561416216691025
3703 1.9939239081811375
3704 1.0858077797589303
3705 1.7131915070888313
3706 3.9805611163312404
3707 2.6734783161910354
3708 1.8727526407524295
3709 1.15635676107155
3710 0.7795557502728329
3711 1.0727927799698842
3712 0.24856069979642234
3713 0.2513538036572507
3714 0.04848796182892306
3715 0.019468182659396153
3716 0.41393407063860527
3717 0.3488495201527436
3718 0.0836206659450552
3719 0.1852561072585209
3720 0.014907592877200039
3721 0.03932361685028823
3722 0.003921297051314944
3723 0.1517450337018972
3724 0.2511087069673143
3725 0.36188823034852924
3726 0.025756628052279736
3727 0.03514138146677224
3728 0.006319062104417956
3729 0.008643389753837813
3730 0.005447358279972958
3731 0.00024730740838898094
3732 0.1348671811374404
3733 0.17130173367013293
3734 0.19627704885560143
3735 0.4885899050244601
3736 0.8569727635403508
3737 2.7220402486787187
3738 3.6772951824514672
3739 3.362048729294774
3740 3.4249911902810184
3741 1.733543279811403
3742 2.017220549512828
3743 1.2872367022931497
3744 0.5696907976943071
3745 0.6822648818897737
3746 1.357069122000147
3747 2.2606761451507946
3748 2.778240012927372
3749 2.564157152950658
3750 2.4676812021839414
3751 3.448264010694814
3752 3.577062453827314
3753 1.7805293045713861
3754 0.7235654881692902
3755 0.23645027206675265
3756 0.0012397662444087456
3757 0.10934975099878036
3758 0.055705658154693506
3759 0.16164113394279586
3760 0.470356045759039
3761 1.022631181120835
3762 2.475986574006465
3763 1.8317183995086341
3764 1.8465866935059452
3765 2.471862410959096
3766 2.4163219963679987
3767 2.0796621414126304
3768 1.8139002624778482
3769 1.4368135813391025
3770 2.131895852264004
3771 2.304357437796497
3772 1.7985219184988166
3773 1.1021309660720064
3774 0.8160300787312211
3775 0.5595949750587657
3776 0.08208894317024328
3777 0.06514292682384897
3778 0.006272303279506375
3779 0.22244771730378166
3780 0.8512018835408597
3781 0.9440884151143732
3782 0.7076141595334995
3783 0.3808374078530429
3784 0.16293909292309133
3785 0.005336984439213625
3786 0.018048249681103763
3787 0.05069299255068766
3788 0.08951936329266083
3789 0.10576028804978095
3790 0.001897842101280472
3791 0.12479158278853272
3792 0.001278440360031536
3793 0.1347377746701687
3794 0.19055899069324136
3795 0.13930096836594627
3796 0.0012343282047771638
3797 1.0664601491917596
3798 1.2921176570944652
3799 1.3402620347589898
3800 1.345020548444813
3801 3.3299091328235466
3802 4.718815883865843
3803 2.2061881915853156
3804 2.3249793953130298
3805 0.9813684591324425
3806 1.0877661111598795
3807 0.49739705483605634
3808 0.07507746198887384
3809 0.08485400571726885
3810 0.4002337873582328
3811 0.8125034078487761
3812 1.588287342184318
3813 2.6572252343488816
3814 2.746901667622963
3815 1.8436069857594304
3816 1.6088411303790575
3817 0.6847227882843253
3818 0.5087841556661166
3819 0.025965068528587328
3820 0.06075406086649643
3821 0.11429965982825521
3822 0.10567620444951492
3823 0.23868851486947557
3824 0.1077336791568888
3825 0.3281366051224359
3826 1.1638487337871344
3827 1.225846007068826
3828 1.600714668894181
3829 1.762828237644833
3830 2.2039841173261117
3831 1.9076082024619523
3832 0.9467443022007774
3833 0.9173938887832485
3834 1.853950357079296
3835 1.463322390828459
3836 1.318504020821162
3837 1.3690404971758927
3838 1.2933815527647083
3839 0.6155584641606769
3840 0.07325583920950522
3841 0.00467041636856623
3842 0.031491176389261334
3843 0.5034309516628095
3844 0.8199750194794231
3845 1.1837762252062354
3846 1.3602182431186023
3847 1.6920151174164857
3848 1.079253080034928
3849 0.8548867819729946
3850 0.3933308210615158
3851 5.225739786956892e-06
3852 0.026699376207983648
3853 0.0910043822969005
3854 0.2629630578379978
3855 0.08841161367590669
3856 0.017016255601418374
3857 0.07366538035173083
3858 0.05549469274795505
3859 0.14610922558333012
3860 0.06695040048764898
3861 2.0815608668703867
3862 2.5238402421470805
3863 2.7534019976863737
3864 2.33804288593888
3865 2.8404264887859476
3866 4.111391121898578
3867 3.0085273507782375
3868 1.7910925613893305
3869 0.5814923109153947
3870 0.8945843352124172
3871 1.2415818490097157
3872 0.6278352020938274
3873 0.6270628788135976
3874 0.8377861344849481
3875 1.2882882145644368
3876 1.5304898615471536
3877 2.092431313853725
3878 1.783199575347068
3879 1.9940909440656882
3880 0.69537915052162
3881 0.9010961791572482
3882 0.900352316127582
3883 0.6014055916553133
3884 0.006538938081684809
3885 0.01144704548277763
3886 0.017501874193216214
3887 0.002346743832306517
3888 9.110206402591521e-05
3889 0.013052164653477631
3890 0.8146418980496518
3891 2.515316555337577
3892 2.2950113455248307
3893 1.0611373032556934
3894 1.0381810526938957
3895 0.8280143159770421
3896 0.5388196059782231
3897 1.225539107989925
3898 1.1940338183438906
3899 0.9853921378341183
3900 1.5756729304912411
3901 1.250440552828844
3902 1.582499434494204
3903 0.8753898948109419
3904 0.24097914092929765
3905 0.06708177799740644
3906 7.600307902325231e-05
3907 0.3346234838545205
3908 0.4674990174653176
3909 0.9850979472047612
3910 2.3405350800172786
3911 3.2309315994043932
3912 4.4869460316666805
3913 3.378472908122728
3914 1.903591517519282
3915 0.4032299466715014
3916 0.01595772191911287
3917 0.02564839669638615
3918 0.2944426156205425
3919 0.3733274701803125
3920 0.5181090705886643
3921 0.8208025126239178
3922 0.30160211453469465
3923 0.15230057590444485
3924 0.036669952018634225
3925 0.2694250762614209
3926 1.0912099697319724
3927 1.4391123961697652
3928 2.086073098923066
3929 1.68714746438708
3930 3.35477081468003
3931 3.452446799859104
3932 2.514643869177919
3933 2.1933283541944024
3934 2.320095606447527
3935 2.1883769479892874
3936 1.3138871629663316
3937 1.6975380153821402
3938 2.286791073247704
3939 2.2369137512887227
3940 2.104736125792396
3941 2.0067669215239445
3942 1.2559935765581094
3943 0.847517906753559
3944 0.6145816385926388
3945 0.7402390066456854
3946 1.0076253633948105
3947 0.3009451346151144
3948 2.5182992527768697e-06
3949 0.06822357106645814
3950 0.20222034551904114
3951 0.02201594416295361
3952 0.0012300181851119078
3953 0.09513231603273914
3954 0.7354439603479715
3955 1.5909557116823214
3956 1.4639176539518202
3957 1.2037586724170157
3958 1.3432223376487271
3959 0.8359955567895496
3960 0.643618642687282
3961 0.8734119087070007
3962 0.648580938739168
3963 0.4788774285049211
3964 1.2828080380112672
3965 1.964708447682049
3966 2.4019726380119333
3967 2.6604118447900826
3968 1.0029970103166648
3969 0.6076232158958724
3970 0.014822368159281132
3971 0.11833641228902145
3972 0.47582733080176437
3973 0.5427812098074749
3974 1.0305666593145664
3975 1.5361025853989716
3976 2.1120246265816744
3977 1.2844044434702757
3978 0.6314700461616096
3979 0.18830114478996945
3980 9.720163424369796e-08
3981 0.10167633032399766
3982 0.37538915565943837
3983 0.3742972304961497
3984 0.4826284004438182
3985 0.2574719483302032
3986 0.20588659664673079
3987 0.04717925461736822
3988 0.0006282115125924931
3989 0.32548779860706745
3990 1.4521075561675267
3991 1.5435187685340077
3992 1.7448602660731716
3993 2.297729151740471
3994 3.740368625111937
3995 3.022688507187087
3996 2.44821038515071
3997 3.2698039082344126
3998 3.57918516483448
3999 4.099742381915153
4000 4.3768708141696875
4001 3.568211957578635
4002 4.052036265455664
4003 3.0899141452604595
4004 1.591792182468163
4005 1.4198953721785037
4006 0.7786379013606538
4007 0.8393921587200802
4008 0.8758187047610185
4009 1.1788511335726273
4010 0.8004554450984537
4011 0.3892328861391397
4012 0.07180820544266274
4013 0.17758701796559703
4014 0.12378719084418986
4015 0.02303127605794672
4016 0.28109908724457194
4017 0.7078130511471762
4018 1.560866018763979
4019 2.0083761124858923
4020 1.7528184058625
4021 1.8241393993307105
4022 1.430516441456769
4023 1.5212368400868153
4024 1.6522079907631346
4025 1.643733403223213
4026 0.8822877836950067
4027 1.0392553363085386
4028 2.0565272827546606
4029 3.0373868108362108
4030 3.3533665344068577
4031 4.163743753416012
4032 2.734786868524854
4033 2.098026542276866
4034 0.7949062643437963
4035 0.01808147742359883
4036 0.0054166879645735425
4037 0.14987181456676202
4038 0.0004269710843936171
4039 0.08694017359704656
4040 0.1630529159802834
4041 0.19488703187096534
4042 0.35186060084277393
4043 0.1304721769932275
4044 0.0003937008187431293
4045 0.011049147849343785
4046 0.0028290158457182192
4047 0.002510493488249701
4048 0.0002857771809700123
4049 0.06650138075579906
4050 0.13924415570904464
4051 0.05280912065064574
4052 0.026040778345817785
4053 0.07354317139683188
4054 0.2875799265525221
4055 0.478945940239739
4056 1.2027390555270963
4057 1.2408171913723198
4058 1.9709295008384775
4059 2.5654536844617866
4060 1.6961120924307749
4061 2.0471077021696096
4062 2.9638936902921746
4063 3.670071709505579
4064 3.4671555070343962
4065 3.2604863228550225
4066 2.2591179295260115
4067 1.330162966535352
4068 0.4220238155703193
4069 0.37105352363128147
4070 0.32784458220608226
4071 0.5886643541889088
4072 0.29726466359725057
4073 0.5593786127768988
4074 0.5420734389210317
4075 0.37468724089143607
4076 0.11623007685637536
4077 0.0025419166391035513
4078 0.0007035174077218248
4079 0.0418608213865282
4080 1.016766941696429
4081 2.7797459364048236
4082 3.350770050824842
4083 4.257048025823892
4084 3.119817843542188
4085 2.821773228631026
4086 2.149445598910595
4087 2.2875220375328675
4088 2.134169452629837
4089 1.838296590422778
4090 1.4938407981798618
4091 1.336164985318939
4092 1.355703681316773
4093 1.6843740917905745
4094 1.9949786870519086
4095 2.435154253495386
