 0
0 2.09766752681576
1 1.5232878688390774
2 1.746944226757242
3 2.008409762831301
4 1.2737740343971902
5 0.33603803962289674
6 0.28831370934182804
7 0.06979686972955372
8 0.5027881710978502
9 0.7233777818636834
10 0.4293638895788066
11 0.4391107743071577
12 0.6357907062730868
13 0.44739411843995425
14 0.5685583416798177
15 0.41088319333933704
16 0.7961798046697404
17 0.46504301231111184
18 0.22833154819208423
19 0.3314727031317907
20 0.38344262681568125
21 0.4889530672724661
22 0.028617959418013785
23 0.02497437256461027
24 0.09614945265851574
25 0.051834919448986
26 0.04596664003583542
27 0.025914725023871002
28 0.2592809167768424
29 0.35222007205358896
30 0.3465704092387628
31 0.8265402372313586
32 1.320159954395526
33 1.4785189242171892
34 1.3189150989135423
35 0.7342086038247899
36 0.5853605788649215
37 1.1179039650510594
38 1.7243272430067462
39 1.7782699778145925
40 1.2369638446240996
41 0.7508879660882902
42 0.6423712968378136
43 0.2584770380419751
44 0.390938289735495
45 0.1881659265800127
46 0.5499851582192427
47 0.5096702863232185
48 0.16838662849818803
49 0.07622202458371677
50 0.15017511101112238
51 0.003521740769840309
52 0.006812226461329549
53 0.0023412699034263836
54 0.0047626157744399406
55 0.0280396091272369
56 0.002137507986105639
57 0.024185394114225753
58 0.04096180227766223
59 0.0427600099491811
60 0.0006826779223162846
61 0.07589461612787832
62 0.13324368800350683
63 0.0732093194372114
64 1.485054638240698
65 1.3104945873563536
66 1.2604633492875323
67 1.1684521118278526
68 0.4358056600935441
69 0.050570766549239095
70 0.047241256370621654
71 0.04509883868266419
72 0.16798694162349037
73 0.06269105740047064
74 0.006296749084183021
75 0.00040945597760920044
76 0.2678603331131935
77 0.4940242247623757
78 0.9952055491005379
79 1.3606183667481035
80 1.5029534231531088
81 1.2052609906607725
82 1.2237106710609629
83 0.9966382795905141
84 0.716899612145963
85 0.6515703242834507
86 0.05372276482011267
87 0.010956836608821336
88 0.02500072166476816
89 0.04503034899957171
90 0.0997343003647204
91 0.0692880500370785
92 0.43644674256053245
93 0.48194998468739203
94 0.6414135904540623
95 1.1399904297914327
96 1.9559744075629797
97 1.8800730355776025
98 1.8339006918522964
99 1.9081851708013273
100 2.011861640926067
101 2.864363693068148
102 2.543275110248677
103 1.8428012445624637
104 0.5959771873540336
105 0.2759351531622893
106 0.17041678390162993
107 0.050161669166387195
108 0.039489908220828485
109 0.001086881751252567
110 0.03296424673741065
111 0.0013849355824819113
112 0.0007541172415374749
113 0.008844442574032671
114 0.0009078867073110875
115 0.0040187081878863265
116 0.006164840250427816
117 0.0004229433930250709
118 2.3372704576150427e-05
119 0.03476755199690081
120 0.047601860506623836
121 0.029476625654146143
122 0.001002814068463553
123 0.0006532810496360527
124 0.04525633082932555
125 0.020166048780024592
126 0.03437738604973898
127 0.001023029401945804
128 1.360690628539345
129 1.0881610361590084
130 1.2531252856643573
131 0.9590106211847984
132 0.4960064734993976
133 0.012165264880534427
134 0.004243439735553655
135 0.001301591655373012
136 0.03359508171247745
137 0.07560997653919718
138 0.0006324394370173916
139 0.0018301866118013647
140 0.0002259375726593068
141 0.04525791123092759
142 0.42749504516288134
143 1.0994004791102625
144 1.1082425136648966
145 1.1262556525098737
146 1.5048901018025882
147 0.6584405485043424
148 0.5529384895095073
149 0.4277907590606194
150 0.1454254233186412
151 0.017892864237554512
152 0.05395965649235564
153 0.00030420152337733
154 0.003214308893217894
155 0.014824696037398612
156 0.3435533280608898
157 0.4755183848149093
158 1.163146509348957
159 2.417782228751073
160 3.9113288055546427
161 4.387016457141016
162 3.983970245632236
163 4.517668998626471
164 4.051868714869157
165 3.114542082311057
166 2.784690194711161
167 1.9525361911834114
168 0.3831220772478026
169 0.12726869913914432
170 0.011246848087489094
171 0.0028550925165883208
172 0.033264154370114596
173 0.07029050986066619
174 0.10134144505694222
175 0.06651051096060341
176 0.0831791183273264
177 0.08439868295294399
178 0.044918566511583206
179 0.024650882913414097
180 0.05352060806503086
181 0.056378079325473986
182 0.04603624111103488
183 0.06797398680896909
184 0.006232024361503973
185 0.02115805802179475
186 0.0005346039384872991
187 0.26785419350363304
188 0.40450075454370255
189 0.11606594046170265
190 0.03184823397800924
191 0.0006662266534978636
192 0.9841619469661963
193 0.5264314474353702
194 1.0406287459190704
195 0.17142855835905263
196 0.0008689486482712981
197 0.12882311552969822
198 0.021586123999528087
199 0.020343207071055802
200 0.08561105102141567
201 0.4202684408081966
202 0.23794770288427924
203 0.3451700396698094
204 0.4095319071507705
205 0.6074977815202377
206 0.9719664295169059
207 0.7887746416868221
208 0.4166836325376256
209 0.42424900072123944
210 0.35329072853727156
211 0.06078710765875004
212 0.40705673141075743
213 0.19626117435918525
214 0.020599416622393788
215 0.256061291292013
216 0.1771719076480801
217 0.02932734643718234
218 0.030580154078612053
219 0.17411471604757578
220 0.8962912904797813
221 1.6879005795309985
222 3.0267753025701007
223 4.79206860779651
224 6.205239008048554
225 4.493799034996386
226 4.021929193852329
227 4.411241079825966
228 2.7305777755340466
229 2.7710766948378462
230 2.9974281428954352
231 2.3005061467994126
232 1.0927488229170956
233 0.44059804512645157
234 0.43114836228953496
235 0.4616453740976697
236 0.11136908194219505
237 0.002035888559309494
238 0.002036579684956687
239 0.018061693962490778
240 0.01785660872728061
241 0.19070117015654697
242 0.5581404869048516
243 0.34915703084321237
244 0.37513480510772745
245 0.3033009092875435
246 0.12606714797741383
247 0.011118400562800274
248 0.006142095744591897
249 0.02131215174820424
250 0.007391449682506125
251 0.13681150295790975
252 0.021078478490823328
253 0.004082968966612892
254 0.030356411314985114
255 0.42777570283030225
256 1.105269153853647
257 0.27617325129041337
258 0.5364991871014677
259 0.35664896186878153
260 0.005365137420937136
261 0.6643674642871388
262 0.7342770875938109
263 0.9157344918338803
264 1.7981819608970542
265 2.3019729051677857
266 1.9978027771391387
267 2.3762648945399834
268 2.1361036318208044
269 2.67685694281118
270 1.9329367549798073
271 1.1318075346056236
272 0.4673391564849511
273 0.5743625715330825
274 0.6491123393089676
275 0.48358678290015716
276 0.006676678580854836
277 0.002624441724083807
278 0.10041402895775443
279 0.10796741582347513
280 0.11801920423282929
281 0.3108729441370247
282 0.5680110080386054
283 1.3696609125568193
284 2.863623919330625
285 3.246633130947066
286 3.9152280709158327
287 4.647462649972248
288 5.664858702508345
289 3.52882107749287
290 2.707163253524209
291 2.5856821875859217
292 2.1210879033960155
293 2.878422380489638
294 2.9910140346306955
295 3.1024753497919715
296 2.4726640327443326
297 1.8140529083258554
298 1.4103418533805991
299 1.143641482634266
300 0.25481829006078044
301 0.15188532913776467
302 0.05383575345212518
303 0.0004746615482005462
304 0.08221845966478716
305 0.5087978618198263
306 0.9191283586088431
307 0.6170827640654422
308 0.8301935177829594
309 0.842332882607957
310 0.13380633278401224
311 0.010385031809277929
312 0.00038164069567729245
313 0.08218547730284388
314 0.0011683897394197326
315 0.11115030023356783
316 0.384197208010945
317 0.23930326774673605
318 0.23216414680964284
319 0.5787242526768152
320 1.7981537937231307
321 0.8837752506284312
322 0.4623765473380179
323 0.5448170299784392
324 0.23465355147340627
325 1.2045203749472826
326 1.3442857516386018
327 2.1633026892326317
328 3.0485541012589756
329 4.713356341684146
330 4.957509562525739
331 4.859143065312968
332 4.398735082863881
333 4.4961993940042815
334 3.473827822704652
335 3.168957672269341
336 1.0759986740583485
337 0.7617484409649328
338 0.6638830132291519
339 1.911250530115849
340 1.4305717211564721
341 0.6055993567809577
342 0.0890334854705027
343 0.06993878268588014
344 0.5238925985220314
345 0.8455928365661646
346 0.9207540661909452
347 2.5814986453033475
348 4.094707036195949
349 3.86527974700489
350 3.2587016741584707
351 2.7943583134425616
352 2.1980250214870054
353 1.9943612338588144
354 1.0166047355066365
355 1.0981476018356495
356 1.0003048718453182
357 1.8142669142294356
358 2.3688978072223623
359 2.825774598558763
360 4.5733219509643535
361 3.384047209716796
362 1.9911734645638401
363 0.9981970331434936
364 0.6394315063424715
365 0.42751062396302203
366 0.30009493100935836
367 0.02023505371895446
368 0.0005411009611649297
369 0.19468110524411839
370 0.5340543251533272
371 0.6760876873195346
372 0.8922309414931989
373 0.930724884294204
374 0.08030338004299759
375 0.0027932272630057206
376 0.0004551278467083549
377 0.19797127277580928
378 0.26875125353256846
379 0.19383604927650327
380 0.26671460275827635
381 0.3844700126938193
382 0.2794227059361863
383 0.47947014857404735
384 1.0995485497589992
385 1.0402087626691991
386 0.565666049772005
387 0.14533386695112385
388 0.15408230873246762
389 0.6784550906683442
390 1.9966301426206574
391 3.3370041345078514
392 4.242818221884041
393 5.51538086144312
394 7.560642713837131
395 7.111702501347316
396 5.633377942346807
397 5.322169973758822
398 2.9758822468493147
399 1.8884820669802318
400 0.9311706145156109
401 0.624230601055239
402 0.481327401586234
403 0.49168353688893024
404 0.49778422902692937
405 0.37003205276081874
406 0.04233660508771504
407 0.14809119340961902
408 0.08089634746584995
409 0.18230287140197024
410 0.8232685370908704
411 1.5091896623621983
412 2.834985170837951
413 3.137529839228492
414 2.0334298166009326
415 0.8917279782457227
416 0.4709934414747119
417 0.591485707599722
418 0.108237931335562
419 0.14686593727107178
420 0.25076029692589485
421 0.23799324433289157
422 0.5559548872804965
423 0.8004805921006075
424 1.4019032107162543
425 1.650503422983633
426 1.5538051719922423
427 0.6768341099551496
428 0.10980089297192339
429 0.058669403081582056
430 0.11133946618626533
431 0.1466794429169064
432 0.08765895687365802
433 0.0022846506357871253
434 0.35306578066497113
435 0.3166433527154859
436 0.5343003968074135
437 0.15995866866116126
438 0.07183867333288271
439 0.01952068896920544
440 0.01677059839635336
441 0.0005484731798888923
442 0.05191710164472337
443 0.023630927159666148
444 0.01715370143437994
445 0.08611659865238935
446 0.07408822650650175
447 0.07683872159589902
448 1.4997086085741598
449 1.1053921515436915
450 1.590297034628193
451 0.6982057629874974
452 0.09676127324147518
453 0.3355230636767727
454 1.2310436403347453
455 3.3156359417555663
456 3.246803152266943
457 4.726451739160963
458 4.734719818502925
459 6.3313403200626075
460 5.920409396558828
461 5.697012439259447
462 3.2299177025912265
463 3.0379016443583127
464 3.2867843645477217
465 2.5601698104204913
466 0.521538161591259
467 0.22013889805250555
468 0.006025929098265042
469 0.009981537415274794
470 0.23877772881065268
471 1.1023651587757644
472 0.3194025443191161
473 0.052396776237929134
474 0.23656417096295365
475 1.1764513617405448
476 1.1910323437204429
477 0.9732025339789883
478 0.275755062156091
479 0.3671644833840304
480 0.030058745600577214
481 0.0001391002872620554
482 0.02633126906633399
483 0.01196093880306998
484 0.0035064403435460466
485 0.0006273220010379516
486 0.004734521830074147
487 0.018082978137245086
488 0.07275952188578723
489 0.04549789344638873
490 0.09187327741742196
491 0.001440924053076317
492 0.03332764735899851
493 0.21746251560285448
494 0.009625111504423581
495 0.14704420922373337
496 0.3464725133006142
497 0.017824476260650278
498 0.07614597626913167
499 0.05362637805139433
500 0.6425044654405365
501 0.24200013983583668
502 0.22733279581397708
503 0.15156614511969788
504 0.373271915672307
505 0.09960133452778183
506 0.07937136466995502
507 0.1001085705269213
508 0.027033321771852456
509 0.04116011327998091
510 0.15801965374172533
511 0.010709511777401492
512 1.2680096656571638
513 0.894450878975051
514 1.5137956876100875
515 1.7785525181648687
516 0.03857631309118135
517 0.1489521259619243
518 0.40116574243215425
519 1.5166944274555365
520 2.368500552687608
521 2.716182669162721
522 2.7777410766133164
523 4.107682286449249
524 4.4255766680929565
525 4.3333007959254175
526 4.261111053387975
527 4.486845908610154
528 3.530584329531531
529 1.9598648738976077
530 0.8821626338627093
531 0.056799984727538985
532 0.0005736094758749061
533 0.0008040907160521227
534 0.022617055201472926
535 0.3008054243937369
536 0.4269561742928999
537 0.3183080260402119
538 0.6142077586576039
539 0.32275859378082095
540 0.4243032260275467
541 0.4605521317225066
542 0.1611481228259272
543 0.02947727648491198
544 0.007638536408377307
545 0.035570258787987495
546 0.05978561161397051
547 1.0579000306206606e-06
548 0.00907442529849623
549 0.028471227461120553
550 0.013744609472598528
551 0.009166168273521413
552 0.023035147821913685
553 0.03840874700910377
554 0.07777511405174167
555 0.5384114395858293
556 0.6812846408264207
557 0.5260400028613175
558 0.22472280689037466
559 0.010053662565149389
560 0.13970824891636846
561 0.004686916341176902
562 0.06536579944560417
563 0.06697557638127619
564 0.7713306362804768
565 0.5715340518038504
566 0.6471702071246707
567 1.2671769817875882
568 1.431480639095245
569 0.6159067193983023
570 0.38076163687007686
571 0.344008405536469
572 0.02011945271458092
573 0.08490583018105431
574 0.1274300977575216
575 0.11433845144233204
576 1.1653028808620696
577 0.8941149336401977
578 0.9069216392596072
579 1.707902484563899
580 0.42959242536944375
581 0.04014913618257436
582 0.007000590113468471
583 0.03334922444612322
584 0.9630638254953716
585 0.8126105125862351
586 1.3007601420317323
587 2.461731801081717
588 2.3196662536664174
589 2.727809993234502
590 3.6667719394804186
591 3.670906352835504
592 2.8319151611688786
593 1.0731078057919712
594 0.1494491124519934
595 0.050250647720387544
596 0.11692883676479195
597 0.10128601902357408
598 0.06603363208106997
599 0.06298504340445774
600 0.027267903832335905
601 0.11990682664160712
602 0.267422522939747
603 0.34434858994243966
604 0.41101151777376316
605 0.6962943411047116
606 1.0681242281978534
607 0.32329289845005665
608 0.010236320014017667
609 0.012780367383980992
610 0.23024145479371766
611 0.1664243000842748
612 0.023875289178495105
613 0.11246551571689102
614 0.08421106382640633
615 0.02208888563459733
616 0.07635472126207994
617 0.2576731162692472
618 0.49023055348115
619 0.9920620335232067
620 0.844401719652746
621 0.6923613733268243
622 0.3558154898335719
623 0.021703344865338627
624 0.02517749289473509
625 0.09491902695397438
626 0.24810617294723966
627 0.3999469540398064
628 1.0346866326654212
629 0.5230357999576413
630 0.8465472866583991
631 2.1003286568791215
632 1.676132611059169
633 1.1227186146910253
634 0.6585276496218005
635 0.5064755804633833
636 0.6456593365788336
637 0.34904404300774616
638 0.20879510060283066
639 0.26182601002396877
640 0.9313531556628439
641 0.6048081967206633
642 0.8226988954297073
643 1.025507400262695
644 0.370067584516435
645 5.9900455079143916e-05
646 0.20064505926825188
647 0.797088322409361
648 0.0668596315992262
649 0.06899770853217897
650 0.24479657320384635
651 0.24691188698785282
652 0.2959814450631863
653 0.9576967863881014
654 1.8314244449348704
655 2.5337972551725843
656 2.0528130497240493
657 1.2113871406283643
658 0.24556604125649592
659 0.263681492889958
660 0.22108910410859997
661 0.17759213887180123
662 0.21746644136491336
663 0.028102607980541552
664 0.12994728017969878
665 0.11218249273528787
666 0.268622514738362
667 0.31080992742118463
668 1.3181936438604542
669 2.102654047540545
670 1.2645779644135173
671 0.2187399167115451
672 0.011765136285190653
673 0.2492860284746878
674 0.4665244807904843
675 0.6049907314408629
676 0.20448182841712007
677 0.13764346866723545
678 0.13084763917712416
679 0.06360559700208136
680 0.09764387402770446
681 0.0594865863331755
682 0.4106250508212228
683 1.1875580939590358
684 1.1535122564038889
685 1.0835898028179258
686 0.3103377334261287
687 0.18498294009639896
688 0.46905972864778184
689 0.5210680636940636
690 0.7718687815326526
691 1.141001660254823
692 2.064116918877455
693 1.591209973687145
694 0.8894276940858032
695 3.3147144326605673
696 2.087046169691465
697 1.6832527345951287
698 1.577137483583142
699 0.6396698486764792
700 0.21152526483923872
701 0.32181729109420226
702 0.7132916198261007
703 0.5498111937301382
704 1.974974207716059
705 1.0156055748457058
706 0.8941211239071339
707 1.0331934936034073
708 0.4854798266641206
709 0.10791550676567419
710 0.12664102369486352
711 0.41325203456423554
712 1.0140126470464808
713 0.5338553206318938
714 0.10800468391645685
715 0.10763507154279421
716 0.05830670138202111
717 0.010331636119118977
718 0.312034186473262
719 1.1009065887236642
720 1.3138653981366408
721 0.849907746910371
722 0.1426158639171286
723 0.11087196622649133
724 0.10841098749354497
725 0.16347802014158014
726 0.4649440441694871
727 0.03291809712941964
728 0.04848457764185085
729 0.11916890270568369
730 0.1437286240006715
731 0.035368800220007615
732 0.8731626858857897
733 0.75393752662531
734 0.18260537031302546
735 2.2499417848128195e-05
736 0.17074823472513784
737 0.5634520107983699
738 0.21701252442016286
739 0.5001777660252746
740 0.1693257526966785
741 0.001035084321703946
742 0.008664665452367845
743 0.1593429005229808
744 0.6346192353743255
745 0.9226038259803317
746 0.8922665840222693
747 1.216036024950381
748 1.8959091478700547
749 2.719119812219558
750 2.49986414822908
751 1.5780143758964014
752 1.9387223328922125
753 1.987727338578199
754 1.792046820319284
755 2.1853526111965436
756 2.33179686211273
757 2.1041143210977777
758 1.5257139143918848
759 2.4869202670173443
760 1.9604185425691858
761 2.946639754747269
762 2.7952913244214828
763 1.8739362692227164
764 0.6886946493999773
765 0.7867729696842005
766 0.7003864214937545
767 0.5434837428422647
768 1.3902594834404438
769 0.8855375597010898
770 0.6239947688545089
771 0.796063311643099
772 0.19828409535418193
773 0.0010977978810429525
774 0.11998682355726882
775 0.43094822467105875
776 1.7479896892064795
777 1.9901210944114829
778 1.3784085438929257
779 0.7348770224908235
780 0.6061974168854013
781 0.1910448016226968
782 0.018685390966972363
783 0.23578894818062945
784 0.10099129199137476
785 0.07754452140081201
786 0.04735103727884783
787 0.09098956076891786
788 0.2216220612844753
789 0.7485795846715022
790 1.0796463101248595
791 0.46648071574001637
792 0.0666422719499265
793 0.008248755270591794
794 0.09789137870128398
795 0.2343751171685272
796 0.004092196358204705
797 0.00022373846891312314
798 0.07671398576615887
799 0.007761775849398512
800 0.059053441113194
801 0.7518026481361796
802 0.7674686362884122
803 0.7040103482726677
804 0.08879842452698283
805 0.001536525144802
806 0.2097033922455346
807 0.3261425610547163
808 0.6935447601115938
809 0.8755879430475431
810 1.0051152339993816
811 0.9177868058372916
812 1.2480052171066331
813 2.5696158478139393
814 2.424990952164724
815 1.8610132403195243
816 2.1386587967692816
817 2.1362900436403525
818 2.7629765256711667
819 2.0637249657574617
820 1.9174053664503796
821 1.8331078797462674
822 2.7197225031384056
823 2.826653780556987
824 2.374826857395892
825 4.058814132275264
826 4.365475685653915
827 2.7238101566919486
828 2.8437588719862656
829 1.753635251485398
830 1.7470106360434385
831 1.1681883598847524
832 2.423169339505708
833 0.7804985618813501
834 0.1946470765665698
835 0.04540327788786065
836 0.013593634898205366
837 0.19911435093828872
838 0.6692988922114593
839 1.4927593412199271
840 2.749765577703868
841 2.7421321416255195
842 4.907695522418062
843 3.2657963276013775
844 1.6139041451805973
845 1.0186086537273913
846 0.15400662388380099
847 0.015135923595030699
848 0.00341158615280919
849 0.05858219911509494
850 0.21323250749123715
851 0.14281412925583079
852 0.5555494723147231
853 0.8303834398680027
854 0.8941121602463237
855 0.2689561827904859
856 0.22921080879586328
857 4.05973968458087e-05
858 0.00022421992927197315
859 0.028462393527890734
860 0.014945504171787315
861 0.0003352318924598534
862 0.004494046193466421
863 0.05239903130352733
864 0.21700916314395496
865 0.7601408076495527
866 0.7412042616804388
867 0.8158302188059003
868 0.315464568759997
869 0.029666074712797728
870 0.6910782925416561
871 1.028961349325046
872 0.8639524009943739
873 0.9383893607933731
874 1.0151893706803292
875 1.7350343292931034
876 2.366011387652936
877 3.241107349939259
878 3.7451294430298367
879 2.910309744152688
880 3.0608162031126587
881 3.8716277256421123
882 3.2008917172842057
883 2.416760914212579
884 3.503574483335213
885 2.883547188021033
886 4.715397280754927
887 4.559504329353377
888 4.044393422731438
889 5.887661394988851
890 6.385907911313583
891 5.060749370183624
892 3.106923329055351
893 3.2919907500678485
894 4.012218214976375
895 2.3143240971619843
896 1.2383312009574428
897 0.14216166390684745
898 0.001898799453037461
899 0.045469694324216534
900 0.1612814953581465
901 0.5743095631027348
902 1.9777171828590565
903 3.4599329308744755
904 3.177776996054698
905 3.6096453572671234
906 7.052397448186121
907 7.65842513957477
908 4.216248818382203
909 2.3103975777932733
910 1.0604167785864314
911 0.5825070903364539
912 0.005179280832802519
913 0.1382273538633508
914 0.2883831033967583
915 0.5217374954999244
916 0.7197355661242978
917 0.7471486335303436
918 1.0055725956171142
919 0.28414135609045577
920 0.08465210710188607
921 0.0034089862792757854
922 0.007117059006485596
923 0.027182889440126493
924 0.15491688614229607
925 0.021817991799913887
926 0.0008931923611665339
927 0.0006272909385965887
928 0.17699838692078587
929 0.15055383179799028
930 0.12039194358650623
931 1.013157948533615
932 0.6313870726768868
933 0.4324480164977673
934 2.5562172367345544
935 3.273878775793468
936 4.05200949714593
937 4.139092410791543
938 2.9582493818282805
939 4.448334421290829
940 4.982507682502245
941 4.772589582588901
942 6.5512006958166085
943 5.70968650786817
944 6.388696167929449
945 7.173723593599476
946 6.244981944067693
947 4.514811171104204
948 5.276175424017225
949 4.234691346829494
950 4.625797361160085
951 5.721440488149977
952 8.982244240972497
953 9.417208346769886
954 9.1136907205859
955 5.25512337979172
956 4.667831969792993
957 3.9243566572609696
958 4.625180115265695
959 2.332924927490208
960 1.0712356286503177
961 0.3926059110721613
962 0.006157202149903733
963 0.04455437399182216
964 0.21741029901956174
965 1.087799395807415
966 3.8275929303140024
967 3.8865255152340006
968 2.9532942318415
969 3.9488799372154926
970 4.862202713982673
971 7.91493649778834
972 7.236301833823554
973 5.232988597424774
974 3.220170912095342
975 2.5329764802941996
976 1.0409037324644228
977 0.33380306537428245
978 0.0009440090880639309
979 0.06876065368081904
980 0.061800977070972256
981 0.11897049316702427
982 0.20765534165091437
983 0.14861635205173168
984 0.06129732677579023
985 0.0004971578252114099
986 0.07998127537111514
987 0.127457099216941
988 0.013253644410585528
989 0.008218633107790765
990 0.03160699791829059
991 0.06602290784537548
992 0.06877683159617418
993 0.0868830862522933
994 0.1984011843461044
995 0.037211271231567616
996 0.021257336280678583
997 1.2375368202008918
998 4.5496667010705725
999 4.972798779052475
1000 5.005475977058643
1001 5.07848435195074
1002 5.030621006218847
1003 5.69236616740345
1004 4.897945494170039
1005 5.2780375251274725
1006 5.7405716952632515
1007 4.185556155948794
1008 5.008522812082219
1009 5.777491226146606
1010 5.5271882059288355
1011 4.454974433696017
1012 5.108708373437333
1013 3.6597085403208465
1014 4.232666413941943
1015 7.494992019890291
1016 11.094640663286201
1017 9.41679638255805
1018 7.039095267879737
1019 5.6046475716544295
1020 4.4919629999169235
1021 6.158050285864543
1022 5.174060249806219
1023 2.7406660521616653
1024 0.5681476018387298
1025 0.2986521744501186
1026 0.006850337985250188
1027 0.12987757050776344
1028 1.027013520231719
1029 2.525746921353129
1030 3.38332969309969
1031 3.0753290343824977
1032 4.070567044618302
1033 5.3923084194252295
1034 4.937839886000446
1035 7.676827907953533
1036 10.475778386788418
1037 9.03725576990899
1038 6.98597513022799
1039 4.5095999794061585
1040 3.2859776216356096
1041 2.387487070696288
1042 1.0445735315932736
1043 0.06925572907202975
1044 0.014563397002473638
1045 0.057041846149884154
1046 0.0024200436015099614
1047 0.04055146386691613
1048 0.015485213163536427
1049 0.002698773948061114
1050 0.006515820769764981
1051 0.09824188001979829
1052 0.2672431521117395
1053 0.12341321650922665
1054 8.220681707608219e-05
1055 0.17714367075800527
1056 0.03563948414797467
1057 0.02260958972290426
1058 0.33822238009509764
1059 0.281742567524354
1060 0.23930246454791612
1061 0.3258718550633349
1062 3.3270779833341146
1063 4.054451072125589
1064 3.4681096091637764
1065 3.9908783887770665
1066 5.351192936671458
1067 4.78017578299219
1068 4.023594018445251
1069 5.11852203290244
1070 5.993256454684868
1071 4.177512199555356
1072 4.530888201541633
1073 4.771499762799219
1074 4.410939987262376
1075 4.161678030076017
1076 4.32400016952356
1077 5.859142484451536
1078 5.351625544905746
1079 7.251078025274364
1080 8.025449152256403
1081 7.91459796250447
1082 7.650070460840223
1083 6.966004070753173
1084 6.0508761346882105
1085 4.416528300938252
1086 3.8620223533363833
1087 1.9951891206546075
1088 0.3439131222758673
1089 0.25980900294432957
1090 0.0013799622840933814
1091 0.08192598049652655
1092 2.0290933261851825
1093 4.070889852243871
1094 3.525873305480365
1095 3.257527727713523
1096 6.092642366803589
1097 11.462339730189017
1098 10.56795119485919
1099 6.405006374007345
1100 9.100048430191848
1101 13.002487179384309
1102 8.920355501554097
1103 6.350730081313328
1104 5.585999579217332
1105 4.906967477790655
1106 2.8364483497894604
1107 1.1010648191119885
1108 1.1786064058267889
1109 1.4897624043043396
1110 1.003815016409879
1111 0.16566768397798803
1112 0.303551154908985
1113 0.24394463161054933
1114 0.16445112891513197
1115 0.026566431642319192
1116 0.15303358617984883
1117 0.06467488335331625
1118 0.011125347785205991
1119 0.7982946711135918
1120 0.10992174960851499
1121 0.14936391267577515
1122 1.87118303504837
1123 4.735704901065571
1124 3.585628176857536
1125 0.19605407109526624
1126 1.1990177719863853
1127 2.861074486919017
1128 2.2969844293403736
1129 4.625694409333283
1130 9.577468958911233
1131 7.490154849407436
1132 5.8075819051337625
1133 5.815102564460633
1134 6.3822345605764905
1135 6.561081105708996
1136 6.539010911421329
1137 7.885576140949267
1138 8.27147058421901
1139 7.9432836032982
1140 8.219941810415134
1141 7.993035892164561
1142 7.079023783871069
1143 6.201179824856413
1144 5.081138673170361
1145 7.310637425805879
1146 6.091309613933092
1147 6.366684869015888
1148 8.152676465146548
1149 4.512460889014234
1150 2.408862661268397
1151 1.6103988341394333
1152 0.2258700652318451
1153 0.1401280212503287
1154 0.0007612792734888837
1155 0.4278907493059622
1156 2.023809062151956
1157 4.34032430107721
1158 6.565032194349741
1159 6.841721959483284
1160 9.716494089029096
1161 12.703543782427696
1162 12.138012610825177
1163 9.129192394966323
1164 9.120245355713648
1165 11.784773848548086
1166 11.40468909020271
1167 10.542221650272866
1168 10.557055039111614
1169 10.307590224974145
1170 7.520020898684181
1171 5.225885977743591
1172 4.379000820686303
1173 2.7859705545860587
1174 0.9190289574853108
1175 0.24477149661444333
1176 0.0775875384351647
1177 0.11894842764697917
1178 0.28687629750801397
1179 0.009725066311832247
1180 0.03387002700276155
1181 0.009801815639214765
1182 0.1293569634825167
1183 1.2416364761260006
1184 1.1373943732867386
1185 1.7153019769389926
1186 4.50470311278681
1187 8.365079498700332
1188 7.8700659641583055
1189 2.5184423857311202
1190 0.11004146814519086
1191 1.102874022207854
1192 1.3354644862187632
1193 3.64576255239566
1194 8.804866690948991
1195 10.096794589104732
1196 7.36848573091358
1197 6.752081718330081
1198 8.04936174788562
1199 7.691819327373068
1200 8.690457812532138
1201 9.597908447568708
1202 10.974907701748547
1203 10.919330682082746
1204 14.392517357747058
1205 12.960786980838444
1206 9.616297484950946
1207 8.23642684699389
1208 5.365375462660674
1209 5.028139192638165
1210 4.539643293831501
1211 3.735006554140041
1212 5.022589078607531
1213 3.0916281713510205
1214 1.8093453108244248
1215 0.6661613542044069
1216 0.1583464453002802
1217 0.06861151893926079
1218 0.00023466086341494702
1219 0.5015549116469672
1220 3.075029112774813
1221 5.332178633131876
1222 9.100704533647464
1223 11.877573608487586
1224 13.894490709336718
1225 15.007883220549926
1226 14.386542972926076
1227 13.215437180531687
1228 11.460426149333593
1229 11.637351825194452
1230 13.874850107862924
1231 16.032408428831236
1232 13.864775547920319
1233 15.481814365409274
1234 11.83156572871766
1235 9.273081815691794
1236 6.379557085916167
1237 2.0469175759336693
1238 0.933003587651208
1239 0.2111544137391262
1240 0.3258013595757394
1241 0.0011385733598969646
1242 0.05425105676134831
1243 0.1831761186915483
1244 0.2402692244510902
1245 0.560826868915442
1246 1.087043562422791
1247 2.1447365289083287
1248 5.259402463831088
1249 8.28673356395572
1250 11.798070511215903
1251 12.100552825989753
1252 7.778002387136886
1253 2.721753985813303
1254 1.0057225052339687
1255 0.0016508862916528434
1256 0.4745859064784486
1257 2.0856440192827748
1258 6.168507293305813
1259 14.431751700664641
1260 11.453569561584107
1261 8.598374233872557
1262 10.06724304094225
1263 10.790517843015799
1264 11.21042956772768
1265 14.315015435284632
1266 16.856516526442014
1267 15.29141153360073
1268 16.475817515458594
1269 15.25406441428954
1270 11.867230245984524
1271 10.26784630445263
1272 8.446942927618514
1273 5.473127174748372
1274 3.9691425436151353
1275 4.446568154394094
1276 3.1924626907478624
1277 1.8149379156102639
1278 0.8286391449964757
1279 0.22665622482399736
1280 0.001890389643629287
1281 0.029182766658051775
1282 0.18329805505160218
1283 1.000448776604854
1284 4.060782590509859
1285 7.013914308722622
1286 9.82675788829519
1287 13.563457453259943
1288 15.493793664035353
1289 15.536452064072083
1290 14.95576392252065
1291 12.924823611681479
1292 13.851339741694032
1293 15.70095226834668
1294 18.19363341078805
1295 16.732290576546156
1296 16.392309148714805
1297 16.48396977384946
1298 14.98416861561759
1299 11.366290114915502
1300 6.318135688000146
1301 3.991279934948345
1302 2.7524746437598986
1303 1.66028791489578
1304 0.403984971765309
1305 0.0035820602391358446
1306 0.007418431972379555
1307 0.017516363401697346
1308 0.19086916157873982
1309 0.4562772258837951
1310 1.351367559675249
1311 3.357953135323377
1312 8.568131841435058
1313 12.210845229963466
1314 17.762498757291034
1315 16.031856539392887
1316 12.79024423572423
1317 5.032763176738577
1318 3.4650473457159174
1319 0.2782083471762266
1320 0.27784145924749576
1321 2.098101628614603
1322 4.241344330766913
1323 11.69862106303422
1324 11.236157798588637
1325 9.185570407686484
1326 11.00698181926301
1327 12.29407489615554
1328 14.117366788858378
1329 14.3614784516476
1330 17.043914950708206
1331 16.40189683148881
1332 18.023062471991143
1333 17.87641339848697
1334 14.16007228902221
1335 9.486078232876345
1336 8.66918626912088
1337 7.266768064086974
1338 5.205610319358306
1339 4.421980168750001
1340 3.5068439909873095
1341 1.8522386985450645
1342 0.6714776224526754
1343 0.23998391308711683
1344 0.017792912201726383
1345 0.08386566812426134
1346 0.28796178507756964
1347 1.958772144804139
1348 6.408443027188653
1349 8.240561977951348
1350 11.73088559579601
1351 14.336055878395298
1352 15.71008265391148
1353 17.02010825385755
1354 20.741349908886676
1355 17.69927356976826
1356 21.01983858170446
1357 26.38919963577509
1358 20.964669418730303
1359 18.146179901126583
1360 19.92305624237034
1361 18.97519600043433
1362 16.283363087402513
1363 13.74139808032632
1364 8.573632014220737
1365 6.99343581394863
1366 6.334735779798234
1367 4.267418224538306
1368 0.27536717260202614
1369 0.00809363102335487
1370 0.0033064965435885296
1371 0.06303228152408683
1372 0.0029191658111589465
1373 0.3402472659434302
1374 1.3100018539688751
1375 2.816853986597337
1376 8.683273414835803
1377 12.343139979391784
1378 17.416468985575907
1379 18.293622440707942
1380 12.535118906553723
1381 9.131249453021011
1382 4.843444819900419
1383 1.2688232507132184
1384 0.033884651373590154
1385 1.1657247923963938
1386 2.1531193758197857
1387 3.5502084179731455
1388 6.155171710391676
1389 6.901171209190214
1390 9.286966793079475
1391 11.352977910451239
1392 12.45976512801059
1393 15.53427054909982
1394 16.306354778517306
1395 17.33834116703546
1396 16.762974629206806
1397 17.320053325591424
1398 18.288376836054457
1399 14.720605126001859
1400 7.482391733516069
1401 5.851080502641624
1402 3.893699921808924
1403 5.907203044425951
1404 4.447948075295184
1405 2.8379507332878475
1406 1.4193614870886764
1407 0.44847177397237803
1408 0.09357907244199624
1409 0.06719140386672937
1410 0.7436472754492791
1411 2.983964086590763
1412 7.95946538342278
1413 10.372999477077132
1414 10.085730535532269
1415 15.952040618736886
1416 15.685317569015643
1417 18.49319655413338
1418 22.190891827886528
1419 20.819662752023056
1420 21.641896186994572
1421 29.946784572201718
1422 28.01164263718629
1423 22.744539702831105
1424 22.72409121772148
1425 20.63837598529414
1426 16.56653953349687
1427 14.616233868182773
1428 9.332306308147313
1429 6.723571127843999
1430 5.268122172055102
1431 2.063261552572206
1432 0.15604208580916076
1433 0.004351115423657143
1434 0.04460830480656679
1435 0.0025173164156839273
1436 0.0007287320740481626
1437 0.7907151745072739
1438 2.197525407604663
1439 3.7668389421307102
1440 8.233493917959029
1441 12.129546582565306
1442 12.57259172678725
1443 14.781782391341936
1444 9.729660133769773
1445 7.006614863243132
1446 5.275623628664944
1447 1.8173714307992117
1448 0.41888215935931666
1449 0.06972550644462794
1450 1.3854814364291774
1451 1.6106407463238548
1452 3.099325393201365
1453 4.784416342510886
1454 5.995919453509687
1455 7.227823480608016
1456 8.550111140296643
1457 9.497444127787023
1458 11.74852494763778
1459 12.289390971356884
1460 13.463399696779849
1461 14.865610261015776
1462 16.671864949761822
1463 14.581634722482015
1464 10.643937087829553
1465 6.325488497912063
1466 4.5331030256497655
1467 3.071980586787764
1468 3.949388304725425
1469 4.197880832561679
1470 2.1542846542053318
1471 0.480553597229251
1472 0.012976001114791065
1473 0.07293327858570749
1474 1.5504251225323389
1475 4.915630453816023
1476 9.834503629911332
1477 12.546887802350131
1478 12.330000302950621
1479 17.597837811761423
1480 16.632648531480335
1481 19.019063623021506
1482 20.804504696759025
1483 22.209396032518946
1484 26.411396729187892
1485 30.783523042075593
1486 31.567172464871074
1487 31.364106589082247
1488 27.02904495043706
1489 23.611019122770465
1490 15.553229621872577
1491 13.06943866210068
1492 6.668791247896324
1493 3.857149122753817
1494 2.9236132220150224
1495 1.3090290575804282
1496 0.04511137663956103
1497 0.17190032864223911
1498 0.09304104689298123
1499 0.0009908233372188271
1500 0.011681961808122695
1501 0.5134722996861485
1502 0.9768168378772691
1503 2.3117344828215147
1504 4.602461089579589
1505 6.980412889490155
1506 8.878927165442338
1507 7.639101044252407
1508 6.101663329285083
1509 6.259820950711862
1510 5.45835762671262
1511 3.3565358483150733
1512 2.031194053371589
1513 0.33099392951677187
1514 0.5455804902154234
1515 1.2266797840424633
1516 2.454986813336999
1517 4.188233366115848
1518 4.793037129637525
1519 5.671700818544735
1520 6.602908934359266
1521 5.601835420928593
1522 7.799039952964311
1523 9.573339450579217
1524 11.318122210782132
1525 10.952145649644315
1526 12.68172943427297
1527 12.48111186878972
1528 11.271391378591993
1529 8.102848123339953
1530 6.766290857679245
1531 5.288193590702089
1532 4.707858288928541
1533 4.23162167251055
1534 2.655551908126506
1535 1.1869818767482117
1536 0.342819210722388
1537 0.5321839684343306
1538 2.3128674136202525
1539 5.91570783188592
1540 11.348456036972067
1541 12.353135360129029
1542 14.356882061954115
1543 17.836721581682717
1544 18.23192391960667
1545 19.538583083380765
1546 19.280118579996586
1547 22.23243275656701
1548 28.34348701456653
1549 34.73263162321297
1550 32.49703904651069
1551 34.22992547535565
1552 34.33670493637626
1553 31.29993711393837
1554 22.36909849391345
1555 13.663784392086024
1556 7.367143339282275
1557 4.795777381157644
1558 3.2022197328937354
1559 1.4225062676207216
1560 0.20504570342233436
1561 0.10660340927616456
1562 0.35951435536308635
1563 0.07221935231947557
1564 0.0025716029883953665
1565 0.0005101619008238169
1566 0.23264896086751277
1567 0.4457223337718463
1568 1.1823900250507626
1569 3.620506899004349
1570 5.378221174408961
1571 4.424688776427735
1572 5.751649055587314
1573 5.893885493090985
1574 3.367814388330617
1575 2.6970686316390804
1576 2.1104874873628754
1577 1.5733217807651092
1578 0.052504034001863306
1579 0.304179200936631
1580 1.1071308695117235
1581 1.570275265282191
1582 1.8055593529131928
1583 2.038505602247734
1584 2.4950484807331996
1585 3.8668092828339944
1586 5.642805340194821
1587 7.308119628614721
1588 8.942270504113543
1589 11.200302835579778
1590 13.445954920675945
1591 10.070482699016402
1592 9.300633469181214
1593 8.52409228123708
1594 5.915853433657374
1595 4.763954646170327
1596 4.649401027109094
1597 4.551868506594029
1598 2.8196116968685905
1599 1.492474177082764
1600 0.5679813948210276
1601 1.3768021967078832
1602 3.170365681654486
1603 7.299893597027252
1604 11.38474233131425
1605 14.300811634665083
1606 17.691420247047716
1607 19.283135297582334
1608 19.21123504070511
1609 22.26611404446605
1610 20.689631697863614
1611 23.642453172901348
1612 30.130964688545294
1613 38.51573237674411
1614 43.12188425868712
1615 40.02244854283725
1616 35.75932104660919
1617 35.35207907795477
1618 28.002362316439545
1619 18.55871297824636
1620 11.322534210110486
1621 7.669559322144107
1622 5.853325874238229
1623 2.595124547281233
1624 1.6968123655673046
1625 0.8616636253583623
1626 0.8248760891553756
1627 0.6884932245270022
1628 0.25503902074488655
1629 0.0974609004105327
1630 0.38383703297574095
1631 0.5213159280751877
1632 0.5124145575550746
1633 1.0489946057087607
1634 1.4254364099363968
1635 1.7747418752594002
1636 2.786551613965182
1637 5.203261147873233
1638 5.972249834728619
1639 4.298706834665209
1640 3.3723676451832136
1641 1.6099524495456472
1642 0.16475805725547457
1643 0.43710640014987373
1644 1.245272527653409
1645 1.4109425108392444
1646 3.006215681458102
1647 3.1648227695363977
1648 2.8581659537994786
1649 4.699810379861308
1650 5.739664457300778
1651 7.866990586402904
1652 9.03839757223289
1653 12.6576422686881
1654 14.288589504114853
1655 10.26945602207351
1656 9.890901587686836
1657 8.050731761163927
1658 4.2555679760575265
1659 6.3355109670685685
1660 7.496449619186359
1661 5.559680884837976
1662 5.087062050682071
1663 2.5727000630969483
1664 0.3803384542463305
1665 1.065609746572365
1666 3.9274155078962925
1667 7.599138191665543
1668 10.528984905990068
1669 15.610885666218705
1670 19.446107180846447
1671 20.093554442161842
1672 18.560347780091647
1673 20.30263737697264
1674 22.06880199824075
1675 24.349126411826337
1676 34.004173774651576
1677 44.18952116643224
1678 49.04200441741727
1679 42.59159008936433
1680 37.62861051439598
1681 39.224782753111484
1682 35.93130667844268
1683 22.367608296505033
1684 16.28280545460292
1685 10.866514664997537
1686 9.07095079231766
1687 6.87384964240176
1688 4.345059713564886
1689 3.796451932002587
1690 2.317568653815374
1691 1.652181598118412
1692 0.8659005132762438
1693 0.7688598162263567
1694 1.488508622721777
1695 1.402408579694616
1696 1.3438335931380063
1697 0.9194290164706398
1698 0.28432210394878127
1699 0.250088363117771
1700 1.2231158660977597
1701 3.5537291624743985
1702 3.90412607399386
1703 1.8707223402563593
1704 1.1251653054395767
1705 0.3910654932195027
1706 0.004002679684000275
1707 0.5369845657237704
1708 1.7483836661875256
1709 3.2840935596809473
1710 4.552308651414379
1711 4.359304130835609
1712 3.918062449878096
1713 5.470309638341531
1714 8.02123144190531
1715 12.013426241437255
1716 11.948360241357419
1717 13.560146969221604
1718 12.814332906791956
1719 9.457168026922915
1720 8.031327098660853
1721 6.562847838198477
1722 6.20605779656044
1723 7.082764485271434
1724 7.947358761012762
1725 8.024530605606628
1726 5.599326401653352
1727 3.9113650903704964
1728 0.9404300884878266
1729 1.0103260411173136
1730 2.7962012189513965
1731 7.509672412474338
1732 10.579115932485275
1733 14.08287654772802
1734 17.231026074156595
1735 19.463565668298784
1736 18.02865491464176
1737 19.26574949827091
1738 20.98857006382796
1739 21.328994109792536
1740 31.86925396270822
1741 41.06899052760068
1742 37.61614867540678
1743 33.86229127159878
1744 32.42886404021229
1745 38.48951081493907
1746 34.60156291061298
1747 24.31880155947125
1748 19.197605154590303
1749 16.031571514921172
1750 10.648647153746515
1751 7.888258566254414
1752 6.525279787035542
1753 5.062557521630567
1754 3.5275058442508667
1755 3.244979981381548
1756 2.6822733843589512
1757 2.8671734429194364
1758 3.078061721777959
1759 2.3295489863359795
1760 2.0849644314720743
1761 1.22543255338834
1762 0.3807642538768293
1763 0.0655311805472008
1764 0.6355115739088897
1765 1.0048853877928674
1766 0.9012699353536316
1767 0.19042348872489137
1768 0.0023692071129695143
1769 0.7375971510346845
1770 1.1223809281560881
1771 1.636142762135911
1772 2.5814361122626432
1773 4.223526200793825
1774 5.513527934934837
1775 6.757215139287837
1776 6.1857757131719655
1777 5.903663232496992
1778 8.016480121844044
1779 10.962457420272507
1780 10.733227854307762
1781 13.31393281302202
1782 8.642014321762566
1783 8.283623106866205
1784 5.641253217540764
1785 3.778080067048416
1786 5.825533588535107
1787 8.256618653346802
1788 11.440031803908322
1789 11.523103196716317
1790 7.490944811061969
1791 4.032285831624554
1792 2.5909401061501374
1793 2.4491539442863326
1794 3.1639562760939866
1795 5.839283538298498
1796 9.125537854230984
1797 12.50222016110373
1798 16.319955561343345
1799 17.28747878093695
1800 17.529757440482324
1801 19.28884221125853
1802 19.29403562395288
1803 19.944643693384645
1804 30.14855166360738
1805 37.84737274169423
1806 32.552669786257994
1807 30.681047540823613
1808 37.48507477719768
1809 37.780448658317376
1810 32.71644622366755
1811 26.240903568165308
1812 21.451653343665612
1813 17.72781718161861
1814 12.124013894236159
1815 8.171246675184808
1816 8.019296707681608
1817 6.687979435370511
1818 3.5641572701232334
1819 3.3704002540937155
1820 2.061363720782114
1821 2.744653866133849
1822 3.1711093992117023
1823 3.446165550357433
1824 2.892708591896688
1825 0.5981867117394705
1826 0.14531741653394786
1827 0.029496138973277262
1828 0.035651123712375804
1829 0.0009673801756718413
1830 0.2775819743886862
1831 0.4827021670641485
1832 0.7607205502103288
1833 3.041672565000123
1834 4.086376861313676
1835 4.081582949634472
1836 5.1035727244196
1837 5.647324998190381
1838 5.785597264803205
1839 5.953660931780664
1840 7.390535779311992
1841 6.198570272705781
1842 6.930754568710595
1843 8.243676979396119
1844 8.00412536865346
1845 9.517005731717953
1846 9.017340031757529
1847 6.943013736709839
1848 4.886758456349242
1849 4.643846584355652
1850 6.010233361165409
1851 9.5438591689444
1852 13.801767122615916
1853 14.938584537789454
1854 6.972705841044574
1855 2.5813835843069817
1856 2.742009839342016
1857 2.7058247282710495
1858 3.0866516214771273
1859 4.882867287041439
1860 8.098747605228644
1861 11.512850547036619
1862 15.854720486578344
1863 16.266637282984643
1864 18.831207932664825
1865 19.307074231258248
1866 17.579376196460903
1867 20.042323685664087
1868 29.450421230285794
1869 40.17265701231698
1870 37.88238058570996
1871 36.70176974410731
1872 35.8947732815829
1873 31.833407396080275
1874 31.31009084858625
1875 25.207889671165663
1876 23.894025076323743
1877 19.38034873664824
1878 15.090563639322655
1879 12.930023143173784
1880 11.374109239799584
1881 8.142816058560298
1882 6.2343911882182255
1883 4.1176326470591915
1884 4.105582052548425
1885 3.871712134276426
1886 4.33067863702582
1887 4.743773180066721
1888 3.052801491566081
1889 0.974102128695705
1890 0.16802361702415505
1891 0.29240355368240345
1892 0.844314083181063
1893 2.047701209603579
1894 3.1464169866490854
1895 3.7954077432174174
1896 5.480031001571508
1897 7.600048680121481
1898 6.820363460075351
1899 7.057718246903134
1900 10.516850125242435
1901 9.665830062949862
1902 7.878494223168327
1903 8.65859843614353
1904 10.8580190757595
1905 8.969774733456108
1906 9.329435636640723
1907 8.84146105082858
1908 8.060942844681879
1909 8.425106740820196
1910 8.062658874423024
1911 6.079722694031952
1912 5.984336642514632
1913 5.071989214434514
1914 7.389737292952531
1915 11.836338126724469
1916 13.094515886069109
1917 17.717177484885088
1918 9.788279837116233
1919 3.860934935681199
1920 2.6815702860579873
1921 3.126012092678023
1922 4.0451381263533355
1923 6.284480184303156
1924 9.280242977310468
1925 11.978296318873033
1926 17.45921355277619
1927 20.383501653140893
1928 21.246311168010944
1929 20.10342524185161
1930 16.304870667609634
1931 19.163994285001106
1932 26.013382280068676
1933 34.04507916290191
1934 37.872390509131776
1935 36.333738155793895
1936 36.310287183216225
1937 37.10564823718958
1938 34.592313524639756
1939 28.17336012804082
1940 25.542326075160723
1941 20.95782152011338
1942 17.86833445617873
1943 15.99152857777533
1944 14.875947808403124
1945 11.717291338386163
1946 11.589917557316282
1947 9.487679537979359
1948 6.832384543506782
1949 5.96662972233239
1950 5.2507523219444465
1951 4.2708954570078035
1952 2.890013645240858
1953 0.9844013034641934
1954 0.05361338082136445
1955 0.18187937724856076
1956 0.45182567478463725
1957 2.508741025459629
1958 4.439789406564557
1959 6.057757715391872
1960 7.679074384138674
1961 9.321355738667343
1962 8.874416983373
1963 10.331747920936623
1964 13.379956695286088
1965 12.889797482676196
1966 11.248138234649598
1967 10.993940427294602
1968 11.905024660901912
1969 9.39574693862427
1970 8.217305582345793
1971 9.446726729777275
1972 9.145277602601862
1973 10.588827813087065
1974 8.215048692643762
1975 4.481342321971679
1976 5.807686919744596
1977 7.36064557711025
1978 11.494208585332185
1979 13.560555784251983
1980 11.446105292801604
1981 16.87777489561962
1982 12.200420082139553
1983 4.907653465159716
1984 3.346264906556194
1985 3.091374910082002
1986 4.414481531596594
1987 6.539272828337778
1988 8.95902448988045
1989 12.68263603482408
1990 17.460591979952802
1991 19.010122630933935
1992 20.992419513870814
1993 19.280887936097415
1994 15.21240149852987
1995 17.626508650014095
1996 22.35796479348825
1997 28.13617858147109
1998 31.72232362306131
1999 28.646906253005916
2000 32.046623562370655
2001 35.0988325953898
2002 33.62133028894308
2003 26.987998720931014
2004 22.489784514256634
2005 19.410618667518605
2006 16.862433799404457
2007 15.602518437913
2008 14.792633071340077
2009 13.179001275747135
2010 11.700178748843447
2011 10.04873664087937
2012 7.099347167264057
2013 5.142772292718693
2014 4.8566466593254605
2015 3.1588191719498337
2016 1.8864322981099486
2017 0.6512932678871808
2018 0.06683368793321331
2019 0.0944181135598074
2020 0.2971753092529447
2021 0.7745277126539625
2022 3.1418788535312085
2023 5.275429734442178
2024 6.92166923624274
2025 8.753359534641536
2026 10.363963098534546
2027 12.204049306288843
2028 13.376522637680775
2029 14.139682114999152
2030 14.872902632947193
2031 14.147413990493378
2032 10.707058556187937
2033 8.006469747187355
2034 7.061539940940487
2035 7.6733990759368265
2036 9.669553529945969
2037 13.456319266140179
2038 10.34400465329499
2039 4.7701608915912095
2040 7.036344945280775
2041 10.243247293893518
2042 11.74511364701975
2043 10.019882413378912
2044 11.5279223596734
2045 16.027332734427212
2046 13.13963154529184
2047 5.1015204390807325
2048 2.050270585630291
2049 2.5118003345310638
2050 4.7159071754180175
2051 6.1224907231855
2052 7.649310072694499
2053 12.305038535219687
2054 17.66486246503016
2055 17.0543110562527
2056 17.300116629730148
2057 15.276484441873668
2058 12.197361532624281
2059 13.597538778524068
2060 17.549532983586616
2061 23.47295653215185
2062 25.493125206194204
2063 21.980098573531357
2064 29.031076469047697
2065 34.38547704048153
2066 31.056564290862553
2067 22.72983351909594
2068 21.428206224934055
2069 17.171304036961615
2070 16.016832504160693
2071 14.739303433192763
2072 14.289269476624078
2073 15.95021722810468
2074 14.406097253756416
2075 11.752417751239918
2076 7.444542293835159
2077 5.677872070494952
2078 4.39923002262484
2079 3.0035595809568383
2080 2.2919811601866664
2081 1.11609422035017
2082 0.2768517554179006
2083 0.001478100472374027
2084 0.05848855798386165
2085 0.5077659989885925
2086 0.9491254281491256
2087 1.6108971160229455
2088 3.199903118580399
2089 5.598338970346431
2090 8.27417807988803
2091 8.927737446976783
2092 11.258999217358738
2093 15.896207210958652
2094 16.306004524024857
2095 14.511072848443831
2096 11.914002983202122
2097 9.02405940248545
2098 8.544653638631848
2099 10.468182001394082
2100 8.64557255081735
2101 11.153541318884791
2102 14.27884854051411
2103 11.176791323889368
2104 10.84060682594089
2105 10.543823687914625
2106 9.584738699025452
2107 9.586794580458532
2108 10.55140035742139
2109 15.384077475819982
2110 12.309307125873167
2111 3.9948366371473645
2112 2.5904865682473717
2113 2.264509116636857
2114 3.4859744161992117
2115 5.212267876339028
2116 8.206814607428663
2117 13.213687794549815
2118 16.798896093765087
2119 17.217761638164976
2120 14.893369620593297
2121 14.467947347163536
2122 11.457762726369973
2123 13.056382035928209
2124 17.483334072237444
2125 24.52373323612114
2126 25.734090910581692
2127 22.68001146678642
2128 27.94430450786028
2129 34.57905704420152
2130 31.626604945916355
2131 25.265936811018214
2132 21.949659859262457
2133 17.928618126703853
2134 18.181829051030938
2135 16.695915271255704
2136 15.14604069645444
2137 16.655443513829304
2138 16.556382788069204
2139 13.50556288987959
2140 10.309148583710067
2141 7.2631139382114895
2142 5.742763883729598
2143 4.314642773844174
2144 2.9337369694054396
2145 2.2088573503192612
2146 0.8629248508933939
2147 0.16278378974325228
2148 0.06227925612983353
2149 0.00420749378573938
2150 0.2358905340278437
2151 0.5888063673129117
2152 1.6673362518778432
2153 3.5177245024343393
2154 6.622486728663083
2155 8.804510447576556
2156 11.410381055202539
2157 15.018593245749186
2158 15.348698890502007
2159 15.850305903620772
2160 14.638975768156815
2161 12.405588698372382
2162 11.72465545443154
2163 11.323406004010788
2164 8.680220434351
2165 7.730548300724809
2166 14.214684604682017
2167 14.16760755273888
2168 14.78103108406498
2169 10.532310524753605
2170 10.940134997206352
2171 7.9978772999217185
2172 10.029095838719952
2173 15.258712908562138
2174 10.003356754793405
2175 3.5386742434312617
2176 2.3663497758680965
2177 1.209504263358841
2178 2.0041271384828727
2179 4.49418528117087
2180 7.939965380981187
2181 12.630195813164555
2182 17.105132704158994
2183 18.115309141750398
2184 14.279959506559596
2185 13.898327804336448
2186 12.441538938785897
2187 14.870808385213902
2188 19.08765501128744
2189 28.646230812891947
2190 27.352020351309573
2191 24.93341153788159
2192 30.96785879809803
2193 36.339089216164005
2194 31.780400671839573
2195 23.706113126085572
2196 18.97776234067294
2197 16.068654026762694
2198 15.828178798230098
2199 17.94845723329857
2200 16.773473280587293
2201 15.529904677614157
2202 13.430873749190651
2203 11.163618700018105
2204 8.226481185488652
2205 4.9294922690719245
2206 3.521763157725192
2207 2.8429412273198187
2208 2.458389645014673
2209 3.6804039743229287
2210 3.066131699147943
2211 0.9371267889126415
2212 0.20833940583248914
2213 0.013391655098893548
2214 0.16413999819249583
2215 0.9605483380052714
2216 2.545165662330926
2217 4.0303059943413935
2218 5.282189877268117
2219 9.480948729162924
2220 12.593081533479118
2221 17.29377206978767
2222 15.204293344179334
2223 14.144567784685384
2224 13.844370103112775
2225 15.218233002733584
2226 14.37965243346102
2227 16.003866084217456
2228 14.656593949378873
2229 14.035877275080503
2230 13.95740248277796
2231 15.190822253586752
2232 14.75381236737017
2233 10.810697175237618
2234 9.77291599136167
2235 7.9312014490161955
2236 12.719307607277377
2237 15.97442296198205
2238 7.121080459259917
2239 2.7087359028754707
2240 1.2361149676891643
2241 1.5245161106753295
2242 2.0311047802469133
2243 4.084479082294305
2244 8.257859961571302
2245 12.329907265029886
2246 16.729316361661983
2247 17.03785065002215
2248 14.990332815589992
2249 13.852576563280614
2250 12.775037640800281
2251 15.905272068070506
2252 20.97982865349855
2253 29.884066703265383
2254 29.871327864411924
2255 26.500891622988917
2256 29.537897352942867
2257 31.23629668361737
2258 32.45601646707325
2259 24.813209351625893
2260 20.57616099882933
2261 16.92373217359813
2262 17.016057648617338
2263 18.101184625384207
2264 14.032201802106234
2265 10.644345362834732
2266 9.024137428148338
2267 8.223232795678967
2268 6.502274904236733
2269 3.858685009126277
2270 2.1163243280126256
2271 1.9197357993230404
2272 2.7386532036299296
2273 3.5136224117742776
2274 3.303113113260955
2275 1.4335695445034873
2276 0.5226625493608315
2277 0.05065118414042875
2278 0.0014575122903119654
2279 0.09657197586459065
2280 0.7523116564463463
2281 1.8913232154275945
2282 3.299122517357369
2283 6.3559464239628065
2284 9.92613948645766
2285 12.716260084297977
2286 13.002099516107073
2287 10.638763409607895
2288 12.646153462769007
2289 15.256915644208314
2290 14.253648627941962
2291 18.367572632630218
2292 17.66853936207098
2293 19.365366916104072
2294 14.38485307254366
2295 13.259140536021514
2296 12.095533440013073
2297 7.759440420652571
2298 7.300664578872742
2299 7.2223895231681645
2300 10.424018160414763
2301 12.409031863626067
2302 5.578779333436431
2303 2.185043192905118
2304 1.2210446318976167
2305 1.8624263504155527
2306 2.2555279989924757
2307 3.3631570146272756
2308 6.21373945961088
2309 10.304856417196188
2310 15.281341358519665
2311 15.872007086305205
2312 14.545370357022158
2313 13.026159155525145
2314 11.428405047672536
2315 14.798877303313256
2316 20.518881654330983
2317 28.861703017663743
2318 30.01369607687097
2319 27.426271373883406
2320 30.33658367404818
2321 32.013852136109726
2322 31.92893335869243
2323 25.11814765598006
2324 20.844187750174182
2325 17.82785859524732
2326 13.602905228255972
2327 12.216219333059277
2328 10.395037433305427
2329 8.184886934189674
2330 6.727041041536639
2331 4.850573101038221
2332 3.7723823448406666
2333 4.258991484677602
2334 3.9014563556548074
2335 2.5822708956622806
2336 3.7604912864028104
2337 4.6705038081772505
2338 2.8129363506850753
2339 2.2475239084065612
2340 1.9502825275658762
2341 1.5123441840004785
2342 1.2485235143887468
2343 0.6243203069007762
2344 0.01187289523896953
2345 0.29539645012863347
2346 1.8458790947515766
2347 5.933098085922313
2348 10.467533377972149
2349 9.891913182814216
2350 12.048404792944309
2351 11.82304574064135
2352 12.114850008891032
2353 13.998402980298204
2354 15.373844044355527
2355 20.631745871359687
2356 22.668253336252796
2357 21.37288667616856
2358 13.93751162534131
2359 11.319020185623948
2360 9.138772120015222
2361 8.511099191856582
2362 8.737576513976315
2363 8.756831864717007
2364 10.721098943014391
2365 8.0857621075042
2366 3.537645805829509
2367 1.8725367942491338
2368 0.6884377385150765
2369 1.4350338061317474
2370 2.7995269912603207
2371 2.8413066341580095
2372 5.2250250066240875
2373 9.265205350927587
2374 13.213013160726309
2375 14.19453142658949
2376 14.29726803144728
2377 13.918336602000478
2378 12.703737027966065
2379 14.139576534639971
2380 21.326910599676186
2381 30.537257952040868
2382 30.98004696570445
2383 26.021892520685288
2384 28.759009123622853
2385 33.39180687258219
2386 34.27103902356673
2387 26.321296644699668
2388 22.219638406772468
2389 14.038953649385371
2390 7.932733272046947
2391 6.013342836210944
2392 5.095384004808435
2393 4.739644255328524
2394 4.145995001134613
2395 4.092127138966424
2396 3.9831929620441517
2397 4.132787742475951
2398 4.213002450920803
2399 4.235601827930672
2400 3.5125120913853944
2401 3.927617502843531
2402 3.398407021722498
2403 2.8005908513281104
2404 4.494516534523674
2405 6.469736558875576
2406 4.412485584731209
2407 2.827356803633464
2408 0.9839604611299227
2409 0.14139715344342715
2410 0.6189588688258011
2411 2.948658875438921
2412 8.052833669366905
2413 8.599680168015386
2414 9.938426211746282
2415 10.795040778631163
2416 12.90232134235936
2417 14.240636530769907
2418 17.01793147766673
2419 21.72306549762037
2420 24.602367992062746
2421 20.88567799528972
2422 14.56862107331405
2423 13.13938288038709
2424 11.010608223531861
2425 10.747663358076723
2426 9.774812008941392
2427 9.688246729638857
2428 9.625561088396989
2429 5.328237475246283
2430 2.546159083873814
2431 1.1812080174309847
2432 0.07368973360966453
2433 0.8383408550182795
2434 3.1038613223575475
2435 3.6875616587770983
2436 5.900751821458861
2437 8.705591669476535
2438 12.068503235652457
2439 13.239949585105839
2440 14.17919675090681
2441 13.706077080195541
2442 13.476184145561396
2443 13.914059067588598
2444 21.629328054731662
2445 26.86689036236828
2446 27.700861464793405
2447 27.497376338429248
2448 28.296687825311338
2449 25.928436813990597
2450 27.34076974358981
2451 25.219673437022813
2452 19.885601450224346
2453 10.08095438955168
2454 5.556804586541938
2455 3.405119920847855
2456 2.188968841671063
2457 2.502216337912523
2458 3.1361161268287265
2459 3.932180360710043
2460 2.932520413303761
2461 3.209625243994752
2462 3.35792175305814
2463 4.043145121947782
2464 3.90438206201228
2465 3.3176108841289653
2466 3.554844349507636
2467 6.010034385482724
2468 8.408384197317496
2469 7.675814489715646
2470 5.621834986167988
2471 3.07309980839224
2472 1.2396603675393818
2473 0.12145018443096586
2474 0.20356660630959872
2475 2.3896394202265783
2476 6.164153662505611
2477 7.270492864412925
2478 9.822784647821747
2479 10.203732745201728
2480 11.536068253905416
2481 17.328118720454103
2482 20.547961465843947
2483 19.692067588738272
2484 18.417444991886153
2485 18.806979851537218
2486 16.349646411568894
2487 15.237658384611093
2488 10.921968170551034
2489 9.102696894226138
2490 7.1185505592508465
2491 6.348898878422458
2492 7.1358765602561025
2493 4.4198433561886254
2494 1.6272361624432132
2495 0.4848930638080367
2496 0.054141457809762254
2497 0.6824347017315412
2498 3.6089053616492905
2499 4.794696482993317
2500 7.59473283218914
2501 9.279764857125068
2502 11.211472025668911
2503 12.070829691519846
2504 12.609352632683764
2505 14.624273429196817
2506 15.291096442239104
2507 14.142459497661093
2508 19.34711325294028
2509 21.960886037737637
2510 29.7267870985872
2511 32.16524280213658
2512 32.68220870459579
2513 32.22836316433763
2514 25.05449003783555
2515 19.992490569032935
2516 17.632426771267003
2517 10.363312411768113
2518 3.951293607005587
2519 1.8529231924537388
2520 1.3269794755707096
2521 2.157930278176715
2522 3.1210048461754396
2523 2.922195385389989
2524 2.296495003870171
2525 3.601049785311415
2526 6.230633318501252
2527 5.52001528586735
2528 5.785575698117856
2529 6.348599928504387
2530 8.89620286717142
2531 12.005243400767794
2532 13.897282283781767
2533 10.950701499551666
2534 8.519875116211587
2535 5.192456477571103
2536 0.996968055274597
2537 0.00016588350395915183
2538 0.26150559714271565
2539 4.366993067110261
2540 8.28153461040291
2541 6.960199880950864
2542 9.739887011321258
2543 10.51265059765106
2544 11.948078139319232
2545 18.234084823501576
2546 19.765650645397603
2547 17.63697187639553
2548 15.298431674745775
2549 16.288699058043203
2550 17.51854927498881
2551 15.820472446740553
2552 13.989338591875761
2553 9.10517550339277
2554 6.6939924000287245
2555 5.097985934512237
2556 5.350544679344769
2557 4.305888095325075
2558 3.0535576429855054
2559 1.2463982765171482
2560 0.16020056621408357
2561 0.15406080813869974
2562 4.066821144481391
2563 6.086662195700679
2564 6.8466576169323075
2565 8.855860355672634
2566 11.091676576395926
2567 11.284579432244433
2568 12.002209432168849
2569 14.36972654045943
2570 14.026235117630614
2571 14.65082250200219
2572 19.011229040875246
2573 22.6921497623937
2574 32.48730568935302
2575 33.21234225250749
2576 33.09708623098595
2577 31.281353426764564
2578 24.581624533593917
2579 19.537378422687304
2580 13.55281303866094
2581 8.305800584455021
2582 4.708078100216348
2583 3.3158083844041957
2584 0.8547812691289479
2585 0.7404209601039832
2586 1.131758898506733
2587 2.1330558850990053
2588 2.87985417373799
2589 4.370841487667197
2590 7.460505633728438
2591 7.726537902525925
2592 5.619475249843295
2593 11.339409166004145
2594 14.366222725360696
2595 13.747757823693435
2596 13.820484082101013
2597 11.389694503358882
2598 8.393823976157025
2599 7.3054104884966975
2600 1.1993239276505911
2601 0.29180118396531046
2602 0.5186884166300305
2603 4.3580672285293245
2604 8.455886836982781
2605 6.7947979874325
2606 7.248443518827335
2607 8.47149662717031
2608 9.923449737741615
2609 15.2738363477932
2610 15.73798350084777
2611 16.64337730341666
2612 13.025303124422882
2613 11.119709141967075
2614 14.09046459766906
2615 12.79866611958937
2616 12.657031186213715
2617 9.712479705338996
2618 7.0498712779698485
2619 5.742370792398783
2620 6.124630104577792
2621 5.185456182617038
2622 3.3510635384865837
2623 1.3799768610165601
2624 0.18244975493084017
2625 0.0006484099528094449
2626 2.1633348999024435
2627 5.395417265487748
2628 6.737691224365791
2629 7.385944757008388
2630 9.08618570010774
2631 9.929093646892998
2632 10.723930450417386
2633 10.705628823168697
2634 12.275225126078148
2635 16.109880640222105
2636 16.509756217452964
2637 24.683644011593827
2638 30.62316899957317
2639 31.554744318232792
2640 31.654457687014055
2641 30.411741360674505
2642 24.568314781593998
2643 19.105959157185293
2644 13.45914045295427
2645 8.61228149294
2646 5.269613620297004
2647 3.1185762321172676
2648 0.4418814590742896
2649 0.3193344554557433
2650 0.29863660305122136
2651 1.1235307859363328
2652 1.618076608539137
2653 3.453987915171129
2654 6.4750635731414805
2655 6.654320829634541
2656 9.033091288928443
2657 15.818138745609776
2658 15.571915324132515
2659 12.876312482518552
2660 12.7040528754214
2661 9.215446572271992
2662 6.231893197072848
2663 5.380675396975793
2664 2.2834445740447493
2665 0.02733912286386397
2666 0.22631749631231907
2667 2.2555405325577844
2668 5.4455241814106365
2669 6.5043065011674654
2670 6.550292036039381
2671 7.919335721208927
2672 8.795517566672068
2673 9.6593020202227
2674 11.088502281092907
2675 11.067915957973984
2676 8.48858436007997
2677 7.590505874427942
2678 10.80404392216823
2679 9.943997754339435
2680 8.348347479290119
2681 9.074743725244202
2682 6.788852064120665
2683 7.944852424137141
2684 4.832878045509496
2685 3.614187273879636
2686 3.3221468796986127
2687 1.431646265883171
2688 1.5108769119275256
2689 0.4459429316472877
2690 0.7484651370593829
2691 4.512618646890996
2692 7.849766887738497
2693 7.522601315104657
2694 8.41840270797073
2695 8.3414019621518
2696 7.5954122360175385
2697 8.390918191988147
2698 10.467533071929353
2699 13.045874303180812
2700 17.556311566467055
2701 21.409634460888164
2702 27.16037366534323
2703 28.358572167526752
2704 29.885270017803695
2705 27.797561780897738
2706 22.03158306532876
2707 16.272499262774993
2708 13.778005180622722
2709 8.775101123887298
2710 4.93117959572042
2711 2.1572135109203976
2712 0.32390550520118666
2713 0.13693319962500292
2714 0.23000384362450457
2715 0.4510161753449135
2716 1.4020332532305178
2717 4.01656011767192
2718 7.3886449380245
2719 6.727294772569009
2720 7.292562290101352
2721 11.475417482811551
2722 15.599381087023017
2723 14.16430451702242
2724 10.399058608394975
2725 7.019323432292403
2726 5.6305362890450645
2727 3.7393270204186897
2728 2.950896795728787
2729 0.6816735407745287
2730 0.005322465484638274
2731 1.5298376550187687
2732 5.745218983503159
2733 6.536325269921441
2734 6.061505750196597
2735 6.754285968777651
2736 6.064400750005432
2737 5.335928109959204
2738 6.823620549005647
2739 5.994869408279899
2740 6.439477215933248
2741 5.96900976009437
2742 8.29800427406142
2743 8.049314992582357
2744 5.692677356167303
2745 7.119202429291138
2746 5.464452743587593
2747 4.378360721175949
2748 2.953211083470101
2749 2.7426389340011523
2750 2.2718780659962152
2751 0.9474823006068868
2752 2.923143740019568
2753 1.6982722460876094
2754 1.4501503853395256e-05
2755 1.945439600496642
2756 7.1271903714126115
2757 6.933788933023255
2758 6.749566792156642
2759 7.441845554889455
2760 8.155210978049132
2761 7.241399328651867
2762 8.386579287082473
2763 11.68826295826703
2764 14.612484625049078
2765 18.040590178919565
2766 22.210041978785075
2767 24.992305621029764
2768 29.531669409048483
2769 28.12451886883333
2770 21.781699791263662
2771 15.293863622895902
2772 12.957336058525835
2773 10.072562205162132
2774 7.278132803635904
2775 2.4943202485139966
2776 0.3386944880983267
2777 0.0018132030268076453
2778 0.6561693334400728
2779 1.2589289870362084
2780 2.959822968495234
2781 4.708848009520233
2782 6.836743647952874
2783 8.528164879376357
2784 9.121328238236138
2785 11.453187361704451
2786 17.814768124240363
2787 18.091044597691344
2788 16.344051681561
2789 11.44622920473744
2790 12.263091604692082
2791 7.59388871447782
2792 2.377668499778929
2793 0.46975686706996417
2794 0.0015589610626213241
2795 1.0260914336376685
2796 3.589198757374079
2797 5.371511610412226
2798 4.576413703197341
2799 5.1464606753360815
2800 2.9257547872540637
2801 2.341484792463928
2802 2.896524057060846
2803 2.6794631101738906
2804 2.869473020207031
2805 2.673559993463924
2806 6.035194063292347
2807 7.930187383513725
2808 5.673254299979522
2809 5.403411825981929
2810 5.011636326991162
2811 3.380836596236179
2812 2.666156396866891
2813 2.438534012934914
2814 1.4036368544491797
2815 0.48300367431445373
2816 2.967082800455515
2817 2.866481106945049
2818 0.208697470523455
2819 0.7885051597498592
2820 3.979267984434852
2821 6.78317119505858
2822 6.034734897814644
2823 5.691398038433258
2824 5.425975989539935
2825 4.644618084472244
2826 5.3088968612955485
2827 7.867996602847048
2828 11.450927020629804
2829 13.665047646472594
2830 19.100747211183865
2831 20.387533620944463
2832 24.83599216971983
2833 28.67790216194003
2834 23.377310530183305
2835 19.498328878590133
2836 14.802547729688618
2837 9.900866414426678
2838 6.380878618032743
2839 2.3178925407766826
2840 1.1069658385364913
2841 0.10088316795067324
2842 0.9989094873489246
2843 2.8154811408166927
2844 2.982691916993586
2845 4.069073715261079
2846 6.677624196002019
2847 9.722638379532835
2848 10.454112679585283
2849 15.02216639253125
2850 15.88936759873775
2851 18.821494888768367
2852 23.005881671670735
2853 12.753294126556948
2854 9.478945262476651
2855 5.397460846331468
2856 1.3084731282423179
2857 0.13411220509360774
2858 0.11438668389703328
2859 0.16014986706357603
2860 0.7693316517367357
2861 1.513751098300436
2862 2.046756919409799
2863 1.936699505820204
2864 1.2821247305201482
2865 1.859236811691501
2866 1.4254865007008881
2867 1.6154725171522233
2868 2.6932408767401714
2869 2.437325823703853
2870 5.025495435476825
2871 7.282440068413645
2872 6.0707352502503
2873 5.895640177592639
2874 4.574669683543634
2875 3.4984978631569943
2876 3.047573666794787
2877 2.5906832778491715
2878 1.3004590765058117
2879 0.7540389076110716
2880 2.816481654599681
2881 1.6092963106119855
2882 0.006116503747095681
2883 0.32494788742494296
2884 2.7281109238647394
2885 4.178781588358169
2886 4.859021381319234
2887 4.768213104336714
2888 4.992643965647952
2889 3.509768175968399
2890 2.9059058142565433
2891 3.877753606271972
2892 8.28606787275372
2893 8.337456994233351
2894 13.630464336667435
2895 16.51427388551951
2896 24.406747727878727
2897 27.169051118669103
2898 25.735848644168772
2899 22.252571922018795
2900 17.010483084096293
2901 10.587011777486639
2902 5.730852604516012
2903 3.9075040250804665
2904 1.2211042535611523
2905 0.4647104736661654
2906 2.3088877750430776
2907 2.995492527777109
2908 3.775539503158198
2909 4.491635025343794
2910 5.499550922593662
2911 8.169856647342298
2912 9.132166931679778
2913 14.313250340387935
2914 15.944301490409353
2915 15.389437363003386
2916 19.476237343948675
2917 7.905926566136143
2918 3.9796202164370547
2919 2.3470017009616835
2920 1.4805945709690638
2921 0.0031744675220342473
2922 0.16089852962479834
2923 0.01440990951237112
2924 0.11590592783050166
2925 0.2904210939467758
2926 0.5341151393186067
2927 0.585893831079523
2928 0.4291097736599433
2929 1.6082365663524543
2930 2.4882369029638283
2931 2.751209946526709
2932 3.5745305165635624
2933 3.758364788003666
2934 5.732680013397177
2935 8.295473214438605
2936 6.912916048587663
2937 6.0641539016047235
2938 3.841436045535409
2939 2.9042085641859225
2940 2.6628173912426503
2941 1.7873370793775418
2942 1.0339553513131896
2943 0.8086512603915332
2944 1.7747058312660615
2945 0.6386442074205115
2946 0.008515001066675045
2947 0.13585947135006163
2948 1.8646277517183139
2949 3.112028198579474
2950 3.3582406346915623
2951 3.913514591885843
2952 4.3010252467520775
2953 3.3188901583374735
2954 3.1292614968742156
2955 3.724688362173903
2956 6.276599957059709
2957 8.089118825417781
2958 12.135575823130942
2959 14.156831514646576
2960 16.621382674342467
2961 22.204328311817918
2962 23.34461684652588
2963 20.702180700217856
2964 14.933792440013596
2965 10.848850136610443
2966 8.68967381832474
2967 5.046520455987705
2968 2.5254650204591513
2969 1.8492932452601327
2970 2.1765412960767607
2971 2.8652734149511194
2972 6.020282559653586
2973 6.232325278317873
2974 4.561594013471217
2975 6.355466637657084
2976 7.677831411130743
2977 10.293622578109229
2978 11.537765147764931
2979 10.138441772501231
2980 10.497967038658944
2981 9.154364103798438
2982 4.6000156527488425
2983 2.401604679587239
2984 0.6206975598872915
2985 0.1224456916585904
2986 0.3316063546505077
2987 0.04005696740831567
2988 0.2806916760391384
2989 0.42567599767042646
2990 0.4664430356192021
2991 0.39199252694133124
2992 1.1238725518528019
2993 2.4206343933809995
2994 3.079038414365033
2995 5.121710509835695
2996 6.212311491964067
2997 7.880428486528402
2998 6.84877189095254
2999 10.699730691075661
3000 9.307712393967142
3001 7.411389194373501
3002 4.066644764723515
3003 1.607763613680079
3004 2.118834843038938
3005 1.0986762763921856
3006 0.8380203802579761
3007 1.0087133275860136
3008 0.883943193413974
3009 0.3358112847918728
3010 0.0004463401767169211
3011 0.23412424635129903
3012 0.9339238325472351
3013 2.0897193851551825
3014 2.7487425504245007
3015 3.167139219243675
3016 3.0064396117498764
3017 2.9162637604345085
3018 4.124790240749934
3019 4.3499334689573805
3020 6.308835976204708
3021 8.22703831044177
3022 8.592110824941548
3023 8.723643621807113
3024 11.49881004185599
3025 12.245536357679672
3026 12.97957813261003
3027 12.19534898920484
3028 8.273048895485148
3029 6.138414846342628
3030 5.620374999792906
3031 3.2958338198274744
3032 3.1150850141088307
3033 1.2367234313887223
3034 1.0832136125008018
3035 2.6192066101389826
3036 4.239298156619011
3037 4.297989036978765
3038 2.891960267845239
3039 4.368180170951815
3040 4.580826681724051
3041 6.551994201084097
3042 7.04315876572531
3043 4.0104367319250995
3044 3.581488481965537
3045 4.725480835094945
3046 1.636978147700278
3047 1.6325798668094054
3048 0.1541966492408752
3049 0.012401066951194398
3050 0.0400238782310051
3051 0.016131692171600175
3052 0.02628674146055029
3053 0.5352553738114487
3054 1.0746776051111118
3055 1.2389909533129109
3056 2.9534964339853156
3057 4.089941306373249
3058 3.3349761813702954
3059 6.007340827143553
3060 7.072687713647227
3061 9.077757034221273
3062 9.043764872837984
3063 10.50777527684821
3064 8.75303696697682
3065 7.8477226332179315
3066 3.53859117731782
3067 3.331749078895803
3068 2.37869961587961
3069 1.9202020944649958
3070 2.4247365478663676
3071 1.7370495263718881
3072 0.8366127025362394
3073 0.2642397753531801
3074 0.04345042016654012
3075 0.09181299662207058
3076 0.7402938220154698
3077 1.0611995862232806
3078 1.912319594039713
3079 2.8551850965541985
3080 3.0626087287527786
3081 4.697187766498115
3082 5.6143070330682185
3083 6.383234303017104
3084 6.731631953952357
3085 5.538737378298306
3086 5.578877722730757
3087 4.648900472824106
3088 5.594662343377985
3089 4.978669314821207
3090 6.020910586965894
3091 4.635707555099474
3092 2.71045971176567
3093 1.9497512488976398
3094 2.616279396886114
3095 3.2968579471039043
3096 2.5109595902605553
3097 1.0584693244648635
3098 1.2152636177069442
3099 1.0366197256132446
3100 0.9132599506050194
3101 1.103463488104235
3102 0.9276248215594812
3103 1.4051658141747962
3104 1.5507350164987161
3105 1.5070940348596127
3106 1.484223255643862
3107 0.8621990951822575
3108 1.6414156840485479
3109 0.6880277151846695
3110 0.1720859358019644
3111 0.009166568860379198
3112 0.0016209070123866462
3113 0.005680738528778304
3114 0.004860035638605792
3115 0.07793733646314518
3116 0.10780082600583064
3117 0.7756750767223091
3118 1.2113929129710417
3119 2.2391318877789166
3120 4.104316744479619
3121 4.783311731950623
3122 5.756835370591541
3123 7.115987943573313
3124 10.672146002529121
3125 10.53333645279157
3126 7.18369163924973
3127 8.367388848733333
3128 5.422033689512882
3129 4.265099483079728
3130 3.8453813195511426
3131 4.321524798266415
3132 3.1509394650724474
3133 2.0094488274860023
3134 2.787569171145322
3135 2.4577845789913013
3136 1.0763798002434894
3137 0.5357067212068345
3138 0.007962471469681296
3139 0.15733693739833182
3140 0.30749843023891577
3141 0.4057653461401288
3142 1.1474908927798828
3143 1.6899849515620335
3144 3.588514768738869
3145 6.68904724262192
3146 7.629813206607297
3147 7.359996981236962
3148 4.525124233427525
3149 3.2946321854925538
3150 2.2021158502907214
3151 2.2110022334775525
3152 2.3777441991983697
3153 3.082212084122573
3154 3.057802205526132
3155 2.916066672598266
3156 2.2971294397993987
3157 2.3164308161294804
3158 2.6350494016396935
3159 3.692203566190289
3160 2.2241270651575737
3161 1.2216768627246375
3162 0.7228263714979007
3163 1.013275590223337
3164 0.4042136609947831
3165 0.9955513549575896
3166 1.6250480815303148
3167 2.3852096536227068
3168 2.675656904784941
3169 1.8932687555577281
3170 1.4939906270814587
3171 1.0034754531263876
3172 0.292981945725503
3173 0.0005524296912029994
3174 0.0015111056661150715
3175 0.15994432509341797
3176 0.24601239453383716
3177 0.30002339431086666
3178 0.11832715639732
3179 0.1659458581279202
3180 0.23487913818457762
3181 1.0997923040324615
3182 1.6910086017365995
3183 2.17466420724753
3184 2.898567714006466
3185 2.2919235814331547
3186 3.359232890318611
3187 6.189823404046613
3188 10.047063366722393
3189 10.538946589453216
3190 6.632804323385066
3191 6.424209960573362
3192 3.95164642953166
3193 3.3212197803424335
3194 4.3519279466551435
3195 3.972890985428864
3196 2.8712690402568914
3197 2.19348106167424
3198 2.5409401244930985
3199 2.3638545565162445
3200 0.8956714363686646
3201 0.5137548340821078
3202 0.01528000694102999
3203 0.08259738349322096
3204 0.0019419973549849908
3205 0.1693939027537301
3206 1.075122677865462
3207 1.389709537516934
3208 3.3674618949227915
3209 8.654162070044256
3210 5.757904580043794
3211 4.304482993413191
3212 3.958090724853357
3213 3.582665620192935
3214 1.290467621027308
3215 0.44504577407143414
3216 0.4612164550703304
3217 0.5791571278256351
3218 1.0722058151872536
3219 1.0588749089437983
3220 0.436242868428956
3221 0.46405346879257775
3222 1.7700963733115138
3223 1.190168137249012
3224 1.429357850412409
3225 0.9953329462578254
3226 0.545031484944834
3227 0.7316301821885277
3228 1.244332727646239
3229 1.2844033626855194
3230 1.7348281883141283
3231 1.302289446315897
3232 1.02953726909478
3233 0.6726507550079842
3234 0.4684451167657183
3235 0.4919658418608584
3236 0.08299901457640019
3237 0.14184725347722185
3238 0.1779893420265969
3239 0.4724616200017804
3240 0.33106468952839657
3241 0.2808747589012519
3242 0.052167709808480345
3243 0.22360291970369472
3244 0.526950062314784
3245 0.7727000618920463
3246 1.5194091778798282
3247 1.4134505164117632
3248 1.4089384897032
3249 1.2215780248102373
3250 1.5359697503021572
3251 3.3720924263959917
3252 4.605771208523315
3253 6.390959358944857
3254 6.402708391367598
3255 5.007774589893751
3256 4.732625987494138
3257 4.742116204972758
3258 3.8034390454242697
3259 4.3019928295906
3260 4.907333329590114
3261 4.052457303696539
3262 2.6162342031168913
3263 2.294499272321329
3264 0.964360273281759
3265 0.4211533953352068
3266 0.27876967967207483
3267 0.1575775296616126
3268 0.006359778835216216
3269 0.08858922348386417
3270 0.7692866036673272
3271 1.9014576923068247
3272 4.356738252757571
3273 8.989169472214888
3274 5.136427006608107
3275 4.460373094377568
3276 2.649565591414879
3277 1.8455303822481985
3278 0.7710846576714269
3279 0.18115139287930695
3280 0.08520026306763072
3281 0.07304825537189838
3282 0.010849134664800258
3283 0.006435979332460661
3284 0.02603637079693814
3285 0.0307111688379149
3286 0.37146232860493467
3287 0.41423524797940625
3288 0.30811354390141227
3289 0.19760132965431226
3290 0.2244447807682466
3291 0.9614491105140404
3292 1.0270008509394732
3293 1.081658347054237
3294 1.5500886007761916
3295 1.1267957459220181
3296 1.3829107035041694
3297 0.6445476656001208
3298 0.6911572423435053
3299 0.3382491034311107
3300 0.03420880010844667
3301 0.04947791277841764
3302 1.251196980361308e-06
3303 0.49681976901931907
3304 0.48174155616289793
3305 0.432330950981234
3306 0.25637128214042565
3307 0.4570481234808165
3308 0.37205634664712917
3309 0.30659848717651494
3310 0.19159244282982357
3311 0.2673950847370095
3312 0.43976125317573533
3313 0.7343909690215605
3314 1.1101910799423222
3315 2.0478875241610592
3316 3.6464590072602383
3317 4.758313136133247
3318 6.692131394303538
3319 7.309817109470353
3320 9.137967379887908
3321 8.393493236524499
3322 6.0402569597243305
3323 6.023748549959499
3324 6.955885144974026
3325 5.502339217923662
3326 4.220821890689038
3327 3.316174385107467
3328 1.1490771382266063
3329 0.7533615092782333
3330 1.045929003895013
3331 0.684219321692598
3332 0.1306053316141203
3333 0.013358123679254742
3334 0.6626735965089167
3335 2.623573389899465
3336 4.150505911473561
3337 3.4139576402270926
3338 3.8187408232790547
3339 4.668751351857337
3340 2.2585736712777553
3341 0.7823400089730341
3342 0.6524234443447242
3343 0.15326919305851444
3344 0.0017777119638289474
3345 0.08982963189023528
3346 0.025614004480830458
3347 0.0893927994224158
3348 0.2429974756817737
3349 0.019243411164310976
3350 0.038010386496334
3351 0.00017031624825970522
3352 0.14761628122893694
3353 0.047352386943953606
3354 0.03794886990400596
3355 0.25571423743413224
3356 0.31081767271717603
3357 1.1405198324997126
3358 1.3539260842040934
3359 1.729589848823887
3360 1.1995030943670566
3361 0.9585915383706902
3362 0.8375489897267466
3363 0.8301918225781183
3364 0.4213026065867066
3365 0.047568540650487795
3366 0.0014069608126233047
3367 0.06432688065373358
3368 0.22782543937465963
3369 0.5744399481220116
3370 1.1303112560745587
3371 1.0164158550684357
3372 1.1875895291760783
3373 0.4951127375038154
3374 0.3264932168293329
3375 0.2745676040540982
3376 0.09021027192623755
3377 0.7245941672668366
3378 1.2428786501309688
3379 2.377643194685053
3380 3.35615952299304
3381 4.061727450300041
3382 6.827234006902478
3383 8.86571840175982
3384 11.509707511420645
3385 10.819236435355712
3386 8.330330748006979
3387 4.902382743921106
3388 6.642418148347248
3389 6.6042615887497345
3390 7.132496146774363
3391 3.634592505966972
3392 1.55400410156344
3393 1.0683721386732261
3394 1.1706128670933496
3395 0.9900513502599688
3396 0.2249072911645203
3397 0.08575456602475008
3398 0.16864684061176716
3399 2.184817237039955
3400 0.9914066839256801
3401 0.5549920538389924
3402 1.4870165857769244
3403 2.2504093928577835
3404 2.2010613336654954
3405 0.807955601099922
3406 0.531172369149098
3407 0.17329381587217219
3408 1.2431799416920093e-05
3409 0.04697854811474876
3410 0.24060138137791398
3411 0.11897015112850934
3412 0.0501325797711164
3413 0.05939573147523696
3414 0.028743475721655625
3415 0.044703793655574746
3416 0.21380345006467255
3417 0.16075492573775876
3418 0.10144803735059031
3419 0.1788935184041652
3420 1.3298153368598962
3421 2.1665554221148127
3422 2.319137956432209
3423 1.7769824407102097
3424 1.189226886025747
3425 1.4800558885377808
3426 1.316152573686248
3427 1.2029254089866928
3428 0.4145503777351337
3429 0.13139158468164766
3430 0.07169876329550084
3431 0.047625007190910174
3432 0.04917369687666931
3433 0.09364238593604977
3434 0.6334401593656829
3435 1.3937438622405052
3436 1.0126830671846925
3437 0.2755753176186268
3438 0.40397799819425656
3439 0.5140842551177078
3440 0.7839052617034475
3441 1.6286402010372338
3442 2.902200256050248
3443 3.5369757769305035
3444 4.599273931052614
3445 6.602572657195713
3446 7.948066758453155
3447 10.91680092002935
3448 12.688503025115628
3449 10.720717578704598
3450 9.76417091487024
3451 6.271134784596839
3452 5.875819452742194
3453 7.432335623517871
3454 7.4498317861414325
3455 4.588944624117804
3456 1.3757931461407422
3457 1.257387254767761
3458 0.43348062976379814
3459 0.5531142908647967
3460 0.3728965174464183
3461 0.29157342631762045
3462 0.12328504340052417
3463 0.9539776341540549
3464 0.3284193683400723
3465 0.20237210968661007
3466 0.5205527200053381
3467 1.0601513705021615
3468 1.1083260400383879
3469 0.5023451552183574
3470 0.32971377717738287
3471 0.004095619226863103
3472 0.0433805772397206
3473 0.04641934726071042
3474 0.2484743016111022
3475 0.10608938293779534
3476 0.01615039569614282
3477 6.669799918181758e-05
3478 0.0549046936625446
3479 0.31021775696504766
3480 0.639837976021607
3481 0.7697861676290507
3482 0.9608042801150833
3483 1.374028877949124
3484 2.11216084802415
3485 2.2902331731787986
3486 2.289869043070056
3487 2.7764850914618586
3488 1.9899653542073352
3489 1.3966768835902574
3490 2.013974338613098
3491 2.1161243389802964
3492 1.921414807523334
3493 1.4410620362886915
3494 1.1584228604454594
3495 0.939298089190999
3496 0.7441073605776767
3497 0.4646605950393792
3498 0.31893950845791835
3499 0.0009340996258930374
3500 0.25507921637665343
3501 0.06509055203104015
3502 0.28640428014571234
3503 1.1721843598268658
3504 2.8323742458706924
3505 2.2641798603254375
3506 3.480750223023274
3507 3.947840791127868
3508 5.87098336061785
3509 8.69012377046533
3510 10.025944750745312
3511 14.829244212671844
3512 11.897038928015416
3513 11.349932466962573
3514 8.77083199532852
3515 7.408887204400357
3516 4.371746852865896
3517 5.116843314101742
3518 5.494151545501046
3519 3.7169691429208203
3520 1.4114059136471147
3521 0.9980819194368126
3522 1.3361318321617488
3523 0.615123854341449
3524 0.41888567680647676
3525 0.0771936909953328
3526 0.045827574443035
3527 0.0014914961400068994
3528 0.0027721224186710858
3529 0.10323063163954206
3530 0.13588267171579327
3531 0.05781242040030914
3532 0.25758820754856965
3533 0.17233140318391574
3534 0.036910170812942435
3535 0.009052105340247384
3536 0.3229461282020385
3537 0.47331468649336567
3538 0.30149396073131385
3539 0.47137488660863763
3540 0.050149789142187186
3541 0.0024816941043524295
3542 0.002143048525075428
3543 0.38418229161716494
3544 0.19901880735913344
3545 0.26702022259935787
3546 0.6865526532138663
3547 1.1885325029335565
3548 1.5474754918631897
3549 1.9384226929082433
3550 2.2199515126279348
3551 2.1434069884601192
3552 1.6160675202622399
3553 1.6678540171539789
3554 1.939181626722255
3555 2.2186496737398183
3556 3.343098416582549
3557 3.197747217293976
3558 2.8663859152143085
3559 1.1080179260739857
3560 0.6463608790053729
3561 0.5325045135150925
3562 0.2994330817391331
3563 0.059247479612092535
3564 0.07444974846903817
3565 0.2808430254158364
3566 0.6971198771163966
3567 1.570904031634924
3568 3.5511747818951704
3569 4.012915056504594
3570 3.7341808667318617
3571 4.096158196010997
3572 6.905568175545389
3573 9.404060429059976
3574 11.419116849671852
3575 12.693125918368318
3576 10.369515652349417
3577 12.122409917276277
3578 10.667863404956199
3579 8.954164390954109
3580 6.426630469519821
3581 5.600268435649612
3582 5.298823255018389
3583 2.889513227155455
3584 1.0580190224088777
3585 1.2889422520146003
3586 1.814218678922567
3587 1.0687080127747353
3588 0.2620526796622391
3589 0.10630856025032244
3590 0.019173383372324427
3591 0.12234885678258557
3592 0.05307696312706246
3593 0.02856506470261944
3594 0.002361640791573888
3595 0.05298336183163355
3596 0.013367861854098224
3597 0.002454929478603195
3598 0.0007863352971136726
3599 0.0021800193662856624
3600 0.2438579450063142
3601 0.5686047999543843
3602 0.5596897685847434
3603 0.6268828780767711
3604 0.15367001957278964
3605 0.04029894117401118
3606 0.05528239928053393
3607 0.0010055718015309738
3608 0.08191726588626184
3609 0.9412896784368736
3610 1.0506957200047229
3611 2.1943515558976174
3612 3.0185975860996948
3613 3.0763152656555017
3614 2.0665395013082364
3615 1.5656926262021895
3616 0.6711111415172176
3617 0.9320615013672634
3618 1.0129103993442266
3619 1.21136790625624
3620 1.4224708731382731
3621 2.9619210509248175
3622 3.0333394599694627
3623 2.7952878907148113
3624 1.6340715755583095
3625 0.7963740716520689
3626 0.4242392243546788
3627 0.04602747040557172
3628 0.021150549338462166
3629 0.32997056865783964
3630 1.3991206555573839
3631 2.869076020214989
3632 5.189967064040661
3633 7.535671554293151
3634 8.001634281371679
3635 6.585285791768255
3636 11.27297210145664
3637 12.947537225551747
3638 8.852353788027955
3639 7.038727608506184
3640 9.087588794259133
3641 8.048497089627224
3642 11.558208555349994
3643 8.234432392186472
3644 7.151593159372643
3645 6.092487316546816
3646 3.45847789380214
3647 2.568070359228743
3648 1.1755331457622917
3649 1.5415075944669878
3650 1.1162118804730619
3651 1.5418304858181167
3652 0.36319504122783675
3653 0.009419156628916292
3654 0.1278478368845972
3655 0.378016946221901
3656 0.5583183876447395
3657 0.5966609339129257
3658 0.670392440358421
3659 0.7347006438436368
3660 0.2618039580537581
3661 0.24857703348481983
3662 0.19311365029477348
3663 0.0011229895657443876
3664 0.03282885797180359
3665 0.256195696277938
3666 0.23481244829690795
3667 0.46662851169848923
3668 0.33983387119712827
3669 0.39652316091003004
3670 0.15543794287286106
3671 0.0002129106742178897
3672 0.1136098809982443
3673 1.9706625109049682
3674 3.2453276839765213
3675 3.1266925707011155
3676 3.139848364235094
3677 1.846918720190945
3678 1.498825970166946
3679 1.1759502236572215
3680 0.4825677184860329
3681 0.30208156168055317
3682 1.3791862824285588
3683 1.4766610446278448
3684 2.649243973160616
3685 3.879659600442726
3686 3.249801533524291
3687 3.1347531052340387
3688 2.5579340937744446
3689 1.7300743615023528
3690 0.623526050539677
3691 0.009376856321227168
3692 0.1247870261481336
3693 0.6402560822612947
3694 1.9530657905362272
3695 3.6825860421679066
3696 5.717924212678426
3697 7.479100870013703
3698 9.615824878758154
3699 9.177786799141904
3700 10.85330564218493
3701 9.217580935333912
3702 7.947906818633672
3703 7.360827758052654
3704 6.049437853449222
3705 5.633787857208062
3706 6.706172231804697
3707 8.626194160215505
3708 8.254489105698978
3709 5.7904504301357225
3710 4.346771922699481
3711 2.8322485707890936
3712 0.8324604577427605
3713 1.1771694523768308
3714 1.3909806602178068
3715 0.6079456046201152
3716 0.09805571957280446
3717 0.00038760468934662644
3718 0.009492432253431899
3719 0.044776787807196204
3720 0.5049355252016653
3721 0.38770197948960866
3722 0.4783354679466168
3723 0.9076422094459518
3724 0.7754479690145912
3725 0.4377251654184716
3726 0.02507219993764626
3727 0.03212236256240335
3728 0.00021569904761181274
3729 0.02818184329705772
3730 0.03690906716688133
3731 0.00487718571813083
3732 0.006106594922127922
3733 0.0028935742133765446
3734 0.05709820488846479
3735 0.35263635025683265
3736 0.4478595855958831
3737 0.9234949570940617
3738 1.3128904042612672
3739 1.021774783288335
3740 1.7329849702661515
3741 0.7222034830829278
3742 0.9786420315583991
3743 0.4706387001552702
3744 0.27437244416855405
3745 0.1687801263722222
3746 0.594308607612747
3747 1.359833873103904
3748 1.5628801363156588
3749 1.3931981706646104
3750 1.4522913294688022
3751 1.6870283927539984
3752 1.5943855313253736
3753 0.6348940452472154
3754 0.049622922777122686
3755 0.05154760394251163
3756 0.06520680875662976
3757 0.3568571717210391
3758 0.7927954153158133
3759 1.7121666425806479
3760 2.815075602202421
3761 5.476364720493142
3762 8.050382863229043
3763 9.305465383835402
3764 9.042435070681625
3765 8.677415170698811
3766 7.507062634600901
3767 7.841125952538064
3768 6.290103609299702
3769 5.918733277007747
3770 5.205491353444155
3771 6.101802155927983
3772 6.081676376041134
3773 5.554558235073918
3774 5.797588550574312
3775 3.1186586829626965
3776 0.6722910339540974
3777 1.0809938531117775
3778 1.4763657234443563
3779 0.5758545537259966
3780 0.2576999414335765
3781 0.03849003803939856
3782 0.13284413393723488
3783 0.051010000993517636
3784 0.04001463217169455
3785 0.16710713594098558
3786 0.0876053250484991
3787 0.473091814599406
3788 0.23553316954047557
3789 0.2609095026066749
3790 9.88074947023631e-06
3791 0.006842226163576761
3792 0.04380959968617487
3793 0.05498064545046964
3794 0.0038264684158409077
3795 0.004625818625580893
3796 0.005342361024186377
3797 0.7602362266749002
3798 0.6394180633408402
3799 0.08262220225322642
3800 0.01068934257823065
3801 0.25277720021704114
3802 0.5268469875352358
3803 0.022608549911121587
3804 0.015524424661468951
3805 0.008110388581608143
3806 0.0712676551705798
3807 0.0008096685070585389
3808 0.059083431248416036
3809 0.004811673008368123
3810 0.06392251757713033
3811 0.29794695254451875
3812 0.8559024054036868
3813 1.198910379013252
3814 1.339388470370288
3815 1.010942084177821
3816 0.4686387407046488
3817 0.13427712834254252
3818 0.11260796464523826
3819 0.02650848787549563
3820 0.3726724223287505
3821 0.1791652547893778
3822 0.6966329309190565
3823 1.3310214198843882
3824 0.9518770407574455
3825 3.2039564707684822
3826 4.368740046862789
3827 5.7554423852162
3828 7.57733814573151
3829 8.769071997546835
3830 7.452032291845227
3831 6.316363516894924
3832 4.126675088562032
3833 4.2360569569791835
3834 5.441839507432795
3835 6.128023608784203
3836 5.907817972196812
3837 7.452805397279627
3838 5.80841844866514
3839 3.9202061881994292
3840 0.8284809054967092
3841 1.2111017426744772
3842 1.7738767962759756
3843 0.7879549529711958
3844 0.2521683523843498
3845 0.07147987808751047
3846 0.39451273296361483
3847 0.6667213166396896
3848 0.29350112226396396
3849 0.35174052340338074
3850 0.1312149566074933
3851 0.04295708193661523
3852 0.056973485937687786
3853 0.5392290043094767
3854 0.6690118615650742
3855 0.424726115713611
3856 0.0748293856955136
3857 0.016072785195656105
3858 0.07960838644377466
3859 0.03045672645254531
3860 0.06728262507037044
3861 0.9719525647983098
3862 0.7332446417383249
3863 0.22483033032318347
3864 0.12072288305194047
3865 0.29073829465673645
3866 0.4439674817056321
3867 0.24551423135251565
3868 0.16419503526500318
3869 0.0105211198547093
3870 0.017014661894363552
3871 0.01701565699917524
3872 0.0001752502544274883
3873 0.09415908785075869
3874 0.3147120301997487
3875 0.4945519804915618
3876 0.4719546321296148
3877 0.7148468234093299
3878 0.5950393518010777
3879 1.1324109423866393
3880 0.37868709470691186
3881 0.20916729172975942
3882 0.24250758757273128
3883 0.14785155637618616
3884 0.02241650127137166
3885 0.2127907735523352
3886 0.7197568904257418
3887 0.7730281295857899
3888 0.5164009079078249
3889 0.6340665354240614
3890 1.8374152705598668
3891 4.836943625191628
3892 6.57519004556099
3893 5.9042436426667635
3894 4.822856876590884
3895 3.7889024493622916
3896 2.585505736163508
3897 3.71646440447797
3898 4.248680751501043
3899 3.9728009518955196
3900 4.850238336170087
3901 4.729278737225114
3902 4.851141586623911
3903 3.307822738441264
3904 1.1728552134861943
3905 1.030026664676447
3906 0.9336507320812204
3907 0.35478561180832424
3908 0.2974531055613968
3909 0.005078395497598196
3910 0.8401557270273162
3911 1.7084261617566392
3912 2.7737282506378316
3913 1.64258586864139
3914 0.9612749518381395
3915 0.13613819283162526
3916 0.032284167615265175
3917 0.29600082763369295
3918 0.6436584923330686
3919 0.49171347450088454
3920 0.3391741368044612
3921 0.576283282254668
3922 0.026518632883585944
3923 0.13907614105488642
3924 0.0989630478449364
3925 0.03182393095463507
3926 0.09253373895914974
3927 0.004613949361450151
3928 0.09013795070011654
3929 0.2826602859761116
3930 0.9220646220257757
3931 1.623223500609149
3932 1.7098889812676616
3933 1.2623393109260297
3934 1.171153608641859
3935 0.7024369866164236
3936 0.5093332084654373
3937 0.684574727748344
3938 0.9897483733483544
3939 0.6397105448423623
3940 0.5984629797392044
3941 0.5578563321962736
3942 0.35476464784112477
3943 0.39821819357881894
3944 0.5258073156106402
3945 0.1459923229824932
3946 0.1972693668314502
3947 0.051805039595363186
3948 0.0024838872218507038
3949 0.011819032781279647
3950 0.25529287321376093
3951 0.6599078979966991
3952 0.4828445550406404
3953 0.7723661954615907
3954 1.2330925886977213
3955 3.0893816725471077
3956 3.429551811879944
3957 4.12187127640987
3958 4.485866181718629
3959 3.185816347960273
3960 2.381676754069022
3961 2.239523741889503
3962 2.8654815845473096
3963 2.7441001971379273
3964 3.62981190059026
3965 5.484211208229748
3966 4.838296714158661
3967 4.064807608893978
3968 1.7792150564880853
3969 1.4075366283226707
3970 0.7270398476906446
3971 0.3828645965676424
3972 0.07286463183223624
3973 0.0016314917442276113
3974 0.0008542183030550439
3975 0.06934439715149991
3976 0.3712800778995563
3977 0.3512296929143034
3978 0.3430672749179803
3979 0.07377399408458782
3980 0.00010964243916620758
3981 0.0766882910117424
3982 0.2158689244281677
3983 0.44416381669263494
3984 0.9113596766996902
3985 0.6346035592235161
3986 0.5945846324470317
3987 0.5945026933368062
3988 0.17495828238629782
3989 0.012041970748584513
3990 0.0037297800161663055
3991 0.00025796784932347
3992 0.03754465825166281
3993 0.3115868472002814
3994 1.0309857676217047
3995 0.9029813036068397
3996 1.2092593759481978
3997 1.864592743220405
3998 1.878649253531043
3999 1.8432786076562104
4000 1.9733793422078145
4001 1.6604900718924098
4002 1.6478270624856692
4003 0.9214095372751189
4004 0.39492396824917747
4005 0.4041471025139074
4006 0.3506303429247551
4007 0.5829468094619933
4008 0.41431767176212897
4009 0.1311119610294502
4010 0.09458659897325412
4011 0.1328271952118329
4012 0.04339631565916826
4013 0.0049543663707377434
4014 0.33770242454881955
4015 0.7525643841383385
4016 1.0519351655586626
4017 1.7693726160019883
4018 2.66366006793709
4019 3.4261310721681686
4020 3.041807914667292
4021 4.213835074081327
4022 3.5316642709102375
4023 4.511672126308264
4024 3.556790436591242
4025 3.5191519932106385
4026 3.2427877570530734
4027 3.650924152385002
4028 4.42486801323144
4029 7.112955405469385
4030 6.241801479505279
4031 5.17152095385323
4032 2.661575300312765
4033 2.1918704856601456
4034 1.135022530134748
4035 0.17989319901702874
4036 0.11636558129894436
4037 0.018197945371983732
4038 0.3666717779523734
4039 0.2969348843490842
4040 0.040940245546275573
4041 0.03894886890289366
4042 0.01496699461607273
4043 0.010893734524412097
4044 0.008340524966514943
4045 0.007161169537119005
4046 0.029303570747176284
4047 0.011337077783669722
4048 0.023403568527400234
4049 0.17196468059974618
4050 0.24646048245054436
4051 0.32535969592559494
4052 0.2753517269923717
4053 0.18083361131728873
4054 0.11518988435207811
4055 0.040965039324914534
4056 0.0037309042469074087
4057 0.029244955077588505
4058 0.2854680394400936
4059 0.5332782378937394
4060 0.16691489073773164
4061 0.5753487917256691
4062 1.0855546825160514
4063 1.8156017063282375
4064 2.182587068360191
4065 2.0716418699468706
4066 1.2083918183961002
4067 0.39785603523778107
4068 0.16326214850756202
4069 0.2648790279455188
4070 0.24512927556140957
4071 0.3873777112779926
4072 0.12023353329891641
4073 0.07614155061768102
4074 0.12369014593427873
4075 0.04850532057402913
4076 0.004833660977393765
4077 0.09762378043919834
4078 0.6091069591339133
4079 1.125537468295311
4080 2.251950481222831
4081 3.538160095663878
4082 3.880587824336805
4083 5.45662736255306
4084 4.313068839384867
4085 4.90973391595592
4086 4.41846804317777
4087 5.79577039646821
4088 4.607720892641018
4089 3.462489357585295
4090 3.559810553060554
4091 3.681512223210188
4092 3.3222718975186503
4093 3.130012164164018
4094 2.7549285413501186
4095 2.7291392356128266
