 0
0 1.8323076703465693
1 1.3200601217740229
2 1.446751047102265
3 1.9912105625543404
4 1.507677816065844
5 0.5304399801386204
6 0.6725230642397575
7 0.44672345584172135
8 0.7254414234593554
9 0.9445063333408314
10 0.4845556524188835
11 0.5724870538175655
12 0.9086986908515957
13 0.6475091183459285
14 0.7876091837395431
15 0.765136322077328
16 0.9801970377135298
17 0.21267805445713572
18 0.14247740648055393
19 0.16278619611249245
20 0.12872581290658275
21 0.1611281668074354
22 0.005129548984190977
23 0.06006949341633296
24 0.23744318480565973
25 0.04215492123308798
26 0.2124425131893715
27 0.15149487828743705
28 1.4611144058318666
29 2.2937053406595784
30 2.1221320197352997
31 2.3373262897962204
32 3.5980482523168877
33 4.508275618143213
34 4.578442629998683
35 3.6144484686456386
36 3.6394349285566205
37 5.143501635073446
38 7.0195595532238535
39 6.689288354551189
40 4.9282695311988585
41 3.73107783650012
42 3.4220122670777418
43 2.126986403495149
44 1.9151564783446138
45 1.6150366235786928
46 2.831025661181964
47 2.89836969579758
48 2.062113000505217
49 1.5577047601679768
50 1.9999520864838964
51 1.388263477155105
52 1.4737996196719683
53 1.411346893820081
54 1.3691903983420182
55 0.3914412898564875
56 0.2485745247053049
57 0.3901614481850639
58 0.4093321301940364
59 0.6333064516332508
60 0.21191037853330272
61 0.45639101569723417
62 0.5327276300407064
63 0.3314895869914088
64 1.3274722732509845
65 0.8940260413617154
66 1.3668785965516608
67 1.853727120858538
68 1.4031404616985648
69 0.549015242269846
70 0.3853400014833316
71 0.39071274399339034
72 0.3945092433732215
73 0.24776192036473663
74 0.021882208161760296
75 0.07993466378185002
76 0.33717321886237994
77 0.4199549092481933
78 0.6001833998463919
79 0.8913353051312867
80 0.6879889827635146
81 0.2452993902821714
82 0.3561131329163896
83 0.14652185010964
84 0.17686392131684137
85 0.0756217559962673
86 0.06153724090651669
87 0.26839196477100613
88 0.21684254428028601
89 0.10888713978053532
90 0.4152689015268199
91 0.6097638589764152
92 1.8552983198063164
93 2.483945881937946
94 3.0936210833595017
95 3.537097773196815
96 4.7950723428846915
97 5.7599204539868225
98 5.577503487993072
99 5.626355468849446
100 6.086429943928769
101 7.534781387147715
102 7.805930396944009
103 7.025461659128622
104 4.188341336826357
105 2.6330561737765255
106 2.025175026527134
107 1.3029042364453935
108 1.0204547776064476
109 0.6289855220923535
110 0.948586540576518
111 0.8819425486796355
112 0.7105353512303875
113 0.6115020876068554
114 0.5814094673696173
115 0.7320921013611954
116 0.871536073604612
117 0.7970933724755003
118 0.7472429513073541
119 0.422645478106266
120 0.4041133964699317
121 0.37992225428834486
122 0.22850977612655718
123 0.4557684024867533
124 0.19711859212909005
125 0.3507444119594521
126 0.14622304204559794
127 0.14663397274989537
128 1.2750770900148811
129 1.0192493318946299
130 1.2477011198450563
131 0.7855744413578508
132 0.5920675644868862
133 0.002662522386133961
134 0.055690616022550266
135 0.056966683377063176
136 0.019839047785864816
137 0.17556237946169628
138 0.01646964984380528
139 0.024558520326233582
140 0.05131089476472846
141 0.13330956137355973
142 0.408421029975961
143 0.6716279701940792
144 0.28404994350278634
145 0.11008664163910481
146 0.1510551698915115
147 0.00046108560270714235
148 0.005411987576196965
149 0.017138286501516727
150 0.40140521756560327
151 0.9263263292916224
152 1.0838678740839536
153 0.5320688743544733
154 0.6253666478101915
155 0.9414408624688239
156 1.6634271721463627
157 2.2921402869577094
158 3.771038867885207
159 5.4620370806231815
160 7.704660721177395
161 7.2741001671377274
162 6.16937967166458
163 7.4809008617326755
164 8.182042449764486
165 7.153247153537282
166 6.954379028520402
167 6.742202455846762
168 3.4692628100564673
169 2.7945294375594756
170 1.688984556214263
171 1.1913622626569613
172 0.5102067045316745
173 0.4182089154616445
174 0.2622251736532887
175 0.37008516885907305
176 0.17104453480609189
177 0.073069572360324
178 0.23452661636383582
179 0.45551403952025116
180 0.5283630254441314
181 0.2529090323150845
182 0.16173096884979885
183 0.23810122449457682
184 0.236785026238967
185 0.2949028214035793
186 0.10702174491198456
187 0.002087661909126203
188 0.044285315147305535
189 0.22607723227059578
190 0.23378411784601957
191 0.06986244998521124
192 0.8533974238987017
193 0.3492977492340747
194 0.47258670338281356
195 0.028160797994604452
196 0.0006575136384203917
197 0.019079664888107795
198 0.1819491584634834
199 0.07334771025980319
200 2.8393263788720577e-05
201 0.10703474712653316
202 0.03799844339885256
203 0.09487809987883977
204 0.23381894618719545
205 0.27278340324776446
206 0.33965128819635027
207 0.4511185218346436
208 0.007697765080213434
209 0.012068748476455915
210 0.056869858075913285
211 0.6305199765203039
212 0.3180291433802234
213 0.9686557721778429
214 2.17423829423392
215 2.677834862718843
216 2.4404246388636226
217 1.8223733678067726
218 2.126708049272564
219 2.0848313838263373
220 3.0751936384004743
221 3.3347767954844656
222 4.619893621806906
223 6.492873871147472
224 7.4163794714821165
225 4.3300711281047235
226 4.131771577878774
227 5.881720553901741
228 5.193501715441847
229 5.557102696416954
230 7.527040683072751
231 6.959565667339238
232 4.91466669165417
233 3.282516494886169
234 2.8968429870849115
235 1.9005113412269556
236 0.8862609543949813
237 0.5428917767792305
238 0.39399475175605747
239 0.32005746591588075
240 0.13883600808689603
241 1.60744279789042e-05
242 0.002318920087491813
243 0.023800623000596103
244 0.07946399710136011
245 9.92646995225558e-05
246 0.0018293772616770438
247 0.09494663879581625
248 0.15563650998412074
249 0.18490371984596335
250 0.0047435338942370875
251 0.007056773054156601
252 0.2200480612010445
253 0.3244619297832558
254 0.48939882768206416
255 0.7510383754293506
256 0.4899198492063791
257 0.018889455294350842
258 0.004572966859364325
259 0.018643760733338004
260 0.0008532996274160698
261 0.22478171179012327
262 0.14742014178774457
263 0.606067912767121
264 1.3557346654080467
265 1.0956500997892171
266 1.0548749130622885
267 1.3082751916885327
268 1.3625164724267373
269 1.7543631140812395
270 1.2152900122289607
271 0.257359128473772
272 0.04829351470880831
273 0.05242005128732739
274 0.027642161690889434
275 0.2504543320577029
276 0.673573844456833
277 1.1463167576884348
278 1.5655404721938049
279 1.6686558049504618
280 2.0601158841322165
281 3.3772940706841883
282 3.453874557552818
283 3.8876926760139034
284 3.8162183322188716
285 3.8017284050988693
286 3.6757295526934315
287 3.8203053486255247
288 4.071686156029082
289 2.6488772657775743
290 2.654837136331824
291 3.4096118266559308
292 3.686160432084458
293 5.7540439063042434
294 6.881230091782986
295 7.924728972323016
296 6.637732581100125
297 4.884851721782889
298 3.605057219109486
299 2.944972946984252
300 1.1307619088155776
301 0.8235779222169414
302 0.44075133169509706
303 0.5149446412706153
304 0.10821413325819335
305 8.645507445471945e-05
306 0.010059121481433307
307 0.02469684266160404
308 4.4499323819262334e-05
309 0.11705047743103525
310 0.013380759793240365
311 0.056046213404046065
312 0.0898022057290555
313 0.42358555272587733
314 0.10017711369110757
315 0.6907098271382803
316 1.5101537226177504
317 1.036845916981524
318 0.8171748032799468
319 0.8588265119541636
320 0.5071339983221141
321 0.07548719359061815
322 0.08009086517542993
323 0.021217849507434303
324 0.031093405496861678
325 0.39994705629710386
326 0.4510889291006744
327 1.785848668061296
328 1.9049711963916878
329 3.121917288338404
330 2.9787836766739932
331 2.6327722600010532
332 2.121574749708168
333 2.6098273456244496
334 1.743416022792791
335 0.9633844094447672
336 0.01704803456217902
337 0.000906270916909492
338 0.0007987982649758991
339 0.18832142123274082
340 0.10095672094004365
341 0.09916803391685408
342 0.22595429082146937
343 0.6704981651573788
344 2.0412877377477576
345 2.294245565716452
346 2.2107356589683995
347 4.91327699784587
348 4.325509948416769
349 2.9678631546615106
350 1.9515234607291072
351 1.4874198745560498
352 1.2194150538350976
353 2.3098129507043446
354 1.8208153879213624
355 1.8480578790550923
356 1.8915989922599534
357 2.9417168127909172
358 5.082877045955349
359 6.480639265869265
360 9.410111982026168
361 6.43332357337235
362 4.1771717899348
363 2.682113082401641
364 2.805657420607607
365 2.140975781650166
366 1.5845877429570525
367 1.2323045902630787
368 1.035642063625052
369 0.5652796059580281
370 0.4895933292361162
371 0.35282019880523335
372 0.0619543101459041
373 0.04598420707167986
374 0.1048996177377249
375 0.03616696889416454
376 0.02564822791888167
377 0.4854122670821521
378 0.7452823185311027
379 1.233071753957908
380 1.5320385427718703
381 1.4046007506853457
382 1.297061987666
383 1.1783334983063671
384 0.1135833294435101
385 0.18441354669365603
386 0.016247841483504725
387 0.08962965517081344
388 0.01731974424043681
389 0.19269524857102213
390 1.3870101986043761
391 2.4700879410094814
392 3.450210525011704
393 4.197881604480194
394 4.4052738466679715
395 4.173815418070927
396 2.2594748055557825
397 3.05684279294623
398 1.6252635647355105
399 0.5866318569169245
400 0.04787676184654914
401 0.0810399570365259
402 0.16491601743652065
403 0.032819870576962076
404 0.009596608257557605
405 0.008865562249983493
406 0.12327750889125341
407 0.694258318193656
408 0.9065581886271458
409 1.1147014350603124
410 2.020807789087329
411 3.5677319115784623
412 5.002638359020724
413 3.2632611617774696
414 1.3566725764786867
415 0.6352263701061237
416 0.44497947081868017
417 1.3774575017701305
418 0.6553822117829785
419 0.8176774072815307
420 1.2132597103410412
421 1.4292297288126175
422 2.6537179029507962
423 3.6454526004982415
424 5.044718755461265
425 4.392216665895221
426 3.4001756073779497
427 2.0171588642350176
428 1.5111297511756607
429 1.7393956806288005
430 1.3991940534318044
431 2.5896963161368984
432 2.504465720820372
433 1.8676886851867256
434 1.1037746967326754
435 0.8208994446189505
436 0.2871065917756036
437 0.18513250047995713
438 0.06688162554021358
439 0.00016002724462057527
440 0.05680986458609947
441 0.0475346195516313
442 0.31666685299074243
443 0.7988339035494612
444 1.0118284153951753
445 0.9189625171131593
446 0.6343037149291563
447 0.5412189886783143
448 0.2777276274322134
449 0.10851128175867744
450 0.06565950409365721
451 0.007254500769412973
452 0.015552083833255048
453 0.1928567781727725
454 0.695160619771574
455 1.8609046275497783
456 2.652410224377891
457 3.442294067073033
458 2.762978995964512
459 3.130986865083476
460 1.7956426973890691
461 1.7998815835303572
462 1.2064805019488825
463 0.7825464271845279
464 0.7986490127395032
465 0.6895633826955463
466 0.03327880918918618
467 2.3600713986242695e-05
468 0.4102561958002972
469 0.2721064346114353
470 1.1058182370476421
471 1.5546265309968894
472 0.8981094907669015
473 0.8416719342774969
474 1.4321463018946332
475 2.63311905726901
476 3.2410748429397738
477 2.8631198521300023
478 0.9693773811087064
479 0.6336897893359925
480 0.310005945149021
481 0.29310946273041244
482 0.4825140947399803
483 0.7618978380208405
484 0.7791113947079528
485 1.0879874728316536
486 1.313957115312454
487 2.3545027878122458
488 2.7703442546966603
489 2.195292193566971
490 1.9144117717347526
491 0.49274753331590027
492 0.4775718050575934
493 0.588820358927803
494 1.6164898825238152
495 2.4720716986529476
496 3.052887189635755
497 1.3836682211552926
498 0.9045630655541798
499 1.1106116632953356
500 0.17427760857872865
501 0.4091906636185467
502 0.1976656445874741
503 0.07187313717834289
504 0.0006826043385208125
505 0.028150929244650364
506 0.04446849421669629
507 0.31334002512362513
508 1.1928572064356824
509 1.100489284230481
510 0.22863034455544398
511 0.39620827475369613
512 0.19790784462050046
513 0.10012239313564741
514 0.26857979140340577
515 0.17576900096344805
516 0.0006137220099264887
517 0.2787086216525627
518 0.08555162018998615
519 0.8455152379751666
520 1.4461160194316012
521 1.3270912480467503
522 0.6242561154907265
523 0.9970831283196299
524 1.0114136736282648
525 0.9809823591234176
526 1.407038526554142
527 1.7054632037588253
528 1.4720978412260561
529 1.473936469179164
530 0.4941982240563444
531 0.004981238849691655
532 0.18959378239319716
533 0.46483242452021883
534 0.6611594301072274
535 0.7697176372329066
536 0.517479661047993
537 0.7821141931093933
538 1.4993990556556962
539 0.9176788831699025
540 1.4141300537656811
541 1.2487700428884496
542 0.9052027845177034
543 1.091707983489558
544 0.40467287002968494
545 0.27209559120692867
546 0.2622001668589119
547 0.7840255438904767
548 1.3077139323076215
549 1.2356290711591702
550 1.1737388654737555
551 1.2868027599033343
552 2.1282150600219896
553 1.7919128750029938
554 1.3541480847651262
555 0.22787848341753075
556 0.17733604964703834
557 0.3497848593069076
558 0.5475014335814183
559 2.0881178134242955
560 2.7562089646785153
561 0.9726715500089523
562 0.7594382987625665
563 0.8503879310700823
564 0.15875604686257042
565 0.11812934369335965
566 0.14277743807377535
567 0.04881206032638403
568 0.005574558316059177
569 0.005337372492232109
570 0.0485321956557733
571 0.12312125958773958
572 0.5564942274673119
573 0.5479795193922962
574 0.4767519928566743
575 0.2908241063824836
576 0.2322133185058003
577 0.09190557635865795
578 0.1557064827465684
579 0.10731916409319259
580 0.010205366876615437
581 0.2408974785314772
582 0.14644912117047879
583 0.10190322250427851
584 0.20487162393880126
585 0.04799984264913389
586 0.07456254749340159
587 0.4349423099992389
588 0.41832552054018124
589 0.6417585317380646
590 1.5969024218863905
591 1.9795556717603193
592 1.8665284287350763
593 1.3009124861216268
594 0.05609603718513201
595 0.02243183093670551
596 0.13205686353987187
597 0.3484676566333919
598 0.02505714853375426
599 0.0015312203443246975
600 0.00013871221733169621
601 0.32667568123998075
602 0.7804270897020565
603 0.7179859463425945
604 0.9736923842152565
605 1.0038706257749783
606 1.2075981539106453
607 1.2432535518635655
608 0.6004979731459674
609 0.39272177508544415
610 0.12754273647863604
611 0.2608796138459606
612 0.47260597587534975
613 0.36865992802151043
614 0.7938430789517561
615 1.4334334326350755
616 0.8530747765300271
617 0.8481110153750929
618 0.5459500138069227
619 0.09649346154952979
620 0.2176652063046948
621 0.1508658026860218
622 0.35912669243426726
623 1.6919913103678288
624 1.6417243037126477
625 0.8496105498989479
626 0.5323930336320607
627 0.3700509528466569
628 0.12757663798927163
629 0.10948378848663916
630 0.2086895506158574
631 0.0008791528006970087
632 0.004543179522027019
633 0.006527539290874096
634 0.12190669269995612
635 0.08006821896959859
636 0.045575411215784865
637 0.22212646490074223
638 0.3684412808210915
639 0.09147757643595823
640 0.2281623604524661
641 0.08912519115553545
642 0.08595136905893384
643 0.08338362616968756
644 0.1032362807141073
645 0.6365949889150898
646 0.807088018867971
647 0.991456818248212
648 0.512322489040547
649 0.095607506127175
650 0.03525778295194478
651 0.002247833770374029
652 0.01744577881995408
653 0.19065725661367378
654 0.8320308836824976
655 1.7019355157245928
656 1.4490890298828045
657 0.810911136156576
658 0.047611639110984
659 0.0029353062539468244
660 0.03894852692249588
661 0.16639286820551022
662 0.0001761663883457166
663 0.02848723049318936
664 0.09461751011162334
665 0.38681544367873255
666 0.8896482268568724
667 0.37819285465378727
668 1.8531383171197833
669 2.069871760276215
670 1.3491792772488382
671 0.9009719392934387
672 0.4292908321649573
673 0.11178694328077833
674 0.11778184012931754
675 0.1591303500372847
676 0.22499783469733986
677 0.3609256472749138
678 0.6519940922105427
679 1.0894825996824804
680 0.7539981525947178
681 1.126860312263503
682 0.5137377177107184
683 0.15566796292506954
684 0.12642867330992683
685 0.019415365014355233
686 0.29859551125010797
687 1.0294101299031273
688 0.844063108463887
689 0.41140863209658846
690 0.09088564772818698
691 0.010126229097725772
692 0.004223601574027739
693 0.05152276519441655
694 0.03636284580928093
695 0.7188248618088395
696 0.03799093386338294
697 0.12250329107882854
698 0.05429072053339678
699 9.27619920654381e-05
700 0.15637781205742746
701 0.2059761943695978
702 0.0087412737117949
703 0.005155470322605347
704 0.4533411457718051
705 0.12914678331264878
706 0.01773610118309937
707 0.021039928860511172
708 0.12407678689634609
709 0.5507931261647936
710 0.709237542878533
711 0.9865705009075412
712 2.3013552248002833
713 1.7526262981547467
714 0.5824758555423301
715 0.2996489540183216
716 0.2446234605098332
717 0.06801452714515052
718 0.00011029562072936578
719 0.24801239274335124
720 0.8654280666433999
721 0.3042180233091641
722 0.03853337323895025
723 0.03264211113599029
724 0.03661733622277481
725 0.04296962116898838
726 0.012379368180380296
727 0.029652799302726424
728 0.0385593736035456
729 0.07873933283016767
730 0.12633822208248216
731 0.013339503607096199
732 0.8778734792624238
733 0.6782833193082873
734 0.3878824239024794
735 0.19825574125076317
736 0.017389859252898668
737 0.05808343954371148
738 0.34554622947243147
739 0.12673569549704505
740 0.1803519349840395
741 0.5690450910415203
742 0.42993815620988735
743 0.2029991639869858
744 0.19077695828425567
745 0.15705262810172707
746 0.13786422773164916
747 0.10549974931270319
748 0.02353465543541766
749 0.18917675706548276
750 0.2169135470198643
751 0.009615568287639452
752 0.0771172887863292
753 0.07680182828996879
754 0.1857528954319518
755 0.19932330130115475
756 0.09769049654678005
757 0.1689659306453251
758 0.008183548014976458
759 0.45056518721470795
760 0.33380066506059675
761 0.4525638057670726
762 0.5082438568564214
763 0.17679718070321945
764 0.0014022502634011003
765 1.6795428033033094e-05
766 0.008333517858507562
767 0.0275173010919279
768 0.1519589832796606
769 0.0744115997204871
770 0.018738368370422653
771 0.02710252570716558
772 0.21078813205700986
773 0.8876579740038848
774 1.5817459158212717
775 1.7493117521999804
776 2.9500856693857527
777 3.1360921442913456
778 1.899251787633878
779 1.1353445680750072
780 0.9369118400255593
781 0.688600367208758
782 0.2396106363357049
783 0.023625065606245763
784 0.017499274219886046
785 0.03617661503763748
786 0.020697508615379768
787 0.0676688026865753
788 0.0518125556372283
789 0.2911687479364464
790 0.24662759305585585
791 0.3170721780133425
792 0.16159265599899503
793 0.0029906071185872205
794 0.08563790744207768
795 0.3364247517548908
796 0.019481188497206585
797 0.03396212120817752
798 0.015425963494505557
799 0.22767695539244626
800 0.2612196107349262
801 0.058535474702181005
802 0.1333542862174592
803 0.05662268690580058
804 0.3093619100500363
805 0.12029660991639782
806 0.0008663862511746801
807 0.05406341375941612
808 0.04839533796662701
809 0.03632789592368183
810 0.10386233668943515
811 0.38643720698532785
812 0.28566782020074866
813 0.026244916940779423
814 0.10382361536370219
815 0.0013466874825247132
816 0.00029600513320358516
817 0.12200605405254564
818 0.7306783796381542
819 0.3761129981599287
820 0.33966441974492256
821 0.08586464537277527
822 0.06084072327327572
823 0.27945858904274284
824 0.387663573273766
825 0.9755950782672108
826 1.7025979106115554
827 0.5139651537815144
828 0.44321984495037364
829 0.26442739021602585
830 0.06746264464369753
831 0.10304558849022137
832 0.6357710360013862
833 0.019174890032635013
834 0.011050845773396432
835 0.06804008413891606
836 0.6521442737541153
837 1.6919186960440096
838 2.320466285528409
839 3.5682481878279675
840 4.073159802423274
841 3.1287983314369927
842 5.421580239858921
843 4.045834043554857
844 2.5733641538356453
845 2.2976422699708934
846 1.1624860498099185
847 0.4784062959221183
848 0.03224369061875125
849 0.014168202470345682
850 0.030266054638273122
851 0.0012620432636887419
852 0.09927847543255586
853 0.29132990415425364
854 0.32029457917299614
855 0.004453050752786916
856 0.02385116540678337
857 0.11825484832644885
858 0.0154850863290523
859 0.1326234801761993
860 0.00249667238700498
861 0.06928079210045077
862 0.048406454226728055
863 0.014228566859619091
864 0.038217169537684864
865 0.037952512747923925
866 0.02278411220692615
867 0.10862909541668542
868 0.18951794760418605
869 0.014534286605937436
870 0.5380669946708954
871 0.2711700298122138
872 0.0664085001856014
873 0.026023286259814836
874 0.10716842925502527
875 0.10239635617279312
876 0.00026542602710253845
877 0.06628057576199416
878 0.2321353323995217
879 0.2729500659112931
880 0.3620228133650403
881 1.5816011448664897
882 1.8157846969705635
883 0.903315936465839
884 1.4555242172130327
885 0.5880161415287424
886 0.9330937435693035
887 0.784130973333009
888 0.6058530005483068
889 1.6536173233329066
890 2.031931470910583
891 1.220662297266255
892 0.46564837921029095
893 0.9496924334565253
894 1.099909699353319
895 0.8734338103755895
896 0.3438212706550471
897 0.01629662423184366
898 0.1522970127836452
899 0.38075051843297464
900 1.0726427016339921
901 2.363357960599264
902 3.7253411633317355
903 5.782969387518659
904 4.2027799564928285
905 4.757464253845152
906 7.11990343108656
907 8.274631182249145
908 5.701918636117233
909 4.3239140489712256
910 2.2587308308381715
911 1.2926838122273645
912 0.2561567536099751
913 0.002044510831543977
914 0.017889444044964068
915 0.014279616733800933
916 0.06283713343507952
917 0.1479106244499675
918 0.08460263837905208
919 0.0021439456363460964
920 0.09817139009527125
921 0.16042866449522078
922 0.09581738676334874
923 0.022010712721943784
924 0.06650974837931956
925 0.020138691027317898
926 0.00886849637753316
927 0.125553447183834
928 0.009201401169092124
929 0.029954714414267048
930 0.15178563624354385
931 0.014939072751135348
932 0.19545713076317459
933 0.03264537361948256
934 1.7199469935332425
935 1.5732473019473272
936 1.104984328405316
937 0.5126972096824268
938 0.09189503461824058
939 0.3818049637935224
940 0.5295213583870767
941 0.8820865636460459
942 1.303617920396183
943 1.113042239716571
944 2.5764215038565124
945 3.8342543493818244
946 4.207832198781331
947 2.6883664248334598
948 2.8583931196749117
949 1.2657576731775366
950 1.815569443487029
951 2.0414892120335715
952 3.7514880377931967
953 2.655617875936925
954 2.7880577677603844
955 1.8890456390302954
956 1.6955934384108065
957 1.5297348862899542
958 1.4199061602727068
959 0.6894618922316272
960 0.5041458321728318
961 0.10207726738136902
962 0.058207991572804034
963 0.6810107139796512
964 1.2622449243996414
965 2.4489855990525764
966 4.084421171782618
967 4.651630980819386
968 3.7530598067345466
969 4.704449484938567
970 6.12956081117462
971 9.868250157921315
972 9.578760440324105
973 6.907704013107044
974 5.244196161818485
975 4.012433675395367
976 2.5661403782011725
977 1.2637925111286716
978 0.41389918008924487
979 0.2738664041746198
980 0.1073445225995857
981 0.06355276615669422
982 0.0554576376881203
983 0.15629686778259794
984 0.3664182069468051
985 0.5243198262925662
986 0.6898352501172074
987 0.5360202949054679
988 0.2606120255834493
989 0.47933039430114144
990 0.4934253758622501
991 0.6330654476942433
992 0.3537135127830233
993 0.6710438804861429
994 1.9888257968974914
995 1.4840733091182625
996 1.6854556256151032
997 0.0017005193411712234
998 2.0782797702309233
999 1.981690913606068
1000 1.46838665896444
1001 1.1306610356436126
1002 0.5891187108757715
1003 0.9615584123639361
1004 0.7354399837890069
1005 1.6679559820091923
1006 1.8001538723156894
1007 0.6201367051150124
1008 1.404294873051985
1009 2.6584754883211694
1010 2.9249209001201413
1011 2.7504590679675163
1012 2.927303283226367
1013 1.780809921051444
1014 2.2132681837666337
1015 3.333257635313342
1016 5.801030416647582
1017 3.7962275946685202
1018 2.352526256780836
1019 2.2575591997744766
1020 1.3483159711259225
1021 2.1119304303672783
1022 1.320837059133555
1023 0.60496430809211
1024 0.06126026088959697
1025 0.025026990865099474
1026 0.24564541357624847
1027 0.8795753560624856
1028 2.216102493408025
1029 2.8610252093338824
1030 2.204245721340704
1031 2.485118042868776
1032 4.615147361091236
1033 6.299231595454741
1034 7.338991222891253
1035 9.899386216169944
1036 12.2675777011698
1037 10.657814129221563
1038 10.052193095412688
1039 7.330390620607955
1040 5.1472713394392136
1041 4.170850745781527
1042 2.7092730718340663
1043 0.9922702894940212
1044 0.5464190614160246
1045 0.6034001982829561
1046 0.39066154275613857
1047 0.6463449450451952
1048 0.6859898701886892
1049 0.2199811959423384
1050 0.2715834932923096
1051 0.22041809926943937
1052 0.17518475618926613
1053 0.5929393029783511
1054 1.2883532585345683
1055 1.374698902800461
1056 0.8476033220728254
1057 1.2411376791877096
1058 3.0977809942277417
1059 3.5929732798119427
1060 3.6688165647204425
1061 0.4856484317245638
1062 0.6800242879982806
1063 0.9420029640938149
1064 0.4153481987195196
1065 0.355192200155389
1066 0.7199568636102064
1067 0.6445078939719624
1068 0.5552214595105706
1069 1.1987070873545862
1070 1.477542341631411
1071 0.6190738348751675
1072 1.1843194413712854
1073 2.0858231615470295
1074 1.7699358142796557
1075 1.9782935568081657
1076 2.03253612568797
1077 2.7086152161887216
1078 2.6300659515674396
1079 2.564061609393056
1080 3.3248668160062143
1081 3.252472753428821
1082 2.4814494390893334
1083 2.4189105860561484
1084 2.390191708767269
1085 1.5331948062443594
1086 1.0078812493589435
1087 0.4413799046214433
1088 0.007862030882375099
1089 0.0004632339381123367
1090 0.2600386309504623
1091 0.8182635029638867
1092 2.9268677227659183
1093 4.227819961882777
1094 3.0274578002512977
1095 2.6771067692667074
1096 5.785872252100157
1097 12.068416488549031
1098 11.124287592843773
1099 10.645876203485248
1100 12.828002737170559
1101 16.424387523576467
1102 13.504914433756733
1103 10.820061378224947
1104 8.841679435228516
1105 8.246325048042923
1106 5.176157384897883
1107 2.951133474274354
1108 2.6407469620910438
1109 2.397183300917225
1110 2.2052890920442816
1111 1.924654144448122
1112 1.458165611587608
1113 1.5322275841475708
1114 1.150268655396307
1115 0.6983503300982017
1116 0.7519949514446463
1117 0.9496691760055754
1118 1.5496817485782493
1119 3.365554702641695
1120 1.4031974882476406
1121 2.5294658762807933
1122 6.330395851994453
1123 9.605384573249525
1124 7.983619129740991
1125 3.112863547608273
1126 0.004827454603432742
1127 0.736681047504989
1128 0.21835110150594073
1129 0.604846804113682
1130 1.983370872420312
1131 1.2750557165064622
1132 0.9003941977026588
1133 0.7745742582732227
1134 0.9573681848239018
1135 1.055819682706225
1136 1.3629724884829344
1137 2.376229813363173
1138 2.8793572053059693
1139 2.716323292878973
1140 2.9658967924882753
1141 3.600731593505576
1142 2.8814963482450535
1143 1.4492213507579714
1144 1.7108321688127057
1145 2.5207733881292502
1146 2.2707006662309266
1147 1.9265312120654867
1148 2.6653567699592493
1149 1.3717769215722513
1150 0.4850766718425607
1151 0.3276673303101671
1152 0.025474032651628654
1153 0.0022940355835988813
1154 0.29083401972637085
1155 1.5694303794636826
1156 3.231397182606762
1157 5.364961104105292
1158 6.389985881451108
1159 6.085805158293699
1160 7.814788790748228
1161 10.695504604455424
1162 12.96120715487418
1163 12.4064616295306
1164 15.540925100142015
1165 19.09803909163602
1166 17.862242144557776
1167 16.81919304742583
1168 15.822659785873876
1169 14.133441503692275
1170 11.514634297996215
1171 8.29943952210811
1172 6.959966668738911
1173 5.02398814944327
1174 3.431786107346483
1175 3.0490342363785357
1176 1.9471306804905608
1177 2.5732996761274896
1178 3.149879175015987
1179 2.7942077955068525
1180 3.214962025366778
1181 1.7396488158410237
1182 2.5357826364679443
1183 6.4694928206266376
1184 5.412948322172353
1185 7.336018628946258
1186 12.505143036921979
1187 13.65906245139455
1188 12.528768692248923
1189 7.689265403975021
1190 1.2550114682711295
1191 0.010195378990720106
1192 0.08780617425741646
1193 0.600038732800248
1194 1.0671175388001595
1195 1.0224926226050681
1196 0.3605538321730884
1197 0.33088666062794936
1198 0.5493950055575408
1199 0.5263887336537058
1200 0.9792767993358404
1201 2.468258520908263
1202 4.154646792868327
1203 3.895315823648716
1204 5.559924446448829
1205 7.190339423445638
1206 4.655278290081298
1207 3.287394212066088
1208 1.4323368094249038
1209 1.0725166211156494
1210 1.345286596767596
1211 0.7522521257127255
1212 1.152218145251038
1213 0.32653572973719147
1214 0.16734056975314562
1215 0.01725113611089229
1216 0.0032867302974458426
1217 0.024249530365706703
1218 0.1973596230487852
1219 1.1349296327317053
1220 4.744644436151431
1221 6.926429637183718
1222 9.86240966520796
1223 11.741809472527681
1224 12.13129376227657
1225 12.539094482421737
1226 13.224061304800165
1227 13.800433589122457
1228 15.294638843635356
1229 19.114200384287578
1230 20.863742013463046
1231 21.85693213989813
1232 18.96100976590676
1233 19.021530007417134
1234 14.342871945807715
1235 10.321940315889059
1236 8.211346794675599
1237 4.902360349177677
1238 3.14360948939584
1239 2.603780736392973
1240 2.572575304235509
1241 1.8176794557583573
1242 3.1493947674273737
1243 3.4877958557134043
1244 4.547201380440156
1245 4.181788819557178
1246 4.703166865001471
1247 7.116085678552502
1248 12.629946376604648
1249 17.372303172202802
1250 23.430876059369137
1251 19.952766183414468
1252 12.723136720879406
1253 9.991154747875171
1254 6.350726877518172
1255 1.8559151848923958
1256 0.10241461418797099
1257 0.4022745125512674
1258 1.0121801833570387
1259 2.080525142043962
1260 1.1023744639844497
1261 0.5478563341967551
1262 0.8227996656906463
1263 1.455515239073829
1264 1.9864730896515352
1265 4.918671696803925
1266 6.818143182272613
1267 5.378617824196545
1268 6.333952944901648
1269 8.86733468262491
1270 6.27565715900598
1271 5.47524303886411
1272 3.5657974228507845
1273 1.4842163645163078
1274 1.440141562399066
1275 1.8894592458554458
1276 0.8615085482329904
1277 0.010890000617246424
1278 0.04342396564002733
1279 0.012602030937376774
1280 0.11879126223510239
1281 0.240508359890131
1282 0.5721089147435063
1283 1.8417700319816255
1284 5.489290206685019
1285 8.69133544032154
1286 11.241961915483838
1287 13.71907365084069
1288 14.838792891887026
1289 13.585418383951204
1290 14.387986093809968
1291 13.585704195054221
1292 14.694856211706782
1293 19.72535947094864
1294 24.39847700010976
1295 24.84746580285746
1296 24.803066102554638
1297 21.85861646921741
1298 17.473958362187012
1299 11.8764720683598
1300 9.119810850000698
1301 8.121822551489268
1302 7.056614092835895
1303 4.194830558374401
1304 2.4490901166884727
1305 1.1154104678408068
1306 0.9722332034745608
1307 1.0705654671076932
1308 2.720151772021844
1309 3.7458261490514473
1310 5.22626973901329
1311 8.022042498395843
1312 13.973962632253851
1313 25.062559259167955
1314 34.363386783921705
1315 26.31782772675822
1316 18.886034059994547
1317 11.77190828071755
1318 9.356615084437498
1319 4.384433619996046
1320 0.9325676611105416
1321 0.3089813458162317
1322 0.565946618663419
1323 1.6936101123286378
1324 1.10742686974853
1325 0.8381937494636873
1326 1.4381937261870181
1327 2.26812560180128
1328 3.9095033626151325
1329 5.043061908419469
1330 6.424115001009448
1331 5.619337215947138
1332 7.038029155736597
1333 9.735272924015778
1334 7.440742605915503
1335 6.892826492761001
1336 3.6839228888515625
1337 2.9251518290080925
1338 2.5990229304962655
1339 2.042013861839072
1340 0.93220908289446
1341 0.05050287021067247
1342 0.017710186796999802
1343 0.004447699322926777
1344 0.3910557043150916
1345 1.1315669741305507
1346 0.9961034450669339
1347 3.535042548137998
1348 7.982236642656742
1349 9.92333029337094
1350 13.7209393676932
1351 15.044445530999404
1352 16.731424379183913
1353 16.824782530931472
1354 20.27919604153268
1355 18.35998618283641
1356 20.11655483621318
1357 27.56332292352023
1358 26.705073394340438
1359 29.28382313859971
1360 33.14595144956641
1361 30.417032489173824
1362 21.75184752471467
1363 16.970067026140732
1364 12.033069828906298
1365 11.080007668141013
1366 11.767883516390437
1367 7.592912564500893
1368 2.0388338890704674
1369 0.7562931202802309
1370 0.58077119287095
1371 0.5161308603648959
1372 1.4996590282032212
1373 3.506777128736891
1374 6.137858832093594
1375 6.6092270728957185
1376 11.428751744025092
1377 20.569346950523325
1378 30.841909413760757
1379 30.083056971237326
1380 22.628258737116415
1381 16.872976999898746
1382 11.343222759856873
1383 7.09282314066891
1384 2.761089715501107
1385 0.002878820731856494
1386 0.2390077282123235
1387 0.07561965764296912
1388 0.34059107230753916
1389 0.3737580381285598
1390 0.5727382340176849
1391 2.061140942157581
1392 4.094872423119169
1393 5.772867018187733
1394 6.275568803396823
1395 6.488025990217518
1396 6.98930443088941
1397 9.671894374026127
1398 10.800416863700878
1399 11.862703998624767
1400 4.058641586762456
1401 2.99131930662519
1402 1.7987446003625054
1403 2.803955825013021
1404 1.6126355065078846
1405 0.5804471538203607
1406 0.08555166768962
1407 0.03405861315064754
1408 0.5571321105658672
1409 1.2019614415403677
1410 1.894887840843305
1411 4.450828913206696
1412 10.246231676996846
1413 13.274340238241482
1414 14.230536032385249
1415 18.700216823693296
1416 17.491737212935597
1417 18.9287982302778
1418 22.62017875921858
1419 22.159591723587383
1420 21.0099852708967
1421 29.911926129670217
1422 35.01232611593582
1423 34.89057701836415
1424 40.55441919799366
1425 39.71271750873348
1426 25.86711962473448
1427 19.577473635086303
1428 14.11985866728043
1429 12.458750590697091
1430 10.445182618146077
1431 6.830431013358831
1432 2.6107528085366534
1433 1.1956264107907304
1434 1.0254855854154423
1435 1.077487482620959
1436 1.1512721319205275
1437 2.9353785426520997
1438 6.535844557608106
1439 7.898402060134264
1440 9.700716011186625
1441 17.666940018453953
1442 22.33145033351249
1443 23.792699255718762
1444 17.831177648969177
1445 13.658154883724094
1446 9.188915539307173
1447 5.312002703264386
1448 4.9389618833633575
1449 1.0994391739746547
1450 0.11502623932264446
1451 0.01146619814612439
1452 0.04234148107076852
1453 0.1964947421538778
1454 0.13661277898242113
1455 0.4675775946004649
1456 1.911591409780855
1457 2.8793003704172784
1458 4.479752746152388
1459 4.872353283840808
1460 5.372418347980601
1461 8.484555258593106
1462 10.008904969197184
1463 10.36222967151425
1464 5.386865149678439
1465 3.7998900963196527
1466 2.2696837058823673
1467 1.0213341350661145
1468 1.0180942181563823
1469 1.096750184050268
1470 0.26527452640092775
1471 0.12565658159859214
1472 0.743486138410001
1473 1.4599665403358
1474 3.7265931750569625
1475 6.743182848244976
1476 12.260967785795529
1477 15.368873443956101
1478 16.66747449189192
1479 21.124726901324117
1480 18.873675895285245
1481 19.346989899411852
1482 21.929407962887826
1483 23.23003313908781
1484 23.56117710189208
1485 31.014081198693344
1486 42.222730295502565
1487 47.63506527064921
1488 46.1737481483382
1489 42.58131412042369
1490 27.333692624014354
1491 22.567573875227186
1492 13.531498402280816
1493 8.595260285651868
1494 5.6317839537076715
1495 4.171741259788491
1496 1.4462159156124639
1497 1.6896402367288277
1498 1.5486043728273644
1499 0.9489015367746118
1500 0.42049420969819307
1501 1.6983670174954346
1502 3.294252527157567
1503 4.745891590735531
1504 6.39670008707885
1505 12.000358129549412
1506 14.137723387753763
1507 14.404152993735476
1508 15.012466418955055
1509 13.166584095148444
1510 9.410680585493154
1511 7.572374251150158
1512 6.504867473574275
1513 3.436970679567847
1514 0.14829862869384305
1515 0.010295282139527252
1516 0.04175659754028198
1517 0.16943614222968964
1518 0.23518827348835364
1519 0.8686406714663873
1520 1.6173226232232019
1521 1.4662743386464079
1522 2.990470370284531
1523 5.050545376876519
1524 5.1567613806802015
1525 7.283169292011264
1526 7.719442369759059
1527 7.879943457794296
1528 6.263486842522287
1529 4.70859794124556
1530 4.228109762025068
1531 2.3992747801884624
1532 1.3098003709532213
1533 1.0182377406989715
1534 0.4291942424373314
1535 0.4514242561505601
1536 1.6071242579115856
1537 2.1916150265541186
1538 4.979920652371745
1539 8.325079248002847
1540 14.272804129657837
1541 14.777235390149585
1542 17.208858347046608
1543 20.229170313099893
1544 20.999142376309248
1545 19.866782696325764
1546 19.347601045868668
1547 23.246943068602672
1548 27.448671359216988
1549 37.61029175597754
1550 43.448304702057264
1551 51.081137478808124
1552 55.41125814259623
1553 48.974194622076126
1554 35.528757965301146
1555 25.170873656795187
1556 13.91607412823109
1557 9.220550401593949
1558 5.589636512255049
1559 3.3077850896226275
1560 1.329166082635833
1561 0.7178129195624826
1562 1.6239012467575762
1563 1.32999190458954
1564 0.21016480394243564
1565 0.2515370922752411
1566 1.2284170720747785
1567 1.6065972461626512
1568 3.053015359850906
1569 8.293097096770477
1570 11.287534053151896
1571 8.916605320710751
1572 12.921974721275095
1573 12.278435005500658
1574 10.082699741611899
1575 9.118289668503092
1576 7.729829420995132
1577 5.3127828734841485
1578 1.9022091921444384
1579 0.28073988685818946
1580 0.003019447519644217
1581 0.01967996663246421
1582 0.1956504519275245
1583 0.6967043963347374
1584 1.5945421726588402
1585 2.333857114658888
1586 3.589845138933412
1587 4.839494666784365
1588 5.926215466569354
1589 8.739235894110255
1590 8.600039466301723
1591 6.752095596320494
1592 6.46808966968722
1593 5.321561378579272
1594 3.0556433643208685
1595 2.479321975097593
1596 1.3284975871093103
1597 1.3322014117438903
1598 0.49908363313563103
1599 0.3703309479553873
1600 1.2376143137782203
1601 2.686758634235331
1602 5.24325118893793
1603 9.320402196641187
1604 12.97305728470491
1605 14.464198344867663
1606 17.72093213819477
1607 19.5763651952677
1608 20.60699976164493
1609 22.559532952705634
1610 19.740047785441746
1611 22.670482405783268
1612 26.831406130642538
1613 38.556942290319824
1614 51.618851950802785
1615 52.88292264122704
1616 48.37364631094439
1617 45.346508171188
1618 37.19220845547314
1619 28.602186176259522
1620 16.842680652870925
1621 9.664280344333035
1622 6.782309759385739
1623 4.021611771704774
1624 2.8533700640271666
1625 1.3711844104852697
1626 1.0809964987823972
1627 0.930163647550078
1628 0.5537979644330443
1629 0.6375704229469924
1630 2.2816261891986143
1631 3.558969243845817
1632 3.63585450495959
1633 6.383560604515829
1634 7.611850018641929
1635 7.112454649220119
1636 8.417075133619507
1637 13.052969152859912
1638 12.257808852190722
1639 9.628158265600609
1640 7.921826799327111
1641 3.720796460052364
1642 2.3320688348088874
1643 0.17919947850293316
1644 0.07175197964451928
1645 0.2595576606187984
1646 1.4239570242006492
1647 2.00395578739939
1648 3.050648335550222
1649 5.2266679764745
1650 5.474388834530513
1651 7.551499193315498
1652 8.234374384029117
1653 11.678459945910088
1654 12.5699646062501
1655 9.73210006380609
1656 9.157250683390892
1657 6.443479625098461
1658 2.137265711159849
1659 3.3108831215258774
1660 3.550422377317154
1661 2.1261213045437226
1662 2.1792575006641655
1663 0.8778308113894964
1664 0.6384113704214354
1665 2.3269486121116203
1666 6.782136550996328
1667 9.220667167457679
1668 10.804767092535926
1669 13.935418221044674
1670 18.738383700053717
1671 20.10498244239845
1672 19.773394464228495
1673 21.94460448241701
1674 22.10462893438047
1675 21.70292527170147
1676 27.30661919044541
1677 40.879955703722814
1678 55.19033422459837
1679 53.578425775768565
1680 47.83906379421436
1681 46.11523912180428
1682 44.165832163616074
1683 30.597240954353445
1684 21.720318997135653
1685 13.564098628771152
1686 10.62571837315734
1687 9.876739239703909
1688 6.333408595054934
1689 4.350414128434937
1690 2.838557000417948
1691 2.3800623657014204
1692 2.8438593990748
1693 3.300195222206575
1694 4.9502504580271625
1695 6.355971527533952
1696 7.174627018948035
1697 7.73405545219514
1698 5.625370911455341
1699 4.539156981472429
1700 6.571172525702061
1701 10.731095682759408
1702 10.753311575633905
1703 5.9378445863368325
1704 3.8270937077949276
1705 1.309101950791894
1706 1.144386541186788
1707 0.05008739893502127
1708 0.29168411745477
1709 1.5974840837202762
1710 2.025831320454324
1711 2.6856172700577243
1712 3.993021831074739
1713 6.589623797980343
1714 9.442939970277468
1715 11.915449969721863
1716 13.415721895422584
1717 14.88633520674911
1718 13.592551314760035
1719 9.621914845426971
1720 8.167990947366931
1721 6.113469282926967
1722 4.503820476520877
1723 4.1354339207458715
1724 4.804793310357396
1725 4.590160706753412
1726 3.0441780130866487
1727 1.9797122767241073
1728 1.155227661463257
1729 1.936432610204392
1730 5.0118508252358
1731 9.60301402061014
1732 10.927451253944566
1733 12.726207361241158
1734 16.410775467418226
1735 20.00225009824904
1736 18.43515067105111
1737 20.066944048869065
1738 22.40060813584564
1739 19.01145170168616
1740 25.09090411237349
1741 35.61574831552683
1742 43.80743176998971
1743 43.956100571513225
1744 41.45163244253673
1745 45.84980011995095
1746 41.18221337506842
1747 30.30925412746466
1748 24.91856027112489
1749 20.791557047046258
1750 15.806907714812803
1751 12.989692031983616
1752 9.663268721501206
1753 7.483314405041007
1754 5.46746905187937
1755 5.241598809241168
1756 5.888846744235901
1757 5.622076242133361
1758 6.484773579879651
1759 6.092518927906104
1760 8.343496709589344
1761 8.489323476750565
1762 7.145231994008962
1763 3.944750728219193
1764 4.552104987390202
1765 5.370215692130981
1766 4.817182205615457
1767 3.32668326820979
1768 0.7885436030242283
1769 0.008188307295492516
1770 0.021113263632948354
1771 0.19304454237237728
1772 1.1813904211300679
1773 2.360057973977443
1774 2.856588336540635
1775 4.213277883995346
1776 4.819732534737204
1777 5.822948300715876
1778 9.017524767556905
1779 12.004267504272635
1780 14.361834422089448
1781 17.78445106028441
1782 11.900499493136948
1783 10.036296979080452
1784 6.943392555868147
1785 4.089659606130647
1786 5.05978135165188
1787 5.3438968105853055
1788 6.758522323759623
1789 6.063176837567037
1790 3.8907732141788807
1791 2.142832245071169
1792 3.2820022139770026
1793 3.8688490638528523
1794 5.455502840501017
1795 8.603032691773475
1796 10.34335002758999
1797 11.853095281198915
1798 14.835781455212352
1799 18.432084048859807
1800 18.472465630454444
1801 19.357497637726098
1802 20.695390266930545
1803 18.780546643011508
1804 25.23808356454226
1805 34.63805218462948
1806 37.1532707436725
1807 37.574088489339644
1808 44.17489844712122
1809 47.5869034405656
1810 38.45049917155697
1811 31.340503812066427
1812 28.050328250005368
1813 23.302189752737217
1814 17.559890304953722
1815 13.310856054153993
1816 12.274064424500722
1817 12.262384969316296
1818 9.249899595742987
1819 9.918923881516298
1820 7.225280993505971
1821 7.322773842057701
1822 7.325927901086274
1823 7.206794689444015
1824 7.929316405399746
1825 4.806304238923627
1826 4.739215405418977
1827 2.3747673628548416
1828 2.0272893934781337
1829 0.7906553263517999
1830 0.0007741649469981618
1831 0.049429701412568715
1832 0.11074277257470616
1833 0.8802711912816225
1834 1.0101410611078765
1835 1.8425860627909274
1836 2.861132592295992
1837 3.1926105395180113
1838 3.1821544106137427
1839 4.357283803652979
1840 6.078583347336085
1841 5.738910918310576
1842 7.487629722575755
1843 9.363693463564509
1844 8.871499621808884
1845 11.58598201147024
1846 13.801592574987751
1847 9.988755594337682
1848 5.937413756402927
1849 4.712993291512692
1850 5.909458804458875
1851 6.759636391755582
1852 7.816411862618561
1853 8.322689847364764
1854 3.9560012133413625
1855 1.5428367691284306
1856 3.555642924636163
1857 4.708578521073109
1858 6.038012389046287
1859 8.10882298748269
1860 11.113386993440765
1861 13.456871135431642
1862 17.237259072350067
1863 17.970702920060848
1864 19.937274774098434
1865 21.70073560798453
1866 20.894214919018193
1867 21.140232557921834
1868 24.24717457402688
1869 35.7558703662757
1870 42.08772920323369
1871 44.01375167268429
1872 45.1460713501869
1873 42.29999121176442
1874 40.084064263732664
1875 34.17258660591033
1876 34.296500930145264
1877 28.04688393273228
1878 23.10395418777239
1879 19.941374197881007
1880 18.755938111288494
1881 15.975545865018203
1882 14.989511243896137
1883 13.605492988594563
1884 12.990152767860707
1885 12.030073235365725
1886 10.305860894031886
1887 8.56988871080526
1888 8.39576254830975
1889 5.653918396752336
1890 4.160049633010658
1891 1.18690085509956
1892 0.28449836040712473
1893 0.024015267569200076
1894 1.088842963948362
1895 2.635873344664938
1896 3.4783335947759495
1897 5.417579216970118
1898 4.34885318539532
1899 4.983676164541107
1900 7.3757617934264355
1901 5.400448001422582
1902 5.275367521035823
1903 7.950169183946981
1904 9.726779549002005
1905 9.338422807912144
1906 8.706312547923641
1907 7.083568723341053
1908 5.622141069304745
1909 6.941773582180358
1910 10.23340253109756
1911 9.52151482334265
1912 7.412394880125242
1913 6.343932998258569
1914 7.750722319459843
1915 10.764090478564077
1916 10.119255517419887
1917 12.078957941737572
1918 7.975312023495145
1919 2.8921930027874163
1920 3.2360036755603048
1921 5.368397833984727
1922 7.477512615145602
1923 10.351792853489055
1924 13.453580609980161
1925 14.909545859065206
1926 19.6093027779177
1927 23.58247229798169
1928 23.258002318065547
1929 22.151116025257103
1930 20.730094212069208
1931 21.367286288868954
1932 24.935893897059472
1933 34.92673948267532
1934 43.81051621970336
1935 51.56319396704177
1936 53.92013609990292
1937 56.62540320024366
1938 48.56839010715631
1939 43.733341977589916
1940 41.781943259827635
1941 34.526580283663066
1942 29.635036400865232
1943 26.015445060302365
1944 22.635520275624714
1945 19.690547220500733
1946 21.12805763015802
1947 19.441826051753132
1948 17.208351569790334
1949 16.277702771980984
1950 13.623782809506011
1951 11.75233580992729
1952 9.707021433396628
1953 6.624942893093523
1954 3.4167444640700984
1955 0.9818209349679704
1956 0.23298515286633734
1957 0.10819486163375831
1958 1.2690306554265156
1959 3.3260823247038096
1960 4.88597317281897
1961 6.477902031773101
1962 7.599191110929559
1963 9.274146893486364
1964 9.86011042751962
1965 8.286986294987715
1966 7.738030373986301
1967 9.563825362101273
1968 9.99997344908419
1969 8.459653903184549
1970 6.8203841323119425
1971 5.981052454478155
1972 5.281943845955679
1973 6.588174020703901
1974 6.201239347762309
1975 5.676851527899165
1976 6.409042069813794
1977 8.39741262019479
1978 11.802123735453725
1979 12.819487772130751
1980 10.417176176283016
1981 15.112776489025856
1982 11.097952344758795
1983 3.689776633020523
1984 4.014137162778404
1985 5.6949386109769575
1986 8.142199260909592
1987 10.953263647870248
1988 13.134043221747815
1989 15.193913385725406
1990 18.81674196413609
1991 22.40111342870846
1992 23.589979455465116
1993 23.445962189969453
1994 21.141715125261623
1995 21.742061969962673
1996 23.934581872206717
1997 30.773105211573473
1998 44.53381103077964
1999 48.59778815793286
2000 56.5582469628824
2001 61.03089881654433
2002 53.37896494790395
2003 46.595501812150765
2004 41.06616708363357
2005 36.21494033683501
2006 30.14969550000459
2007 27.520766495798618
2008 25.185182229946953
2009 24.13520022719426
2010 22.150394285543012
2011 21.668119673017827
2012 19.426567962695497
2013 15.605779971247738
2014 13.219700476373287
2015 10.129740630767898
2016 7.968566244259114
2017 5.163249620896556
2018 2.2007861356088982
2019 0.28357299473041175
2020 0.03651474478490851
2021 0.06905463191014995
2022 0.8938069999588066
2023 1.9579972828110586
2024 4.209892821548879
2025 5.582919955281864
2026 6.81437144897894
2027 8.945551227182273
2028 9.926666567526746
2029 11.216542489475696
2030 13.001414871535879
2031 11.612609915108926
2032 10.016724769950557
2033 8.417894113197864
2034 6.309345091655638
2035 4.276420566799019
2036 5.298570580337244
2037 6.966211745616611
2038 5.534249940484497
2039 2.7298780391423234
2040 7.733207414451883
2041 9.103600091589856
2042 9.821007376117636
2043 8.03440266894515
2044 9.679223356348922
2045 16.04699398576663
2046 13.494225274940495
2047 3.9527532306060245
2048 2.704744099695747
2049 4.43264710510498
2050 8.788872121703498
2051 10.200255217450454
2052 11.286010773408474
2053 14.371544687247642
2054 18.778633000104158
2055 20.327695101988418
2056 20.357907123214176
2057 19.885262698461585
2058 18.060429937760986
2059 17.151889451622115
2060 18.22551779958958
2061 28.970733227580528
2062 40.464572254354096
2063 43.846194595030354
2064 55.397646863856494
2065 63.10976046518991
2066 53.246624163758185
2067 39.77607169357049
2068 36.74926937088137
2069 30.782310381691495
2070 29.832861188524962
2071 26.838540942270082
2072 27.476827154993238
2073 31.979740329676257
2074 27.571671370823307
2075 21.885131248961798
2076 16.395775276467717
2077 15.434589929784647
2078 12.289362575841892
2079 8.629451989639534
2080 7.537273529654553
2081 5.7144836131328285
2082 2.4299463579437393
2083 0.7166849796699984
2084 0.19622487659716462
2085 0.05332471074090247
2086 0.1561898310832775
2087 0.513451393049232
2088 1.7456425610576736
2089 2.909738206383933
2090 4.563561514054282
2091 6.298392020810687
2092 9.126543648076522
2093 14.431461905842975
2094 16.792357135014935
2095 15.340210912812495
2096 12.393455178627098
2097 11.052685966369241
2098 10.098869366011678
2099 7.3324260484789345
2100 4.614255838447659
2101 5.316255623714626
2102 6.09081267534832
2103 5.821552116749939
2104 6.039193074912266
2105 5.880997879570499
2106 5.424071404728846
2107 6.010460975276514
2108 7.906890087995644
2109 14.888812736498124
2110 12.325054203954211
2111 4.186570246164478
2112 3.2914807116780267
2113 4.205803877021535
2114 6.584829350746565
2115 8.278772565624315
2116 11.938354775824703
2117 15.585014945156928
2118 19.06172704377853
2119 20.268442633524025
2120 18.92267062115777
2121 18.756434634950846
2122 17.721793319032827
2123 16.45145635177042
2124 19.751352075399545
2125 29.343535134995676
2126 39.785843934216814
2127 43.12905535475574
2128 53.17817407829183
2129 61.8149289756207
2130 53.672482374285195
2131 41.22783461347933
2132 34.424313149315864
2133 29.420103548200583
2134 31.573340266017485
2135 29.680165298675735
2136 27.437448116367506
2137 29.540212591474646
2138 26.15951944140279
2139 21.88181606714643
2140 20.490912069062443
2141 16.386991048070858
2142 12.871651312728574
2143 10.540680255121822
2144 9.12871635496258
2145 7.197035505624655
2146 3.6953970018931463
2147 1.4656402755916356
2148 0.7135908013005975
2149 0.16939848630100995
2150 9.419345719234192e-08
2151 0.13918631923990468
2152 0.8316196029727263
2153 2.18490268575167
2154 3.8756320027749656
2155 5.455581951214425
2156 8.574588437907826
2157 13.070464028504167
2158 15.261627505452317
2159 17.52463009427838
2160 15.81381155390863
2161 12.911192162813986
2162 11.886265932580494
2163 8.35384454256913
2164 4.93756295816667
2165 3.5457216893185746
2166 6.973505845194657
2167 7.1858784256625
2168 6.369049755212829
2169 3.917433989073727
2170 5.6874130322227865
2171 5.548983383218942
2172 7.384399175041289
2173 13.117372083368188
2174 8.632305524456568
2175 3.8725407424752984
2176 3.572140360667682
2177 2.7006229518639158
2178 4.2262802099818195
2179 7.751053719391129
2180 11.865991283378657
2181 15.808086591896684
2182 20.093356163552134
2183 21.933974552706182
2184 18.357969171545747
2185 19.093757432207816
2186 20.71317861514515
2187 20.02511749167695
2188 21.660240461278644
2189 33.66541136457644
2190 40.54032818132971
2191 44.11087180455133
2192 54.04359912652198
2193 63.70834864245316
2194 57.88009295936794
2195 41.42496337513699
2196 33.82662390667181
2197 30.616193106141388
2198 29.828297665305787
2199 34.07136873566627
2200 29.52579888784457
2201 25.90021343332864
2202 23.43712809850034
2203 21.817251749427943
2204 20.30384806651366
2205 14.691226849489173
2206 11.149337609744192
2207 10.464568993812106
2208 9.032875540375603
2209 8.854928765123779
2210 6.180149114813028
2211 2.6876157293757954
2212 1.1197087162221413
2213 0.36177230984049674
2214 0.011684379894342583
2215 0.3888932110130932
2216 1.9089046354869867
2217 4.26025673073368
2218 5.946693081450972
2219 8.65081413767902
2220 10.58710089591683
2221 13.879480278092966
2222 14.219153392618859
2223 14.106106572272406
2224 14.315168465686874
2225 13.586738613827668
2226 10.172356864444103
2227 8.366997751277422
2228 8.31889631727742
2229 6.539171990992033
2230 5.6437354885179
2231 6.511062316557369
2232 5.997061911029357
2233 4.080181639097622
2234 6.884791376911651
2235 6.452202056961299
2236 9.400407175267741
2237 11.831242828269959
2238 4.754368167049975
2239 2.032734619969118
2240 1.709109982534802
2241 3.1437948359116525
2242 4.276414861449815
2243 7.392553486091391
2244 11.260524567977583
2245 14.318219897234604
2246 20.25637244573539
2247 21.698501367715053
2248 19.069438980917532
2249 19.6336942495239
2250 20.480877876480072
2251 20.358761863153024
2252 24.09028843492593
2253 35.934316155384565
2254 44.38121792295292
2255 45.50124088506869
2256 49.37766065812652
2257 58.47153514785471
2258 61.7808741139195
2259 48.52978397166228
2260 40.570692387040964
2261 34.43796379008694
2262 33.553734454481386
2263 34.304868777193526
2264 25.958574286604485
2265 21.63442675065985
2266 18.47809230092541
2267 18.136938975955765
2268 17.45824665981743
2269 14.016340022067725
2270 8.905954680057999
2271 7.827695878063817
2272 7.9515514596345405
2273 8.46414448374445
2274 6.738358688011
2275 3.041467281640182
2276 1.6032452567484201
2277 0.5473761201819424
2278 0.034403799145685546
2279 0.17277131773247373
2280 1.2814324172437364
2281 3.8179730785243033
2282 5.68484730581094
2283 8.045216390659448
2284 10.577457865211313
2285 12.386360022106912
2286 11.831137739343573
2287 10.628131691470577
2288 12.110635649226086
2289 9.364097441001366
2290 7.696058054870415
2291 8.51224795851752
2292 10.619651926948341
2293 9.23408609635527
2294 5.0410663507602385
2295 5.6653760129366475
2296 6.20868867705966
2297 4.214934363422869
2298 6.328988430084023
2299 7.624358154893523
2300 8.206330883192564
2301 8.250837634073974
2302 2.6446742847901814
2303 1.1510238169626843
2304 1.2105919641938712
2305 3.173275281089434
2306 4.153734039928229
2307 5.696039812732799
2308 8.300111371626084
2309 11.873028163314903
2310 18.553013740108437
2311 21.283833311536668
2312 20.576421343791097
2313 19.416598314350672
2314 19.700443632188207
2315 21.68504533885318
2316 23.98829052529188
2317 35.08916676815757
2318 46.63078520444821
2319 46.47468455513403
2320 54.64113538263555
2321 61.21744595651405
2322 59.56844312090085
2323 47.809834249193166
2324 42.09184780952373
2325 35.118569168695934
2326 29.08531706073951
2327 27.3724442152552
2328 22.617576362014326
2329 20.450564576430725
2330 15.846672193743592
2331 12.653118878684515
2332 11.098706223694156
2333 11.201651150353936
2334 8.817624471561786
2335 5.851423288279074
2336 6.112967437069889
2337 7.917695333187008
2338 4.213939911014471
2339 2.1709531086355356
2340 1.5833505564662722
2341 1.1522476284821892
2342 0.44549111509677486
2343 0.0027842526810319492
2344 0.7373383636296719
2345 1.7792954795437068
2346 3.8425859896565244
2347 8.280021707721293
2348 12.87839693791438
2349 10.940176501980462
2350 12.254134331590095
2351 11.366155523212807
2352 9.405824698442892
2353 7.41513270741854
2354 7.544529581710495
2355 9.941007970509334
2356 12.882509116254907
2357 10.06820194831744
2358 6.375125830681536
2359 6.158180300284663
2360 5.7087829887823665
2361 6.49269302628071
2362 8.695642628640929
2363 9.368787845130994
2364 8.491732276423553
2365 3.8676240523627974
2366 1.1818511338143325
2367 0.687884028711157
2368 1.2994283153438895
2369 2.816960370249446
2370 5.050769176920457
2371 6.1708171821684745
2372 9.413262787359796
2373 13.77830347442917
2374 18.734949429788614
2375 20.810828249440977
2376 20.843505470485024
2377 20.828239981367275
2378 21.6152189257728
2379 20.65638568545107
2380 25.258542244282367
2381 36.36830155680539
2382 46.897456090382924
2383 43.92465550669369
2384 53.15383912225881
2385 58.164799506300504
2386 57.91694196905041
2387 47.120591011938345
2388 43.03367748097553
2389 30.600803549881537
2390 22.843602903849725
2391 19.43706989682658
2392 15.401774227554316
2393 13.089864187821993
2394 11.132103504955417
2395 10.378417660869438
2396 9.295829440925262
2397 9.365803700277453
2398 8.295433397956623
2399 6.996295324380609
2400 5.427997737125476
2401 5.538400865323114
2402 4.0812315754528985
2403 2.8833382410013413
2404 3.218904119404806
2405 3.6033148554076697
2406 1.7356057409928882
2407 0.33203722547485054
2408 0.00105995234060492
2409 0.12477496536241942
2410 1.9077260460880883
2411 4.117861488929586
2412 8.919080642723827
2413 8.241135692702798
2414 9.431166765908616
2415 9.284578818444597
2416 8.78116813987187
2417 8.044099838065529
2418 9.782701736274344
2419 13.749437553147857
2420 17.01836495097783
2421 13.950682964319244
2422 9.165902334495867
2423 9.063200356685124
2424 9.994675550220276
2425 12.01020967811444
2426 11.5821734488847
2427 11.866968568737164
2428 8.372582232086744
2429 2.1275354822633528
2430 0.6446335164193144
2431 0.13464192423258348
2432 0.32378564939687077
2433 1.6776251291901767
2434 4.413229269867539
2435 6.463935770696779
2436 11.287650093244793
2437 15.575844692984191
2438 20.439895340728782
2439 22.622717481577375
2440 22.421231250862828
2441 23.199370933920175
2442 24.935547994929063
2443 21.15256860334402
2444 25.97993945706998
2445 33.44676638931348
2446 40.544951047275866
2447 42.40590295939399
2448 45.230058487546756
2449 45.48710935092766
2450 49.9742419816437
2451 46.17496475820836
2452 38.06160951491823
2453 23.6994047529331
2454 15.791639430310068
2455 14.503878649155691
2456 11.354049462827922
2457 11.296696724835694
2458 10.675884650906536
2459 10.12148348286496
2460 6.956442022367903
2461 7.551966667870343
2462 8.764745594460097
2463 10.784229181721086
2464 8.0201269236443
2465 5.58123807316982
2466 4.317334162944675
2467 5.396097601835679
2468 6.650357571919588
2469 5.924505799933948
2470 4.031358764535254
2471 0.9214479674135818
2472 0.003486865020363372
2473 0.2172969447593474
2474 0.89222906806686
2475 2.7939139982756513
2476 5.36077975347114
2477 5.6589263334378455
2478 6.021051133141576
2479 6.250936557328437
2480 7.791374299955
2481 11.882649935281924
2482 14.699383730494779
2483 15.91167222863827
2484 14.658847911837094
2485 15.783723631774873
2486 12.969213636187273
2487 14.537429427685625
2488 12.444871459645132
2489 13.318023009140921
2490 11.021687167565144
2491 8.548174705720518
2492 6.3002700577835276
2493 1.7897657925525123
2494 0.1536620768721965
2495 0.00030375154608663256
2496 0.3740307755396145
2497 1.374932452561062
2498 4.16139840156641
2499 6.376034810342272
2500 11.205937093205728
2501 14.352739621230938
2502 18.926413631543443
2503 21.616340022145128
2504 21.375746582275813
2505 22.22197646070683
2506 25.395881163142466
2507 22.388226652833975
2508 24.123842927116474
2509 25.4288477454435
2510 36.347358754139364
2511 40.19298937336364
2512 43.34287500530445
2513 48.05033846698917
2514 43.521967718166756
2515 38.21473318116811
2516 37.305841456340815
2517 27.781774380309177
2518 16.439387656217676
2519 11.809238488018112
2520 8.847582456432272
2521 9.671273953684393
2522 9.381927270067568
2523 6.963619413746842
2524 5.39297028971482
2525 7.387768444590568
2526 14.160880589297975
2527 14.68146690880323
2528 12.646698635315131
2529 9.635451920807986
2530 10.39544227433409
2531 10.917122836609861
2532 9.870408856237283
2533 7.497903768543247
2534 7.194734740344478
2535 3.700755694957721
2536 0.17725172927835703
2537 0.329091519884861
2538 0.7134797803619295
2539 3.0932799091410446
2540 4.721620608714427
2541 3.3534302993295566
2542 4.663455245910851
2543 5.720389587452535
2544 8.862956431080617
2545 14.512096684784018
2546 17.708649050244638
2547 18.06538410242054
2548 16.115297017579334
2549 16.123199820135035
2550 17.49764478972268
2551 17.49320125713987
2552 18.18133243466804
2553 11.332150170005042
2554 9.15854692862983
2555 6.46777167180504
2556 4.541214351108333
2557 1.9119684888119772
2558 0.46696155033816406
2559 0.06507219299817794
2560 0.011605089699496012
2561 0.47505309457983996
2562 3.96346203685322
2563 6.449394331499132
2564 9.553760394576924
2565 13.480199317684109
2566 18.483683650408526
2567 19.141143425092054
2568 19.931427092686633
2569 23.01816085765952
2570 22.723020203822426
2571 22.402958799754643
2572 22.648955101245303
2573 23.901447001764417
2574 34.67223795724703
2575 37.07741338325048
2576 37.89503299097834
2577 40.69829448693023
2578 35.78729006404417
2579 33.93975215667969
2580 27.397909348903216
2581 24.4175699775971
2582 17.84650785940826
2583 13.437032106881597
2584 7.144912972331253
2585 5.812782314616689
2586 5.212569414213783
2587 5.91295388947247
2588 6.804679492014683
2589 7.810088004346027
2590 15.249301603124199
2591 18.120966091696534
2592 12.234079831454197
2593 15.358172111899409
2594 14.714458220130751
2595 14.516610369795563
2596 12.435249871731957
2597 10.142239480559837
2598 10.312710523267567
2599 7.331384029517918
2600 1.5209156151749657
2601 0.025332560692146365
2602 0.21133452929379007
2603 1.1101701113968458
2604 3.892685610548453
2605 2.838382081241905
2606 3.8292501422076377
2607 5.513047365570548
2608 9.069353202872295
2609 15.922578842812948
2610 18.080054952121174
2611 18.160995634830748
2612 16.514400177411748
2613 13.159621991200353
2614 15.414645846643683
2615 12.289261912610145
2616 14.112049414512896
2617 11.324410078072022
2618 9.437558070832928
2619 6.112134338759367
2620 4.592523617143629
2621 1.9927835312092868
2622 0.5222456098569591
2623 0.056802847763179634
2624 0.047097498731035935
2625 0.2164213088714435
2626 2.169432511402888
2627 5.450515646962201
2628 9.030819560747029
2629 12.487655940896891
2630 15.994577275159791
2631 18.486430780420058
2632 19.61617434770584
2633 17.595357954322438
2634 17.974150281914053
2635 21.59952213409487
2636 18.625900579146574
2637 25.007384366936293
2638 31.04364436267348
2639 34.03938902235069
2640 36.2811442815496
2641 35.7650230561771
2642 31.960292243888826
2643 26.251569035204025
2644 20.025616208064264
2645 17.873714076087243
2646 13.756789328164324
2647 11.546043163022919
2648 6.086798553698012
2649 4.2432301144664475
2650 3.2185556112330533
2651 4.059206040280906
2652 4.024531976468751
2653 6.527746646293224
2654 13.28689400297938
2655 14.485312094518106
2656 16.016216961794708
2657 22.044452837857435
2658 20.462245296395718
2659 16.921525400800057
2660 14.751656135208355
2661 10.62683241679004
2662 9.993040092132393
2663 7.578004770784566
2664 4.37562866824976
2665 0.6735961758332174
2666 0.014105524186933505
2667 0.1847018865846883
2668 2.2444032747361
2669 3.121679775166016
2670 3.7120732721877703
2671 6.972266297695798
2672 9.96112254059208
2673 12.171089525318548
2674 13.560611476300295
2675 13.421494198687544
2676 10.82733886229731
2677 9.743798272350649
2678 10.049608327552065
2679 10.126662327358925
2680 10.413525350345957
2681 10.581546963937335
2682 8.786018844171535
2683 8.172743561190607
2684 3.210746877657015
2685 1.1217717186831226
2686 0.7647574396476695
2687 0.22169752154601718
2688 0.4948554973601949
2689 0.02111556846136354
2690 1.047328243118979
2691 4.548936095349941
2692 9.12951002651099
2693 13.30817116441753
2694 15.9086874432782
2695 16.103705598747048
2696 15.033997056955322
2697 15.172124058780188
2698 15.291329719403137
2699 16.98507470149663
2700 17.36016392296524
2701 18.75922648826119
2702 23.0096564926866
2703 26.660646024704246
2704 32.89227733273728
2705 32.16232511994672
2706 26.46818243056055
2707 19.683351834603503
2708 18.050768398326696
2709 14.045538409925108
2710 10.25819486071832
2711 6.220444890646923
2712 2.6490117913881313
2713 1.5319125551602277
2714 1.3633295143016673
2715 1.8191934030088828
2716 3.2371467314005957
2717 6.228810626144405
2718 13.057009684488596
2719 12.618932670436479
2720 15.100019271163228
2721 19.805804333662582
2722 23.376965818814075
2723 20.813759898818958
2724 13.43806444825616
2725 11.265864881977917
2726 7.915016626551871
2727 5.877331590268567
2728 5.439571855298476
2729 1.4959164576032211
2730 0.1813617775152659
2731 0.19675032485241828
2732 1.934246353270093
2733 3.116521896335695
2734 2.8607130007855326
2735 5.5449903803206
2736 7.7809886590423
2737 7.612051374643209
2738 6.88671259427108
2739 6.572522543075785
2740 6.864620339875209
2741 8.057596702551193
2742 6.7991291335033415
2743 10.105115178129797
2744 6.5417524647276055
2745 7.158130275341692
2746 5.289253584176798
2747 4.604934392523475
2748 1.792287543354943
2749 0.9427441819616535
2750 0.36283766206199963
2751 0.02730817277460793
2752 0.8485030136388296
2753 0.21930764997261706
2754 0.23852426166070034
2755 2.693320680632287
2756 8.23489999834976
2757 11.286768350306048
2758 13.369135525629368
2759 15.146078504783114
2760 14.614642859262693
2761 12.08180948873272
2762 11.048735233137306
2763 14.112505255324454
2764 13.838072409462965
2765 14.885800212751144
2766 17.713011585466933
2767 23.101237849780816
2768 30.706786260685877
2769 30.94891147684383
2770 23.148441570954798
2771 16.45699255841586
2772 15.432006877053517
2773 11.557861342352844
2774 7.446202252795865
2775 3.8957082570771937
2776 1.2287971459956704
2777 0.30786034950055075
2778 0.8923429014916312
2779 1.2879865141827278
2780 3.3852512376627892
2781 7.054433319146986
2782 12.512317017611421
2783 16.763591395972117
2784 16.54697605222084
2785 23.07055883260373
2786 32.18595141437146
2787 28.564672182793178
2788 18.511740583493154
2789 11.757984075373562
2790 8.112388818674429
2791 8.426640833723777
2792 4.421676008265145
2793 0.9826684210788048
2794 0.5233547921612358
2795 0.01100300187596504
2796 1.0735268930980741
2797 1.8018166899466928
2798 2.334660250690204
2799 4.159723417388864
2800 2.5442038935792266
2801 3.0521136274717224
2802 2.440305351820213
2803 3.0525485773337655
2804 2.751023663560022
2805 3.310055274846524
2806 5.1572560822948885
2807 8.17963271064839
2808 6.388084551463636
2809 4.788226374276776
2810 4.067552890601039
2811 2.8942741690394302
2812 1.8818777583215782
2813 0.7704381885721775
2814 0.02934918775266229
2815 0.10738058880920832
2816 0.6460507762707751
2817 0.3960830036087661
2818 0.043040810795871236
2819 1.5072057258791978
2820 5.279592308521185
2821 10.171253897040904
2822 11.055915862259356
2823 11.218549952164548
2824 10.244141600084498
2825 8.578357084494241
2826 8.527101528937902
2827 9.642410930691465
2828 10.525606794978852
2829 13.483702624690135
2830 20.977194317365093
2831 23.35361118185611
2832 24.56803625782552
2833 26.14007324730943
2834 21.502140149197785
2835 17.560660780872432
2836 13.356346099002362
2837 8.931137641221325
2838 5.823798046993561
2839 3.180460481495045
2840 1.9654966459628331
2841 0.7287811826844701
2842 1.1425905422300306
2843 3.536680747752218
2844 4.319200564348989
2845 8.813941260399876
2846 14.199403307320642
2847 22.752821951538536
2848 24.23699252379912
2849 36.12637466597578
2850 33.05068052638447
2851 26.78763722286582
2852 22.80292202794642
2853 10.159168606055458
2854 4.073412648855801
2855 4.916696705824603
2856 2.6756475108000433
2857 0.2008907772240619
2858 0.27673792883155945
2859 0.21267122104815364
2860 0.0006803374955842553
2861 0.054081247958759134
2862 0.47388387644142516
2863 0.9278005651503772
2864 0.6686266792671308
2865 1.465941269873672
2866 0.484522495926639
2867 0.49451512628404143
2868 1.1385915382306913
2869 1.5487769895176737
2870 3.0776503444288696
2871 4.995510764835149
2872 4.788685677725002
2873 3.6664353562353216
2874 2.9594418133174196
2875 2.286233039197808
2876 1.25083475440999
2877 0.6412248193767964
2878 0.007253060397817551
2879 0.0650584685751897
2880 0.9621262460047005
2881 0.49901106422264335
2882 0.044979539826296495
2883 0.7251621897797302
2884 4.207903274966933
2885 6.8090584576224975
2886 7.4751906966430335
2887 7.854249144892724
2888 8.534898789845931
2889 7.547660142200724
2890 7.574263648897164
2891 6.8516251167546605
2892 11.197567472140491
2893 13.186213296706189
2894 18.493820637449986
2895 17.402217589921555
2896 19.78506364335147
2897 22.07431376049794
2898 21.99610973258517
2899 19.13565808442866
2900 14.673672899416522
2901 7.855849918944345
2902 4.544204289112989
2903 3.740211998505777
2904 1.8258932712161122
2905 0.7832556382190194
2906 2.198968622781896
2907 3.2873935698102
2908 6.64138013149343
2909 10.302954243674442
2910 14.682885376652061
2911 20.287866332587257
2912 23.39129664385778
2913 31.156414823254753
2914 27.47199446005574
2915 16.870662948125076
2916 19.189718444548923
2917 7.089428195077811
2918 3.92482807216758
2919 4.653923684624011
2920 2.481151439592594
2921 0.134394169028569
2922 0.03981058600983454
2923 0.39172123528392366
2924 0.32569169245588314
2925 0.3346797614343203
2926 0.020961441815920776
2927 0.004418858719178751
2928 0.002431169254477493
2929 0.6844493704388473
2930 0.617641829627046
2931 1.0445240682485564
2932 1.335454733036326
2933 1.9335878731076204
2934 4.392343268402064
2935 6.814239178462346
2936 4.536184852302676
2937 4.344643017565034
2938 2.264663754774319
2939 1.1967987553538229
2940 0.6541565715185603
2941 0.07440181599772533
2942 0.09735847022027522
2943 0.056887888257082894
2944 0.2652323638669074
2945 0.03517427076651412
2946 0.059371885747006053
2947 0.2616567685956864
2948 2.563462437228252
2949 3.9436565850820418
2950 4.092289666916915
2951 5.834898166765834
2952 7.964933331705878
2953 7.905598645870753
2954 7.004136808949354
2955 7.55131913251791
2956 12.493453519740003
2957 15.108586013470966
2958 14.9384640809209
2959 13.845453223776776
2960 12.699577583530862
2961 17.752209102470484
2962 20.397007815692998
2963 18.82743793481655
2964 11.872037876022045
2965 7.255332788704323
2966 5.78834406577545
2967 3.656815240996709
2968 2.254454030521521
2969 2.0502064750768265
2970 2.9941566767583185
2971 3.9664466601714747
2972 8.625176784708769
2973 11.123614568103863
2974 12.801480746637113
2975 18.416084752465924
2976 19.386615022953553
2977 22.77780916666279
2978 19.40242329458388
2979 15.485902817581685
2980 13.277060789150251
2981 10.146048477680731
2982 7.1373605191333365
2983 4.174747209637252
2984 1.2955185486824168
2985 0.03333827405363277
2986 0.05609578726815211
2987 0.3132476476403568
2988 0.056654632380570655
2989 0.12205776750976306
2990 0.12464529229569177
2991 0.0962633943034363
2992 0.018477852233592124
2993 1.355084677680046
2994 1.4595776115341321
2995 2.5982612839233887
2996 4.7847996902636405
2997 6.142577873547788
2998 5.524718631194955
2999 7.394006778238799
3000 7.14030937403312
3001 4.536563648875902
3002 3.103210329901014
3003 0.33368899624005177
3004 0.44433821401603885
3005 1.55920634632729e-05
3006 0.12397192766631611
3007 0.00010902952003740408
3008 0.02323672516891358
3009 0.011896967068373322
3010 0.07701880747732628
3011 0.5417977258851814
3012 1.4142438735896596
3013 2.268799440584718
3014 2.441540946822925
3015 4.412946309642134
3016 5.345027552797925
3017 6.398815818856118
3018 7.936066655359503
3019 8.448116093774248
3020 11.80312340738131
3021 11.71640308575066
3022 10.506879846239604
3023 10.468477889179363
3024 13.50602157457486
3025 13.09302948047569
3026 14.79678222956465
3027 14.333342383875362
3028 9.128567907861594
3029 4.192724573683361
3030 3.094396114585135
3031 1.5183801517804525
3032 1.58658189718599
3033 1.1494735376421266
3034 1.8867548267056615
3035 3.856204396994561
3036 6.904219502630678
3037 7.209905341533053
3038 6.638456423827645
3039 11.40706925764902
3040 12.00809557411511
3041 16.16372924693743
3042 12.843186675622151
3043 9.220551628400907
3044 9.235523024782012
3045 10.495523525957875
3046 5.637948215155506
3047 3.453783316262951
3048 0.41287929160821224
3049 0.7289466789568383
3050 1.1730618533542279
3051 0.757836270040443
3052 0.3917599104782002
3053 0.41697237731527576
3054 0.034482946881196984
3055 0.001993275692933381
3056 0.42424724839800737
3057 1.9582962723162585
3058 1.9421473129038533
3059 4.219610368237558
3060 4.111825247721926
3061 6.389897357089436
3062 5.138129363120818
3063 5.580392018864313
3064 5.219433612354251
3065 4.216726232132194
3066 1.7483039632384945
3067 1.4425235622812804
3068 0.4871167076163114
3069 0.07679287281511167
3070 0.17449848614324034
3071 0.03242253795619367
3072 0.006670309613848012
3073 0.019725977469512882
3074 0.27384551417738046
3075 0.8810834572587382
3076 1.3153088356039633
3077 1.649230755156062
3078 2.7325702158581247
3079 3.501895746640522
3080 4.016629714410905
3081 7.784857826691835
3082 7.190793943013994
3083 8.752971933322268
3084 9.351679449686003
3085 7.141838150853156
3086 7.664987420660828
3087 7.369433955579027
3088 9.22324748129651
3089 7.794055448279562
3090 9.187779693752637
3091 7.16731761428916
3092 4.332231973577051
3093 1.8069887009773173
3094 1.9976039739931906
3095 1.6035364854862708
3096 1.6319140067451436
3097 0.7898410183527748
3098 1.6236314326130825
3099 1.752531216604583
3100 2.17849949766518
3101 2.042157414583042
3102 1.6365589366369093
3103 2.538324036474115
3104 4.159376759876212
3105 5.916215602797886
3106 4.8261543757352205
3107 3.8716127494252466
3108 6.183369041907281
3109 4.123721094422115
3110 2.5755816975411108
3111 0.6591507856509865
3112 0.3774987975401566
3113 0.6877063928000783
3114 1.1903929603951426
3115 0.5278605405153796
3116 0.6202866862539422
3117 0.4425357526089493
3118 0.20917411684446552
3119 0.1089635067398242
3120 1.3610936514191605
3121 2.344753733105707
3122 3.6582408487615123
3123 4.849139452941939
3124 6.799234735425404
3125 7.940847939131929
3126 3.9919056458531164
3127 4.222386723995646
3128 2.8787479553643567
3129 1.7065428349003802
3130 1.2111381522528106
3131 1.2273718009675088
3132 0.42124453780693155
3133 0.00038928589154240133
3134 0.08429979005956605
3135 0.04218572551436892
3136 0.012915430437359442
3137 0.009684333575452066
3138 0.3012932531123926
3139 1.3064576459274646
3140 1.2302998114523054
3141 1.824860949076902
3142 2.2496930347648108
3143 2.0100893712748436
3144 3.0178104552768676
3145 5.6091910971215135
3146 7.60309881385304
3147 8.06472916930644
3148 5.120515775478286
3149 5.325459717676352
3150 4.453253947261872
3151 4.750100310993322
3152 5.08940491843592
3153 6.378539881934402
3154 6.701561682728908
3155 5.592070983328619
3156 3.3154257034302663
3157 2.1795742564902794
3158 1.712389049147762
3159 1.7821455554462222
3160 1.4993463330392116
3161 1.4541331170139562
3162 1.4912670457908823
3163 1.8581876095205674
3164 1.0613006204053252
3165 1.1552256935103402
3166 1.374756922417845
3167 2.193312743586115
3168 3.301893849609929
3169 3.69796356289482
3170 3.0023078643644436
3171 2.338618581109624
3172 1.855492505120204
3173 0.9880348264228033
3174 0.759250659164058
3175 0.10863132565553428
3176 0.07091809430515729
3177 0.25662335304751843
3178 0.4804705805242903
3179 0.43722365564553567
3180 0.7753012992026193
3181 0.33615572889362355
3182 0.18555845020485545
3183 0.002195391465312531
3184 0.16025332591962507
3185 0.17590905257426326
3186 1.102488295081749
3187 3.154708382314703
3188 4.735080857345702
3189 6.503026088611226
3190 3.8815626942935078
3191 3.826637081153641
3192 1.9744461165519487
3193 1.4135640263585654
3194 1.416519621632371
3195 0.46140321929822403
3196 0.11461969818393897
3197 0.0014917606728204705
3198 0.0006447849588583953
3199 0.002857171333865842
3200 0.0007211282289214139
3201 0.006003929170508721
3202 0.2771875845476452
3203 0.92555863112519
3204 0.42480777853475876
3205 0.9140543666581102
3206 1.7120519864318087
3207 1.5978385754144893
3208 2.2797023168209867
3209 5.75894045135935
3210 4.686309369858003
3211 4.326384065395611
3212 4.526522565369091
3213 4.714156570191796
3214 2.9831855391293978
3215 1.7292780009424673
3216 1.6263160803486916
3217 2.130725882250292
3218 2.9387489697531803
3219 2.6475335073162616
3220 2.0487754456785843
3221 1.2899611664144877
3222 2.091726585054837
3223 1.1723973644940675
3224 1.5034851865130625
3225 1.6031854146993
3226 1.4256242936491157
3227 1.4524428806882388
3228 2.7220859986764876
3229 2.063918264634767
3230 2.6077375071531854
3231 2.5552538351597
3232 2.1241972327655803
3233 2.2308993783798603
3234 2.106727194733915
3235 1.6131429756308684
3236 1.2113709639144081
3237 0.3346502204403779
3238 0.02140775195785792
3239 0.018350511616454714
3240 0.01514755768989896
3241 0.21014096907529214
3242 0.5043059746682856
3243 0.45538234244972114
3244 0.4989230858937366
3245 0.5892043737000978
3246 0.13162540858508825
3247 0.0012854434238291953
3248 0.022891810401096398
3249 0.004116701660794539
3250 0.4448511517735358
3251 1.760687310069096
3252 2.197047905208136
3253 3.669609819753437
3254 3.439831552125612
3255 2.469838200560736
3256 1.7732987759815686
3257 1.4869556701459203
3258 0.7015974267043716
3259 0.3977640850294886
3260 0.2567378810126003
3261 0.3176781955181429
3262 0.0003253429160531405
3263 0.03690754173774781
3264 0.0030725703945765196
3265 0.0007450326245997112
3266 0.04046130974519346
3267 0.06879219630335831
3268 0.3408206137883329
3269 0.6329645333161407
3270 1.0182236660525588
3271 2.0575767743842515
3272 3.637341058276263
3273 6.584421189961313
3274 3.754911130559687
3275 4.3217428087016225
3276 3.5016906883747096
3277 2.3883684801573697
3278 1.5758914862863054
3279 0.49919227027115354
3280 0.15858797593714422
3281 0.06160907695035609
3282 0.6538930258496506
3283 0.4332854202828857
3284 0.5129376520627748
3285 0.24355220315981102
3286 1.3500511823634265
3287 1.3522227893429024
3288 1.447865674249566
3289 1.0335139129877304
3290 0.9593707199558289
3291 1.99682191232804
3292 2.0196867741329045
3293 2.2332982252405755
3294 3.2590752459176224
3295 3.4275720955940905
3296 3.517322889285777
3297 2.7094862385015346
3298 2.865864816383229
3299 1.6178267912469193
3300 0.708060505167348
3301 0.2079141978186138
3302 0.21449566685605312
3303 0.04354587639509932
3304 0.17400399188296597
3305 0.10538421811140597
3306 0.2077691148864027
3307 0.3047718415501132
3308 0.3964929945942905
3309 0.6108302030004978
3310 0.4810618981915631
3311 0.03679026991631305
3312 0.005845139038470142
3313 0.04599164917647398
3314 0.24085229224171914
3315 0.9889941531796402
3316 1.5421067441094805
3317 2.6166330448935766
3318 2.9345933364621226
3319 2.662883548958784
3320 2.8762119911333803
3321 2.2415022466551062
3322 0.9276321880443814
3323 0.4907711669671349
3324 0.9944324115644481
3325 0.6605154406292503
3326 0.24404882887087256
3327 0.11310090573533547
3328 0.027741417255901454
3329 0.07546368084166843
3330 0.03324187785818343
3331 0.03908927106060528
3332 0.18767275680354453
3333 0.4562158061780721
3334 1.5249624117373513
3335 3.0589002169160717
3336 5.13642238495693
3337 3.929896694813313
3338 3.2169444577620374
3339 3.8497232714869343
3340 2.386581610170579
3341 1.617586974602927
3342 1.2940685113144283
3343 0.2192380912693188
3344 0.0017641599163505763
3345 0.016300828206516127
3346 0.09093026229626555
3347 0.014340719938330733
3348 0.06178217361131012
3349 0.3526593316345992
3350 0.2551100459153243
3351 0.41202029305309246
3352 0.8634809410438566
3353 0.7619219751377792
3354 1.2957364915098406
3355 2.4190276097932837
3356 2.087705488302535
3357 3.2735646201980497
3358 3.5640256128839622
3359 4.3917962150429375
3360 3.5986737562913675
3361 3.547274876623967
3362 3.0352270080665136
3363 1.9689809619257093
3364 1.0754035364263357
3365 0.5366126600459865
3366 0.47636964195309645
3367 0.4297964488742408
3368 0.1410335605659406
3369 0.003006141821475514
3370 0.0025955580285171127
3371 0.022006702907202785
3372 0.00024700776787532874
3373 0.3550438251614953
3374 0.13194244080148307
3375 0.006366565024065825
3376 0.06348856991005994
3377 0.009180812343252428
3378 0.08183302063061049
3379 0.7014165366131621
3380 1.1649400019687117
3381 1.4446205409462278
3382 1.7015158097970358
3383 2.2730079217243913
3384 3.611153583165561
3385 2.14524773800296
3386 1.4936628611355784
3387 0.17595980774527548
3388 0.7960898274914425
3389 1.0043546739791964
3390 1.1231841041090087
3391 0.1982730046505967
3392 0.06980522437171971
3393 0.03832779610485568
3394 0.02444483520171231
3395 0.003472564116889882
3396 0.10756157738661563
3397 0.16890953327703953
3398 0.7046336624067578
3399 3.5477651369995216
3400 2.8186630329250577
3401 1.7465618201584285
3402 1.8856911408707475
3403 1.9652198714509252
3404 2.402580717658928
3405 1.489505601238883
3406 1.0538483907380332
3407 0.19350293921520462
3408 0.025558791406287848
3409 0.11676995444914264
3410 0.035488965131573326
3411 0.06919512003146908
3412 0.16057555411412172
3413 0.21364510596660244
3414 0.11965592745229986
3415 0.2255138105045346
3416 0.6467950583184487
3417 0.6683479703399461
3418 0.6509686112076433
3419 1.0521330340265358
3420 3.1092378482561718
3421 3.7499762544470623
3422 3.627931284442726
3423 4.539258594758352
3424 4.085991629805391
3425 4.5002134753780165
3426 4.254083335741946
3427 3.216518331058223
3428 1.9708878176719455
3429 1.7547138355340162
3430 2.065895360513476
3431 1.281231911035595
3432 0.9948252849878015
3433 0.3536789111460571
3434 0.3400909320840286
3435 0.03350121197182386
3436 0.018598144442487835
3437 0.27372033719611805
3438 0.11733095042679824
3439 0.0001332477460505919
3440 0.005253044001600642
3441 0.05654793666544539
3442 0.5584407054586262
3443 0.7924438531751145
3444 1.228302312985929
3445 1.8940718908332441
3446 1.7907996050061001
3447 2.037892073431267
3448 3.0509412020630973
3449 1.9750375960118798
3450 2.788338295689065
3451 0.9274647197913147
3452 0.6428292354648735
3453 2.0680412326784157
3454 2.304617839787147
3455 0.9950638179264067
3456 0.06434463061957155
3457 0.09363707721861526
3458 0.06628733042248179
3459 0.13578108186861204
3460 0.025589071312745768
3461 0.007567016797682503
3462 1.2252051116923945
3463 2.051877650357166
3464 1.3500992178393607
3465 1.1389273380267066
3466 1.3128650280904397
3467 1.3382855810837821
3468 1.8760581399382887
3469 0.8149733013584064
3470 0.4048376459301726
3471 0.007103850209315203
3472 0.11864053126508228
3473 0.14167627522300816
3474 0.13630871615572282
3475 0.0021518798937184194
3476 0.3004355713786636
3477 0.649012035677123
3478 0.08880987245772454
3479 0.6287644110526833
3480 1.0562724221700541
3481 1.2089690456999722
3482 1.4662056116072957
3483 2.2384642742276757
3484 3.029820975183868
3485 2.827756256922723
3486 3.0278642453142908
3487 3.875598903355797
3488 3.6501995652703796
3489 2.7937905721294616
3490 4.005642258941249
3491 3.392785216152214
3492 4.005280895682693
3493 4.882449083989774
3494 4.503709932026629
3495 3.2760772930171043
3496 1.798960684248387
3497 1.7287612176270606
3498 2.025665146913461
3499 0.8310083920651087
3500 0.25462826184457293
3501 0.5558170195662785
3502 0.18037516871718767
3503 0.033745224783996636
3504 0.374947661295315
3505 0.17012070594124176
3506 0.6010046208425487
3507 0.7886017299130788
3508 2.273426742276844
3509 3.396486783062583
3510 2.449799733934477
3511 4.0605410567704565
3512 2.968099984664466
3513 3.531142258526445
3514 3.1965646560527023
3515 1.6214865179894973
3516 0.19253857033715682
3517 0.7675669153043674
3518 1.2739182533864823
3519 0.30777190828062845
3520 0.09703641393441852
3521 0.30804011767624956
3522 0.7362134430066278
3523 0.3277777526334205
3524 0.1153746677260628
3525 0.07929573773294257
3526 1.0638216959138507
3527 0.4468667055219538
3528 0.5858076964584887
3529 0.7026107272679248
3530 1.0298852962022298
3531 0.6704960772262321
3532 0.8527838928865622
3533 0.6234645666782993
3534 0.1465591502406979
3535 0.002040767272158501
3536 0.454168221313149
3537 0.4209414767863597
3538 0.06417515906747856
3539 0.030243291386695164
3540 0.017310273402663893
3541 0.30710370238262863
3542 0.5251231660398674
3543 1.9368722097772122
3544 1.979462123786135
3545 1.4252965865736782
3546 1.8166726975266791
3547 2.8294535466430446
3548 2.5629285515160656
3549 2.8563428184451145
3550 3.662826746896877
3551 3.6351175490031395
3552 3.0016413489577998
3553 3.1395003745105
3554 3.4700662795943615
3555 3.979200735671798
3556 6.317572890553735
3557 7.383570225281681
3558 7.634289863527505
3559 3.71427520716795
3560 2.4324345482456113
3561 2.250130978616205
3562 1.649558399822061
3563 1.1698332636132494
3564 0.5545023511472403
3565 0.45179836166713017
3566 0.0972030206285275
3567 0.01633078730380379
3568 0.06696375172198132
3569 0.05123828467655644
3570 0.45757791397776754
3571 0.5669055490832321
3572 1.5228177321384915
3573 2.59331942753207
3574 2.517362182391071
3575 2.207961208689155
3576 1.3033719996160233
3577 3.304362960828759
3578 2.710412532150451
3579 1.2647228173808724
3580 0.2045382232257604
3581 0.12012865257458794
3582 0.2669030789147777
3583 0.012635837191939477
3584 0.0968544450316634
3585 0.7543528439311213
3586 0.7950210560751485
3587 0.7817585087321977
3588 0.07551961419314278
3589 0.13193100589374637
3590 0.38069677944862645
3591 0.10608441899250394
3592 0.1836382685863619
3593 0.22616777573164362
3594 0.4281141558616559
3595 0.21853755231358563
3596 0.5351445621280554
3597 0.200730937104185
3598 0.2155858446784263
3599 0.06406000459702091
3600 0.04052170424973965
3601 0.13199178239406342
3602 0.044408965110379096
3603 0.06044031891143319
3604 0.0065374556850431535
3605 0.12755540272778204
3606 0.3439917526515503
3607 1.0047395616357104
3608 2.8696137736737364
3609 3.969047198061479
3610 3.186726488801454
3611 4.383266280822685
3612 4.744469204070423
3613 4.863139163288315
3614 3.787770022999575
3615 3.450754666866918
3616 2.653474110894431
3617 2.736543108630433
3618 3.2245725524153657
3619 4.602625842927649
3620 4.580347622569929
3621 6.431092959351824
3622 6.400934322220623
3623 6.842123766633728
3624 5.738749488746203
3625 4.385659112172942
3626 3.092302786222717
3627 1.6397419883943434
3628 1.3263742526881326
3629 0.5643304833275987
3630 0.014443976174721413
3631 0.1362011441350466
3632 0.22477197629082085
3633 0.7908101612204624
3634 1.5459481455547397
3635 0.8700325646758174
3636 2.721664962376837
3637 4.0514162039778325
3638 1.284879408809449
3639 0.7024326292072698
3640 1.053330169047131
3641 1.272551427602674
3642 3.0802426923884347
3643 1.111614440385618
3644 0.2777908265041172
3645 0.0408232582349615
3646 0.014143968086471455
3647 0.06550937195185268
3648 0.14734779509329649
3649 0.5801551006659037
3650 0.37755853764285974
3651 0.3098791868508706
3652 0.07794870418950474
3653 0.8053557209754845
3654 0.2883375622799535
3655 0.008510115299519182
3656 0.0010304526244238968
3657 0.012400288253077475
3658 0.025279270400557774
3659 0.09790036082429139
3660 0.04580134791284929
3661 0.015105792431487105
3662 0.06713593565654813
3663 0.1371839703020617
3664 0.009635131109448976
3665 0.007580144027341795
3666 0.005926863910296227
3667 0.04986926683376884
3668 0.06207237801739694
3669 0.08266212947295035
3670 0.15324055413178989
3671 1.3349204985447196
3672 2.739125600580158
3673 6.523571506440451
3674 6.5741826225442805
3675 7.013536121498299
3676 7.369745741309196
3677 4.00299244868655
3678 3.1971465526400538
3679 2.8788497782819737
3680 2.169768657444549
3681 1.8591203611134897
3682 4.03316238274061
3683 5.0321758753631665
3684 6.423165188491413
3685 7.2395150068913345
3686 6.607115522863128
3687 8.357893598198942
3688 9.166891219180535
3689 7.267860391520696
3690 4.5858564930270145
3691 2.113656831807187
3692 1.2756123927962568
3693 0.36493022958810206
3694 0.011331310818959583
3695 0.4611756899352394
3696 0.8578590530981074
3697 1.231463121690007
3698 1.964895599979622
3699 1.0798103858446286
3700 1.1872793691942245
3701 1.1011006151474332
3702 0.7003619178753947
3703 1.2686150575945057
3704 0.6758119154857148
3705 0.49390943660604175
3706 0.8203863564689221
3707 1.0587968266296754
3708 0.3473414591061986
3709 0.0789225337984039
3710 0.014766332726813703
3711 0.0029391771496263073
3712 0.10092206575297105
3713 0.4457245316097664
3714 0.3208551684113173
3715 0.1308015116541265
3716 1.5257045502038449
3717 1.544734159710978
3718 0.32484038770011125
3719 0.2599044610320576
3720 0.02843279689945305
3721 0.00854517589141482
3722 0.04464106350686787
3723 0.24080421820518247
3724 0.0740260537304454
3725 0.04904244588637547
3726 0.04005870457520108
3727 0.028651531550646838
3728 0.07008914518894446
3729 0.4979022736570774
3730 0.2780983392943697
3731 0.29444548067552084
3732 0.9664175861580708
3733 0.632905844481848
3734 1.372956498281756
3735 3.353299151458626
3736 3.60626152603961
3737 5.0508683315012535
3738 6.186790879806426
3739 6.569035862652314
3740 7.136337123173486
3741 3.3922815802726514
3742 3.594790952164123
3743 1.9190864255485316
3744 1.060606061796915
3745 1.1314104138321484
3746 2.2748946333479085
3747 3.443663535407369
3748 4.047847899026076
3749 3.4652789610289116
3750 3.998094053486478
3751 5.441779168946316
3752 5.046720519453406
3753 3.1778851722345003
3754 1.8052782597150652
3755 0.7988064499722697
3756 0.6862516118945605
3757 0.23415963476789692
3758 0.0012727791715014785
3759 0.4753607865400865
3760 0.5668871386114493
3761 0.8780763056160604
3762 2.1533039293477407
3763 2.2870395518466076
3764 1.4436827125057812
3765 1.670362449205253
3766 1.0555115446848697
3767 1.3393059546844077
3768 0.9090040621460579
3769 0.4875925685543331
3770 0.32727699108457253
3771 0.5002127142406214
3772 0.31263832096062266
3773 0.10086282873781431
3774 0.1950622214677082
3775 3.530120940946699e-05
3776 0.03541475379477108
3777 0.25165985254925405
3778 0.31288555928903256
3779 0.12349429543310617
3780 1.7910548573883553
3781 2.6545606972381814
3782 1.4415682333469606
3783 1.2844810631764982
3784 0.4300419479274166
3785 0.007547199439258469
3786 0.00033964964169969894
3787 0.12735131947322886
3788 0.04605145677424536
3789 0.009037566683247934
3790 0.034710624129655684
3791 0.14446301882160273
3792 0.03512713939779159
3793 0.30835194091118345
3794 0.2640903534884063
3795 0.19528311141462698
3796 0.5086763736484657
3797 2.01424827006963
3798 2.6713332626201343
3799 2.207400552499153
3800 1.9936835046566215
3801 2.9680496805650223
3802 4.587388558099049
3803 2.9363006673689234
3804 2.632253865804398
3805 1.7410639399668106
3806 1.6213416487474395
3807 0.793064119867706
3808 0.18200724461176546
3809 0.19099102976129362
3810 0.2541653755697168
3811 0.36391019102211547
3812 1.0594905646241686
3813 1.8402892685175507
3814 2.3803357945291106
3815 1.7259905479801405
3816 0.932028095438923
3817 0.547906599045912
3818 0.7146846867250357
3819 0.07974778731567762
3820 0.04084355498324965
3821 0.0013160002110400334
3822 0.20122386590546537
3823 0.49568211916292615
3824 0.024193683552106972
3825 0.458545296325274
3826 1.3712131153528269
3827 1.763843223583224
3828 2.462050454346951
3829 3.2626128358579645
3830 2.2763956045829885
3831 0.9954603498749195
3832 0.5327725095967537
3833 0.22585285758591342
3834 0.5008458312407433
3835 0.6134082404636612
3836 0.6619076717997807
3837 0.7740659702049073
3838 0.5996007639766818
3839 0.20642493674249304
3840 0.0360735983104068
3841 0.04355855706040454
3842 0.0497793362488724
3843 0.10224363495959007
3844 0.921235272718475
3845 2.564536036483598
3846 2.8831219479297037
3847 2.713834247646668
3848 1.7131711031885095
3849 1.0136862965390536
3850 0.3069472032254956
3851 0.0027566705438820858
3852 0.014549157641035539
3853 0.03546090767546205
3854 0.16927517065676564
3855 0.12076339294356164
3856 0.06445561940793651
3857 0.0008164368405912032
3858 0.19506826482952494
3859 0.04049487232841417
3860 0.4303671236959326
3861 2.037400830861536
3862 2.3275938366984383
3863 1.3266494832714348
3864 0.8306838559823636
3865 0.8453758408790348
3866 1.2077490293686874
3867 1.608326132664111
3868 1.7057028619502623
3869 0.6340840699728572
3870 0.5337960496663654
3871 0.3579773324117575
3872 0.04492037891096228
3873 0.09320864100829494
3874 0.12032561315236746
3875 0.25842540810055775
3876 0.3930029309390426
3877 0.7379391175721368
3878 0.41893480273932726
3879 0.580341512969503
3880 0.21816603577909702
3881 0.27264172264057046
3882 0.40185677362212596
3883 0.20094818287273586
3884 0.07508787425184865
3885 0.12869748470707945
3886 0.3724199536371998
3887 0.08986092332408019
3888 0.001157852126071919
3889 0.029915263934076664
3890 1.022592816979133
3891 3.120561066111861
3892 3.436229313133904
3893 2.5671155228536637
3894 1.7540951436018006
3895 0.7453975946159356
3896 0.5851059500157412
3897 0.3939411782075263
3898 0.3431747693597709
3899 0.22443674148516266
3900 0.3051848452459771
3901 0.21711577626853318
3902 0.4786610131871788
3903 0.34301319267948277
3904 0.05320209620839181
3905 0.020316854348631345
3906 0.010605360716441388
3907 0.4107301453009048
3908 0.5596064149985691
3909 2.4112182744744377
3910 4.498737601140841
3911 5.484024937110016
3912 6.447986781285679
3913 4.617993714173294
3914 3.2871783984295146
3915 1.2906076311798649
3916 0.1778609029953866
3917 0.02188056367858916
3918 0.3451217878170851
3919 0.283129568059347
3920 0.483962122746837
3921 0.41900679135284385
3922 0.0006402896518062665
3923 4.58273006942002e-06
3924 0.0011240526632399427
3925 0.4185276528347057
3926 1.0042491745648563
3927 0.5657450436352559
3928 0.3832227150847165
3929 0.4133036838696959
3930 0.7839569633165545
3931 1.9006705170261358
3932 1.534059627933374
3933 1.0269257901265088
3934 1.1205992148265742
3935 0.3491375393510883
3936 0.02669407077466958
3937 0.16187080555666228
3938 0.3009132791692421
3939 0.15755034477524651
3940 0.22486402299781133
3941 0.35432720063788986
3942 0.3005909067435989
3943 0.17916785751307102
3944 0.12370715229800064
3945 0.06716524081941633
3946 0.15033712596792848
3947 0.024022687926574117
3948 0.04200656408348595
3949 0.021929819321399254
3950 0.06374229797723441
3951 0.12453852938310296
3952 0.058249696171750534
3953 0.18949090041653183
3954 0.763854981884021
3955 2.2123057530375774
3956 2.4644563031803406
3957 2.0365527475520673
3958 2.0216458372907433
3959 1.3440053699708594
3960 0.9213884105578721
3961 0.5303635288518971
3962 0.13704848700864813
3963 0.12072759304774068
3964 0.3672369334762641
3965 0.6757105786388972
3966 0.6078870001587023
3967 1.0963237802536216
3968 0.17660523772351586
3969 0.11926213865421162
3970 0.037185309859789746
3971 0.32614913462344186
3972 1.2489878936634558
3973 2.330723387273345
3974 3.0082570519629286
3975 4.778859758933141
3976 5.281648353855412
3977 3.2744266499358736
3978 1.7667392156485282
3979 0.739801530817477
3980 0.028863727590465984
3981 0.07916688767308737
3982 0.12037462036016477
3983 0.218548396850932
3984 0.6116062621937615
3985 0.368956948246142
3986 0.18274611099553786
3987 0.1930560763081302
3988 0.000742430528370239
3989 0.1909647739706185
3990 0.28959521521443854
3991 0.08694736507941442
3992 0.08722065364191789
3993 0.367072465059417
3994 0.8494744191992236
3995 1.199740461351881
3996 1.2424110252736174
3997 1.3622411003786992
3998 1.0270492515369072
3999 0.5689483146682457
4000 1.028577488687356
4001 1.2678171965177478
4002 1.1561958640708097
4003 0.3978618396321915
4004 0.14354712337863337
4005 0.11157907966522417
4006 0.04361530285759787
4007 0.022932965495578547
4008 0.008880350689897547
4009 0.01191251606792961
4010 0.0087267240800209
4011 0.12501615008767022
4012 0.01238923556386123
4013 0.0035386108566802404
4014 0.15111600537215816
4015 0.2969782022857206
4016 0.902611869625081
4017 1.5865886140885062
4018 3.058753974095988
4019 3.4179010338381177
4020 3.531559034131226
4021 3.3871093871188824
4022 2.379945514258677
4023 3.071867696930887
4024 2.0193851823627065
4025 2.0734783812425146
4026 0.7977558565559781
4027 0.9871353830304349
4028 1.1357679871647084
4029 2.2404542900897804
4030 2.420664544195823
4031 2.6711682272233013
4032 1.0320035642179581
4033 0.3738710674574176
4034 0.008386359346897123
4035 0.22395546199608893
4036 0.5988630565363396
4037 1.006710823513912
4038 0.7641981060278181
4039 1.6657020311740829
4040 1.6440721871448813
4041 0.6458432087808221
4042 0.3760873057684779
4043 0.02820223073683328
4044 0.12155854281563826
4045 0.03376341770834848
4046 0.020474305849891655
4047 0.03872015806938733
4048 0.11333604839124128
4049 0.17631084358724122
4050 0.1681328894077684
4051 0.0959615260978148
4052 0.014829392731947963
4053 0.001283482907379953
4054 0.0009000618335569851
4055 0.025398856495501606
4056 0.002039760350752266
4057 0.01749595276029271
4058 0.12488574532271647
4059 0.5217822479722314
4060 0.44913767498702495
4061 0.4210497724314233
4062 0.8376041200344163
4063 0.76361442326054
4064 1.4039868049600228
4065 2.060723834092778
4066 1.279209091921637
4067 0.23324773617708403
4068 0.03267140863517391
4069 0.1555861726436594
4070 0.13585358072795514
4071 0.14913070173433193
4072 0.02339514896402008
4073 0.00012048133429874697
4074 0.0007181872518386719
4075 0.014377449439788813
4076 0.03668873768256504
4077 0.24170927651386617
4078 0.5868212741319505
4079 0.6129886588644542
4080 1.6620213016072003
4081 3.5852523575112696
4082 4.841722944207801
4083 6.566460319598374
4084 5.619214639254091
4085 4.677844398308898
4086 3.756082958550127
4087 4.1002138985861505
4088 3.737889848952444
4089 3.496170094929405
4090 2.0880924205797435
4091 1.8061349379722165
4092 1.7637386236404575
4093 1.6019295300828853
4094 1.5669456700049962
4095 1.6837001403263703
