 0
0 2.728609510777354
1 2.108912950831737
2 2.2475992307732318
3 1.8356268535963087
4 1.5463227809059783
5 0.7788538925276206
6 0.8353901619988425
7 0.31833445920232556
8 0.34179019041821945
9 0.42440207032938043
10 0.13001004852468273
11 0.29800785571133104
12 0.5602949792072456
13 0.664488397845175
14 0.9593104373536769
15 0.8614266960705164
16 0.8207675826616094
17 0.2956265640467028
18 0.03922752653306117
19 0.016333243012391366
20 0.14940172565044585
21 0.27686225881583487
22 1.65675440542476e-05
23 0.21350298734833184
24 0.3701408024811812
25 0.16265975939581317
26 0.1845767952340938
27 0.032676358975535065
28 0.889261822734413
29 1.4660450449122084
30 0.9856441383865198
31 1.318944579904757
32 2.5447899641217684
33 3.7917699443984922
34 3.1001868824992806
35 2.6721615552590743
36 2.6219621560210498
37 4.005857609812639
38 5.1780518042421635
39 5.367297709336094
40 4.37499052849919
41 3.0519963054973993
42 2.7035882455780786
43 1.83523039043531
44 2.359064343719043
45 1.460951522310259
46 2.4107477404184556
47 2.5318288070007586
48 2.244486827772718
49 2.1340848333669817
50 3.323890711360533
51 3.30305615032116
52 3.1602284116863157
53 2.8492456466725185
54 2.7518492801395715
55 1.6689311040819974
56 1.5061109867170976
57 1.7866191295232328
58 1.7839101271011946
59 1.9663046450147148
60 0.9254195547777997
61 1.030386370480699
62 0.6772788609787163
63 0.5401954681249245
64 2.4443620283430825
65 1.841377692347859
66 1.933611187093972
67 1.7697435587194073
68 1.2029076601014086
69 0.5910491087871803
70 0.5601041862687747
71 0.2728451509831835
72 0.17673410571892298
73 0.13804004706106923
74 0.06409980403751833
75 0.01221988655003963
76 0.20568577381269437
77 0.27695121330880307
78 0.9002001049844593
79 1.1514690476718752
80 0.8222918634627413
81 0.2562786025667988
82 0.12102469403677041
83 0.0014500181724625316
84 0.010159445820780795
85 0.029212332525154806
86 0.12618085598767353
87 0.3792296819252866
88 0.5226054205162651
89 0.5593954580261349
90 0.8118548771651974
91 0.8535665356599752
92 1.6892908975096026
93 1.963542925991136
94 1.8113288041638853
95 2.4703830085414897
96 3.4780287538644195
97 4.137946820481485
98 4.152626188691005
99 4.149294251022605
100 4.885108197463666
101 5.672534687542844
102 5.486019166266311
103 5.5826932928829756
104 3.5579579173013864
105 2.3512822992722606
106 1.752723002652868
107 1.2045735624291536
108 1.066758671809282
109 0.5417764698996432
110 0.6275250979642291
111 1.033007713087698
112 1.2598821690129518
113 1.3960410625000386
114 1.7811586436083906
115 2.563448879805291
116 3.2441179877071056
117 2.9230685087789583
118 2.7629646458561696
119 2.321286840408305
120 2.1689248026672763
121 2.1682475123900202
122 1.3825630401472442
123 1.2841821143338372
124 0.49881606718225313
125 0.42313883008259046
126 0.07523304724605315
127 0.19277818377988587
128 2.639404949232962
129 2.085472257449492
130 2.0728584202815505
131 0.8154929090601413
132 0.9033877672841805
133 0.13543855441382516
134 0.04864101905600434
135 0.017598270720039336
136 0.17213178532606477
137 0.30354881584930055
138 0.013152990845831724
139 0.0069371466048247345
140 0.026590935713018845
141 0.13403920330579597
142 0.5612388044194081
143 1.0103104021788476
144 0.49547664787335133
145 0.15855242134945924
146 0.10709243063480098
147 0.009041400241716745
148 0.002495338257605317
149 0.09227093577005854
150 0.7070150378354494
151 1.824296110267361
152 2.212633177188681
153 2.033027305413914
154 1.6566298787691005
155 1.88294603847083
156 2.7994495193078253
157 2.804226998445037
158 3.676857284862898
159 5.698291922132851
160 7.5224301877815245
161 7.006858057237531
162 6.158974851032123
163 7.439150624698142
164 6.924300157465574
165 6.269436435637269
166 5.770617465860971
167 5.273999109401696
168 3.149072735169174
169 2.613303887509515
170 1.7838289341939286
171 1.2954426610411174
172 0.7284902245331467
173 0.300747950769543
174 0.28574765374025074
175 0.4682875915893697
176 0.5565870866840966
177 0.7479361208283899
178 1.4615512177850214
179 2.4814251005185293
180 2.759424596290447
181 2.17747494493384
182 1.7159770053583634
183 2.2158989452133655
184 1.8339691187973823
185 1.900773317491367
186 0.8683767813510248
187 0.0907192540181117
188 0.03329957904335927
189 0.04190431926880252
190 0.029575509318165494
191 0.03556409833914595
192 2.067292602687836
193 1.09402949277143
194 1.0644194089049874
195 0.027511695913416897
196 0.00409130686539154
197 0.07924919141744541
198 0.0002507520048980757
199 0.012724185046187154
200 0.004578345053795834
201 0.07503323958726726
202 0.0008144307368781443
203 0.04118137494487707
204 0.2612230834695589
205 0.4803686992182277
206 0.6444466173174728
207 0.45174419580583725
208 0.067377231851141
209 0.010147339937650164
210 0.057087900624712785
211 0.3494175897124471
212 0.24136748218756102
213 0.532094903558073
214 2.606442531223815
215 4.344843346195194
216 3.771727923369489
217 3.0368683898656537
218 3.524001516324937
219 3.272652540717345
220 3.9823803597404686
221 5.108825440789112
222 6.687349463201762
223 9.019118174430695
224 9.875381923764795
225 6.877994283229764
226 6.409205669833291
227 7.11785770914146
228 5.447576445614013
229 5.1561864235822314
230 6.131298369123513
231 5.819830746960704
232 4.099025770188034
233 3.3052035028489537
234 3.098574154605501
235 2.1665578680170965
236 1.3617572483806233
237 0.6925404361183933
238 0.5479634845657361
239 0.6281762913318232
240 0.3944753180404465
241 0.3399009894723302
242 0.3563587308665384
243 0.9640027616163604
244 1.2069063094741992
245 0.8241858040481495
246 1.148700108745122
247 1.548587444951565
248 1.5150019911025459
249 0.9490572001818499
250 0.15461819671285978
251 9.891928745315936e-06
252 0.005371708983961323
253 0.041259300500246836
254 0.038154408204569674
255 0.30583699399754116
256 2.114412888675355
257 0.788789470433934
258 0.5049149580640419
259 0.06428992588882447
260 0.16454865241670089
261 0.49710745870548706
262 0.2315466803235708
263 0.3876315014349964
264 0.9137571514018568
265 0.9286831881709431
266 0.793560833741599
267 0.8814903867860149
268 1.0278397605731537
269 1.5036384056414016
270 1.0678788838583018
271 0.3720557312352107
272 0.01027456865454409
273 0.028193194929518342
274 0.1135125372249508
275 0.19162195439554253
276 1.2923731873499726
277 1.745308064265406
278 3.0979541416093475
279 4.313781897746412
280 4.578526515747888
281 4.764961047698464
282 4.220153188108495
283 4.314318869936915
284 5.221736816332891
285 5.796387097525255
286 6.36739000878332
287 6.291437824998936
288 7.309093004480846
289 6.6943139824374205
290 6.172105382885678
291 5.776820562773937
292 5.144095626140492
293 5.351940423440477
294 5.876088335269647
295 6.382027831411956
296 5.648419375405824
297 4.920155809539484
298 4.1211324518484505
299 3.581882943114214
300 1.9001681000206376
301 1.5854662125939958
302 0.8431615525672713
303 0.7564766149819216
304 0.4060949581494594
305 0.16616186974774086
306 0.21995970410308596
307 0.5556931744879571
308 0.5781953598367031
309 0.284436376135575
310 0.8761521431411535
311 1.055901192703779
312 0.992459104079165
313 0.9752871349794748
314 0.27691507626985745
315 0.3436447914850052
316 0.23236774194923734
317 0.21283984371457426
318 0.14854924371194206
319 0.20635927330926704
320 2.9379804819865787
321 2.3132714803160104
322 0.6093590097605058
323 0.4873590708509099
324 0.020346435636308804
325 0.7546023230793963
326 0.833558042150378
327 1.110978698698691
328 1.4188734617181196
329 2.525265803146429
330 2.730305534996542
331 2.8423097850419476
332 2.630205168036422
333 3.6607934488186396
334 1.7857356559588067
335 1.0725381699471055
336 0.18134684981016258
337 0.01634746733829649
338 0.05627374109565965
339 0.007248169154173709
340 0.09462093262737731
341 0.9519040283649481
342 1.367919942910147
343 2.2505898017362047
344 3.689815340868418
345 3.346436139645617
346 3.4147046316847818
347 6.314509040685483
348 7.287892285893009
349 5.192470874122006
350 3.9561907232416753
351 3.2026543920048387
352 3.807949892391431
353 4.672734059193535
354 3.1828422695755054
355 3.183390106322541
356 3.029834107594245
357 3.6841417522719087
358 4.661550631751327
359 6.476121871594208
360 8.372194368351009
361 5.835534182903435
362 4.873664624365579
363 3.0710065140765006
364 3.3483651330070527
365 2.7454475655754402
366 2.3728239457548703
367 1.7785852731447718
368 1.3021469838172135
369 1.0022853458132401
370 0.8312670885104302
371 0.5865351715256031
372 0.3800031662192498
373 0.2505099466880985
374 0.7847744461185391
375 0.758607574235604
376 0.7854614663963333
377 1.296324215869123
378 0.9273635274418632
379 0.561870050858621
380 0.24355173055789903
381 0.25449887363012064
382 0.22281903177639875
383 0.33198493226295456
384 2.3133935525308633
385 2.438891991711758
386 1.3833780463731888
387 0.24984183855349587
388 0.08744202474231336
389 0.42544904718171417
390 1.669993768839624
391 2.100834943231317
392 2.335634650559241
393 3.3587465911878605
394 4.4559864432720335
395 4.514082005645569
396 3.975928756074382
397 4.777239814424389
398 3.0002359653376343
399 1.0902630712916208
400 0.1730333183590433
401 0.026290600148119073
402 0.0010333737509004948
403 0.18738100585585582
404 0.5045892066744518
405 0.6104764622749533
406 1.1752841131426341
407 1.556726766810961
408 1.7408602638773252
409 1.458964152955378
410 2.9717760760708782
411 5.195838422256691
412 7.791879355359344
413 6.08930902443961
414 3.7701363567461
415 2.636264500479813
416 2.212288302322097
417 2.777150807596903
418 1.478725890382597
419 1.7872395699720576
420 2.4398553266222462
421 2.203601472680394
422 3.5414412857896043
423 4.763461106844995
424 6.232961820680088
425 5.320383805565222
426 4.133211581565156
427 2.9380264994211855
428 2.3937812415790227
429 2.6164041079966815
430 2.7813484662401047
431 3.4192396057685004
432 2.238398144410763
433 1.1617425863760324
434 0.5075422829651883
435 0.6988904272795281
436 0.48604432802323133
437 0.8100673349106178
438 0.6679281645692018
439 0.34529053842841634
440 0.7399014937780638
441 0.611362340859565
442 0.4140546537322742
443 0.24620618305352376
444 0.2000294629301721
445 0.1085442180003799
446 0.024945280145438366
447 0.12390999709926881
448 2.677564466124817
449 2.163735282947578
450 2.3713115990368405
451 0.1548821175912681
452 0.003008450055323705
453 0.32827264936906253
454 0.9477407357375958
455 1.8745460638860945
456 1.9485302219423821
457 3.051382741494673
458 2.9540657201853993
459 4.2448777455536435
460 3.8261809745271456
461 4.136344899262251
462 2.7102705133044958
463 2.1574598539212406
464 1.646442526557456
465 0.9387850376195653
466 0.008973402669251557
467 0.37882836891230587
468 1.236554587935617
469 1.1054805014458602
470 1.6450825417002706
471 2.327251983653569
472 2.2712082863102805
473 1.3800450726656326
474 2.672713664935187
475 4.723512446395345
476 5.35374908730279
477 4.640508426305346
478 2.3300346378346397
479 1.8922787461590194
480 0.902885701328404
481 0.5980133292073269
482 0.698662396768058
483 1.068047383058977
484 1.1426285230627895
485 1.0966483219426277
486 1.4815889521153318
487 2.920166294507174
488 3.472047256212802
489 3.5014162845051793
490 3.328731880199085
491 1.8722588131484295
492 1.2856739736518417
493 1.340175345313787
494 2.3703501125675883
495 3.579493513304309
496 3.6880832712039884
497 1.7904392277133598
498 0.9662927773478953
499 1.1961434956879582
500 0.49336756487835964
501 0.8385604219862203
502 0.5123927121708327
503 0.3328446688872692
504 0.2084113705184001
505 0.30105379057233406
506 0.08808580822891125
507 0.09811780369336537
508 0.35064921717333786
509 0.24967049569229827
510 0.0035767360489800163
511 0.05702784807141383
512 1.8103428548840677
513 1.5702558046527268
514 2.533528599658301
515 0.9874490724268075
516 0.08906726028219314
517 0.022146372039768058
518 0.15079329549726866
519 1.2155169557120349
520 1.660245001178681
521 1.8193011775679728
522 1.5132584116382761
523 2.5477758835538373
524 2.79135437752249
525 2.394801624971301
526 2.4371459165904965
527 2.8507195855359218
528 2.714755597733886
529 1.6123741736811577
530 0.47018457839464634
531 0.030583063075686836
532 0.28510337742692876
533 0.6226511008980194
534 1.2761056125852224
535 1.7198554796645047
536 1.5707789440271738
537 1.8455628589669755
538 3.2736313928481002
539 2.5738071434340117
540 3.2316099808273773
541 2.192212365956423
542 1.622367269572318
543 1.177673958624384
544 0.4366068520979056
545 0.17810424485539142
546 0.14275550060209552
547 0.54135067283661
548 1.254560551054984
549 1.7115754865487136
550 1.3992204600867255
551 1.743218297933399
552 2.832976050428782
553 2.6407447107662336
554 3.057590415742054
555 1.5371860299433293
556 1.1619382464798809
557 1.0405000063743617
558 1.1343956327712246
559 2.727515007116171
560 3.3417109897250827
561 1.4626120978727515
562 1.1386022503715147
563 1.316249549841007
564 0.5987786565362082
565 0.3343597076568715
566 0.4464415050180606
567 0.03876389296665316
568 0.02620912786770859
569 0.0829954835205757
570 0.19250426612608273
571 0.1498160048704302
572 0.1905852617845483
573 0.10792014808023888
574 0.059706136494486015
575 0.016449301738803303
576 1.7653772293062475
577 1.349377254118972
578 1.2894427810796134
579 0.9097283613261116
580 0.08206079135262545
581 0.7444986072726354
582 0.3106944230468818
583 0.06323228266755967
584 0.48301566962325493
585 0.40701976168404735
586 0.24080329233322453
587 0.5796801802700131
588 0.6171925702947214
589 0.7861517018443948
590 1.6552068196932594
591 2.435222684049486
592 2.5106585783774387
593 1.009074563488292
594 0.138698798105406
595 0.009424755590575864
596 9.556251752396581e-05
597 0.29723217543964875
598 0.08244286301700302
599 0.018066647364265203
600 0.004972552279225675
601 0.3078357399572522
602 1.048427150722969
603 1.1574257531041756
604 1.0882491897719633
605 1.499319242022427
606 1.534683304698303
607 0.8668418354689644
608 0.3206734659779177
609 0.15419729248296582
610 0.0004995926147168321
611 0.057674229211773
612 0.36255508307400713
613 0.7149357840363175
614 1.4479616435096068
615 1.9098354814718663
616 1.1423041745480111
617 1.0550776336191254
618 1.0732656859516347
619 0.671001479970154
620 0.9110768201204092
621 0.293349819117538
622 0.7284671517371953
623 1.809874542471375
624 1.692442600512038
625 1.229249946701935
626 0.80313964599388
627 0.8305468402385646
628 0.4263805840567314
629 0.27163449015905916
630 0.1702714303887742
631 0.0016407655106709677
632 0.019470025066413633
633 0.08721414126041843
634 0.4651015799595389
635 0.16431924797112196
636 0.014040277342622292
637 0.04341303465443917
638 0.030465207683684423
639 0.03301899880423518
640 1.8221317230289746
641 1.0089425191970744
642 0.597160323901964
643 0.5450071461825721
644 0.04936280142576895
645 0.39388341720256076
646 1.2685696989209927
647 0.8501260434253856
648 0.058360598682487795
649 0.012838534721697884
650 0.003960908135109275
651 0.0025133137565039104
652 0.035130200311756954
653 0.23349201561242397
654 0.7639252395989428
655 1.835160014322807
656 1.6669541794882468
657 1.193852076680495
658 0.31284162436868634
659 0.14707805814577957
660 0.03559436580128239
661 0.0030897678955832874
662 0.1198223134641107
663 0.13300898471311598
664 0.003387078943299609
665 0.14659159263465255
666 0.754731282526959
667 0.3254747307353649
668 1.2634156623003177
669 1.437916258304998
670 0.966273542249814
671 0.4794906186124465
672 0.16511514266697705
673 0.0016453049171030474
674 0.0012010996379564747
675 0.003472555191644673
676 0.12561900233126347
677 0.600509524012185
678 0.9193415397441822
679 1.381490718245883
680 1.1259383589262386
681 0.9968041379102005
682 0.5892256187777202
683 0.356147848921726
684 0.2476686299478027
685 0.04422638353769487
686 0.176516313507188
687 0.6018915537635783
688 0.49638340166473705
689 0.3765041287911444
690 0.010734990222594717
691 0.07934614605225015
692 0.028065783979119595
693 0.001775289392249683
694 0.011286069938965086
695 0.9291350434758293
696 0.07441474895980293
697 0.17773765063922603
698 0.023607544151703734
699 0.05944685500126812
700 0.1901912944289931
701 0.053841607290245896
702 0.11886858382202112
703 0.003035854997182194
704 1.6957311546112586
705 0.7873346187415508
706 0.25537803695256506
707 0.27505768840788947
708 0.0003855491896145528
709 0.43877193662149566
710 0.8451409694248565
711 1.1802877908255234
712 1.917273051808277
713 1.137587450331231
714 0.38599623038814435
715 0.18731945987240617
716 0.20531163390622467
717 0.00023121831496137268
718 0.13906135972925546
719 0.9014299479413399
720 1.3447329482581423
721 0.7647537406816559
722 0.1221219474244455
723 0.15908816713006207
724 0.00236934154542955
725 2.4950944870532937e-05
726 0.43585875733771584
727 0.22182968919854412
728 0.18942596833292177
729 0.036936665002651956
730 0.10619391095532975
731 0.32054991222925805
732 1.2444727861460494
733 1.4477233967055811
734 0.6708577379047268
735 0.2567582127384844
736 0.08885454170684681
737 0.04413791728180461
738 0.21865559071818233
739 0.27457231434041945
740 0.4806831931821917
741 1.4447714039055377
742 0.8690432878747172
743 0.6080678716209726
744 0.09032113698887212
745 0.06665616202363554
746 0.05962509515632255
747 0.07024989564569244
748 0.12482975637224454
749 0.030036621142712133
750 0.14688518335802556
751 0.0166162747271602
752 0.010806947726023353
753 0.0794483057132937
754 0.20621353066203177
755 0.1769120621561247
756 0.07136960740576646
757 0.03665638701370694
758 0.010735404071309566
759 0.3880065636003949
760 0.36153924401234483
761 0.5519773323942503
762 0.37795268607381605
763 0.02176125477976264
764 0.015863149268109535
765 0.048414872462707696
766 0.08575804791367354
767 6.683443436882112e-06
768 1.2204221154692818
769 0.5499439734893741
770 0.16334707058420833
771 0.18667763241584584
772 0.012230475705533919
773 0.5587765470163549
774 1.3394426078291686
775 1.278037955655727
776 3.8333707106557253
777 2.5564011146364005
778 0.9313678210929709
779 0.5950329922170248
780 0.7105874695683341
781 0.28609334821733745
782 0.001003531363553447
783 0.029177379760504926
784 0.16706071224246744
785 0.21337652377211833
786 0.11087904394940465
787 0.2421597985444442
788 0.23366714347532197
789 0.49494847248108936
790 0.900813994225148
791 1.0600608739230228
792 1.1300504134369782
793 0.1617808678437773
794 0.04317459718190971
795 0.004992430806643901
796 0.08541665451921143
797 0.33565994755394485
798 0.11261263312464644
799 0.23230914128093696
800 0.19075429998266746
801 0.10480951798161461
802 0.32171524473785795
803 0.4584090752335752
804 1.2320270520661951
805 1.1881888636941307
806 0.4328503031603588
807 0.4568393869106347
808 0.22947927990493203
809 0.11133937610126776
810 0.07484179318505495
811 0.493321273535539
812 0.6178283250656216
813 0.01924942193531871
814 0.020929229291564846
815 0.02175076142107713
816 0.010079200799011978
817 0.047123998269927754
818 0.38596788570425833
819 0.15889123539720432
820 0.19801828039456584
821 0.13389648196464596
822 0.15306908412203
823 0.6590991452489998
824 0.5973320378808408
825 0.8032716638839302
826 1.5460755510924606
827 0.36713653957996856
828 0.15209151765843543
829 0.17603096050220987
830 0.11244619154976132
831 0.033064091527847325
832 1.5465376523414531
833 0.31776562666624947
834 0.0325244491718929
835 0.014750737474847085
836 0.5098439634835994
837 1.2706846776305099
838 2.7287276110758447
839 4.798523627652408
840 6.155193183668964
841 5.334339119244643
842 4.624818009982619
843 2.7998674585514056
844 1.8634730160201587
845 1.352287908689363
846 0.529839214676968
847 0.31311157507505477
848 0.0006576583857839215
849 0.1008631902469665
850 0.1427155435059361
851 0.05781795227486636
852 0.36494171223833527
853 0.7323889578048586
854 1.1844827196980088
855 1.2189879998261222
856 1.0031198158855994
857 0.05842858218166153
858 0.010867569503277951
859 0.004749966630310825
860 0.10144942772665745
861 0.2767334224194947
862 0.2202151488956073
863 0.11753003421543307
864 0.052073695043928586
865 0.007620379510175033
866 0.047754322042270064
867 0.20933090299713047
868 1.0072453578515514
869 0.4770367660332343
870 0.009059108570218855
871 0.02380295845718459
872 0.12400234834136331
873 0.1777787947402339
874 0.22056455013279708
875 0.25857469211087675
876 0.17260494601106222
877 0.011692837901480437
878 0.07377716521987246
879 0.2641563648165041
880 0.18677412818612266
881 0.7750093833241463
882 1.0423290319406113
883 0.5098944605514956
884 0.8245477605699459
885 0.4364983400443721
886 1.1310536128329558
887 1.3257972593598404
888 0.854436749939405
889 1.4324242802277605
890 2.121680626240317
891 0.9882381577402221
892 0.33612588791097775
893 0.7701058779880721
894 0.860564860295236
895 0.4346157428649951
896 1.5153842174438865
897 0.17368876420609625
898 0.004187299925729074
899 0.10864099974952046
900 0.5240743604904429
901 2.196455136587348
902 4.458471525462883
903 9.060478758770454
904 7.641587491266269
905 7.204819246045621
906 8.905042081502545
907 6.40549295504531
908 4.092644848106357
909 2.928989378045856
910 2.0114646934816256
911 0.8928507542346013
912 0.158070809233896
913 0.06702446936837127
914 0.0376612141695036
915 0.003195780453017586
916 0.04942806284539302
917 0.2403108035310256
918 0.5405902540974995
919 0.4178805754723317
920 0.08367511866372424
921 3.556223372470438e-05
922 0.0074288504940363456
923 0.0011098731071411167
924 0.00044413785255722143
925 0.1958029178719824
926 0.2940045293520357
927 0.41521809854480735
928 0.1608562807026651
929 0.1378887013965175
930 0.15659413275522607
931 0.029738201217221545
932 0.5360035359987038
933 0.13691140691780654
934 0.642488023123406
935 0.6593966900562167
936 0.48145330878028114
937 0.2841035825291763
938 0.002007081330680875
939 0.10792526481744591
940 0.10384983924643988
941 0.5215208162507811
942 1.2471584092151848
943 1.340011231790058
944 1.9128001537132395
945 2.200148110249886
946 2.0002020214439433
947 1.5034637766998333
948 1.8823309078310084
949 1.0653315998036856
950 1.472177497274338
951 1.9735114973653796
952 3.6887404212511004
953 2.7243338038368012
954 3.1654656460386366
955 2.1164440751571445
956 1.608697862363369
957 1.279287530921076
958 1.3971114569482463
959 0.3990978652796988
960 0.8634053039112999
961 0.1342316162466774
962 0.11797179451940497
963 0.4779485692836982
964 1.0878446037928382
965 2.4368603776292166
966 6.300524162248663
967 7.6023860215145795
968 6.601070782908668
969 5.434246637192415
970 6.9100991416172635
971 10.191456674627931
972 8.623170537793426
973 4.716742829840757
974 4.831785031559578
975 3.958108991694426
976 2.3592151011677105
977 1.320677931590755
978 0.4818774100148231
979 0.2775387994610531
980 0.04899739356346111
981 4.435966394588225e-05
982 0.04186784914286775
983 0.004388947589272852
984 0.0052830960492322755
985 0.08006796167187273
986 0.35309263597198753
987 0.35890445187832737
988 0.1993472423813765
989 0.2985281483078022
990 0.6488743000081734
991 0.6729344879619271
992 0.9382697364362965
993 0.9789979769093096
994 1.2055663839443427
995 0.7491555352241323
996 1.6507317371310195
997 0.1894717495825866
998 0.896823915577489
999 1.7202900113817556
1000 1.4644774183725664
1001 0.9723288871925864
1002 0.15012966397271177
1003 0.3250327486977412
1004 0.139915868117451
1005 1.0027703078381647
1006 1.8641729973540528
1007 0.7429474080864453
1008 0.8323826288781563
1009 1.282460836077976
1010 1.637970892379175
1011 1.444113695338188
1012 1.428355703596698
1013 1.018575769756634
1014 1.7282753057608515
1015 3.6845760286702025
1016 5.398440695297787
1017 3.902700688043877
1018 2.80175445878274
1019 2.3767209287899345
1020 1.5235363429331634
1021 2.3653643684985366
1022 1.443963380741615
1023 0.37585006093905293
1024 0.31235701276984756
1025 0.05993422325792595
1026 0.40361041100654466
1027 1.1873118841528034
1028 3.038964131215704
1029 4.264374485248717
1030 4.205837252533536
1031 4.373105339909028
1032 5.7345514817070065
1033 7.056118666444828
1034 6.864989055172861
1035 9.890292184084334
1036 12.849865041803985
1037 9.628400124804724
1038 8.977093922575541
1039 6.919474277599566
1040 5.214847349412752
1041 4.098808576919573
1042 2.58433646511029
1043 1.2544478736512399
1044 0.6573129657201202
1045 0.3994280532557571
1046 0.044097159684305096
1047 0.007457453713257494
1048 0.061429226864684904
1049 0.05335482422144563
1050 0.17350353485341974
1051 0.07982436990303583
1052 0.028519759020451296
1053 0.1280306708919672
1054 0.3353856888714251
1055 1.4679940253488595
1056 1.3974431061634935
1057 2.01982165983136
1058 2.683061281279483
1059 2.750798530990551
1060 3.697749135839795
1061 1.7203708161740918
1062 0.04477938742325912
1063 0.6914415967375617
1064 0.647007581056925
1065 0.460860440383698
1066 0.5963493005236199
1067 0.6891662275450726
1068 0.6299792066895885
1069 1.2793583183443957
1070 1.9625784065803027
1071 0.9603333569607003
1072 0.9053694626906862
1073 1.266278812624545
1074 0.9608553059484644
1075 1.4325054023567267
1076 0.8991754041370759
1077 1.1186498658139488
1078 1.483942680045202
1079 2.7497895678942013
1080 3.9714463068399786
1081 3.666186216273695
1082 3.1404150132950535
1083 2.9781318895274156
1084 2.459179695864099
1085 2.012778125387656
1086 1.4629221223192088
1087 0.3824034660437199
1088 0.204167689298091
1089 0.12389077606427153
1090 0.2918914535293975
1091 1.6545843174057742
1092 5.294486982220778
1093 7.02967498808029
1094 5.054743215235944
1095 3.369934097018996
1096 5.147521670281582
1097 11.096748904578822
1098 10.981353656345687
1099 9.41967073765414
1100 13.647488541508721
1101 14.496344293563205
1102 12.104372723848316
1103 10.11334701274989
1104 9.055600262154405
1105 8.363592431000928
1106 5.360915895279991
1107 3.0997860102466466
1108 2.069178600349512
1109 1.142483037500688
1110 0.6786595005707649
1111 0.3059216112696407
1112 0.6336537837190053
1113 1.225197949731564
1114 1.2881976224582925
1115 0.45346272692948586
1116 0.1817996883582828
1117 0.20901983507657332
1118 0.5183300281194851
1119 2.623751873088326
1120 1.3811489950347402
1121 2.034564025734708
1122 4.0240851434191365
1123 8.341790606394373
1124 10.032301007488257
1125 4.176335339311233
1126 0.1750185701713767
1127 0.26381320702406913
1128 0.15208059729644638
1129 0.618664555571831
1130 1.9817479820275103
1131 1.1682297858993869
1132 0.994761184161632
1133 1.145073570070115
1134 1.5182289392069914
1135 1.3872833633504456
1136 1.1416971098566386
1137 1.7184339041214574
1138 2.135583523170666
1139 1.935898520985116
1140 1.7925168890226244
1141 2.045121184611751
1142 1.78102898882815
1143 1.4197145309145893
1144 1.5979989748333119
1145 2.841503048937209
1146 2.6645418600932644
1147 2.212046086895203
1148 2.5485969357677734
1149 1.9878702645807476
1150 1.237860623812563
1151 0.2723286953203896
1152 0.22217257913301994
1153 0.021878490121193517
1154 0.6329203387932189
1155 2.785582721372399
1156 5.331511622450597
1157 7.689963854752074
1158 8.434278043770382
1159 7.08171876676036
1160 6.601555787012434
1161 8.189292815396662
1162 10.220037314196617
1163 10.918913612081417
1164 14.302225176291625
1165 17.814520534358703
1166 18.134217662555745
1167 15.302799258243265
1168 15.270480611089658
1169 13.142047462956192
1170 10.342494244335292
1171 6.461578920747241
1172 4.828988516893176
1173 2.8637592174416664
1174 1.7024398468198028
1175 1.4675377178027007
1176 1.254957870085313
1177 1.795688043490962
1178 2.1823877012822623
1179 1.2219539728582904
1180 1.1365864797586585
1181 0.6210253850272298
1182 1.184928344856785
1183 2.3684958616026437
1184 3.0356117582223234
1185 4.75326528589198
1186 8.471798894657269
1187 12.026083894669505
1188 14.432354000278645
1189 9.396339965050892
1190 1.3474812900995963
1191 0.008258352577970352
1192 0.048463904106890804
1193 0.9850378279585204
1194 1.3626770598689417
1195 1.542704872902016
1196 1.0637494917324184
1197 0.6797602816947675
1198 0.643758787136584
1199 0.809945533834754
1200 1.3320852289278922
1201 1.808834319721667
1202 3.146547488195074
1203 2.7073007928702486
1204 3.8889632452338216
1205 5.068397722582666
1206 3.615088727105022
1207 2.210816429687108
1208 1.3595291334999722
1209 1.6202386874650019
1210 1.629686840803291
1211 0.9084386915189423
1212 1.2424660737307
1213 0.7122976847710926
1214 0.5058383957811408
1215 0.1692005752922708
1216 0.10410886722885136
1217 0.015820188334733316
1218 0.3553776330129553
1219 1.9458026650946616
1220 5.905025065841111
1221 7.622410999893385
1222 10.782607196585566
1223 11.24978766490354
1224 9.009147486127263
1225 7.571375192392684
1226 9.490346590171342
1227 11.605732817594745
1228 14.703111132564338
1229 17.970462232702822
1230 19.378187093249604
1231 20.000294965027003
1232 17.318709683115234
1233 15.982780602243375
1234 13.810911751674487
1235 8.128825083816
1236 4.918842187129528
1237 2.358063038547692
1238 1.450646073967699
1239 1.352097413287769
1240 1.9364621416729575
1241 1.221073661270823
1242 1.379126938238155
1243 1.4900850129003922
1244 1.5570406051714047
1245 2.1606099040740494
1246 1.6870036782818723
1247 2.5916908581816602
1248 7.583581127478604
1249 12.318277772796415
1250 17.706686326671516
1251 19.144322786994127
1252 16.041216161403682
1253 9.233958738405896
1254 4.725431971079292
1255 1.273903515183728
1256 0.0439870466634125
1257 0.7351359456735527
1258 1.311025888936084
1259 2.9082088273137447
1260 1.4637804723131003
1261 0.8446772321286042
1262 1.0003295079473997
1263 1.587588235295879
1264 2.3863414420707487
1265 4.1754383452553
1266 4.897186568580472
1267 3.5716879380876674
1268 4.686037404625832
1269 6.720370941250601
1270 4.574236078620107
1271 4.814288513612039
1272 3.0959387939047303
1273 1.6463871254528852
1274 1.3021100365445537
1275 1.5888826963040228
1276 0.978054282404686
1277 0.08698576224336019
1278 0.030507684166247745
1279 0.0048271980398581485
1280 0.013579083626492492
1281 0.0012090029436966757
1282 0.532080476668883
1283 1.696017846411171
1284 6.012682467743696
1285 8.469254140858801
1286 10.368573707210766
1287 11.163905034353423
1288 10.712864605810259
1289 8.61772910463464
1290 9.887111569765864
1291 11.885055180209102
1292 12.380157144466084
1293 15.571428781328207
1294 18.479488507879342
1295 17.534386844886672
1296 19.662257715416622
1297 18.501542354002517
1298 14.081347052831196
1299 8.432435269782157
1300 4.846847147315172
1301 3.6579544342811774
1302 3.6784004451864956
1303 3.5884963007747963
1304 2.0931087968347817
1305 1.179050512193031
1306 0.6049899347381739
1307 0.6608211005253499
1308 0.9333495460844646
1309 2.150433760378587
1310 2.6441142297306395
1311 4.872855748747278
1312 13.571257773824465
1313 21.36258045239364
1314 26.75605330115034
1315 24.02865632143174
1316 17.67471932579949
1317 7.873616221808324
1318 5.306035891002384
1319 1.3029095145771927
1320 0.04687232393907675
1321 1.067370686615501
1322 1.475531252595785
1323 2.7892204491759527
1324 1.5951828201169111
1325 1.0065866783563735
1326 1.1717036280525859
1327 1.9917569227855734
1328 3.5270583246594978
1329 4.4761916554263985
1330 5.321524874850073
1331 4.1469349375740245
1332 5.050851733413151
1333 7.893810181137323
1334 6.488652439833993
1335 6.326066637928788
1336 3.6892107000099563
1337 2.1578025686261517
1338 1.413517808710974
1339 1.5752343848661545
1340 0.8364174272665986
1341 0.25098355361022334
1342 0.09669928267580698
1343 0.034786752929115684
1344 0.04863729664071213
1345 0.07550429675716448
1346 0.44653629747503626
1347 2.913169010849863
1348 8.394196826665434
1349 9.446067846183425
1350 10.460375381360102
1351 11.004569662074749
1352 10.972763011153402
1353 10.5146466263732
1354 13.861186238955495
1355 12.039720785149385
1356 13.189862257544736
1357 17.985522105622398
1358 17.50380027248318
1359 18.090611283577314
1360 20.356387443519512
1361 19.17674227301626
1362 13.386229048446108
1363 9.981965272003379
1364 6.230860155559959
1365 5.69884727593114
1366 6.264902646902378
1367 5.4077401178523035
1368 1.6921942600285536
1369 0.9546156767666159
1370 0.7290235402193531
1371 0.2620617674232374
1372 0.5667318027642648
1373 2.0961784336483555
1374 3.6731402607998174
1375 4.546977482437459
1376 11.412323686392012
1377 19.5026516491511
1378 24.576956786156494
1379 22.315963432187395
1380 15.313459459171028
1381 9.013841948489134
1382 6.511498273061447
1383 2.1830389899802056
1384 0.21626246032901864
1385 0.43685697848782234
1386 1.0006307160041934
1387 0.6667869085740066
1388 0.7254967348372878
1389 0.6147248633182233
1390 0.8722973421815814
1391 1.9842939177935957
1392 2.9000516269530348
1393 5.0583653861764075
1394 5.166267611658158
1395 4.755386450800179
1396 5.44456647519133
1397 8.4058515098148
1398 9.720499037205993
1399 9.490362478827128
1400 4.313225568532912
1401 2.807747547984639
1402 1.3242974042300943
1403 1.6621425434453263
1404 1.418388318310373
1405 0.7700812868697836
1406 0.28076358805381707
1407 0.12197167487525395
1408 0.0014160039916279803
1409 0.15536098890482378
1410 0.7037950643764821
1411 3.7287697131762987
1412 9.92957067299389
1413 10.825545612519317
1414 9.602736383080629
1415 12.58437232498726
1416 11.17573369439751
1417 12.404736340749055
1418 14.246079630016272
1419 12.876558188843235
1420 12.517297160833404
1421 18.9424958667718
1422 20.15313455246592
1423 19.207996955376203
1424 20.242365534036672
1425 20.281996607106294
1426 13.380640457892303
1427 10.358353631623853
1428 7.634645422210196
1429 7.174527183936729
1430 7.658346678978573
1431 5.456000870977746
1432 2.509283354338094
1433 1.8545764615913611
1434 1.4249912971102814
1435 1.0441147997922282
1436 0.7388589919370555
1437 2.469357061013979
1438 4.4882012532579285
1439 5.44156256882846
1440 9.849419696073427
1441 16.793979960289878
1442 16.81265440368291
1443 14.365490788544184
1444 9.567092610290425
1445 7.6846027570116995
1446 5.742554608447023
1447 2.0542315852367454
1448 1.4802407347094435
1449 0.031010665925421902
1450 0.3831099401823058
1451 0.33962272479962435
1452 0.23690231479596716
1453 0.3645181309113083
1454 0.551810868284799
1455 0.8377947215550273
1456 1.708722096480064
1457 3.1684860478814927
1458 4.000420124409668
1459 3.4958466019718504
1460 5.536365411891877
1461 9.537796293724398
1462 12.063910429530875
1463 10.14064705129778
1464 6.746626136016787
1465 5.9528451971286795
1466 3.0625162315632175
1467 1.656079927751691
1468 1.51261056159597
1469 1.0195526414492304
1470 0.29111182664617197
1471 0.12457898892582556
1472 0.4045801594454996
1473 0.6763546056159403
1474 2.2667445626186344
1475 5.286188309502545
1476 10.49752273277202
1477 11.481071687253642
1478 9.882029116263903
1479 13.678661602193332
1480 12.678722813142514
1481 13.308804511383647
1482 14.053446318069767
1483 15.703090188134674
1484 15.478131348441885
1485 19.463097284182748
1486 23.81957074175365
1487 22.868864342899617
1488 21.00774320447128
1489 22.425476071650344
1490 13.02819469659681
1491 11.411327273487457
1492 8.233409919736353
1493 5.006955690346898
1494 4.808628333535055
1495 3.689041597566236
1496 1.8739724415274517
1497 3.1234469874538124
1498 2.781081991557866
1499 1.1647928814552673
1500 0.0747825922191013
1501 0.6874774729392881
1502 2.0496967134821293
1503 3.4772991089357004
1504 5.419782845446259
1505 9.50285536459293
1506 11.401720746485704
1507 9.506996652977051
1508 9.387065112918524
1509 10.13834050800814
1510 8.508596263814328
1511 4.021641661344908
1512 2.8737034565178843
1513 1.0277175483232757
1514 0.2034580089587355
1515 0.5335455361000248
1516 0.5394343371401558
1517 0.7282472106726617
1518 0.6367492569512764
1519 1.2781180025556809
1520 2.5224948171095978
1521 2.533663496227135
1522 3.5027677782023847
1523 4.743957275082168
1524 6.226471431625599
1525 8.837774349524574
1526 10.5621212306513
1527 10.90748055714768
1528 8.978472010719827
1529 7.274027864810868
1530 6.018483077522064
1531 4.409382545935295
1532 1.9611290793107041
1533 0.9798637729778903
1534 0.39028687433269643
1535 0.22874204392110403
1536 1.3548204928197567
1537 1.346649555517367
1538 3.8921358366701564
1539 6.981641288127329
1540 10.461632834460845
1541 10.108795646207708
1542 10.916575166681467
1543 12.73707774866456
1544 13.910048425806485
1545 13.08641505270613
1546 11.844128905998446
1547 14.208158982067365
1548 16.50869037400015
1549 21.835108790829857
1550 22.79864678553404
1551 24.018712494454252
1552 23.78326160932437
1553 24.04308137861378
1554 17.088216936334703
1555 14.196429352417638
1556 8.967684958947702
1557 5.708241321545198
1558 4.188641455643631
1559 2.9814196821208703
1560 2.4721803800094455
1561 2.239660715606536
1562 3.634168571142809
1563 1.8884461235732395
1564 0.0903326629568643
1565 0.09656683292322125
1566 1.1363209530117322
1567 2.1346809453629936
1568 3.3014683938707337
1569 8.191558821387048
1570 10.360475254571462
1571 7.869060840681461
1572 10.177684931720645
1573 11.75917953341284
1574 8.00437466652948
1575 5.291448409821063
1576 2.7847946378389583
1577 1.408159256088267
1578 0.03291294629452109
1579 0.3147787389568426
1580 0.5946358427660592
1581 0.5347253210659831
1582 0.8747060540270326
1583 1.4690619526558717
1584 2.4412635278330526
1585 3.5448186996942757
1586 5.888922789969678
1587 7.599647602827883
1588 7.395740608379149
1589 10.459360619628313
1590 11.562673095254375
1591 9.470963610871635
1592 10.127116946135505
1593 8.903569480519362
1594 5.419836070101894
1595 5.050885375704144
1596 2.461366356096283
1597 1.1385371288572101
1598 0.5032712658699958
1599 0.2216031834778549
1600 1.1287348161983473
1601 1.9586109648842562
1602 3.8657113896712065
1603 7.554570722461379
1604 10.70913896181451
1605 10.299598824785546
1606 11.544521985465789
1607 12.743157961054825
1608 13.808452137826919
1609 14.88410821303405
1610 10.890772459378228
1611 12.202500227765869
1612 16.471725150379356
1613 22.658392886933438
1614 27.794188227183838
1615 25.648059257943178
1616 22.07655827457433
1617 23.03856150554497
1618 19.174781404929305
1619 16.890671059468403
1620 11.894886183885465
1621 7.904647132610901
1622 6.161565100582132
1623 4.62219224256129
1624 4.337268938047347
1625 4.284231011668354
1626 3.272887051017423
1627 2.186252731829147
1628 0.7279935372364793
1629 0.32486029702349883
1630 1.6484766803396973
1631 3.131080310416361
1632 4.637931030623922
1633 6.092219500249738
1634 6.248489250955279
1635 6.577256858081432
1636 7.539117804466115
1637 10.205250513767695
1638 9.803416377106055
1639 6.076831814582174
1640 4.137493922667246
1641 0.9637241054031536
1642 0.12491106929361478
1643 0.19258851577585223
1644 0.5834113437762944
1645 0.8893320480410802
1646 2.39061957814944
1647 2.6388536045172772
1648 4.009732353134069
1649 7.009559197641593
1650 8.746979717945141
1651 11.165821661027154
1652 11.606355559257068
1653 14.76395909916662
1654 14.485614015591102
1655 13.275223818584813
1656 13.274973292553385
1657 11.035512236386841
1658 4.8774088214734395
1659 6.318915587656126
1660 5.185240204082198
1661 2.2573186191457526
1662 1.9910783021054053
1663 0.7732981234672255
1664 1.0291898375595288
1665 1.5877115505912869
1666 4.227859202830744
1667 6.845106626895917
1668 8.834260883955348
1669 10.047368346655297
1670 12.022893876556047
1671 12.630952267896582
1672 12.727215586066325
1673 13.50786946385949
1674 12.168770624983862
1675 11.317510663651236
1676 16.462926161481658
1677 22.12453706693764
1678 28.90080354616647
1679 25.45381794293532
1680 25.0133403368215
1681 26.58603737749898
1682 26.016238241180098
1683 22.83591131130256
1684 19.424328351498556
1685 13.705008146153794
1686 11.021098922574094
1687 9.27152914629795
1688 7.379418955473423
1689 7.03658250501916
1690 5.7651600744403435
1691 4.176717327979485
1692 3.0993718402572266
1693 2.7994050444198275
1694 3.7124195022941575
1695 5.083718846519951
1696 7.2160258685380185
1697 7.402680918778098
1698 5.364180121953671
1699 4.114373463806809
1700 5.5859862051957325
1701 7.653971758523798
1702 6.440638507048393
1703 3.3960773151371138
1704 1.4083204779172998
1705 0.1900592515154148
1706 0.0025024207375478947
1707 0.2641388353031357
1708 0.769280488357573
1709 2.0648947996218836
1710 3.032301977761759
1711 3.8966218498352587
1712 5.374982379497783
1713 9.538358688139017
1714 11.44631928965371
1715 14.590655916360829
1716 15.417046607090064
1717 16.9468881729944
1718 13.508578252646513
1719 11.146831475281672
1720 9.699082147535798
1721 8.358201313509849
1722 7.016087032663885
1723 7.410139397900776
1724 5.377593723934002
1725 4.2083817033718764
1726 2.30285525087519
1727 1.1773786465242269
1728 1.906217473425192
1729 1.8204111694028482
1730 3.7013799499910904
1731 7.1499251245464155
1732 7.9525545948542975
1733 8.302649113261749
1734 10.263168229441595
1735 12.080400590022126
1736 11.763200746718145
1737 12.41125448986123
1738 12.662933390705943
1739 10.584381152123331
1740 14.94216753054578
1741 19.639855056965178
1742 22.727076793119384
1743 21.54853496116994
1744 22.80472998667783
1745 25.98768232141477
1746 26.33642813181477
1747 26.320190967229713
1748 23.339935259955585
1749 20.176920228412317
1750 13.949132709498054
1751 12.942324699729275
1752 7.995972085599712
1753 7.306807570868902
1754 7.760167291656346
1755 9.326245350874986
1756 7.268285925024816
1757 5.883504496063137
1758 6.816387845173712
1759 5.948291083941491
1760 7.165253801206106
1761 7.651510434267637
1762 7.034495069910627
1763 4.669443307485789
1764 4.1783274173647555
1765 4.441176771229922
1766 3.614408432068779
1767 1.9458041410773654
1768 0.0762286572156633
1769 0.1645019714874167
1770 0.23343154394668034
1771 0.6608231160829121
1772 0.942332612428723
1773 1.442997464936572
1774 2.11821401827371
1775 3.4104999396339175
1776 4.517103502841753
1777 6.58362057409151
1778 9.795707020670022
1779 13.577474995583446
1780 14.687505631249769
1781 16.907963014629562
1782 10.685942963443551
1783 8.923198174254251
1784 5.398853312355788
1785 3.4606025721804046
1786 5.623849963442798
1787 7.784065588099806
1788 7.496579771903636
1789 5.5867563860603715
1790 2.8699752647719277
1791 0.4779282726718479
1792 2.777299782607736
1793 2.933809332426628
1794 4.19428555595168
1795 5.966282193962273
1796 6.293217388301521
1797 7.402856328511713
1798 9.277941892334864
1799 11.09595549025441
1800 11.094987028530593
1801 12.429855024478517
1802 11.775728782419725
1803 10.995969272793749
1804 13.847236672997907
1805 16.925214767796188
1806 17.42889741882631
1807 18.337031755444407
1808 23.047753336841154
1809 27.864786207101677
1810 26.84496235634421
1811 27.988644216750185
1812 25.643013429894676
1813 22.240015075195046
1814 15.869996300767149
1815 12.78761901931498
1816 11.7308641251948
1817 12.161016978365305
1818 9.870932248122813
1819 10.666972409180156
1820 8.121216394819301
1821 7.92689115714815
1822 7.87688598490638
1823 8.534852518384255
1824 8.754341523603093
1825 5.79946697684625
1826 3.9904853814793753
1827 1.4833711538390921
1828 1.5693931051408456
1829 0.8518686558171934
1830 0.017790193475261236
1831 0.0063633612995356945
1832 0.13026383610593512
1833 1.0107677450919808
1834 1.6102547481921266
1835 1.7903619397988064
1836 2.148637581692839
1837 1.9331982485977952
1838 1.394284017368733
1839 1.9521949266532743
1840 3.554129074413282
1841 4.009814595225707
1842 6.20250632891402
1843 9.110069961235983
1844 7.52033274580388
1845 9.121284051319154
1846 9.30967161060629
1847 6.082962536276322
1848 3.4341677059491698
1849 3.823948013741676
1850 4.967479965540301
1851 7.290802362878583
1852 9.848472267139718
1853 7.349320237174785
1854 2.8134034687599985
1855 0.36445440810414825
1856 2.824260832939154
1857 2.851167694126639
1858 4.309713108945568
1859 5.075036648827701
1860 7.207494267305692
1861 8.538935443150246
1862 10.84541904678256
1863 10.78054615839738
1864 11.831176731299525
1865 12.859771331220905
1866 10.656703323234543
1867 10.794119727491301
1868 13.779041661279155
1869 19.17061096292485
1870 21.000396371667936
1871 23.298638112582065
1872 25.583775811685914
1873 25.18727017859501
1874 25.93451129638264
1875 26.32797002669191
1876 23.85884823789138
1877 20.267395699643775
1878 17.359652397733754
1879 17.377569551483766
1880 16.829889987913067
1881 13.138090590350789
1882 12.871242617827495
1883 12.113932720837086
1884 12.99981041549778
1885 11.994001085774542
1886 10.797069529658442
1887 10.918310337176619
1888 9.040493850453574
1889 5.303502904061451
1890 3.380952630480243
1891 0.5780925529489982
1892 0.0006190701558858365
1893 0.1964685063162549
1894 1.1643096654266216
1895 1.5216753260011173
1896 1.884519590529708
1897 3.625277892484052
1898 3.67042415427858
1899 4.072959603042303
1900 6.664215803209182
1901 4.634321031451194
1902 2.756273184712022
1903 3.077189352245035
1904 3.599998131299038
1905 4.827827229657088
1906 5.530089826559186
1907 5.587302771272432
1908 3.7038716830397123
1909 3.430198167923067
1910 5.201913666891284
1911 3.9896449440948896
1912 3.349812918207025
1913 4.167146337922644
1914 4.775422789718049
1915 8.113753419501814
1916 9.152968151545027
1917 9.204620477967602
1918 4.676003579906155
1919 0.6794880951883835
1920 3.1157823893492385
1921 3.021851501103072
1922 4.127750063370423
1923 5.78035864472153
1924 7.968942614813695
1925 9.357682700749569
1926 12.171333964499718
1927 14.301656781482063
1928 14.664060358483473
1929 13.257264446014196
1930 10.754415735237526
1931 12.34794331856813
1932 13.096971347246296
1933 18.653456569359648
1934 22.617384568397487
1935 26.719910609697816
1936 26.59969402331267
1937 28.065603986460008
1938 25.037543461280375
1939 23.890695843214765
1940 22.76275392026945
1941 19.274893540038576
1942 18.022507893407013
1943 16.750326247216208
1944 14.3335632787024
1945 12.762376932275858
1946 13.434107226920169
1947 14.027155694332432
1948 13.701594002127091
1949 13.923446202356953
1950 13.443377319896046
1951 11.829393414339165
1952 9.038745414207082
1953 5.712535847627921
1954 2.268071011733315
1955 0.3349693886813823
1956 0.0011815735436838737
1957 0.5088873735769875
1958 1.6264666784636717
1959 2.9168688620744994
1960 3.917459766749571
1961 5.593325093776
1962 5.788075377312149
1963 8.335780507619763
1964 10.0812078685548
1965 9.229100696210464
1966 6.564940497175081
1967 6.197828201938182
1968 4.701127649841308
1969 4.8128640926022594
1970 4.489027546881338
1971 5.177871676324066
1972 3.423759633393741
1973 3.3125488997116097
1974 2.7646930226838027
1975 2.0676544062088733
1976 3.011349921155858
1977 5.578537287350821
1978 8.13623143476963
1979 10.77134889904216
1980 8.489888120536602
1981 9.478153171188657
1982 5.937548985026219
1983 0.9502201178013395
1984 3.5592849090848135
1985 3.1875862916264874
1986 3.79598232456956
1987 5.237830007247251
1988 6.929337936392908
1989 10.107743635827015
1990 14.488944885458551
1991 16.262757625857553
1992 16.867780439262813
1993 15.472475708116963
1994 12.167785111453837
1995 13.401895615026842
1996 14.365366911067575
1997 16.957110738832053
1998 20.60033328618953
1999 22.68438313063408
2000 26.848377119570447
2001 28.999375661500558
2002 27.130297572067697
2003 27.385410468944023
2004 23.99051444827442
2005 21.092607732913965
2006 17.126532760286945
2007 14.483032574274397
2008 12.13081465389156
2009 11.952846888643577
2010 12.072641391417577
2011 12.473941352022456
2012 12.39185654153697
2013 12.590921687574358
2014 12.92044904713671
2015 9.607430642472575
2016 6.655702111005772
2017 3.740619197585907
2018 1.449356564915485
2019 0.13967149073980137
2020 0.14895808162983032
2021 0.4203738511168969
2022 1.5239717443144976
2023 2.7677611669649327
2024 4.645718949037401
2025 5.2163439263872275
2026 5.613716784904594
2027 9.095484078946646
2028 10.727085093191631
2029 11.696241010633756
2030 12.036194245866193
2031 9.538647864371587
2032 5.123132367011756
2033 3.648057718084017
2034 3.646902695020856
2035 3.875787247252718
2036 4.34135181959464
2037 5.710028601899159
2038 3.212283916823974
2039 1.3572096576199753
2040 3.871530819939407
2041 6.4864384582526
2042 7.517449057866627
2043 6.683836139159081
2044 8.986114992439047
2045 10.337815387927007
2046 7.133390271343257
2047 1.1299865602222845
2048 3.1445812615744666
2049 2.9816704553466833
2050 3.8306815121533986
2051 4.825819883690204
2052 6.154456876903777
2053 10.001506671494552
2054 14.198867418983564
2055 14.7427436872394
2056 14.896428383175637
2057 13.23226059070934
2058 11.655523291565055
2059 11.05159115964165
2060 11.036805010277499
2061 16.200380366125685
2062 19.39513270018869
2063 19.70935868215535
2064 27.014387562925766
2065 30.496770128446396
2066 29.102493921855725
2067 26.58581669694043
2068 24.08867329671456
2069 18.81196770346047
2070 16.620971949215587
2071 14.758197597807762
2072 13.279312136622641
2073 17.644982035103876
2074 16.3656129571927
2075 14.137743251258568
2076 11.301092920985935
2077 11.217945410074698
2078 9.75876252915892
2079 7.800496685408963
2080 5.887207908011693
2081 4.005531430370096
2082 1.3332011260290113
2083 0.11001638563308584
2084 0.013918721578235572
2085 0.4179871119823826
2086 0.4182169262935309
2087 0.7660857788950428
2088 1.871544730024498
2089 2.8613256903424906
2090 3.989331404087934
2091 5.879352259644694
2092 8.490551804194379
2093 12.018554520751092
2094 13.613357699415486
2095 11.505104041043747
2096 7.360078717526888
2097 5.12435289372492
2098 4.547737048508513
2099 4.607762612422532
2100 3.152249244684302
2101 5.298106302819602
2102 6.993301711292036
2103 5.537797332307837
2104 4.805231153490548
2105 4.981349841940376
2106 4.6599778475455125
2107 5.873982078557278
2108 9.622178832181168
2109 11.771795398286873
2110 9.357567500990992
2111 1.6153131349545964
2112 3.214110210184227
2113 2.9747488451418023
2114 3.328138937937019
2115 4.232691257685868
2116 6.944131646450959
2117 10.886663302217974
2118 14.157952576584483
2119 14.275319119001285
2120 13.237695156629837
2121 11.732719067646538
2122 9.886493833748629
2123 9.698104374887166
2124 10.519929776041005
2125 16.336519584393738
2126 19.185822596031898
2127 19.922656456121953
2128 24.279015629182883
2129 28.799526359938938
2130 29.05910614914137
2131 24.68728953577249
2132 21.638594099477842
2133 17.925426992616906
2134 17.311665575058495
2135 18.07386153936025
2136 16.765597152574653
2137 18.736429678863402
2138 18.374427874573044
2139 14.460338324016083
2140 13.198012637539914
2141 11.255187809077052
2142 11.402018031354793
2143 9.601137122198292
2144 7.830412776207724
2145 5.062188868019714
2146 2.5021315450596484
2147 0.28196804540185005
2148 0.005819937158671147
2149 0.07696772101491667
2150 0.1742035829154644
2151 0.41040913101809817
2152 1.3119190134733516
2153 2.6511347335626985
2154 3.9374515928253926
2155 4.817785489548705
2156 6.4358924437356295
2157 9.817474593376415
2158 10.349644053175409
2159 12.730895831006931
2160 11.63894103034604
2161 8.370852016358802
2162 7.036315788261552
2163 6.280158243761458
2164 4.906907284707727
2165 4.699274222346778
2166 8.338365370365345
2167 8.940328745446513
2168 8.035680245205652
2169 4.383000089517657
2170 4.948658171787637
2171 5.27951917853869
2172 8.046746576023667
2173 11.508260459267861
2174 7.422723395190552
2175 1.7161745022417225
2176 2.4363786777772085
2177 2.1023277373045692
2178 2.5772037934369436
2179 4.517706048555447
2180 7.535806525638186
2181 10.607110432584081
2182 14.494850138609301
2183 15.337836982108715
2184 13.176454477246557
2185 12.350042453930866
2186 11.048840617660852
2187 11.054335975941235
2188 12.650881447760664
2189 19.07309153712912
2190 19.18413045044787
2191 20.39823359060083
2192 25.004451898298043
2193 29.170916761664817
2194 28.584475139514684
2195 24.30091460391306
2196 20.25609864058897
2197 18.53175089616678
2198 20.1506736753586
2199 22.711021737607
2200 17.515887064127618
2201 14.776742569439305
2202 13.548003026853882
2203 13.474763138330957
2204 12.275751687716848
2205 10.762374360811366
2206 9.530742828163365
2207 7.894138150272399
2208 5.580072217885313
2209 6.842875891109235
2210 4.665483424863581
2211 1.3229740341145133
2212 0.20620543560513455
2213 0.013060828132817675
2214 0.09883774047357856
2215 0.8227626379097054
2216 2.303703244355899
2217 3.397284134456972
2218 4.604931604993223
2219 6.222471183964454
2220 6.7674349162326095
2221 8.910505208711061
2222 8.506224514734166
2223 9.100245279327224
2224 10.499698899177046
2225 10.198273107705923
2226 7.001542448520236
2227 6.614028915971624
2228 6.01422586050082
2229 7.591982359086974
2230 7.594996795231245
2231 8.290003925057329
2232 7.956474473034433
2233 5.024213665231033
2234 6.818107698993098
2235 6.786556511539351
2236 9.205956348631291
2237 9.558372826377333
2238 3.5771924189686883
2239 1.0521137842823984
2240 1.4863534579197348
2241 2.192169736887258
2242 2.855489419340248
2243 4.189594028055037
2244 7.294891802056411
2245 9.921893680798922
2246 14.49177920141965
2247 15.637259579286622
2248 13.570979111488896
2249 13.418906206233835
2250 10.712813426854884
2251 11.029859661877955
2252 14.035154314237966
2253 20.14049355739869
2254 22.401194858376517
2255 22.009873529124526
2256 23.79702921433011
2257 26.926103629879524
2258 30.77649810881343
2259 26.492255849507455
2260 21.4388408339451
2261 19.048887817167284
2262 18.43126528677069
2263 18.364859239556857
2264 14.87070235251437
2265 10.305012641255967
2266 8.891562533918862
2267 10.6367561202929
2268 10.454957547233223
2269 9.197013856658987
2270 7.443097439356516
2271 5.843052745111896
2272 5.765705231617879
2273 5.886085011927462
2274 4.747513047793941
2275 2.1381505411741624
2276 0.704590840699668
2277 0.002292825129343796
2278 0.09541762615704609
2279 0.4662479162488907
2280 1.1521663712835297
2281 2.2071862097381065
2282 3.5587567145563543
2283 5.3816402336905
2284 5.972412222865846
2285 6.623499575659828
2286 6.444557354046252
2287 5.4686541176932195
2288 7.430430172257249
2289 8.252901807858857
2290 7.25150132324544
2291 8.703262459959177
2292 9.09066766486983
2293 10.354312461355876
2294 5.8216465804667274
2295 5.4867114759462385
2296 5.991679149203814
2297 4.472092889493507
2298 5.31023590824144
2299 7.47781172004542
2300 8.435121735930442
2301 5.70330777127995
2302 1.3553164567368488
2303 0.559287142961577
2304 0.910791816819443
2305 2.3291419322175133
2306 2.9196699779239736
2307 3.4240779927742824
2308 5.419434380054414
2309 8.48137278557336
2310 13.198455371581396
2311 14.651689762205383
2312 14.477523664976303
2313 12.927002524270533
2314 10.63104820331513
2315 11.647577122314416
2316 14.445207555028327
2317 20.29296470113687
2318 22.37647865152158
2319 22.14476888706705
2320 27.260391441218953
2321 31.565090566020075
2322 35.129166139544196
2323 32.4221405741288
2324 26.16705369549477
2325 21.32621560467912
2326 14.097089515108742
2327 12.667395423238707
2328 10.94365722840484
2329 10.37075083026483
2330 7.951227161452992
2331 6.4486546180460795
2332 5.6401925531377195
2333 6.796723258513592
2334 5.462836089793993
2335 3.9029091219122756
2336 4.037567953297825
2337 5.331816638521151
2338 2.586959167608212
2339 1.200635106942197
2340 0.9246570240752435
2341 0.6496754030325307
2342 0.39595580566787986
2343 0.0012740595318056847
2344 0.6688784201019494
2345 1.9285132361407162
2346 3.45921924425859
2347 5.594154892131499
2348 7.360771580165213
2349 5.488657751461361
2350 6.165124888383195
2351 5.510609475665188
2352 5.531332983184911
2353 6.518862022668855
2354 8.714965125645739
2355 12.206040314869291
2356 14.027675191012323
2357 11.419145695370457
2358 6.290586613280975
2359 6.640748904470654
2360 6.4312337016197825
2361 8.062037220219327
2362 8.244349860874516
2363 8.969268698857105
2364 7.649740065820301
2365 2.714989844414012
2366 0.5852902377146484
2367 0.31891719833165044
2368 0.705115033092311
2369 2.2037522209062836
2370 4.452032711409351
2371 4.201409311536365
2372 6.198404514690603
2373 9.24146912556091
2374 12.995575116625295
2375 14.736346923587993
2376 14.320809905631519
2377 12.950533384188809
2378 10.950546374517165
2379 11.04279609157182
2380 15.67478019210782
2381 20.923204376290876
2382 23.025452744393853
2383 23.301546829797058
2384 27.222550022797908
2385 33.150256652042515
2386 38.82098477224814
2387 33.20445051414037
2388 27.652993682988242
2389 19.12824316394781
2390 11.314432682173518
2391 8.862140130578776
2392 7.975915018827515
2393 6.112907211213882
2394 5.438594419299462
2395 5.347868558571908
2396 4.152455933541247
2397 3.6028615712901506
2398 2.7079781972109447
2399 2.443073757300104
2400 3.0475808331187153
2401 3.1296546553106768
2402 1.8703700166098376
2403 1.516952603384558
2404 1.954121471851274
2405 2.4907090146006623
2406 1.1662074559747875
2407 0.17226285696779525
2408 0.1326626397196865
2409 0.6107073266193223
2410 2.26665252853691
2411 3.2661857226286006
2412 5.109606683708635
2413 4.208598025889819
2414 4.922987543811675
2415 5.628687689018128
2416 6.324195410996766
2417 8.617156079615784
2418 13.296711860593607
2419 19.279346051515954
2420 18.858399120569494
2421 16.36180716961113
2422 11.942621065214572
2423 13.827520037211139
2424 13.014891784378053
2425 14.441744174565533
2426 12.328424641247665
2427 11.08929918235954
2428 6.576371821654049
2429 1.3163768566734535
2430 0.3063153240687707
2431 0.0008541407742279958
2432 0.06358229919393987
2433 1.0564768537170997
2434 4.0449187080266835
2435 4.9872008387888185
2436 7.692136958159486
2437 10.409107574710596
2438 13.480090897425374
2439 14.446150169777052
2440 14.560683083649906
2441 13.534619180218767
2442 12.206631871657594
2443 9.901826523970138
2444 13.438430914368048
2445 17.31113314283586
2446 19.410153275690817
2447 22.310596259478405
2448 25.946465512810843
2449 26.20059410054236
2450 33.15566363184394
2451 31.181896063470354
2452 24.946769667670022
2453 15.217001410520446
2454 9.306064185182588
2455 6.773250271260952
2456 5.221077792904193
2457 5.828296909271226
2458 5.202143434766614
2459 3.900892128146468
2460 1.8378384066486855
2461 1.315951155487606
2462 1.632850273110029
2463 3.0922046164254
2464 3.265257307895334
2465 2.526260739953431
2466 1.9643796667928612
2467 3.009162971941244
2468 3.32288847842824
2469 2.650201202382957
2470 1.590428216278163
2471 0.49400581698936236
2472 3.2441097849915775e-05
2473 0.5421477815618974
2474 1.8166993486735061
2475 3.277696162880288
2476 5.151605174594165
2477 4.799313594716414
2478 5.041894362976907
2479 5.765849229804545
2480 8.582429577746895
2481 15.305451803251351
2482 21.813975852522162
2483 22.84030120863602
2484 18.704673801971676
2485 24.957692176617623
2486 20.777488934213434
2487 22.104791251575314
2488 16.544816835796784
2489 15.954937039398812
2490 13.128489473426143
2491 9.464877917568264
2492 5.599311332327462
2493 1.4675146930359777
2494 0.06581894493983963
2495 0.039901304453046314
2496 0.02143048085766805
2497 0.8332393719009876
2498 4.785376880191358
2499 5.232525798963088
2500 7.874251780876566
2501 10.55591901310934
2502 13.403239334270511
2503 14.83946865736379
2504 14.925378664323802
2505 14.724290892518855
2506 13.985276197477123
2507 10.89507456801895
2508 13.593970824504144
2509 13.9493339601554
2510 19.504724678336952
2511 21.36991523813035
2512 23.5244799336005
2513 28.66819446621962
2514 28.82475679561773
2515 27.433969025130477
2516 24.19466488480415
2517 15.64816752327661
2518 8.021605500500858
2519 5.016849287462822
2520 4.408213341433927
2521 5.521760578460379
2522 5.233887043470405
2523 3.2170753819086575
2524 1.8354200332734816
2525 1.7442112562977097
2526 3.5725501316754187
2527 4.030030733429104
2528 4.2430205916399855
2529 3.8711769385234165
2530 5.6830602259439535
2531 5.0809728195580615
2532 5.174145695339338
2533 4.7581347421559474
2534 4.5041389498474995
2535 2.6667129650631547
2536 0.14653241788994212
2537 0.38008621828680694
2538 1.2354581505796032
2539 4.000880151264443
2540 6.274229696181809
2541 4.436711665986022
2542 5.5217083307606165
2543 6.478473574463487
2544 11.21811503734058
2545 20.18219236907254
2546 25.30805211606336
2547 27.491709488141826
2548 23.93696782635366
2549 25.352591918229844
2550 26.673975152338635
2551 24.58720660244833
2552 24.07802394679547
2553 16.288498186812717
2554 15.349199607370482
2555 10.440735559008992
2556 5.17036038204454
2557 1.60337797029982
2558 0.36273238025571736
2559 0.02302520478308734
2560 0.015743584014418187
2561 0.3255554546465543
2562 3.546667260622033
2563 5.480239107012775
2564 7.567044465560954
2565 9.63865097199024
2566 12.565212962965543
2567 13.63999662863954
2568 14.072894150281096
2569 13.992440607022036
2570 12.489848607655386
2571 10.48100455466707
2572 11.834050050113673
2573 13.6271655465852
2574 21.233762956353452
2575 23.094993671802353
2576 22.532174893024326
2577 24.437978060139624
2578 24.961105111649967
2579 25.127395244175464
2580 21.07523459283403
2581 13.183470170972544
2582 8.267674287610419
2583 6.003144567969015
2584 4.161783813736091
2585 3.694631352517745
2586 2.407840595726998
2587 1.9777121295865476
2588 1.9521467768037646
2589 2.679300022629473
2590 4.935562482940788
2591 5.682174247456127
2592 4.645980511141631
2593 8.158000171734827
2594 7.727479056049079
2595 6.577403226651933
2596 7.147598621394024
2597 6.233610575460307
2598 7.274811322853442
2599 5.264015633091687
2600 0.8812229992432596
2601 0.2824058309738755
2602 0.734228995154682
2603 3.0451703084797614
2604 5.582117585341688
2605 4.471723993003156
2606 6.079718470381948
2607 9.153123357777286
2608 11.969980086922938
2609 19.587270259231747
2610 24.713701979697152
2611 29.287283114907044
2612 24.008266660669612
2613 21.754042632271116
2614 21.287851114525218
2615 17.096592671604707
2616 23.421690463638836
2617 18.378749887945375
2618 16.541861849195097
2619 11.442172775091281
2620 5.773979165070903
2621 2.7027930700756997
2622 1.2027190202167835
2623 0.125626687381643
2624 0.00968252159920866
2625 0.07159578234077849
2626 1.7954574579145781
2627 4.62661222234902
2628 8.401615877271944
2629 9.613707818406937
2630 11.322729984569937
2631 12.911694795319983
2632 13.690469439953482
2633 11.568247828118585
2634 9.505002542536056
2635 11.420972422253804
2636 10.98633786396135
2637 17.029208052587876
2638 22.040505354330627
2639 21.984066633554217
2640 23.14827870845776
2641 22.357493061699138
2642 23.673040469563283
2643 22.70004045134167
2644 18.29763124388866
2645 13.141496286873814
2646 8.088249759626407
2647 5.667295563089452
2648 3.1921531101364904
2649 2.8904361467509596
2650 1.3595945556737214
2651 1.0356407882439587
2652 0.9046231132953808
2653 2.016558812224302
2654 4.030897702025183
2655 4.711375341757633
2656 7.7400625085351775
2657 13.038422739273084
2658 10.293069276011881
2659 7.755823878750369
2660 6.402222150060166
2661 5.520551851261012
2662 5.975114601787363
2663 3.6774365040215713
2664 1.4050769411112813
2665 0.11627113007693116
2666 0.6140005403560266
2667 2.3489289054093256
2668 4.980292891946065
2669 6.02543380839738
2670 6.584773307174526
2671 8.878744655644306
2672 11.784519949601199
2673 13.733210474950972
2674 18.26244318125759
2675 22.431631499529736
2676 18.2028976191731
2677 17.30302252366328
2678 17.526763855706818
2679 18.036618964803345
2680 15.260241641907784
2681 15.062916739087578
2682 11.760658667385247
2683 11.536664033047884
2684 4.973166448100326
2685 2.661988235757577
2686 2.153436865959625
2687 0.6311751951315506
2688 0.685068559928174
2689 0.04711169798017619
2690 1.035733394952908
2691 3.7753982081795034
2692 8.739034304801459
2693 10.669683742280089
2694 10.923739800390212
2695 10.195295087699629
2696 10.53801805145607
2697 9.982384747592024
2698 8.226697211327735
2699 10.190151059291123
2700 12.28525370262276
2701 15.204711451713383
2702 17.626367640323604
2703 19.098151705344176
2704 24.125170715074457
2705 22.36725187409358
2706 21.47494756239847
2707 18.386117395807286
2708 16.84489205044438
2709 11.716475410838749
2710 6.8598753659055465
2711 3.3585974817369393
2712 1.4525523941591736
2713 1.9880231150383967
2714 0.9483404278835965
2715 0.32382448629453936
2716 0.6395002694189112
2717 1.1486989325667476
2718 3.3347660526142047
2719 4.47667926474242
2720 7.413791370156613
2721 11.453751737422461
2722 13.527050070252727
2723 11.482704897877985
2724 8.28664470331138
2725 8.261683119738816
2726 6.659798998990912
2727 3.5015186648321164
2728 2.11808803536462
2729 0.30774752948118933
2730 0.05216551291052651
2731 1.1354447410063442
2732 4.497343223820415
2733 6.4131137905271975
2734 6.418137148812459
2735 7.891900424017976
2736 9.309063533369358
2737 9.219511499725241
2738 11.23283288534703
2739 13.059992554215448
2740 16.627023697814632
2741 19.493419532000186
2742 20.19519444833579
2743 19.857773197621736
2744 12.454204623916926
2745 13.48415642359522
2746 10.707090294628212
2747 7.532347009615149
2748 3.411705731329717
2749 2.5979303632163626
2750 1.8158218562726776
2751 0.5327209436330129
2752 0.9728049849137358
2753 0.3370765705728726
2754 0.23916639630802075
2755 2.246871876594403
2756 7.602470706976228
2757 8.635997353221788
2758 8.275057023723887
2759 8.455601049076108
2760 9.64537228312716
2761 7.320456469556311
2762 6.021691413063343
2763 7.924743096318914
2764 11.012551487799607
2765 14.72166888350062
2766 17.097452263851412
2767 20.62488541027061
2768 25.29570506030192
2769 25.480694432751275
2770 20.471349529833372
2771 16.37992409435237
2772 13.595087951247278
2773 9.858817254632472
2774 6.168659865059269
2775 3.6390994583839698
2776 1.0612197158291043
2777 0.47544954729363803
2778 0.9755054231071926
2779 0.7231272521478025
2780 1.3238867471117561
2781 2.3099924157971468
2782 4.0488778455464525
2783 7.549332214370764
2784 10.877204581133434
2785 12.624956037851375
2786 16.446259648049303
2787 15.969101193177053
2788 12.837490518202626
2789 9.516220569875426
2790 9.241587986022918
2791 5.224127737697977
2792 2.2476166202455974
2793 0.09848538262363539
2794 0.017244091412029604
2795 0.4568303817727175
2796 3.228061335379486
2797 5.410051466921136
2798 5.833238942012676
2799 8.202720272813327
2800 7.8051483039299345
2801 6.718358888024753
2802 6.587652159110643
2803 8.848491339123415
2804 11.372463363540566
2805 14.616086484972012
2806 19.432730040103934
2807 20.432696347001734
2808 14.382478949089531
2809 13.824480977251698
2810 10.392309195236503
2811 6.870011354272587
2812 4.563568423346388
2813 3.0131292265931324
2814 1.1854406360006677
2815 0.27105044694361247
2816 1.1271780127165754
2817 0.7209372840081979
2818 0.020270813631979037
2819 0.8933149179196798
2820 5.124500483086027
2821 7.83549677016121
2822 6.638632553992913
2823 5.872924894317303
2824 6.228299370315586
2825 4.615804731936612
2826 4.571631348669185
2827 6.012043047278285
2828 8.755372908703457
2829 14.11305323714855
2830 20.56887029278526
2831 22.940448187622756
2832 25.19919006803723
2833 27.386039951474274
2834 21.808011553476298
2835 18.046539870986752
2836 13.865926236313797
2837 10.769411301088535
2838 7.030448804722269
2839 3.121292085593136
2840 1.601436268629257
2841 0.4264292529904756
2842 1.2925391168557399
2843 2.3651910690418148
2844 2.036805242407385
2845 4.067847505654928
2846 6.235229922612352
2847 10.139164377769333
2848 13.870392540807329
2849 18.622420490842277
2850 19.328669532105256
2851 17.59408302323728
2852 18.223056919933665
2853 7.272461475117365
2854 4.672672385277033
2855 2.476699587299938
2856 0.6983065674822091
2857 0.20610725657510798
2858 0.12809688724389554
2859 0.018165682776212545
2860 1.3021719210348104
2861 2.3070445408181657
2862 3.6736176324706102
2863 4.648916937661396
2864 4.8553831461899675
2865 8.415867091494484
2866 6.0281792447884435
2867 6.205387323803842
2868 9.641286967014889
2869 9.102003207431363
2870 14.076708337711562
2871 17.015731837003553
2872 16.461433551095308
2873 15.766169609377139
2874 10.256760171764254
2875 7.227130385334014
2876 4.453580178563253
2877 2.9273980288641526
2878 0.721139116589535
2879 0.26657828769832925
2880 1.687479527603402
2881 0.7310715166090517
2882 0.03201593918557683
2883 0.43031526394083325
2884 3.9481093372135407
2885 6.114226392872396
2886 5.473176832056055
2887 4.696796934127384
2888 5.008985719226492
2889 4.033476656420672
2890 3.7391440919364523
2891 3.9326391416294775
2892 8.450839839320215
2893 9.732669369428617
2894 15.817874195534568
2895 19.66500659377776
2896 22.323851026973834
2897 23.65903782213726
2898 22.43524230136078
2899 20.355826643905647
2900 17.19934334868465
2901 11.51264438449238
2902 6.758930969617666
2903 4.221300298490402
2904 1.707074846691813
2905 0.909926034924927
2906 2.389463844551596
2907 2.2751480296975943
2908 3.1109961749686534
2909 5.4871378161891995
2910 6.468001739089386
2911 9.483888909650004
2912 12.239012899858219
2913 18.554702305922824
2914 18.816650586182043
2915 12.38616821636508
2916 14.256935397353086
2917 5.650545533309718
2918 1.9750643639384744
2919 0.8187496056099386
2920 0.30459154616279077
2921 0.5695079399268932
2922 0.5460873755688439
2923 0.04967843807258226
2924 0.6381207161840502
2925 1.1226018133335574
2926 2.034955532968599
2927 3.377584439675738
2928 4.223514870048781
2929 7.270998263886514
2930 7.436583318279067
2931 6.482394244067311
2932 7.552348864584964
2933 8.01616284890856
2934 13.709092976052649
2935 18.601260466886057
2936 14.850615771480614
2937 13.036911537779599
2938 7.102699758623569
2939 4.324649159794917
2940 2.845491386679216
2941 1.4447096834620587
2942 0.32703703215854096
2943 0.11779019529558367
2944 0.5522121375960052
2945 0.09975815370683877
2946 0.10166837316817932
2947 0.38134942865195454
2948 2.7419243277518337
2949 3.667524064252171
2950 4.451698426779822
2951 4.923186475849574
2952 5.137364952678238
2953 4.459796535396203
2954 5.077328879975927
2955 6.021179395994267
2956 7.9288695184921
2957 9.019314435240204
2958 12.227674868660921
2959 13.076215401556981
2960 11.711475547170362
2961 16.08234716546967
2962 19.441941383596166
2963 21.17958823606605
2964 16.21938422991739
2965 10.118955516949093
2966 7.972044547635913
2967 4.424725706679534
2968 1.8993227114377527
2969 2.2914164835210658
2970 2.3389599525378086
2971 2.155990710071545
2972 3.9221245991395373
2973 4.894008572890312
2974 4.210346953122177
2975 6.897851478917967
2976 9.473077007282932
2977 12.995224639119234
2978 12.662242618998107
2979 11.33319227452019
2980 8.15657380029299
2981 6.864438829183071
2982 3.179914865225105
2983 1.3460299168433028
2984 0.19597064368202494
2985 0.26699295553167435
2986 0.40646443834294843
2987 0.3119184986906872
2988 0.7614330582446636
2989 1.022086460459448
2990 1.2312887727314776
2991 1.8071266068357152
2992 3.080579625294241
2993 6.244810311506923
2994 6.481026591749851
2995 7.589282515809219
2996 9.400467274591952
2997 11.676140991983631
2998 12.74366127814393
2999 17.12569647062677
3000 13.468980557903427
3001 7.903672808043557
3002 5.463131793835827
3003 1.4751587790136484
3004 1.5727838643343868
3005 0.6747017633614338
3006 0.3361623085540105
3007 0.2717675368461704
3008 0.04653368563075083
3009 0.0028764873162826715
3010 0.18560011664156525
3011 0.7587566355079496
3012 1.2012942871903947
3013 1.820581579166806
3014 2.692194017500841
3015 5.366797013574624
3016 4.348804061888262
3017 5.132152350455041
3018 8.045914797667274
3019 6.820796173692255
3020 8.425497592903666
3021 8.576470345844035
3022 8.28812973361395
3023 7.327253324639477
3024 7.287530208446789
3025 7.906568969608134
3026 9.22723615438351
3027 11.869479191733253
3028 8.742922989945653
3029 5.702348532384787
3030 5.716757544374935
3031 2.6421815301042497
3032 2.298325959811332
3033 1.2265267324151763
3034 1.5062187397817615
3035 2.5459469827374472
3036 4.211431023379488
3037 3.3278982507247115
3038 2.568709807267154
3039 3.99707657774042
3040 6.443527197212731
3041 8.164530940065752
3042 8.05232539993324
3043 7.289203016631647
3044 5.562097725776571
3045 5.429819650061523
3046 1.9063081041033654
3047 0.9731344004322199
3048 0.00045866493423345206
3049 0.03370275795437263
3050 0.011987188617239863
3051 0.05054386143539009
3052 0.4555882527395961
3053 1.2598372654688241
3054 2.3002778148199243
3055 3.6235766913780614
3056 4.917340999709602
3057 6.077587136862454
3058 5.269880864547498
3059 7.989399137928851
3060 7.5771244266265585
3061 10.869166806820045
3062 9.882112425533185
3063 10.78136561656757
3064 8.226385164213898
3065 5.831976629451065
3066 2.2896403186019527
3067 2.891839950579275
3068 1.5283484894045396
3069 0.8925529898409068
3070 1.3776643936801265
3071 0.7022173915112105
3072 0.0021460163912213398
3073 0.07485922617874977
3074 0.3019116977352702
3075 0.7982164559177254
3076 1.0838544702421777
3077 1.5191448960475213
3078 2.4132727929461772
3079 4.612111231733922
3080 5.613850054404763
3081 8.711547663580147
3082 8.85088741010226
3083 8.628045107849903
3084 7.9287743126951
3085 6.23004378773067
3086 5.0497774660272565
3087 4.151976248241206
3088 4.066382707954859
3089 4.975663109275234
3090 4.993571386753368
3091 3.7429082003609664
3092 2.56185499810106
3093 1.7198181636856822
3094 2.075155054706014
3095 1.4729105077477704
3096 1.559698101239608
3097 0.3802530027921657
3098 0.5524398856189994
3099 0.6891301324376568
3100 1.2464325066198276
3101 0.8609186995828698
3102 0.717824552594875
3103 0.9559605576442151
3104 2.378345743027105
3105 2.000188754840534
3106 2.3106932758069347
3107 2.169323782187598
3108 3.189957147480292
3109 1.120905956981859
3110 0.34527420321886393
3111 0.00015561876930818034
3112 0.0336634589409981
3113 0.02581911716516402
3114 0.00021054669462247509
3115 0.10977203267285765
3116 0.10164739708605912
3117 0.6822518974504438
3118 1.655795999841381
3119 3.969343172142054
3120 5.28733870693867
3121 4.640037765167944
3122 6.021932384015633
3123 7.426834555118839
3124 8.829622341588353
3125 9.84044305040202
3126 6.44944826939734
3127 7.990729894182334
3128 5.262947457856061
3129 3.607443754640352
3130 2.2020953849787177
3131 2.4154824402232693
3132 1.814777196940787
3133 0.9741248546610272
3134 2.0556968747969706
3135 1.3541268990864397
3136 0.012363457551801344
3137 0.01800806858048282
3138 0.21903960007272028
3139 0.7038506657353192
3140 0.7518359411071315
3141 1.539783657242225
3142 2.4002688159249725
3143 3.6258678419412576
3144 6.995735783195517
3145 9.427857289419295
3146 10.738290874361304
3147 10.555047411944651
3148 6.7499946955074
3149 5.026296238418041
3150 3.1602775393724265
3151 3.5774605629715945
3152 3.6763956115580614
3153 4.637961140726342
3154 3.291074223045391
3155 2.3121571008012274
3156 1.495283977763259
3157 0.5023540742794721
3158 0.5307800146211485
3159 0.7485820630684634
3160 0.6633488524032941
3161 0.2853129596064067
3162 0.25163799461384273
3163 0.5096316767538613
3164 0.528301123913549
3165 0.9169318105046522
3166 1.1409629392396012
3167 1.6844340206611166
3168 2.6115757234575523
3169 1.9815226590253696
3170 2.163219396764988
3171 1.658294090994197
3172 0.7514424517300227
3173 0.02898574570795976
3174 0.0005575926880436999
3175 0.08570228159632674
3176 0.07021284829275005
3177 0.08365200940368993
3178 0.0029508012483153365
3179 0.01439578739334556
3180 0.02613048096645426
3181 0.10517008142068801
3182 0.7452935942499974
3183 1.6641205154565504
3184 2.1412260433007178
3185 1.328116800947153
3186 2.3655843697057293
3187 5.353655157323693
3188 7.09310590105732
3189 10.155840052401523
3190 5.7270980761273265
3191 6.02450446391969
3192 3.7936042732199136
3193 3.1076875582363006
3194 3.8270605688963357
3195 2.1075559943776674
3196 0.8247860266735882
3197 0.6909216377805903
3198 1.130826226948531
3199 0.9639615187924394
3200 0.00022926531600365598
3201 0.016530837501246017
3202 0.19855526388680453
3203 0.5348157031377113
3204 0.39912547027144896
3205 1.2231146911169641
3206 2.6335369964729036
3207 3.5769851713143845
3208 5.276910275608407
3209 11.53637471413469
3210 9.683801668230666
3211 7.192035975889431
3212 6.29916655603997
3213 4.66490635617076
3214 2.3306590855836316
3215 2.209663240990944
3216 1.5480092520102782
3217 1.858708753318204
3218 1.5629430385405234
3219 1.1936552815539079
3220 0.3002793207590974
3221 0.0047358054981209066
3222 0.06462315614085602
3223 0.03267070806062683
3224 0.27537269245726265
3225 0.5576622307146989
3226 0.2823087161386284
3227 0.2749953177330472
3228 0.8781477812851163
3229 0.9319005402519063
3230 1.214600249971753
3231 1.058391862388254
3232 1.2933784957258354
3233 1.4825882865606346
3234 0.9866219789218296
3235 0.7139569949844523
3236 0.15610073516310294
3237 0.06360410650761716
3238 0.28558704605720214
3239 0.422813336404264
3240 0.22455723225310212
3241 0.09795972172869723
3242 0.010140608497769078
3243 0.12534949480280894
3244 0.02908280269584029
3245 0.046870787696442075
3246 0.6679318989659818
3247 0.8641956486874236
3248 0.9321974613468181
3249 0.4574792156151642
3250 0.9083948918807639
3251 2.8881127421105637
3252 3.928852385959576
3253 6.290528608359921
3254 6.6547984326717335
3255 4.894247063998134
3256 2.948085024079793
3257 4.02109315597704
3258 2.567598005446289
3259 2.2601075893593316
3260 1.329518341280051
3261 1.3008548302542948
3262 0.7668466498348687
3263 1.0222693893334969
3264 0.0014483228113117098
3265 0.008867008336576053
3266 0.0013444970090004077
3267 0.014081054619749104
3268 0.3115611425255619
3269 1.3590677778999973
3270 2.4544775816676765
3271 4.5853949441175095
3272 6.130368331044515
3273 11.109499730580762
3274 7.463290437755649
3275 6.4127678119801175
3276 4.599183308621859
3277 2.896598088700339
3278 1.6937558646402693
3279 1.1027059028195423
3280 0.4295417865607441
3281 0.10373343372926876
3282 0.17455815119955284
3283 0.021229828136038846
3284 0.006982154867565458
3285 0.5643533611709269
3286 0.008736025491945269
3287 0.007586690033787202
3288 0.0004517510528084406
3289 0.05036317137293095
3290 0.1922136093461159
3291 0.48859796622568685
3292 0.440251528481236
3293 0.5736031308817208
3294 0.8349216287511844
3295 0.6348520985535319
3296 0.8338342429852779
3297 0.6981959891981585
3298 0.6415279130065699
3299 0.29831475794986634
3300 0.052908308356917864
3301 0.008226094794981917
3302 0.004726936502534094
3303 0.15127726444654221
3304 0.03969951582047785
3305 0.05799122120974668
3306 0.004137871306926657
3307 0.03309697252339212
3308 0.046896902515083244
3309 0.04173729101309843
3310 0.07795208739745067
3311 0.054419140327268856
3312 0.23048435402892553
3313 0.2686776542075365
3314 0.4051426795145992
3315 1.5859956386449952
3316 2.611300085486868
3317 3.7331355241024218
3318 5.391929923735277
3319 3.838668373780748
3320 4.783940459992779
3321 5.007919135571281
3322 2.6440637703843657
3323 2.7763474849565517
3324 2.826425613887791
3325 1.678316186881568
3326 1.1279812704928365
3327 0.8643399490918756
3328 2.9643863113218334e-07
3329 0.019743798797058038
3330 0.041608699195282574
3331 0.007040200180787567
3332 0.25379065947005247
3333 1.5013217119187827
3334 3.2980615756494767
3335 5.4000253548780695
3336 6.557530814509269
3337 5.154432475362278
3338 5.2848810665038375
3339 6.175950359524136
3340 3.336054656426857
3341 1.50418513903733
3342 1.3802156998834005
3343 0.3161888602517064
3344 0.02861865739608386
3345 0.0049943386319367
3346 0.003775893635104174
3347 0.017857083769420717
3348 0.08185396688729085
3349 0.08075447583893479
3350 0.2336275159729973
3351 0.25328131877384435
3352 0.001426416029677165
3353 8.036921093977845e-06
3354 0.15093377879126332
3355 0.5770031967281523
3356 0.2938113810109408
3357 0.8433012745695863
3358 0.869386667365588
3359 1.1404880035237002
3360 0.7450490293722346
3361 0.9846621369108642
3362 1.0737553435902212
3363 1.0187553471294468
3364 0.4163732576453327
3365 0.12585778844162346
3366 0.11568605853675688
3367 0.07068458928198956
3368 0.009908145577638685
3369 0.039635495416950405
3370 0.06906846508893276
3371 0.0031973783018330202
3372 0.024622806800144545
3373 0.0739762086039729
3374 0.025329652492231524
3375 0.11277401974899225
3376 0.012137820476668941
3377 0.10919618407663775
3378 0.4641984285486648
3379 1.0070515046751316
3380 1.7597280874405574
3381 2.374034315685426
3382 3.466833264582912
3383 3.9619587361391955
3384 6.4529494151060645
3385 5.574953273712345
3386 3.4060953076861478
3387 1.5177718328112462
3388 2.531966848998385
3389 2.6478602926489474
3390 2.3728409132564403
3391 0.7713021426288491
3392 0.032544639144844664
3393 0.030114471346753543
3394 0.0005665079794755947
3395 0.022319973382706103
3396 0.37820301030442016
3397 1.0272567867154783
3398 2.0796832286926064
3399 4.664879666365712
3400 2.7012120419204124
3401 1.2926018206872187
3402 2.1922388138576867
3403 3.41320527522408
3404 3.0315165035387075
3405 1.0612119367737394
3406 0.6222527839848448
3407 0.034834359506877785
3408 0.004154076514286555
3409 0.08407328154485223
3410 0.16810339900334292
3411 0.003323895011015621
3412 0.09450810786794708
3413 0.001922584636988134
3414 0.03232464069872688
3415 0.0003132948091246777
3416 0.07119071363121073
3417 0.040553273776472526
3418 0.07222373296395174
3419 0.36516051106410247
3420 0.8950393624584754
3421 0.8889327512941388
3422 0.8009258346540777
3423 0.8226311099790822
3424 0.6462023395427436
3425 1.2223559032019355
3426 1.0597939744815548
3427 1.0115384807877719
3428 0.47313103855030986
3429 0.34152181830469497
3430 0.4916858928879347
3431 0.4525450802500014
3432 0.6872301097548784
3433 0.18088663708152936
3434 0.07350106535266389
3435 0.0011534347384699836
3436 0.013558811733753657
3437 0.08910946022964537
3438 0.011167862182551037
3439 0.11437139502705593
3440 0.21597464799888977
3441 0.35810554873839795
3442 1.1246320626265913
3443 0.9262954887304884
3444 1.4108205435151464
3445 2.323510856004952
3446 2.447502104848878
3447 3.9480324714677146
3448 5.527459826510174
3449 4.233564986093948
3450 4.142250078983718
3451 1.832759901888748
3452 1.6251425794349852
3453 3.410873716797346
3454 2.903421667846434
3455 1.4819506262934796
3456 0.09816135393072034
3457 0.058081950238708546
3458 0.044976207103722236
3459 0.05199587934927903
3460 0.049596907283398065
3461 0.1570772361965014
3462 2.0279360058044795
3463 3.105927816462724
3464 0.9557398010357738
3465 0.6365325435770101
3466 0.653919656918935
3467 0.9117741631528811
3468 1.1765948737470886
3469 0.4438145711047344
3470 0.10859292853605078
3471 0.036826048344580864
3472 0.052021255099411516
3473 0.14743658959469616
3474 0.1296149167513891
3475 0.05628887492828401
3476 0.16205223738116512
3477 0.3000071269716334
3478 0.03421523992416422
3479 0.5519315684771748
3480 0.49282001561492367
3481 0.4771208950961051
3482 0.6700455999742183
3483 1.0189644079266154
3484 1.56513080424565
3485 1.461285141309847
3486 1.4277030458929003
3487 1.606819944446636
3488 1.177135202779539
3489 1.3873617533613207
3490 1.1662634838901866
3491 0.9447810051455537
3492 1.1922755772028208
3493 1.5924371976378007
3494 1.8628631658737314
3495 1.706529979601467
3496 1.4481316151614296
3497 1.6765639640162484
3498 1.709854171932941
3499 0.4438740998753791
3500 0.03450754254045438
3501 0.34043119831842106
3502 0.05868457472824377
3503 0.08442247980663736
3504 0.8019967211864673
3505 0.555902390991672
3506 0.8071196986869661
3507 0.9092012010914985
3508 2.116911138382906
3509 2.6154502025950204
3510 2.588610971158213
3511 5.588259636974965
3512 4.026233647475271
3513 3.7101006622769854
3514 2.4275758457606376
3515 1.6923315845898528
3516 0.5340659239473843
3517 1.3905215616903543
3518 2.1925903241052875
3519 0.9240173233239062
3520 0.14686230234536046
3521 0.09457487722491541
3522 0.011117877926038256
3523 0.0003291929821292053
3524 0.024388601397131834
3525 0.23010273042920093
3526 0.9474276271442359
3527 0.5589844036829739
3528 0.2673061938802659
3529 0.23413097765575994
3530 0.2360479267883933
3531 0.1371173703727893
3532 0.20527287711477327
3533 0.1135131127206623
3534 0.028270295326466657
3535 0.05742621094798137
3536 0.28847139496662094
3537 0.11658325987352158
3538 0.08309093516646357
3539 0.07472617812290806
3540 0.05868679666921643
3541 0.42737678261839324
3542 0.8632341507204895
3543 2.435794138810353
3544 1.146531552238785
3545 1.2090366221107887
3546 1.9069222333341744
3547 2.176607353059662
3548 2.255664381397127
3549 2.265659460597967
3550 3.029901095393753
3551 2.3585253179161922
3552 1.2715166651920466
3553 1.0161745095897772
3554 1.2556914903589824
3555 1.4715788399338403
3556 2.680916887683107
3557 3.638380302618902
3558 3.7920236672025998
3559 2.1583837241152084
3560 1.6184903928484642
3561 1.866413313147656
3562 1.252646965776374
3563 0.5375505837135772
3564 0.10480109533857873
3565 0.12709604289533039
3566 0.011274614480733901
3567 0.04575757883834075
3568 0.3628837525830405
3569 0.33754225134615057
3570 0.4533322237190208
3571 0.9571048948606765
3572 2.105130936694872
3573 2.8613354016329415
3574 3.551217570713977
3575 3.459808367947932
3576 1.6382498522385913
3577 3.6325997812181527
3578 2.2911877095185544
3579 1.8535651388070709
3580 0.8469186814996313
3581 0.696825165771868
3582 1.588307078961675
3583 0.298516385567656
3584 0.042930357588266015
3585 0.12027822158413932
3586 0.3169129255997318
3587 0.3472026754922831
3588 0.05401729934901438
3589 0.13481891762759107
3590 0.311944268949627
3591 0.07712334377079179
3592 0.02262967050536092
3593 0.03270874908738384
3594 0.025065249186610662
3595 0.00036168562538000553
3596 0.011216912528687013
3597 0.004394403154155826
3598 0.021172725980416342
3599 0.027803324592919322
3600 0.02647075832854172
3601 0.14646599997851206
3602 0.12817812258500755
3603 0.10379544294443796
3604 0.006023985195291788
3605 0.3807529595456864
3606 0.5735048383803968
3607 1.7822416562416563
3608 2.6981204322751937
3609 3.8402062143465927
3610 3.3130186074891648
3611 4.392729186259933
3612 4.5829928992229965
3613 3.6286919756662783
3614 2.5387124811926616
3615 2.4269197253891095
3616 1.3741107969770192
3617 1.079912951398333
3618 1.150589690493731
3619 1.8753708570787015
3620 1.9806063523987651
3621 2.571069911021356
3622 3.257717259286212
3623 3.3331593549385365
3624 3.6956833767150585
3625 3.4443630303507624
3626 2.319692486360907
3627 1.0078305569778856
3628 0.628527703044183
3629 0.33059577253289163
3630 0.00628913402602791
3631 0.41363320416846466
3632 0.9173854367195043
3633 1.950201429561556
3634 2.1179502329619364
3635 1.8314519292241334
3636 4.096608388155031
3637 4.443654363198113
3638 1.5623388257950501
3639 0.7146899683451291
3640 1.113752725311969
3641 1.3274770737050707
3642 2.5892111591075633
3643 1.3849402348298523
3644 0.9779119391871722
3645 0.567195188618174
3646 0.2116584129419119
3647 0.1798399662696172
3648 0.08957400426412548
3649 0.30314110162022684
3650 0.600642076150632
3651 0.5897551182142029
3652 0.005511213453943121
3653 0.3807025690791622
3654 0.17736972767617812
3655 0.00204089334567219
3656 0.002504519066334338
3657 0.06453662730352493
3658 0.06277848261253308
3659 0.05857658749706772
3660 0.022928736682240648
3661 7.956036690909236e-05
3662 0.00963072413340117
3663 0.1869177771127385
3664 0.010486122973985624
3665 0.016134940301358584
3666 0.002772544044728786
3667 0.0020798576631902432
3668 0.3613273284439938
3669 0.9170825347045105
3670 0.7384742236917169
3671 2.3443952481796493
3672 3.9840999982482876
3673 7.65951023610381
3674 7.4078176239703675
3675 6.899415596074014
3676 5.850948139072011
3677 3.1537366032311165
3678 1.918489788473949
3679 1.365534944869937
3680 0.8166443842635799
3681 0.3737049085540836
3682 1.3349943599337992
3683 1.9690503862742144
3684 3.5305979747376224
3685 3.445064910510264
3686 2.7474179426427976
3687 4.287727585518681
3688 4.917676807156378
3689 6.132432819559134
3690 4.344895727988422
3691 1.7579364383968636
3692 0.338992121847975
3693 1.9820109224121145e-05
3694 0.3373754989653831
3695 1.062565271240403
3696 1.7656064884684286
3697 2.172132896535283
3698 3.1743992997856894
3699 2.411791528658854
3700 2.215694482335868
3701 1.0556764941138932
3702 0.763744436011668
3703 0.8982716088160128
3704 0.5911196005284762
3705 0.6430127717064953
3706 0.8617727787265248
3707 1.387606583980633
3708 1.1275658704665312
3709 0.4713329554954009
3710 0.32077305844559695
3711 0.19025706107596976
3712 0.14922412219917774
3713 0.395433211406756
3714 0.5889380893773197
3715 0.10051571015527944
3716 0.47522111376972476
3717 0.6928393770682899
3718 0.19206957333065067
3719 0.24023163941046075
3720 0.03115281463893104
3721 0.00916845555679809
3722 0.000459893060890692
3723 0.07600229441002701
3724 0.03657467312564013
3725 0.01265025049443047
3726 0.06053842776741111
3727 0.06352785669148206
3728 0.08816566858046175
3729 0.7236495238085415
3730 0.32890173674878
3731 0.5316729307006522
3732 1.7254044494287373
3733 1.5386256128412292
3734 1.814121492078993
3735 3.222964616817404
3736 4.11055663109012
3737 5.650848813321508
3738 5.984865999746027
3739 5.216509756339212
3740 5.434547955682636
3741 3.454111566385071
3742 2.5679485685717562
3743 1.0406508371456993
3744 0.5073554182899
3745 0.28779441501591135
3746 0.8281997784009499
3747 1.9719260952526565
3748 2.1460713632397104
3749 1.6839318686164002
3750 2.1996146359869737
3751 2.9620555000778306
3752 3.186189639326218
3753 2.5285387769219416
3754 1.5759313521132015
3755 0.5546778913874614
3756 0.02754610614580565
3757 0.0387968838232492
3758 0.11631581998910871
3759 0.6788667003759813
3760 1.0302264520473665
3761 0.9370837556406281
3762 2.4766018269493126
3763 2.6215625170827326
3764 1.5835361738282587
3765 0.9946031034095738
3766 0.989679994440964
3767 1.1489435433231365
3768 0.9608588980191116
3769 0.5799700110734999
3770 0.24042317915171801
3771 0.8153081293564245
3772 0.806893849949911
3773 0.32042964642162897
3774 0.4013874959852482
3775 0.16255737495847147
3776 0.10868532278049912
3777 0.5398507584286051
3778 0.6891172602168106
3779 0.0023480753501142803
3780 0.41419735650875666
3781 1.3227896499109661
3782 0.8877515944750153
3783 0.7725202155595526
3784 0.31786726026492745
3785 0.07247852655048921
3786 0.2436986721294754
3787 0.021827876528885917
3788 0.03057654968959681
3789 0.02477792193351433
3790 0.08028863865650125
3791 0.20774763409285615
3792 0.00600247371526049
3793 0.46692104960748493
3794 0.036628832152899915
3795 0.1595320480510885
3796 0.19712504970799433
3797 0.8961199446173127
3798 1.422654787072965
3799 1.4548189230064823
3800 1.2562032643114875
3801 2.2190219678763348
3802 3.4441190660711936
3803 3.672919143097021
3804 3.082769104983005
3805 2.313655143958153
3806 2.6794907906253735
3807 1.1113806907470152
3808 0.32373218817091104
3809 0.4030821687414864
3810 0.47126819620941485
3811 0.6303658190275729
3812 1.0296613889388062
3813 1.6087834091384632
3814 2.1106772447540982
3815 1.7300313465308543
3816 0.7969807170843273
3817 0.6298497983200373
3818 0.797302100808848
3819 0.07599882907408069
3820 0.10280987504914102
3821 0.07809809892031597
3822 0.22849140287352823
3823 0.38688368600642437
3824 0.07437830722274923
3825 0.32943903060403396
3826 0.8610835320918386
3827 1.311584462203676
3828 1.6022031495662552
3829 1.554754586863174
3830 1.7503818523726193
3831 0.9991314369012725
3832 0.5341837184522977
3833 0.5153409191087852
3834 0.6725338901363922
3835 1.110869685641315
3836 0.9835952311306073
3837 0.7001096707524523
3838 0.6237170240248432
3839 0.34732161864800953
3840 0.13212321101052454
3841 0.553572417423751
3842 0.8105124028588033
3843 0.017258095988488556
3844 0.13171356415947696
3845 1.1779137874410819
3846 1.8762904888533947
3847 2.3698758864424727
3848 1.9149810053542657
3849 1.8477582506172054
3850 1.4976517799795013
3851 0.3497392741502688
3852 0.14524022834659264
3853 0.021049623897453146
3854 0.2144346493278931
3855 0.14395066592488012
3856 0.04764569030447048
3857 0.015166548813833298
3858 0.04468536815030115
3859 0.014378711685452534
3860 0.19010379097028157
3861 1.0601616935298455
3862 1.2638645566921067
3863 1.3129528654009373
3864 0.9360093704992862
3865 1.1277267121579027
3866 1.8144685508533165
3867 2.5605815497689033
3868 1.9864969377364383
3869 1.6290003623521716
3870 1.6919310327161508
3871 1.037208101888869
3872 0.6101366699879847
3873 0.9942491234578557
3874 1.0031675361342058
3875 0.8349772101853479
3876 0.8978546244552057
3877 1.2081336027671703
3878 0.936593568739187
3879 1.0650482927240632
3880 0.26835021433004347
3881 0.2243844272801062
3882 0.7113221511515844
3883 0.3769549058164816
3884 0.011761789717778394
3885 0.010927545035841457
3886 0.14116797094247616
3887 0.04686216260306204
3888 0.0036798273421699726
3889 0.006064538179094499
3890 0.45487298056767855
3891 1.503515199795278
3892 1.7902045630385208
3893 1.3663596689808408
3894 1.413361429608674
3895 0.6678906395869284
3896 0.8322212797269559
3897 1.2311501917294543
3898 0.9160286004117785
3899 0.731238685017694
3900 1.184188800074612
3901 0.9872624484400738
3902 0.9401914658140441
3903 0.5624870903383246
3904 0.10875619949164937
3905 0.6218578633916594
3906 0.4874687353501122
3907 0.007237156570681143
3908 8.159223979090657e-05
3909 0.800646733257633
3910 2.946113367094917
3911 3.9642940398877426
3912 6.037736395615271
3913 5.214372229837253
3914 3.765655500062688
3915 1.8145820143798734
3916 0.39269044249446095
3917 0.00013741539416724086
3918 0.12038949111037543
3919 0.27907741490216
3920 0.37671553468817914
3921 0.3506805244688897
3922 0.005178491297336585
3923 0.00020796661054862248
3924 0.02531265733975685
3925 0.05723498399412581
3926 0.2879339194414619
3927 0.19849262595967893
3928 0.5206057670652204
3929 0.6294801935155386
3930 1.9439027566001978
3931 3.171155812678061
3932 2.369273661172376
3933 2.0641635397632125
3934 2.4680342623063836
3935 1.1220256844512086
3936 0.9730351983946566
3937 1.16896127828411
3938 1.2699607652110152
3939 1.046100424323999
3940 0.959564582054338
3941 0.8705693466104553
3942 0.6266331387827878
3943 0.4151443087640481
3944 0.41282769609568243
3945 0.34264515420083735
3946 0.3933386609742223
3947 0.16064126541919127
3948 0.0015870930283812684
3949 0.030186047972117967
3950 0.02478627054574873
3951 0.0025573699331794208
3952 0.004368589895418442
3953 0.026298622862801338
3954 0.3148127981993446
3955 1.2310287447121482
3956 1.0871372292618906
3957 1.459249052662933
3958 1.3788544383298607
3959 1.2294733744842525
3960 1.2257466744647314
3961 0.8732238609671484
3962 0.5131176556459986
3963 0.5508469446692609
3964 0.717244636375305
3965 1.2652365924007818
3966 1.392369051226514
3967 1.125061868352647
3968 0.20280930728749436
3969 0.26877866627997016
3970 0.1373139287158883
3971 0.0011320830126760088
3972 0.19651143509741126
3973 0.4754915714194819
3974 1.339515161384828
3975 2.3415332334940047
3976 3.031770917155671
3977 2.424441749911388
3978 1.6683521325467499
3979 0.5413525374786285
3980 0.03896696453762102
3981 0.00587385959165108
3982 0.01896373876496521
3983 0.15765039018247473
3984 0.8138836113446937
3985 0.4325621930597894
3986 0.16930618195960973
3987 0.007727794973325875
3988 0.022883348133799306
3989 0.08805958630769925
3990 0.15071846062073252
3991 0.09183533346102384
3992 0.0392520181652419
3993 0.4560921882883434
3994 1.4779006036431086
3995 1.7754636869625382
3996 2.2653806121101643
3997 2.4043014904998
3998 1.9736636950963153
3999 1.615030051130832
4000 2.2961078694748323
4001 2.117267260033508
4002 1.7612379751072962
4003 1.1375162490186752
4004 0.634015931407632
4005 0.8088366051081223
4006 0.6424187361133441
4007 0.4999914860183978
4008 0.3925737195269311
4009 0.7373393621510325
4010 0.5593083399864007
4011 0.3551480366204755
4012 0.06696571485992799
4013 0.022178946975838422
4014 0.027383059249627993
4015 0.020381419427777485
4016 0.3212253072181553
4017 0.6172876647969602
4018 1.3244145521923179
4019 2.135583826863365
4020 1.9129561976222107
4021 2.4293598751680716
4022 0.9670532680928647
4023 1.9718964064843583
4024 1.718654787579786
4025 1.4196536307528147
4026 0.5919480805833743
4027 1.0076381550239644
4028 0.8269490642512084
4029 2.2783198212054385
4030 2.371603943010913
4031 2.6484902269257966
4032 1.1305118834643897
4033 0.4772329898024958
4034 0.11328552962593438
4035 0.033332606694519984
4036 0.0997009161151201
4037 0.17540354671376812
4038 0.20380729111956136
4039 0.5299440709686327
4040 0.6232665553045862
4041 0.5149596083867581
4042 0.39161922059598653
4043 0.05138338484732621
4044 0.0011334668931081465
4045 0.022653825805519213
4046 0.09536485692727216
4047 0.002326098005938416
4048 0.08538636794309462
4049 0.07623689724138845
4050 0.07773327986865015
4051 0.03403105198798583
4052 0.009018912951087551
4053 0.0007185186236189246
4054 7.783487257267743e-07
4055 0.01366109641278088
4056 0.012332096412111922
4057 0.17920276934461177
4058 0.5537611264130592
4059 1.28186164274695
4060 1.257929937350565
4061 1.253276505141678
4062 1.486485552992788
4063 1.3999511641429743
4064 1.9607146591374163
4065 1.9839959003454382
4066 1.1100408799761687
4067 0.36747358361806204
4068 0.34252108947515963
4069 0.836080698042023
4070 0.5977359864242222
4071 0.8030420497318358
4072 0.514023288247153
4073 0.6905735699965345
4074 0.5735221463685339
4075 0.22297974373045842
4076 0.03146378486653804
4077 0.014239777837777882
4078 0.2363972903341016
4079 0.1499139590462199
4080 0.5764145350207389
4081 1.7964127474912273
4082 2.498818505317184
4083 4.336205706346141
4084 2.69061085131873
4085 2.114128711667312
4086 1.3626245585605317
4087 2.365197438155592
4088 1.800735833203075
4089 1.5033312651726198
4090 0.8467429411800323
4091 0.6277840640569611
4092 0.5468795829463866
4093 0.6332732290866346
4094 0.9568451761843274
4095 0.9983851958251836
