 0
0 0.16427613886584608
1 0.05009916111489196
2 0.21541928310871505
3 0.5236654053288009
4 0.8786563415717474
5 0.36214862292034866
6 0.06936184483156896
7 0.0002820870719410995
8 0.00025103980126477214
9 0.03237117954653083
10 0.00033030082744478804
11 0.01328999863628554
12 0.09224942562368472
13 0.0013587443275839223
14 0.01420201410602127
15 0.0070903788837739755
16 0.022924649915125613
17 0.11876639778916785
18 0.19648099312814063
19 0.1857801379995437
20 0.07663956568123195
21 0.18214103260206724
22 0.37363783280802804
23 0.6222231075354208
24 0.9098459558880297
25 0.37218325724254564
26 0.36227542672006147
27 0.18784854663233597
28 1.4068226544627749
29 2.7052044835444837
30 2.9538811527499407
31 4.942113432347235
32 7.3932591468640485
33 9.696964532561896
34 9.364965484069744
35 6.804931440119684
36 6.906573839764213
37 7.829906221396975
38 10.151120786125464
39 10.565686782925258
40 8.935842943389037
41 8.019741191666949
42 7.039420092785131
43 4.718297748516389
44 5.139865849389411
45 4.246521671204429
46 5.588169249451569
47 5.510893867042068
48 4.427860402276699
49 3.5386182450076187
50 4.322241890671061
51 3.512895086488522
52 3.987076460616181
53 3.6414769504345252
54 4.136816548384896
55 2.5989088948237624
56 2.0773906790688628
57 2.0371161823038384
58 2.6368884700981092
59 2.6312248075694917
60 1.8572159990283201
61 1.962275281374986
62 2.0199925128529386
63 2.415442556883982
64 0.03304144111811888
65 0.0026524261469102087
66 0.1307565765020856
67 0.3453352672986921
68 0.22638499261185077
69 0.0046480497920316785
70 0.06444844028316639
71 0.20878413997311412
72 0.219784459473809
73 0.22060049044264915
74 0.7122898724605544
75 0.30401261020075243
76 0.07224296713923062
77 0.026191871430297345
78 0.00022993563546347233
79 0.007359999747753029
80 0.025281530617608856
81 0.12054421101547373
82 0.10672887008129509
83 0.16162735769583741
84 0.1253333948974651
85 0.39886031194262883
86 0.8337207479163579
87 1.0906937269776202
88 0.8938066135908844
89 0.6335915021727315
90 1.1298375553688977
91 1.4516351133997825
92 2.8125277549319847
93 3.4619764628617955
94 4.045105436034866
95 6.1341255131807095
96 9.381497454087993
97 10.54779614254866
98 10.132438411861758
99 9.040663507407329
100 9.492949505343663
101 10.806595099114105
102 10.979981610938065
103 10.007406507432748
104 7.128411681125819
105 5.423282132314682
106 4.300061783891082
107 3.186916089113384
108 3.73321572452156
109 2.6886442400453405
110 2.9718852389762795
111 2.307821778717016
112 2.2510270143649196
113 1.737726663584814
114 2.120340329059562
115 2.8813814368421555
116 3.327869344555203
117 3.0705738886341316
118 3.604141695283801
119 2.9428294021906325
120 2.3003267419454256
121 2.1056186254172506
122 2.0271369515588344
123 2.1187044248517375
124 1.2537893138221132
125 1.0009512740941637
126 0.8472757807918415
127 1.2365303575343356
128 0.009753332755426503
129 0.002142536777294967
130 0.002923514670812184
131 0.02232978496304413
132 0.005042300513901329
133 0.6370501793947474
134 1.1972230567221798
135 1.7738623323034552
136 1.396128280111416
137 1.1034645531564078
138 1.6851109657540448
139 0.9924268788966459
140 0.8296007414257096
141 0.6270662149418348
142 0.7115293871705809
143 0.2964425707703009
144 0.3910919895113959
145 0.10044138493332493
146 0.10018939042533374
147 0.15796653107695405
148 0.18429723108368687
149 0.46955933647372017
150 0.813658066243481
151 1.5097841031532138
152 1.4676126612491796
153 1.4048155953247472
154 1.3868959683892048
155 2.201700881661882
156 4.083857828829117
157 5.084571708724595
158 6.565286547475114
159 10.064560590456283
160 13.66101928935684
161 12.421434203143388
162 9.724222298681966
163 10.784448273645967
164 11.848366312141419
165 9.613193516460445
166 8.928713970451131
167 8.396451133649729
168 5.458555046803458
169 4.570912130928904
170 3.4014777700092993
171 3.287464532077931
172 2.9951860498427445
173 1.9961886284076895
174 1.9128003299834504
175 1.7729798378737325
176 1.7335781573841915
177 1.086517450593082
178 1.9745761269574804
179 3.1148850642544326
180 3.0294214922253255
181 2.48071549938293
182 2.8116436219133396
183 2.916580892341867
184 2.4227764176926256
185 2.1494669914740605
186 1.658454068952457
187 0.6856136334825514
188 0.5607141092513834
189 0.9415104815657628
190 0.9448589613740664
191 1.3867431897640152
192 0.009862413101221464
193 0.040280528340350216
194 0.007976157259846052
195 0.22377681157249066
196 0.6072840479681675
197 0.2203096224520871
198 0.6355929163738179
199 1.2546925679705063
200 1.5953608208237655
201 1.5849807313688415
202 1.717349152366844
203 0.8490820567724957
204 0.592497540890905
205 0.32050347562229253
206 0.5065429221152074
207 0.4751970290458867
208 0.9971643600230979
209 0.4165768494648398
210 0.47703109864818544
211 0.6126854804727109
212 0.1301247867268077
213 0.39694744739809595
214 1.1975376781796023
215 1.418991353086673
216 1.3518104317507669
217 1.3723608962940044
218 2.1303172566485156
219 2.447995630140128
220 4.316860369687097
221 5.314631572342493
222 6.429522296466369
223 9.587172712722632
224 11.299005772068414
225 6.817782040701844
226 5.880231124773888
227 7.3298601649963775
228 7.506387694533714
229 9.30836948190151
230 11.11880677125649
231 10.215308145288471
232 6.804226220107475
233 4.73539356517427
234 4.591858546440892
235 4.500074947760965
236 4.0359774910999855
237 2.868240180028658
238 3.1673859334890193
239 2.4458358227687462
240 1.6542957249236636
241 0.7610441087474943
242 0.9548640864382546
243 1.7630061188179862
244 1.686635925249596
245 1.366879350051286
246 1.7713986601668898
247 2.8130942153289515
248 2.309805580549172
249 2.0614879892185662
250 1.326620149202525
251 0.9909572746302358
252 1.3797134894355159
253 1.4931930700816585
254 1.8594813160490333
255 3.2878953588640245
256 0.03147574773510351
257 0.3999820697373117
258 0.1782188507787766
259 0.3328819427298093
260 0.6444209124908801
261 0.00019775225547772493
262 0.05082931666097446
263 0.18628756174032113
264 0.07947319819671582
265 0.2342958577239663
266 0.20515021488357216
267 0.017787841530192257
268 0.009795836892402631
269 0.01946467580997168
270 0.21955209201903683
271 0.679482649935905
272 1.3373358711094387
273 0.6400366332064473
274 0.2329739922636851
275 0.2831028432739347
276 0.44262436604790784
277 1.6105223164461844
278 1.7206173543557461
279 1.147769179353602
280 1.2125848259242684
281 2.238644909410293
282 3.708272772830134
283 4.247596207830478
284 4.696981981097877
285 5.280722581152918
286 5.056412383174158
287 6.314942629265246
288 7.331046929564626
289 5.321002233625143
290 4.156392067732485
291 5.681567171254275
292 6.378322087684405
293 9.391594560320186
294 10.519735030599405
295 10.150177051181858
296 9.173167522442876
297 6.851221156925907
298 5.595907864200087
299 6.052205046749638
300 4.319221508770534
301 3.7360821400162862
302 3.1983391657557547
303 2.55146494503757
304 1.367297195981382
305 0.687660710002317
306 0.8808759229076834
307 1.3583247280121347
308 0.8604228923984356
309 0.6364461542733343
310 1.452050136956043
311 2.0738506645677837
312 2.111283030117929
313 2.84803932831626
314 1.837400096010139
315 2.779647637183416
316 4.414323223404624
317 3.3261258765813757
318 2.711101515430102
319 2.9750885562451517
320 0.013059215611565353
321 0.11570951510901199
322 0.2935906495839555
323 0.2255532328075746
324 0.43196569063749024
325 0.0077805537429336035
326 0.05303626364190722
327 0.13247114983069974
328 0.012832540142267028
329 0.13901311470382438
330 0.22152939322764292
331 0.40973064466637377
332 0.2684133514380955
333 0.657534683032513
334 0.16763579277922888
335 0.009771121679890676
336 0.21218523379945925
337 0.1668885788373647
338 0.11893570514397846
339 0.1511945886594441
340 0.3899709304155526
341 0.06359015308676745
342 0.7343871496445535
343 1.528038084116396
344 2.470337150777582
345 3.0757696663524934
346 3.389678124889064
347 5.623375145708039
348 6.040943548769632
349 4.977130551603101
350 2.612493502346335
351 1.9390371642432327
352 2.315872145129773
353 3.9570507336753504
354 3.1934530617410077
355 3.849866931453563
356 4.713790106620519
357 6.137213494891678
358 8.383538366948992
359 9.70719022803997
360 12.272516579086808
361 9.227430382812784
362 6.094896083615888
363 4.860711554955554
364 5.841356452775388
365 4.904323707976601
366 4.449605006247164
367 3.0879249887423073
368 2.288776925304076
369 1.4081840256601375
370 1.5481858972670668
371 1.0431526220335179
372 0.5686771366671298
373 0.4316302470774759
374 1.5547872435784857
375 2.679811205761785
376 2.1629078844184493
377 3.265569285922368
378 3.3073984136414425
379 4.214699624233757
380 4.734763434261131
381 4.670019379707815
382 3.9348126159272767
383 3.000034133060191
384 0.1151357601810848
385 0.0008361155635121009
386 0.013987788639143314
387 0.5914401248835236
388 0.31931005805579193
389 0.09234244343490484
390 0.15212195602360462
391 0.30142458006992034
392 0.5220024683698197
393 1.0324779355776623
394 1.043816622526798
395 1.175412374724173
396 0.3699384268295274
397 0.9926272406804361
398 0.4431292260494783
399 0.12532611883082798
400 0.02466808925209264
401 0.00794744767123301
402 0.0002790758330782028
403 0.025387513491684412
404 0.08939840208750978
405 0.20833005742478392
406 0.4473789960631953
407 0.958823021691474
408 1.3379285916055188
409 1.755867480416403
410 2.9560017571396178
411 4.761303950187676
412 5.680376196334452
413 3.8495789685248876
414 2.211829747383664
415 1.307489777268117
416 1.2286498083612538
417 2.3117901011327415
418 1.4191762741308018
419 2.021418645344509
420 3.170726934823791
421 3.401595285071529
422 4.773399398600916
423 5.726605112469095
424 6.909493322606115
425 6.364606569135971
426 6.065903043994756
427 4.789384550314789
428 4.239751611861833
429 4.393101864138353
430 3.8470578462155665
431 4.2975476745411125
432 3.060602201675934
433 2.038847151432165
434 1.675037293867739
435 1.1854777813036208
436 0.5919065011671792
437 0.7811106823987157
438 1.0189939253739446
439 1.115504286623927
440 1.943107932768711
441 1.8076934702484333
442 2.5241885749801938
443 3.7557250550166414
444 3.634482583030004
445 2.8644841020136105
446 2.1356293999073572
447 1.7323924385844578
448 8.077903733696769e-06
449 0.00047708010275922816
450 0.13090241322778887
451 0.09284716856762606
452 0.30865594900049353
453 0.2313601383314528
454 0.013801903349652799
455 0.09080828074821054
456 0.7139502701674164
457 1.3114531044056867
458 1.1232152578777153
459 1.207864120217995
460 0.9397217558841798
461 1.3472910310108455
462 0.7059913400772293
463 0.5610168923635382
464 0.9513527924999645
465 0.5449638932192366
466 0.034462498243362796
467 0.021661105875558483
468 0.6844674019461571
469 0.8740840635264459
470 1.8138342676797186
471 2.2082798145540687
472 1.7130043502450285
473 1.554802938585587
474 2.3235797124375552
475 4.420130225444365
476 3.7709844275940188
477 3.3833080198086036
478 2.052003129984895
479 1.7718388104754177
480 0.9534439251972896
481 0.9523352719201069
482 0.47451357683326373
483 1.0648171262319435
484 1.5930993875542272
485 2.718992087898951
486 3.075751875037154
487 3.2496478244110474
488 2.5927121983325208
489 2.3538813442022746
490 2.7230141443619655
491 1.5879816438413308
492 1.8890436566269693
493 1.9850053882477232
494 4.057518998411268
495 3.9868906934966204
496 4.241197016907416
497 2.5906249665698238
498 1.9812478303419365
499 2.0724971106031815
500 0.40265375327111924
501 1.1175415903486685
502 0.9996482472223336
503 0.9900311030189713
504 0.5767157029103064
505 1.3070917617613405
506 1.6768231318553855
507 2.405660899886871
508 3.799689637923221
509 3.3520887465724307
510 1.4219620217635127
511 1.6826221302973452
512 0.01110174714812936
513 0.0018251089739290418
514 0.24106460578514557
515 0.44583856383328585
516 0.1019154487350888
517 0.02572582726093124
518 0.04811611288679582
519 0.08021383124626814
520 0.46187487134807464
521 0.7380121194527138
522 0.4579802103792136
523 0.8008990992207994
524 1.4711096686606229
525 1.0895723611016173
526 1.0444787647138596
527 1.21778803742086
528 1.2846343043189246
529 1.2827030266475856
530 0.7525227770729523
531 0.0019182244543340498
532 0.45529298389610773
533 0.9143851360114967
534 0.8773384261264963
535 0.9959882198169946
536 1.1001463202189241
537 1.7419078175775349
538 2.8881824371408658
539 2.4136920018203187
540 3.4706513005966553
541 2.7209295252962282
542 1.1743475403449022
543 0.7901511495556256
544 0.3273674861071
545 0.23237304937408162
546 0.14957206493808026
547 0.6156217507417819
548 1.8170165197104562
549 2.0980997018107006
550 1.7236368514352414
551 1.3385030080722427
552 1.7523318340963172
553 1.5715206875739776
554 1.3428273979235594
555 0.5423347330614475
556 0.4568914960243062
557 1.1831606702243413
558 1.9059898426030097
559 2.762640535906478
560 2.983812006669669
561 1.8479671174433974
562 1.3110066499204869
563 1.0155632686193306
564 0.025927608067696686
565 0.19125347514912977
566 0.44339309695128976
567 0.2486842170877421
568 0.1409783815443288
569 0.6818849580469624
570 1.2547172519018246
571 1.8456937802503444
572 2.4972363139974334
573 1.5664936781447578
574 1.2569509644378494
575 1.029549868098387
576 0.00015242401659559533
577 0.0011178454253458017
578 0.10599359172876593
579 0.5468871947082211
580 0.1427282039653425
581 0.545397371030121
582 0.3547410680705807
583 0.6220324383508672
584 0.03103727050448551
585 0.008631902319272723
586 0.05724210224695579
587 0.34988747985979873
588 0.4124191343652274
589 0.40256209173605567
590 0.7191405657911593
591 0.9320318890760606
592 0.8504313396684118
593 0.840418334434128
594 0.08025791590294176
595 0.02043517224064711
596 0.2074472496237313
597 0.2104226434687748
598 0.09492030472461346
599 0.012856186134052983
600 0.013503988431952321
601 0.3604461490507108
602 1.342873460027617
603 1.9766829053055543
604 1.8160992127124191
605 1.6250321224462179
606 1.6458113238850254
607 1.1283764784422703
608 0.4797834646414145
609 0.3252831858569752
610 0.04972841200700731
611 0.20716543327384807
612 0.45462601505043077
613 0.23762171144710661
614 0.4032243506793688
615 1.1625121822409086
616 1.0994203034323213
617 0.8779819613842766
618 0.5361472239349923
619 0.2383716101019652
620 0.6763367765317403
621 0.8597264077214358
622 1.0451255635114072
623 1.689300254794532
624 1.7461250992613555
625 1.1244686666699257
626 0.54721718648109
627 0.17151018866134796
628 0.018501119192375366
629 0.17842560405002134
630 0.27541984967902167
631 0.005773171062764932
632 0.02205000210464901
633 0.2552920674432099
634 0.6788583923240923
635 0.894346987788575
636 0.4873148905127824
637 0.5720886865523649
638 0.6565558946872009
639 0.5603313240422348
640 0.0009450052382125875
641 0.0005163459690809604
642 0.1521552086771652
643 0.39079573113867017
644 0.013473044962051345
645 0.3826889235600463
646 0.9474349940455135
647 1.28512231061182
648 1.1946718290756138
649 0.5507656276963494
650 0.23099516422503644
651 0.11298619145670594
652 0.06882683104593483
653 0.003775490116207853
654 0.06524047146046041
655 0.40452439503582094
656 0.4081322966479385
657 0.22234095840823545
658 0.0015245479292400822
659 0.06236697757160849
660 0.0663695823820022
661 0.062332046319845805
662 0.0009380449077548576
663 0.08813351561463738
664 0.2966353576496744
665 0.39447961594051745
666 0.7708656410013014
667 1.0089182099108376
668 2.2768215916883294
669 2.559174242184818
670 2.066012018118348
671 0.9043372146621327
672 0.39563801041881164
673 0.02453955562445529
674 0.0004857300185633541
675 0.001322532687675988
676 0.03462461227309905
677 0.0027540337990320635
678 0.21332333229233197
679 0.4551355325282189
680 0.6622786386165039
681 1.13136722140065
682 0.7191317325967401
683 0.3386196689430093
684 0.37885182155272784
685 0.1712320710973231
686 0.4055317701124904
687 0.9837576212416692
688 0.8426976542958731
689 0.7016238204979259
690 0.17100311555294206
691 0.0010798879804640442
692 0.01804879384919947
693 0.0164076018723265
694 0.06951481537495874
695 0.44077204568991496
696 0.030589823305102515
697 0.02973020824246232
698 7.128665681587936e-05
699 0.16298610476897113
700 0.2996552583562985
701 0.14719015038752925
702 0.08514350457364658
703 0.06587963849934712
704 0.0965540497722821
705 0.04399498360930876
706 0.2132417726322222
707 0.3672204587331555
708 0.025585511610957942
709 0.01570298635690207
710 0.49867158976590814
711 1.0233303022198044
712 2.8979044032799237
713 2.9792153648541415
714 1.732226109702169
715 1.890541309106267
716 1.2483929701707945
717 0.6567726009095637
718 0.1811075171718362
719 0.054922621447528075
720 0.2358658650628195
721 0.07421644495769368
722 0.004179627743704157
723 0.050625882971488165
724 0.12342233715001759
725 0.15038802789425693
726 0.018880458720928642
727 0.0037037353633930154
728 5.0006425381870184e-08
729 0.07998919416777585
730 0.1436337149455755
731 0.12711065566324167
732 1.3028829872444645
733 1.555162689112924
734 1.0903119647841548
735 0.40157917817952404
736 0.12623878428701374
737 0.04849868096532913
738 0.23131386837264306
739 0.03390193100150607
740 0.0032897719623661416
741 0.002210581807401669
742 0.03514614035321566
743 0.03475381562366063
744 0.031016769722641505
745 0.0701622670543981
746 0.06019143488058821
747 0.20015202422985146
748 0.18444841313387964
749 0.009430571358838638
750 0.014351536014704323
751 0.1518242189556442
752 0.1533419808300063
753 0.0374173094906176
754 0.0014038094239273238
755 0.022318500527749544
756 0.06302188885580753
757 0.06345915506129332
758 2.8308875639252964e-05
759 0.4273410830530518
760 0.21992936213579842
761 0.3225211672377382
762 0.18024205879280716
763 0.11081584768865946
764 0.003745277259731957
765 0.008498710712061812
766 0.002864410725356632
767 0.0030954300297725288
768 0.04757723211068579
769 0.07604178867215793
770 0.2952695725826272
771 0.3230805310623606
772 0.048426915304423314
773 0.33668425150899256
774 0.5854843165297149
775 1.338256771005157
776 3.4323229785812672
777 4.636398597649389
778 3.9879234656763494
779 3.791245975014613
780 2.820713022260409
781 2.119270688345606
782 0.6172584029515392
783 0.051662923986390136
784 0.011782932608118739
785 0.010973159230794281
786 0.03694389222927965
787 0.011650077651396947
788 0.050265641537918467
789 0.2331682993527165
790 0.4225467545107361
791 0.3941329232801768
792 0.12789096446719117
793 0.0225832213303145
794 0.036841399743335064
795 0.06726281595837327
796 2.503162808603113e-07
797 0.19020777174956088
798 0.06620067032411985
799 0.20744429570822587
800 0.13851572619507946
801 3.403864616996376e-05
802 0.007513594939394926
803 0.0001693222651100484
804 0.0032654933130503317
805 0.01555847201699149
806 0.05919236636588555
807 0.0003122993176083555
808 0.006971550986162432
809 9.94261583510985e-05
810 0.012652646069045632
811 0.16689507699555878
812 0.27357173720022504
813 0.00335494852738074
814 0.0162483999185219
815 0.22704112387139244
816 0.22336812631918998
817 0.16012322528426146
818 0.016500977088398955
819 0.006571985706132577
820 0.042223937773577774
821 0.07968087051026414
822 0.06962169228138344
823 0.17423615092880054
824 0.2026341801039726
825 0.4380969056475381
826 1.140050340146518
827 0.7255588589568792
828 0.5097302475303774
829 0.4119968258330091
830 0.3614268149047204
831 0.23889599477490794
832 0.32703673384741266
833 0.09197840863335373
834 0.07104844034509993
835 0.005233783540109955
836 0.652967654453763
837 1.7402580614427037
838 1.6909520292103524
839 2.8744230112504683
840 5.7660215464096805
841 5.978664652053511
842 9.561093689759057
843 7.364148216983135
844 5.607118672099826
845 3.213224018823039
846 1.1529531591907458
847 0.42557191138302797
848 0.010598343202839753
849 0.004315512762463438
850 0.0003797828891376607
851 0.00014051791720950263
852 0.2909846533876661
853 0.5335489608904328
854 0.8708819206630393
855 0.677575264022918
856 0.40378997720492343
857 0.000651320895850619
858 0.00577759168077664
859 0.1280161847771998
860 0.02862915025030633
861 0.006886424149278575
862 0.0002560756307808492
863 0.034216322651690965
864 0.11734090334170226
865 0.3799802348924101
866 0.09403883614494109
867 0.05721664123979704
868 0.08303211486197083
869 0.23831469776118766
870 0.9332861457974657
871 0.581940535977281
872 0.18600128936296187
873 0.0014191439920843503
874 0.0023525039078404904
875 0.05503607836841424
876 0.00594795079110824
877 0.006680832691826423
878 0.013081396351722294
879 0.004019819193413554
880 0.028356642553965403
881 0.16391481504859756
882 0.1047476687518289
883 0.010243943038669
884 0.16724202708331856
885 0.1608288790545024
886 0.6115200903563268
887 0.8087510884984193
888 0.4655757773395803
889 0.7579008053433367
890 1.5063943943555247
891 1.808801697872992
892 0.8417954981630399
893 1.4856465231425258
894 2.2752413241255955
895 1.8959629629612162
896 0.10132741639802291
897 0.0030531066559308867
898 0.014235791323652679
899 0.15154481485658428
900 0.595886782098569
901 1.8296114074692602
902 4.144466888975095
903 6.7371814209616385
904 6.057472914507582
905 7.227148284983865
906 10.519747356175989
907 10.994630580451721
908 8.379134348935237
909 5.027854469260858
910 2.761082076121684
911 1.5829609710634258
912 0.3024695927497588
913 8.263659675776851e-05
914 0.004815886880170842
915 0.02238739441116404
916 0.09064147327779748
917 0.4523488542865613
918 0.48851806164216593
919 0.1760432164423823
920 0.007177669148268335
921 0.02701227550737346
922 0.048005047685734215
923 0.13513153287295251
924 0.09566691452604521
925 0.012441591725210463
926 0.0026996475526600153
927 0.027031824848166425
928 0.02210691936377518
929 1.460930149346035e-05
930 0.05730302509879195
931 0.001192566235516891
932 0.006251743371827197
933 0.01696735505479892
934 0.998226356767798
935 1.2348129657158593
936 1.4819016011927009
937 0.6890521401443327
938 0.10137591941556656
939 0.41135975551549014
940 0.38633013342530287
941 0.7150348008770865
942 0.5549840477677519
943 0.3030531105106268
944 0.6054136819434035
945 1.1839687893784518
946 1.3152746043728516
947 0.5591405592605281
948 0.6862821765722074
949 0.8964324058144046
950 0.7851378665585675
951 1.3797032514372816
952 2.8761730773550775
953 2.4031467884875526
954 3.5039035506513057
955 2.9983177936576113
956 2.4647487786614812
957 3.679887541493708
958 4.339205184461166
959 3.109599546895389
960 0.23325215686638884
961 0.049582484508674925
962 0.0018629553059042606
963 0.14595483606962725
964 0.3642913473268329
965 1.792734697973892
966 5.51429648397816
967 7.7358539357212335
968 5.752144206896142
969 5.83413919520298
970 8.671827870452816
971 13.513561948874468
972 11.905818425558099
973 9.545241441816676
974 7.003060363945378
975 4.784445165177747
976 2.3182273101694046
977 1.379177659591827
978 0.433012543936613
979 0.28465154659739544
980 0.0621647445459193
981 0.015925055198690315
982 0.01575683368073531
983 0.007196971823274093
984 0.03447691704091257
985 0.28310070982255986
986 0.693148926194803
987 0.5517560249855232
988 0.30505564397904894
989 0.3452576657034302
990 0.12325731824284011
991 0.2921220582726499
992 0.37145038877913666
993 1.309880578316563
994 2.4711757894063995
995 1.3725188310876315
996 1.6981971488971788
997 0.14879714648303854
998 0.8965791079175816
999 1.5073569021006206
1000 1.1632357155326105
1001 0.5821918834915025
1002 0.17452947925664977
1003 0.504475877500555
1004 0.49469807339322286
1005 1.222220689524309
1006 1.0472603016038593
1007 0.18253191412229672
1008 0.33948509593293924
1009 1.1063553396464842
1010 1.1406137121220803
1011 0.9232776606636547
1012 1.027904339579861
1013 1.232088463028668
1014 0.8749904441753554
1015 2.6554517086645144
1016 5.262154587281601
1017 4.764025186403091
1018 3.5340629443390004
1019 3.8373129221623765
1020 3.855030435083392
1021 5.4852959662327185
1022 5.494322042894713
1023 3.5359652889701048
1024 0.00023693276874715217
1025 0.0003075524586770376
1026 0.1593577341050467
1027 0.40094529786537314
1028 1.607359720872949
1029 3.230555335532745
1030 4.443534542118181
1031 4.125130680963016
1032 6.467305901541458
1033 8.14120777560144
1034 9.388061303607705
1035 13.024297913027612
1036 15.361453943153341
1037 12.924660756880781
1038 11.731829746508259
1039 8.383802008152259
1040 5.506335202855467
1041 3.6478473810351946
1042 3.2720076451100892
1043 1.5745170705190745
1044 0.6171954436497692
1045 0.21414902373892916
1046 0.05816047832148688
1047 0.1806661004318258
1048 0.0932546692156158
1049 0.07132735315327988
1050 0.10922693695343055
1051 0.14514513250144404
1052 0.13782304040734125
1053 0.16443249070800622
1054 0.22213465370497426
1055 0.5386086168050953
1056 0.9279229964270713
1057 1.7482297049657498
1058 3.081293283170055
1059 2.2913377214897266
1060 3.0160881289289616
1061 1.1853041841987222
1062 0.10146654021234831
1063 0.5306949396835491
1064 0.2935613830043234
1065 0.16802029194833812
1066 0.3091139749963715
1067 0.3677914811622407
1068 0.49462751677775846
1069 1.1551411996117955
1070 1.0148788886080042
1071 0.17212282436537188
1072 0.23606132642720162
1073 0.9613306473697095
1074 1.258631568412307
1075 1.6593497829289292
1076 1.5736861305131435
1077 2.150881153601009
1078 1.4217320978350998
1079 2.4599237731591885
1080 3.6736734101541053
1081 4.150625447279419
1082 3.325810535746148
1083 3.9090433868586687
1084 4.276602913726567
1085 4.754049859722927
1086 4.869693979899815
1087 3.11185957835102
1088 0.10465622251806439
1089 0.035982093287264184
1090 0.26835558502933293
1091 0.8393550979293741
1092 3.671314300501936
1093 5.387563044705754
1094 4.712715747795326
1095 3.656650457391213
1096 6.462380224552247
1097 14.167545408766026
1098 14.548832342349876
1099 12.152340432007847
1100 15.114929833624085
1101 18.478151081324235
1102 14.877746650678088
1103 10.411078044150527
1104 9.268163319480916
1105 8.225127399144101
1106 5.936378857636248
1107 4.879325711342637
1108 2.969729599022501
1109 1.6444552524181828
1110 1.4468334275437784
1111 1.1578448432158661
1112 0.6569437756084505
1113 0.8935204689105581
1114 1.0361487773808953
1115 0.8019323065822899
1116 0.46413828104909505
1117 0.6799260406511066
1118 0.9566628984720034
1119 2.9720096798214244
1120 1.74130890907055
1121 2.708243920638194
1122 5.10370866881843
1123 8.379800235526343
1124 7.604574884919047
1125 3.424393994539112
1126 0.2778837375449964
1127 0.13920861712306623
1128 0.07674671557857438
1129 0.7191167595600314
1130 0.9688936630097265
1131 0.6884348162378134
1132 0.5808925799402521
1133 0.802021862686822
1134 0.7926152046340312
1135 0.6626667333998464
1136 0.7179268074565033
1137 1.9878395179706345
1138 2.63040467251736
1139 3.3160699596389347
1140 3.7667646758448914
1141 2.891717245091063
1142 2.4412198198186577
1143 1.8145898787013506
1144 2.55830856771441
1145 3.1462625740512733
1146 2.528102786388327
1147 2.351787512817543
1148 4.565045220440084
1149 3.617075152548439
1150 2.5530535352415775
1151 2.3192010932438394
1152 0.017659209387725132
1153 0.012765880643353097
1154 0.29680740926700155
1155 1.4192871519728318
1156 3.943625737368304
1157 6.743394860255577
1158 8.42440430506265
1159 7.742357292757609
1160 9.539093355467338
1161 12.832297965609346
1162 15.276182327753926
1163 14.501679500241734
1164 15.06900223051844
1165 18.051675503438034
1166 19.293703837319033
1167 18.521503819246064
1168 15.555164581889537
1169 12.406213958439446
1170 10.63449927517722
1171 8.345027972614023
1172 7.478620457250623
1173 4.12193859263828
1174 2.259953932955122
1175 1.940108470392459
1176 1.2113825572264576
1177 1.7211818151979368
1178 1.8170360237082523
1179 1.4252873605606338
1180 1.6820226681766925
1181 1.564553005179308
1182 3.130443697502114
1183 6.079557232112351
1184 4.643592915453976
1185 5.156630435796969
1186 7.540613471233186
1187 12.236583834436685
1188 10.250978126918103
1189 6.705293566910533
1190 1.3537433631537232
1191 0.01849756265168232
1192 0.00021378423259940546
1193 0.2495676299344612
1194 0.09107352779501013
1195 0.4363754607388208
1196 0.1974976472590801
1197 0.3988726006273665
1198 0.7673052853763006
1199 0.7278862683132474
1200 1.1124509313272382
1201 2.712531858197204
1202 3.5273899933507025
1203 5.023974851738494
1204 6.55908253461964
1205 6.1278752940300185
1206 4.188398637222959
1207 3.099002101205962
1208 1.9384881312527833
1209 1.6121594258187737
1210 2.0362688789329617
1211 1.259191663312357
1212 1.965698322722196
1213 1.3128193438628355
1214 1.9772285256560531
1215 1.363497364536509
1216 0.08891349218636349
1217 0.224542965089449
1218 0.41991422256760014
1219 1.4430730246922703
1220 5.686875711378721
1221 10.152929764595102
1222 13.026492917404799
1223 15.15881145129821
1224 15.360803910265187
1225 13.023452042890638
1226 14.129320186364247
1227 14.857229515736107
1228 16.63391667047543
1229 18.0147024248291
1230 23.235609080042295
1231 23.763582359390355
1232 19.99565493429932
1233 17.746026964586175
1234 14.128605280391481
1235 10.291140606746453
1236 7.282930237233494
1237 4.140864926926402
1238 2.444047715413059
1239 1.858537517536656
1240 1.758100821216642
1241 1.2566440670417423
1242 1.1820331810128446
1243 1.016036253978056
1244 1.6687041730048207
1245 2.7636911148665533
1246 3.622264708068499
1247 5.144200096264455
1248 9.227774482792446
1249 14.173168528527308
1250 16.96323246866906
1251 17.63011403098203
1252 11.074639571093117
1253 8.43207340168918
1254 3.7858449419532856
1255 0.9710585368876669
1256 0.019978783406583277
1257 0.10735410177961448
1258 0.18556191500991087
1259 1.0593056635721403
1260 0.5093671705936227
1261 0.2178852387314869
1262 0.8307695745249014
1263 1.5052763516879493
1264 2.4156960081976164
1265 4.803275844553833
1266 6.60168503043595
1267 7.473180171859246
1268 7.71272403177176
1269 8.375707713594535
1270 5.387293317115265
1271 5.09603116830076
1272 3.1700985384499822
1273 1.730464918843579
1274 1.7801966077287417
1275 1.6430526453768712
1276 1.1339140967974808
1277 0.4935122114512583
1278 1.048775828500532
1279 0.8117891970859813
1280 0.35932290991275306
1281 0.6776089007412759
1282 1.1629087419969875
1283 2.4962562382193703
1284 6.7470004750180825
1285 11.35092406105682
1286 17.1236661861872
1287 20.81288491125357
1288 19.096756427998578
1289 13.63735789981022
1290 13.081755584635706
1291 12.906797282391393
1292 15.89135305985536
1293 20.16645438861088
1294 22.683495005033283
1295 22.288947256809415
1296 23.64187853784767
1297 22.284887990878605
1298 18.252316031849574
1299 10.882202630167237
1300 7.279419911384225
1301 5.985303906528011
1302 4.400813609927562
1303 3.6291298539065484
1304 1.7772592843153345
1305 0.7285792396960009
1306 0.411077085172055
1307 0.40872508765943283
1308 0.8411401925099512
1309 1.6674331543125556
1310 2.5525669225356618
1311 4.859822432847684
1312 9.380908810107394
1313 20.389690743714883
1314 27.656971778041456
1315 21.497685035773017
1316 12.835045545481806
1317 10.564842870918085
1318 7.280407364997848
1319 1.9638851833338198
1320 0.09131406998043236
1321 0.03917394873630244
1322 0.1552862512824658
1323 1.1041807679457998
1324 0.9541316048505326
1325 0.5322383563823697
1326 1.4269257827023243
1327 2.1594328258055757
1328 3.3908378444972653
1329 4.819463606236884
1330 6.124383859413778
1331 7.380003462831704
1332 8.099282352562536
1333 10.24955799195814
1334 7.345945764672085
1335 5.366770934079598
1336 3.3840628167412836
1337 3.5707835990342813
1338 2.716233240925554
1339 1.4836591948698898
1340 1.5551470674903338
1341 0.643667007548101
1342 0.31789954727452885
1343 0.336096047964244
1344 0.4578418509568822
1345 1.5062642047584627
1346 1.2035577932871544
1347 4.038986217348699
1348 10.000050109663817
1349 13.928960159105738
1350 20.804636411562942
1351 23.30433312796514
1352 22.288402801473687
1353 17.58777484009339
1354 17.816317299279387
1355 13.869289579790477
1356 19.09111975603421
1357 23.105032961426836
1358 22.045984211515155
1359 22.16632385858445
1360 28.125969114872706
1361 27.403645104715494
1362 21.15552781959863
1363 13.562398972439226
1364 8.55546323258746
1365 8.07031016816406
1366 5.814267595506882
1367 4.225043176046245
1368 1.3428515274745716
1369 0.33196482878750166
1370 0.2802781762353192
1371 0.2692854370097566
1372 1.2674930585260389
1373 2.7033158166060445
1374 4.458810730456058
1375 5.035589150040875
1376 10.195706718910321
1377 19.61436527858534
1378 22.90796002462144
1379 18.411213779417256
1380 12.471561441532263
1381 12.691119381924777
1382 9.237638167939522
1383 4.301165730036341
1384 0.6173581459062611
1385 0.005269711674436748
1386 0.12056155564017978
1387 0.36879617198034725
1388 1.0586362080315022
1389 0.9763999443580078
1390 1.3583829330654789
1391 2.5364868724387737
1392 3.1667891551461187
1393 4.752646922435441
1394 5.921727969439132
1395 8.335952792793362
1396 7.7898996303410115
1397 9.280877576506466
1398 9.668928090171667
1399 8.523038552976493
1400 2.8587759877577765
1401 2.9514006503032433
1402 1.9557817585231256
1403 2.324298473956911
1404 1.488542943016456
1405 0.8116792619507356
1406 0.33668924289489455
1407 0.3104493743398861
1408 0.7521756442205224
1409 1.4755650033814365
1410 2.014861946096542
1411 5.2454753008017
1412 12.295779877726822
1413 17.653842078690086
1414 19.589978852193926
1415 26.54032587464186
1416 25.48247790971665
1417 23.181212627643276
1418 20.6880293494497
1419 16.132540372249544
1420 17.342965594540026
1421 22.918450355635365
1422 24.31786819557298
1423 23.999349061149832
1424 28.93691343766768
1425 33.88812139300108
1426 24.457618535859073
1427 15.819948737299983
1428 10.932680649216296
1429 9.28193414999022
1430 7.163570304215019
1431 4.3998886220045526
1432 1.2901436229671257
1433 0.2875135348480607
1434 0.5715510663128847
1435 0.6674107339741419
1436 1.3100982428819958
1437 4.671001747144258
1438 6.267478716141821
1439 5.7167458819416295
1440 8.417133791745671
1441 14.385935465558155
1442 13.677284743065336
1443 11.113277388468868
1444 9.952902066063961
1445 9.864780115174812
1446 9.096545947083243
1447 3.4451162586666153
1448 2.0234146294685043
1449 0.4670195581338571
1450 0.014997570671080686
1451 0.12408646934788015
1452 0.30842800162393713
1453 0.9537317502362836
1454 1.1754159624558096
1455 0.9781724667506889
1456 1.5443245844911253
1457 3.065098660723618
1458 5.4788979036232455
1459 7.094936863573635
1460 8.082164637261654
1461 8.321006956034779
1462 8.988184186175529
1463 6.845596255528935
1464 3.354632641952622
1465 2.3735531717477336
1466 1.6122601438994126
1467 0.9754334141300662
1468 1.1414322061237365
1469 1.161918723644068
1470 0.4749956563026198
1471 0.46324300023813547
1472 1.013565791124625
1473 1.428609264066693
1474 3.336074024809495
1475 6.988741735532626
1476 14.405361092091619
1477 19.411437882866913
1478 20.52741250634581
1479 27.848194701130883
1480 25.301904263363696
1481 24.97475047643773
1482 21.896872834840796
1483 18.71106162445696
1484 21.159691242597138
1485 24.238320242609728
1486 30.11837950460487
1487 33.016699977640954
1488 33.129920345394005
1489 35.03821725563756
1490 21.829466063597014
1491 17.427316984845053
1492 9.779212181436066
1493 6.136121978100674
1494 4.970013138840162
1495 3.538512243574071
1496 1.1927509197534345
1497 1.4387109430818252
1498 1.9300573143035125
1499 1.3194658692733707
1500 0.9300672376859488
1501 2.4906802994379813
1502 4.108712733621704
1503 4.906201902129287
1504 5.126933104304881
1505 8.310885634291012
1506 11.05839302020519
1507 10.143270890745118
1508 10.785179280073828
1509 9.36380851069345
1510 10.9096774461889
1511 5.519384432794182
1512 2.6768286857159067
1513 1.7869331898151966
1514 0.10568709190629996
1515 0.00299358714739451
1516 0.1272116527242799
1517 0.6026867485567484
1518 1.2198526890684551
1519 1.3518296296783856
1520 1.0839107104354575
1521 1.8767187909524932
1522 4.238661002286293
1523 6.786111735947245
1524 7.59860604717414
1525 8.197839041970795
1526 8.034732535998486
1527 6.870195661308797
1528 4.626833314650319
1529 3.5806294505001675
1530 2.4917674473366063
1531 2.6083180568268385
1532 1.978553460009284
1533 1.104745089113109
1534 0.5373556891864736
1535 1.2684959069746609
1536 1.865023504090005
1537 1.5800619611964788
1538 4.027449425269689
1539 8.857143523780339
1540 16.09135385859457
1541 17.626876078970326
1542 21.628393022464614
1543 27.250918242580628
1544 25.736021205674415
1545 23.17055321673104
1546 19.626579666608638
1547 21.291672982757433
1548 25.133358716677225
1549 30.75548444749149
1550 31.767790528619738
1551 34.72919475335282
1552 36.62698297375296
1553 39.33198208153558
1554 30.18302005478735
1555 19.53018434916953
1556 9.940548953642917
1557 6.251201278023704
1558 5.184135241517055
1559 2.770419420438049
1560 1.6615204904660579
1561 1.5348973419406042
1562 3.121617240565476
1563 2.119432264020058
1564 0.312516211392575
1565 0.33761313259986536
1566 1.8921301448697838
1567 2.4943114990657778
1568 2.6620465023401687
1569 5.402134384758505
1570 8.77583136089464
1571 11.002651904521532
1572 16.75192196705933
1573 11.644660481723996
1574 8.335892331877744
1575 6.587930496541266
1576 3.986214080293852
1577 2.3625705219237205
1578 0.5686903232163433
1579 0.028423369748015067
1580 0.1037372667085624
1581 0.15016100759929954
1582 0.6161059107374429
1583 1.150947412145797
1584 1.286619881566382
1585 2.5886325259155103
1586 4.506589567202363
1587 5.528046869439139
1588 6.3594065485686215
1589 8.187702874669146
1590 7.5143806952728545
1591 5.467018546724472
1592 4.586175610222361
1593 4.720659514823682
1594 4.123619668422901
1595 3.148750382996087
1596 2.4396856879686397
1597 2.4860284190560367
1598 1.0467671091870279
1599 0.9365566422705934
1600 1.2843063131286439
1601 1.356054329680301
1602 3.952944091878381
1603 10.427162391769846
1604 15.1729212046855
1605 17.986487193683722
1606 23.58828032571915
1607 27.498685909680322
1608 27.010593505656715
1609 24.83569618004229
1610 20.465494010811334
1611 21.83057686505255
1612 27.800436598235162
1613 34.597856038250264
1614 41.576796899211
1615 38.47356577035819
1616 34.54508871033277
1617 37.60095833564285
1618 33.8590811565844
1619 24.364926331563183
1620 15.213853025574487
1621 8.933670336226447
1622 5.63106106018219
1623 3.2753338069194697
1624 2.306162251413322
1625 2.3260379741526607
1626 2.6739173449420277
1627 2.1799969671395867
1628 0.9909887630722077
1629 0.7462016474458179
1630 2.632526403480912
1631 4.057859783319782
1632 3.5306103949588565
1633 3.405711630671667
1634 5.099142690375171
1635 7.227610963865131
1636 9.305603494581353
1637 10.082627226182938
1638 7.524256073616923
1639 6.553861055133944
1640 3.976892400826898
1641 1.3984596648930507
1642 0.5081751925261646
1643 0.03768202274675343
1644 0.2724765084062371
1645 0.26524430039924185
1646 1.7990765224926586
1647 2.0231113930219293
1648 2.900091646179773
1649 6.355523429871751
1650 6.723402415236511
1651 7.486935769183389
1652 7.590350365047255
1653 9.611564469408192
1654 8.687684887413921
1655 5.558877571786599
1656 5.310963517792009
1657 5.856104161518754
1658 4.5257354323082755
1659 5.875270500062802
1660 5.538850000134308
1661 4.392132872730249
1662 3.1156127397240474
1663 1.8835373474690595
1664 1.1249937181334007
1665 1.3970863468322772
1666 4.700469687150056
1667 10.629507736406582
1668 13.323847653802842
1669 18.562442316148925
1670 24.83731725226015
1671 26.409347028998997
1672 25.355775441651442
1673 22.705988369616403
1674 22.48811385679437
1675 23.45969170544923
1676 31.83210698015643
1677 41.23436453728657
1678 50.311058532706596
1679 44.02057736692047
1680 38.3608436284785
1681 41.23754151522738
1682 43.33519969068871
1683 30.81754580797632
1684 21.593764966027866
1685 13.068209009970026
1686 9.054197857606436
1687 6.78175115652561
1688 5.36712784184289
1689 5.08906139389714
1690 4.0420434849329405
1691 4.11823183125479
1692 3.0191418650283275
1693 3.8874571732663705
1694 6.309297512972295
1695 8.320088505134263
1696 7.247219535449382
1697 4.311100125999946
1698 3.647580322355113
1699 2.930684807770593
1700 3.9601709200850763
1701 5.929646545979197
1702 7.086572397126423
1703 5.618408661226249
1704 2.559767467349075
1705 0.601809638281312
1706 0.17119439498485728
1707 0.05795342819581715
1708 0.17217130017601096
1709 0.878651714681531
1710 1.7093055255964176
1711 2.4237039702170775
1712 4.21952440534387
1713 7.953932888112007
1714 10.918162036565002
1715 11.802666181664044
1716 13.677419982576563
1717 13.940797427026949
1718 11.685584794985136
1719 6.572233996010462
1720 5.306170206350528
1721 5.989613628796028
1722 6.946304891442348
1723 8.41053115556961
1724 8.77470651558716
1725 6.785747455921136
1726 3.451186117198541
1727 3.14550985605728
1728 2.2458284084033133
1729 1.6628797805775593
1730 3.663570711714309
1731 10.244782642492718
1732 12.849776221343731
1733 16.251673844256285
1734 20.79734042906809
1735 24.692862825289875
1736 23.705112192715344
1737 22.548668728704886
1738 22.635741042418392
1739 22.18208028293567
1740 30.061998271320302
1741 39.49808750232511
1742 38.34347856110185
1743 38.49085034333662
1744 39.282417978651274
1745 43.38408629247896
1746 42.90900135863723
1747 31.74854057737507
1748 23.399953723169865
1749 17.702814653731842
1750 11.160016760568988
1751 9.042707697058905
1752 7.525378800751208
1753 7.66121393622991
1754 7.982951872916763
1755 8.574178717631556
1756 8.437888163497078
1757 7.313287854181182
1758 9.298838606597016
1759 10.565555553114422
1760 10.216340116567634
1761 7.246202233707411
1762 5.259976028298286
1763 2.7424223980468514
1764 3.0640221016051536
1765 3.8821752126590607
1766 4.623448000131023
1767 2.6289229769219062
1768 0.5483260240251021
1769 0.002268714338350528
1770 0.04755277625806565
1771 0.4226219094488031
1772 0.8317196128167479
1773 1.5815294827764106
1774 2.1891329889875353
1775 3.7039960621291192
1776 5.148264180282111
1777 7.3762800559796275
1778 9.92517944852974
1779 13.498360974762438
1780 16.955380064485375
1781 17.56533399564811
1782 11.341292183026267
1783 8.150367053410832
1784 5.374639908371997
1785 4.543293967784088
1786 7.093225706450702
1787 10.139188719598824
1788 12.948497429608532
1789 8.03352411207419
1790 4.947152518202873
1791 3.3566981520234007
1792 4.383383145872562
1793 3.639305441089938
1794 4.492092386756359
1795 8.965984600193165
1796 11.699581089168188
1797 15.505400465242804
1798 20.38376568166409
1799 24.21169326003324
1800 25.54870982871432
1801 24.434310979006444
1802 23.01631648820829
1803 21.059470405520152
1804 30.834894434766962
1805 36.43186405410762
1806 32.44789964210179
1807 34.2032410455667
1808 41.82997648848742
1809 47.07438285386212
1810 38.574054830467816
1811 33.34906683904653
1812 25.953505837867816
1813 20.735352423754016
1814 11.876895091706254
1815 9.195769219720026
1816 9.600151748054845
1817 10.913400476588494
1818 9.038537082581842
1819 10.713511230350845
1820 10.02410544783561
1821 11.043554746823613
1822 11.417495311519454
1823 12.594336360770082
1824 12.672526918104156
1825 7.63737353315224
1826 5.059512967843716
1827 2.3743765972647544
1828 1.8865117671978984
1829 1.1987077933888026
1830 0.29518709163827933
1831 0.03976690281709786
1832 0.10647970837982142
1833 0.7512086074577632
1834 1.4171707599298538
1835 1.8635925835599108
1836 1.8765221354318626
1837 1.8781969671350551
1838 2.2581703206222237
1839 3.2596486855487163
1840 6.380972353400147
1841 6.919513052784046
1842 8.563120723821504
1843 11.604043869935207
1844 14.361238486736559
1845 16.45992426462688
1846 15.638790948414886
1847 10.347714114968735
1848 6.1484787978858515
1849 6.051650611019155
1850 8.30257721024174
1851 10.692901787471094
1852 12.293982699764786
1853 10.208615910725124
1854 5.148146031937323
1855 2.380290085489568
1856 5.188918122849114
1857 5.556961203110277
1858 7.149817287777343
1859 10.749639556698176
1860 13.662001749035678
1861 15.688409980410801
1862 20.86077326841339
1863 24.569970821398602
1864 27.46003492300705
1865 27.57243730456214
1866 24.061508795478787
1867 22.58728339467622
1868 30.17158386613574
1869 38.79949811054514
1870 40.88036327948782
1871 40.20514217759438
1872 41.74351329934321
1873 38.59155933218303
1874 34.3131129913132
1875 30.89272258378892
1876 29.551607076229896
1877 23.89917593260159
1878 18.50463017902507
1879 17.895558297202257
1880 17.194071968045446
1881 16.205611890253266
1882 16.36890272250383
1883 14.731051649771032
1884 15.785993640341209
1885 17.106839324213905
1886 18.342742859715436
1887 18.854238514295478
1888 15.801939090435765
1889 9.491763190053778
1890 4.502523099915604
1891 1.020059375149159
1892 0.13445115634887791
1893 0.011935239936986494
1894 0.4595978836736698
1895 1.5986932923419412
1896 2.3763601178720877
1897 4.105332977741486
1898 4.288157817813487
1899 5.089028102389541
1900 6.167747732165047
1901 4.242565285209329
1902 3.5608627744635153
1903 5.197193907692372
1904 8.055084141357018
1905 8.969344929515346
1906 9.182699038101076
1907 10.243267474853345
1908 11.12565499832559
1909 13.243785552631364
1910 12.715820472125019
1911 10.170197957943321
1912 7.1827260018902175
1913 7.982626018325591
1914 9.363216354831303
1915 13.558867914846005
1916 12.754509402369077
1917 13.337595302513098
1918 9.240715464874041
1919 3.186398470747979
1920 4.763568271121245
1921 5.367050331978553
1922 8.382583408931238
1923 12.010016032835823
1924 15.527633503340432
1925 17.61425526285357
1926 22.402726678993552
1927 26.88835544884815
1928 28.829144461287047
1929 26.979884003566838
1930 23.36276259118816
1931 23.57089598852429
1932 32.167937656551544
1933 40.74793283721377
1934 44.57015632678973
1935 48.59203191003271
1936 46.860196250872534
1937 46.180427208324495
1938 38.26263128319913
1939 33.417801542685766
1940 31.926184364089032
1941 25.662501638654252
1942 24.00670732828802
1943 23.45243151475055
1944 23.93451172130124
1945 23.698541823580133
1946 26.130935137557483
1947 24.026032064127936
1948 20.48568354924378
1949 21.041427147908163
1950 20.81665686736313
1951 21.40259873808467
1952 16.422061159333463
1953 8.59134672722813
1954 3.730008173986605
1955 0.9628227170899869
1956 0.1344928181901654
1957 0.07099341844773807
1958 0.7317452668191103
1959 2.2944763111413815
1960 3.9361622063519794
1961 6.550221835931965
1962 8.115463178625161
1963 10.091517313920162
1964 10.066939726162786
1965 7.765087982111875
1966 7.2329406713841635
1967 8.744879609375749
1968 9.7888779064824
1969 8.34456403557952
1970 7.815193918183838
1971 8.566134638292617
1972 8.940820743236126
1973 11.314465016182345
1974 8.107805830421208
1975 6.82534524953829
1976 6.371578865145259
1977 9.540094960721675
1978 14.596293599731586
1979 16.80446192370811
1980 13.291927975294708
1981 15.009188022852014
1982 10.866933779032959
1983 3.840455877285839
1984 5.579896708336742
1985 5.8724096561700625
1986 8.366927353032816
1987 12.25405498160756
1988 14.797361658050942
1989 18.0704947377731
1990 22.97642915007495
1991 26.02174089904921
1992 28.052557083456616
1993 27.585878864124343
1994 23.696731247356333
1995 25.024586642338296
1996 32.52779202327212
1997 37.32238080991743
1998 45.263348867969974
1999 41.25965505879021
2000 45.15474238989866
2001 47.5715043992117
2002 43.86151839349867
2003 38.9578564458972
2004 35.682785514036986
2005 31.217102054394005
2006 28.363638093602198
2007 26.840330221544875
2008 25.04634081162139
2009 27.121056583660383
2010 29.33615672339898
2011 26.657116364050946
2012 22.933897457209937
2013 19.722776751474736
2014 18.077579065551
2015 14.236062841613563
2016 9.075412687670957
2017 5.4316205379919005
2018 2.7591047376358984
2019 0.3947205651801508
2020 0.0468971240905018
2021 0.01714058792829071
2022 0.33296833033180384
2023 1.2648562434735906
2024 2.790975399645799
2025 5.158809254240495
2026 8.330292142461943
2027 10.787364763501353
2028 11.569508904715725
2029 11.503136930050314
2030 13.05156020904495
2031 11.332723975945578
2032 9.281097051337474
2033 7.536956007612637
2034 5.434324423632201
2035 5.3763310995742115
2036 8.063934107333427
2037 11.400522379909614
2038 8.270903092436225
2039 4.802870675857796
2040 7.063016453678849
2041 10.49941840886656
2042 14.773839647336235
2043 15.515100524703152
2044 14.034239379904934
2045 14.706732174731755
2046 11.148138940919258
2047 4.514148373955923
2048 4.667918331876582
2049 5.102010093301461
2050 8.626909379170618
2051 11.243718580948212
2052 12.731272005977688
2053 18.110865533720034
2054 24.590701565473125
2055 24.910480691977035
2056 24.978256364292612
2057 25.6721636568013
2058 23.293488701082488
2059 24.572261403862314
2060 31.15793814425216
2061 39.49706141665401
2062 42.687877641949626
2063 36.650445813422195
2064 44.86006594292039
2065 48.281639631765835
2066 41.754759694596004
2067 34.97607306952542
2068 32.979212719683694
2069 29.390250497999308
2070 25.218094038562892
2071 21.72691719243685
2072 23.354026419263086
2073 31.22929262317398
2074 31.733799423179438
2075 26.948557588744396
2076 18.979200977475987
2077 16.81227458350933
2078 14.270656805573136
2079 10.467001735649484
2080 7.637880773483493
2081 5.181726605067167
2082 2.45168002601395
2083 0.6716709669321211
2084 0.2328305688067979
2085 0.03846669096243926
2086 0.01318167448916387
2087 0.06888805980875547
2088 0.5561565461168353
2089 2.2174198815343056
2090 4.545523344774244
2091 6.026438207765903
2092 8.526285660889535
2093 11.536703895699299
2094 12.031250943477941
2095 9.862304120373782
2096 7.395940738807134
2097 6.030784440668089
2098 5.492472225837224
2099 6.536187246617809
2100 5.46572625666388
2101 7.4145350852354825
2102 8.372558164497294
2103 7.832449280107072
2104 7.0857472307121565
2105 8.992874010744828
2106 11.247117972697326
2107 12.497695671674233
2108 12.49540325210303
2109 15.445162961051627
2110 12.376313030025699
2111 4.731580748035436
2112 4.626064364281579
2113 5.039954382885125
2114 7.2131043976148135
2115 9.857888592012097
2116 15.08375606178498
2117 20.785902460654412
2118 26.132522882957808
2119 27.277313454881842
2120 25.218303097711996
2121 26.04621005910632
2122 22.80134428104641
2123 24.106761045833274
2124 32.64952267943565
2125 41.00211371785217
2126 46.18427548364693
2127 38.91119830482812
2128 44.563161086071254
2129 51.73518712771426
2130 49.0601399594805
2131 39.99697156616202
2132 30.39323713862604
2133 28.59474879792569
2134 29.261592795002155
2135 27.450221105014144
2136 24.125286991595072
2137 27.76036609398035
2138 27.27960484548558
2139 20.3477082867808
2140 16.939650775923397
2141 13.837401999720488
2142 12.135126891461013
2143 10.650882368929384
2144 7.566880547831907
2145 5.364289569086319
2146 3.150606237123136
2147 1.008323895814928
2148 0.7805640250000069
2149 0.24905521856834273
2150 0.010573884738104744
2151 0.0012705420859900468
2152 0.11642882030557611
2153 0.8783150468875617
2154 3.2264162866304433
2155 4.937600963731862
2156 7.0287195673035905
2157 9.182145254605807
2158 8.247003518757632
2159 8.368953837152567
2160 7.811924789948762
2161 5.21147831649153
2162 5.632774366690183
2163 7.206866213900779
2164 5.38323836317339
2165 4.743033892943641
2166 7.83719089671256
2167 10.098584123472136
2168 10.75152672349346
2169 10.492120556482027
2170 12.254728186753033
2171 11.214048341513829
2172 11.734505277071293
2173 15.892910995595955
2174 11.267160744230491
2175 5.300295787566159
2176 4.745419763436255
2177 3.905430819935941
2178 5.4601556072613695
2179 10.677627653226589
2180 16.835802031644477
2181 22.7811846237253
2182 29.810009545178904
2183 31.725113759928018
2184 26.72059247096384
2185 27.260704691140806
2186 25.44898755528968
2187 27.976277317894276
2188 32.35941869763744
2189 44.09745682392164
2190 47.47176468004437
2191 42.499574410717116
2192 49.23041271582736
2193 51.67955486429646
2194 52.40356948370751
2195 44.254220577987304
2196 32.8838926752023
2197 29.40922714060995
2198 27.51656368100596
2199 29.803338186593294
2200 27.429953032804086
2201 22.940272277226008
2202 19.087743224736506
2203 16.85854842323659
2204 14.327060420046012
2205 12.64531238037362
2206 10.752000576055856
2207 8.794935748750772
2208 5.6288081377368515
2209 4.9332494145109855
2210 4.047766830675558
2211 1.9793347604072171
2212 0.8153629046038007
2213 0.22583863457244274
2214 5.514387804020295e-05
2215 0.22753594698181967
2216 0.5812576519663201
2217 1.5903145717546059
2218 2.937719602813097
2219 5.18593439300593
2220 7.156442242365567
2221 9.503174144052606
2222 7.128922080924263
2223 6.987207228855935
2224 7.032535334375494
2225 5.896347005486082
2226 6.203646577315704
2227 7.887977022475507
2228 7.623920979900763
2229 8.226122962323183
2230 7.515296946728609
2231 8.982603391921288
2232 9.257259480941745
2233 8.881983679075972
2234 10.357982460567536
2235 9.316973097483583
2236 12.355748131668442
2237 15.089154136585227
2238 9.033829088036684
2239 4.02815110185862
2240 2.829499440723876
2241 4.237886418770834
2242 5.796214902690841
2243 9.534989606321682
2244 16.550314611824888
2245 22.173545151090355
2246 29.12598471818252
2247 30.610226821233972
2248 29.73295033886313
2249 29.448175516322657
2250 26.6774975175412
2251 28.973304527623267
2252 34.59843766040778
2253 43.313091220387285
2254 48.567298058651026
2255 45.42600284537933
2256 49.90069066543001
2257 51.96106543658895
2258 53.30816494766859
2259 44.840972136273194
2260 34.18243211328682
2261 27.461207988382554
2262 23.293214957263984
2263 22.326261918490573
2264 19.881818333084777
2265 17.093284611893672
2266 14.163999687307596
2267 13.837556201226144
2268 10.702037695617703
2269 9.218225380352166
2270 6.407479229229426
2271 6.6785229422740375
2272 5.6051275090318535
2273 4.579105867154513
2274 4.539853399505219
2275 2.5950308066441963
2276 1.2871155748494374
2277 0.29350158516913455
2278 5.187494516012806e-05
2279 0.10373314720622216
2280 0.6190596089417442
2281 1.9617016935179854
2282 2.971239149593892
2283 4.003181767591596
2284 4.993224679822335
2285 5.396759348025321
2286 5.024484390706293
2287 4.526165245145832
2288 6.0154572349700155
2289 5.745249024561679
2290 6.2077921976378985
2291 8.405291249518035
2292 9.906765455029188
2293 13.123057070330566
2294 8.742915472885102
2295 9.193857900181467
2296 8.065461993265599
2297 6.720026984413738
2298 9.488526368088124
2299 9.33578932335278
2300 11.2081759568084
2301 12.819790445970774
2302 6.97120886528114
2303 2.893130691828473
2304 2.5438313270946904
2305 4.7088889847991835
2306 6.866971274420014
2307 8.334933386393942
2308 12.980711577945083
2309 18.515767955165227
2310 26.35701264568446
2311 29.889198118803925
2312 30.208696655224635
2313 28.046177695268437
2314 25.800975591546617
2315 28.57120229613491
2316 34.050792705630705
2317 41.63473655075764
2318 49.00015656563654
2319 49.489799546489586
2320 55.65123025466372
2321 55.86689561025691
2322 55.232190851345145
2323 50.45652676289907
2324 39.404964313623104
2325 31.000499624851923
2326 21.466773595965392
2327 19.152015569831704
2328 15.492121671399229
2329 14.570248183603178
2330 11.377061013588312
2331 9.184803321005074
2332 7.422466300123776
2333 7.913066727790615
2334 6.953978628073234
2335 5.634887675541764
2336 4.759478578867021
2337 4.92533603484277
2338 3.5118702177798844
2339 1.8793778130297518
2340 1.6305078437633078
2341 1.2068234170954133
2342 0.47615721399189503
2343 0.03028728277278467
2344 0.28314157154740227
2345 1.2663625063018062
2346 3.0929520606843983
2347 5.7033218016197464
2348 6.584242309585985
2349 4.201008847059437
2350 4.725272091535896
2351 5.141601145547822
2352 5.300649208353245
2353 6.372654630785688
2354 8.369989754991828
2355 13.135143233668648
2356 15.495563319262875
2357 14.929455500863579
2358 10.400302925343498
2359 10.826729263730122
2360 7.219643541272676
2361 7.597761633918317
2362 10.10776955044446
2363 8.650446455153645
2364 11.08476365772781
2365 9.000959636241104
2366 4.739929661386783
2367 2.3825647611909524
2368 2.8092385176732493
2369 5.118936953393112
2370 8.418570466596845
2371 8.36868576074344
2372 12.778002764232655
2373 18.840824057479438
2374 25.0406191716978
2375 28.144009539235714
2376 28.70659375044936
2377 29.421595095518754
2378 26.943047704653495
2379 26.69727135119291
2380 34.57413172878948
2381 42.308581016189564
2382 47.467625442677935
2383 46.84653500981589
2384 50.85777833877116
2385 54.0287491609814
2386 59.31497579685677
2387 46.8881356397369
2388 40.339193155042636
2389 29.107814395361533
2390 16.457273081547694
2391 13.052344956853688
2392 10.930040017284666
2393 10.177496558296665
2394 9.012468679713997
2395 7.6975923842869
2396 7.076403698451422
2397 7.040469615822975
2398 5.69751308012177
2399 4.619607253664556
2400 3.690775336336947
2401 3.3654384575140064
2402 3.4783014379491775
2403 2.1679492216688416
2404 2.555212061816511
2405 2.9409459427889106
2406 1.3034088846875902
2407 0.5293447086851797
2408 0.07057523957514338
2409 0.009873115185269284
2410 1.123650222857312
2411 3.405021599655778
2412 6.258297051866726
2413 5.588456985635192
2414 5.561727207565365
2415 6.498430838119703
2416 7.328822989956041
2417 8.082196245589566
2418 13.200732552315248
2419 16.30250287186566
2420 17.981250595681498
2421 17.025629050703476
2422 13.032742212946847
2423 13.34821328948884
2424 10.569922156436565
2425 11.847679517374857
2426 10.824709678392502
2427 11.131745218169769
2428 11.402229578428543
2429 6.65174007069663
2430 2.970362002150399
2431 1.2480441733941494
2432 1.1525890054942658
2433 3.338050001862237
2434 7.369636769028862
2435 8.684022570884858
2436 14.278565887165529
2437 19.267786797624595
2438 25.141360250131704
2439 28.515629066108445
2440 30.94166446036681
2441 31.898662633510042
2442 28.839360339717178
2443 27.319853159278814
2444 36.5856495416363
2445 40.59288028920667
2446 42.865219177388816
2447 45.923136866494566
2448 50.4405818610021
2449 45.97575531042657
2450 54.45227245059928
2451 43.692469861999705
2452 35.93887253125713
2453 25.3078125315681
2454 15.100402809112694
2455 11.63387041796157
2456 7.373874924947347
2457 8.49950629683576
2458 7.912545527180362
2459 6.842041837977573
2460 5.335090218181895
2461 5.430594293841072
2462 5.26827333756081
2463 6.012292623528676
2464 5.776906111219965
2465 4.128315783629332
2466 3.5531262221722932
2467 5.343767479423597
2468 4.9922306803622485
2469 3.2535730041557764
2470 1.7694005282214633
2471 0.5560706576036645
2472 0.23707989017237918
2473 0.022147591288561475
2474 0.39769762519754637
2475 2.4333672556054307
2476 6.017543593844805
2477 6.8047407088881195
2478 7.486907031849709
2479 8.063439434774635
2480 9.515981420077436
2481 14.530680690115053
2482 18.699119426852114
2483 17.753914048731172
2484 15.375759513607376
2485 17.050767948735913
2486 13.901300610176445
2487 15.716377977510813
2488 11.219446020255477
2489 13.541654789329963
2490 13.301755788508771
2491 11.3170060373399
2492 10.554912831286106
2493 5.513751884988824
2494 1.4404272661190498
2495 0.5206853934005548
2496 0.7305434553567114
2497 2.6267951479713836
2498 7.113574137380377
2499 8.999279952672024
2500 14.578515765109623
2501 18.313424325658005
2502 24.799740996429673
2503 26.628198951267077
2504 28.20258150136508
2505 27.510857761449394
2506 26.696715845954387
2507 25.531627474922875
2508 32.317837948648965
2509 33.69164518204772
2510 39.91813361752046
2511 40.3148533821035
2512 41.54219130117048
2513 42.46015779558884
2514 44.59731896165617
2515 37.25970581581298
2516 36.307392138393844
2517 25.49525538622325
2518 15.054325279018217
2519 10.390369134537577
2520 6.967056993892453
2521 8.306717033755756
2522 7.202703031143438
2523 6.18656113419465
2524 4.204799312548448
2525 5.381946093235108
2526 9.132615703446561
2527 8.875110989511114
2528 8.144470320078629
2529 5.3482794241571385
2530 5.882199793300911
2531 7.186419153466602
2532 7.163314529725287
2533 4.78530911095631
2534 4.140953765680397
2535 2.644198118622273
2536 0.22544252894808606
2537 0.10356437126288497
2538 0.28292316737975853
2539 4.090326765458866
2540 7.7115609804214325
2541 6.193471540421626
2542 8.138807367567246
2543 8.92892226880463
2544 11.018419312328398
2545 15.975923115923433
2546 17.870083851017537
2547 17.897016736152914
2548 15.789434553167679
2549 16.965262324404986
2550 16.061113367581083
2551 14.989630989667184
2552 14.253486317688438
2553 12.59741633451994
2554 12.193672503151344
2555 9.194260209490679
2556 7.5266029325414285
2557 4.2444483575221055
2558 2.0378042610847795
2559 0.8149267009860733
2560 0.10884030968484697
2561 1.0939696059095785
2562 6.145017126358883
2563 9.026339870918099
2564 12.99603889128527
2565 17.393614060188675
2566 23.294315308335538
2567 23.862333427909928
2568 23.27628008971437
2569 25.108847190628452
2570 22.590263808794784
2571 23.48031124234579
2572 28.569280391331166
2573 29.338725336907093
2574 37.27937770910424
2575 35.49708341560246
2576 34.19729917935988
2577 37.740033891149935
2578 39.85094508428694
2579 34.362309265362164
2580 31.270575341759166
2581 23.314027699301935
2582 15.150198580131237
2583 11.036273442770918
2584 5.023896843095166
2585 4.845273909872439
2586 4.826597091914073
2587 5.476609811044464
2588 5.53198245921748
2589 4.958731225257856
2590 9.794357013318768
2591 11.513430672317515
2592 8.03522779925649
2593 8.850336840243799
2594 9.334596284039435
2595 9.125860842430018
2596 10.595242215277914
2597 7.7681537283799456
2598 8.102086399211668
2599 7.054449400090891
2600 1.7089870722401614
2601 0.03930543260377341
2602 0.12055281809408284
2603 1.864926798326152
2604 6.086832705615
2605 4.862782500201847
2606 5.889250866350099
2607 8.310878002732014
2608 10.283504197538521
2609 14.317934651183391
2610 15.837726949037494
2611 19.222748931754484
2612 15.577903009551175
2613 13.184613475755567
2614 10.963319589450053
2615 8.129620116328317
2616 11.56097802881561
2617 13.590654019504228
2618 11.153747981744354
2619 8.336267827634044
2620 6.435446958515641
2621 4.083626060451779
2622 2.3875864602761734
2623 0.6469886682571773
2624 0.28435217210502745
2625 0.87091399491128
2626 3.692926080654479
2627 7.42710232889427
2628 12.419304138718102
2629 16.172391574967502
2630 18.91321847306876
2631 20.89259793499682
2632 21.63862887322794
2633 19.829842152058962
2634 19.886819335220594
2635 23.56688371425208
2636 21.54712904945344
2637 28.42176878119915
2638 34.20791891220463
2639 32.71098530453769
2640 30.712639347103853
2641 33.052429044480796
2642 33.28346612780984
2643 29.959339701559337
2644 26.13497736067488
2645 18.878002366392767
2646 15.850374650188568
2647 10.620414694772954
2648 5.4302453986031916
2649 4.677472894105911
2650 3.644330958508568
2651 3.91337245589598
2652 3.6797415228654873
2653 4.926581682583674
2654 11.590906256572152
2655 13.117747495876362
2656 12.16349558424348
2657 13.411304713391784
2658 17.891396685219863
2659 14.930860808679407
2660 12.579195695332249
2661 11.732844187702206
2662 11.266065781813177
2663 8.281202103633397
2664 2.5552123862719
2665 0.20707892026431082
2666 0.10076607592745618
2667 0.11175966615832093
2668 3.0603316305176107
2669 3.675240406714088
2670 5.53581252883873
2671 7.338894473651135
2672 9.54082673390608
2673 11.0391276844052
2674 12.22300537862819
2675 13.042386368427842
2676 11.541529362325068
2677 10.48082044679767
2678 8.55271290299572
2679 8.477401997808741
2680 9.40877406696802
2681 12.048803043101394
2682 10.294877856147135
2683 9.329090248324317
2684 4.34025004746648
2685 3.1234376315787538
2686 2.293210774878985
2687 1.0057378091890259
2688 2.8024057746286365e-05
2689 0.28140365433584535
2690 2.444407249661434
2691 6.396199762648378
2692 11.851512751237228
2693 14.177671469802041
2694 15.837817767598441
2695 16.553992956964805
2696 15.766679963523012
2697 17.149285166372767
2698 17.26337369232371
2699 19.457311403827983
2700 19.315615983894155
2701 22.22509236799774
2702 27.92384373664408
2703 28.830936498977646
2704 28.89177973294252
2705 27.617867315464913
2706 25.422736850834728
2707 23.462258600273397
2708 24.800007111411414
2709 17.553448202880055
2710 13.504888278004065
2711 8.772364459314511
2712 4.378877320136411
2713 3.1115953566264913
2714 2.3371172205503483
2715 2.1045670797748413
2716 3.3049387276977407
2717 5.7167307824220215
2718 13.666854080750626
2719 12.913268197736913
2720 11.24134497415069
2721 14.457975631263803
2722 20.865398665455764
2723 20.200072369799987
2724 14.738276953525443
2725 14.8696524818111
2726 11.720647834792633
2727 5.122279273985861
2728 1.904994850047368
2729 0.47223624161008654
2730 0.11569594457575881
2731 0.0740170904575378
2732 1.5522776043405588
2733 2.992590475772893
2734 3.856834631472615
2735 5.715991003447383
2736 6.6139910173153735
2737 6.3219347917661
2738 6.956558481272208
2739 7.4478089624167225
2740 8.273504172337052
2741 8.264254576214949
2742 7.18061316845949
2743 10.380711004870367
2744 7.349929658543946
2745 8.024932176863036
2746 7.831249239190755
2747 5.867084659141979
2748 2.6696693936606604
2749 2.3949681283509245
2750 1.71901157541919
2751 1.0844830136400907
2752 0.00766787791405393
2753 0.05473503943638948
2754 1.2554745640584675
2755 4.456009563306991
2756 10.255257364292822
2757 12.787274221286038
2758 12.705389858621379
2759 13.851576000858438
2760 14.762695696678371
2761 12.957842061807922
2762 12.488616772338094
2763 15.95408922423169
2764 16.58466755249395
2765 19.188820174609468
2766 22.73372515634199
2767 24.672616309231408
2768 26.54374833633832
2769 25.941826839972023
2770 23.36282015872371
2771 18.786930359912745
2772 17.673931422914134
2773 16.357003071622117
2774 11.041804090028684
2775 5.781712072874741
2776 2.3192627314438723
2777 1.2539813235730883
2778 1.6297190792104266
2779 1.4409521889783883
2780 2.611030237070153
2781 6.987024343758791
2782 11.819835849635707
2783 14.13958493050391
2784 12.511968712869987
2785 11.770513019520456
2786 18.879628885920447
2787 18.941991173121746
2788 18.287991960695262
2789 13.150877187513416
2790 9.815243731914798
2791 6.7806172018331194
2792 2.2218318650262234
2793 0.4215553653521949
2794 0.22711147991331346
2795 0.011566772312066967
2796 0.37180353820707907
2797 1.2260406490705729
2798 2.037900374674856
2799 3.612472052203501
2800 2.562352565572074
2801 2.113474036972424
2802 2.63690720229394
2803 3.3741389789245253
2804 3.0503019989727775
2805 4.385198671425598
2806 6.005285753511779
2807 7.363672783848017
2808 6.388246379594624
2809 6.6039313159144095
2810 6.897900497852731
2811 4.86054926815767
2812 2.566349398569898
2813 2.3235320998042917
2814 1.0739991234536779
2815 0.6466695244315136
2816 0.0035467678857700894
2817 0.013782692356945833
2818 0.6842838137115493
2819 2.9563195036770544
2820 8.258479395545283
2821 12.147842699402801
2822 10.796808380667681
2823 10.363002307618215
2824 9.911212820203493
2825 8.639218335692192
2826 8.656265332179458
2827 9.55511127830144
2828 13.37921338125724
2829 16.739256516670384
2830 23.37907188700489
2831 24.73558665098962
2832 27.79981678883029
2833 30.125054209192374
2834 25.83463960972213
2835 20.797294965502296
2836 16.55330493411378
2837 12.333914113431927
2838 8.00159267818514
2839 3.849211553035927
2840 1.8037031858129853
2841 1.0739110771559972
2842 1.7070114919748858
2843 4.134924466605127
2844 3.4789641745037856
2845 7.672535183766845
2846 11.06063017489026
2847 13.27366496073741
2848 13.955496633392821
2849 14.051700111042392
2850 17.39626298092962
2851 17.06359418942716
2852 16.203048745596632
2853 10.361599107514442
2854 5.680531142469237
2855 4.4610034705304065
2856 3.260320265987262
2857 0.7522853878513978
2858 0.305703205963016
2859 0.13220113372307207
2860 0.00809129841892094
2861 0.020752432182419595
2862 0.20279336413114243
2863 0.6075093193761825
2864 0.6231802953490228
2865 1.340006920245226
2866 1.0673947404216684
2867 1.3125146515753605
2868 1.9456551458518125
2869 1.9241776278487468
2870 3.1059667757573024
2871 4.294860821918848
2872 5.32355662632822
2873 6.216213366250332
2874 5.435927995353993
2875 3.297134358873575
2876 2.2518253944946847
2877 2.088896785608571
2878 1.147782014086709
2879 0.8191998032318956
2880 0.0011036150211399625
2881 0.17290548675805054
2882 1.403865231261915
2883 2.5282977193777523
2884 6.512794435634964
2885 8.720732044382233
2886 8.152508975017073
2887 8.273017632588891
2888 7.877954336583082
2889 6.99612528036662
2890 5.760639523150003
2891 6.906716390513943
2892 11.373458382167136
2893 12.770403696637418
2894 18.985777319836604
2895 22.946645412102264
2896 26.835785341145172
2897 28.754054704716047
2898 28.50225593872692
2899 24.47323557027872
2900 18.89678325527078
2901 11.992341924208121
2902 6.627653548008452
2903 3.655914203381299
2904 1.3453716212239868
2905 0.9366977959965631
2906 4.12298881352365
2907 5.791124709643102
2908 7.8903058020709915
2909 11.008142096058604
2910 11.954020426555742
2911 12.961306322817885
2912 13.089493520520262
2913 14.309261825599556
2914 16.35064205705488
2915 10.98863619733476
2916 11.593068326566154
2917 4.267862134168247
2918 1.2665369685271175
2919 1.9191948119855278
2920 2.404370286505575
2921 0.5284720715001183
2922 0.09563572263466055
2923 0.13043287096912512
2924 0.11677995250631334
2925 0.25956881670465004
2926 0.06128453333852366
2927 0.06367117774762182
2928 0.09073587789387651
2929 0.7716707214566195
2930 1.0969373802629367
2931 1.910483248011006
2932 1.7913156522346514
2933 1.8960232113707147
2934 4.412719736593868
2935 7.39106901323014
2936 6.739381766377878
2937 6.651618153528835
2938 5.223711236624327
2939 2.762521616248572
2940 1.8687976500085945
2941 1.3195818294058126
2942 1.0740531404356282
2943 1.309668975730366
2944 0.37279937441089195
2945 1.1098673507954904
2946 1.4723857887589809
2947 1.659024677781045
2948 4.010816689833477
2949 6.283845326449842
2950 5.434026835372365
2951 6.4263296994374
2952 5.7730157140809695
2953 5.4955746477281915
2954 6.91783252624755
2955 8.2967079718288
2956 11.02518032486697
2957 13.854750620754787
2958 16.536109589021788
2959 16.95037435044512
2960 16.365888643885928
2961 20.862440968498
2962 22.82407057800061
2963 24.963872423363252
2964 16.86381019656889
2965 10.693197293903257
2966 8.233927333966305
2967 4.194359183373968
2968 2.25859441747456
2969 3.2496959690168357
2970 4.75295849279616
2971 6.970321445927683
2972 10.971580006240814
2973 11.90568848009458
2974 8.878463598339186
2975 10.2368413587477
2976 9.522149423853683
2977 10.34580073498041
2978 11.069259432470124
2979 8.134767772007187
2980 6.135015216738928
2981 4.75756987880812
2982 2.2419831758723885
2983 1.901262690577725
2984 0.9431948026584739
2985 0.042382304851868585
2986 0.013801662200825435
2987 0.02684702478639008
2988 0.0021345860233087225
2989 0.08169899381063582
2990 0.01634495577630651
2991 0.023695331123574033
2992 0.005929163762811951
2993 1.2232094568172192
2994 2.240440452932795
2995 3.8720513864368526
2996 6.009312626962735
2997 6.289190560949374
2998 6.457669361698216
2999 10.685301405286038
3000 10.513178902826478
3001 7.584619046081082
3002 5.718814245218439
3003 1.9798960590542631
3004 1.591625100360207
3005 0.8887162919250204
3006 1.1342218959748833
3007 1.5164160528166846
3008 0.8378691038153394
3009 1.039594375124462
3010 1.4800261552763132
3011 2.240226203877446
3012 2.446819146314362
3013 3.956669569184891
3014 3.4763226533191145
3015 4.496231337970705
3016 4.243599254353771
3017 6.315587964327659
3018 7.886397465182411
3019 10.140114711839509
3020 13.829829297658558
3021 17.043217985615197
3022 14.911109661797935
3023 10.463808922064421
3024 10.205992791815266
3025 10.191819560744413
3026 11.037260754996833
3027 12.656029043114918
3028 8.200012137394154
3029 5.823832329307267
3030 4.95404953756782
3031 2.2930449631155407
3032 2.520487811034999
3033 2.366666903488171
3034 3.1102563698012835
3035 5.718241449450239
3036 7.2667730840403895
3037 6.245812216978907
3038 4.614250635815017
3039 6.074647928242005
3040 7.805455017762158
3041 8.652294752134747
3042 8.22084299526546
3043 5.481760506490707
3044 4.079880240415662
3045 3.6940293388267524
3046 1.5843209711362034
3047 1.2301583092296786
3048 0.2434541487571159
3049 0.6958304198788104
3050 0.8137964561524527
3051 0.26361775338819204
3052 0.04224548021703876
3053 0.0638354890165911
3054 0.05141531203098121
3055 0.18149184713376715
3056 0.8604778315014232
3057 2.3256564790140364
3058 4.41537307991546
3059 7.20091475786566
3060 7.177070569421181
3061 9.401891657184967
3062 7.658890127476764
3063 8.299374299705866
3064 9.002759607409416
3065 7.881465749036711
3066 3.6920757719798227
3067 2.994332738004595
3068 1.4737830062411854
3069 1.0270350835798647
3070 2.1380878058741253
3071 1.2783511569593478
3072 0.8508844257013238
3073 1.1403042316340795
3074 1.7443140121613592
3075 2.310022816596599
3076 2.9886684869539084
3077 3.3506882950273376
3078 3.281097115412052
3079 4.427772915518095
3080 5.321272753771854
3081 8.141144329881989
3082 9.837520481566441
3083 14.455704538786952
3084 16.200234829678237
3085 13.871478784937915
3086 11.337756492796242
3087 8.266299643707605
3088 7.714779079105345
3089 6.954569487595405
3090 5.994553459565895
3091 4.340794371598045
3092 2.5765207119137408
3093 1.441823696276584
3094 2.4942491722362417
3095 1.8673425412064897
3096 2.6741039626545673
3097 1.6389387687732564
3098 2.4935872872598743
3099 2.5763183513519756
3100 2.1339115340700494
3101 1.6059470169166155
3102 0.6257830408043488
3103 1.277553752592549
3104 2.721170274645181
3105 2.8781194692669945
3106 2.6344624036335547
3107 1.4210894968925034
3108 1.4449805754866443
3109 0.4729542135731337
3110 0.2560897572414664
3111 0.09192830543409539
3112 0.08490886326827844
3113 0.5500755323382047
3114 0.596731378595062
3115 0.2251478141224857
3116 0.28673075964717215
3117 0.03801749646529252
3118 0.005762054206969088
3119 0.7176417540938023
3120 2.384927069009982
3121 3.5760572605301597
3122 6.923310122368971
3123 9.684322470162483
3124 9.041628238129771
3125 11.610175692450673
3126 7.042244393890024
3127 7.833086877722993
3128 5.6458513446912
3129 5.428833289102466
3130 4.045649076773537
3131 2.8053618696056515
3132 1.744710578571708
3133 1.1382014226561774
3134 1.5882026228993014
3135 1.1086335773999452
3136 0.5186950224371991
3137 0.8611477448597992
3138 1.769643232023112
3139 2.5635700709943645
3140 2.3232490480391887
3141 2.676720962277371
3142 3.468143612345585
3143 4.048659407209972
3144 5.472934845439262
3145 8.069154617573528
3146 12.702121193815781
3147 15.957982207820768
3148 11.841793882679674
3149 9.241259896993329
3150 7.8281181288585815
3151 7.514284034624304
3152 6.717356527349293
3153 8.197675176586598
3154 7.173283865583154
3155 4.977790663048963
3156 2.579645196042377
3157 1.2851400869583949
3158 1.7976004403117058
3159 2.426128382277702
3160 2.7236626535005186
3161 3.422610601233659
3162 2.6984946913488685
3163 2.510541234813071
3164 1.2700190619961196
3165 1.5559286532986862
3166 0.8515866522542118
3167 1.369067936178581
3168 2.932323300977631
3169 3.409325276158641
3170 1.8947712247790927
3171 1.1273340018055282
3172 0.3201074250058473
3173 0.01934301474811667
3174 0.03160348438188757
3175 0.014387832417498157
3176 0.018117015946021404
3177 0.0022515517967035045
3178 0.003442222223358249
3179 0.10212899520744315
3180 0.24188673424363963
3181 0.017975385979015768
3182 0.004939225002392376
3183 0.24541168284962211
3184 0.4615258980205501
3185 0.5223182254675416
3186 2.468895632397033
3187 5.962966037010126
3188 7.805228143412343
3189 9.38197336940651
3190 6.579583134118615
3191 7.565719462318632
3192 4.7303188817474044
3193 4.179862640558975
3194 4.513948805918838
3195 2.027910586817855
3196 1.1601727929279508
3197 0.7732915932395775
3198 1.1562008102732928
3199 0.7446388886767135
3200 0.7285364513968835
3201 0.8832715093417156
3202 1.4315658995451157
3203 1.7100806259961427
3204 0.7311780064768121
3205 1.9235065427211395
3206 3.937595137723223
3207 3.6378024763079804
3208 5.836033726920272
3209 12.161439994240906
3210 12.609756540194455
3211 11.865437326432323
3212 10.535128162171363
3213 7.69007670485043
3214 5.342771954831999
3215 2.9327416974054694
3216 2.521249351294214
3217 3.6146663011933775
3218 4.541066189558119
3219 3.1419852334639278
3220 1.8671031169416248
3221 1.2542606993155447
3222 2.26707978073405
3223 2.067419353781903
3224 3.5395919965411493
3225 4.5617768584099165
3226 3.4312001645924664
3227 2.823689125584894
3228 2.718584806698707
3229 2.00940440340311
3230 1.8519340370318496
3231 1.2259379346310635
3232 1.3943460263474319
3233 1.7739423085007648
3234 1.3243365222459764
3235 0.90928513984469
3236 0.21292130029313938
3237 0.012392544387693678
3238 0.1955875829691695
3239 0.22991128846507033
3240 0.08467763975170925
3241 0.046869984796499474
3242 0.026284831116283165
3243 0.06069718994523427
3244 0.07825762054637322
3245 0.0241428790065211
3246 0.008777991103813939
3247 0.03148621726196377
3248 0.03034801081736348
3249 0.044571066056376674
3250 0.8031407028518586
3251 2.3779688872895743
3252 3.1600132360080897
3253 4.114405587663976
3254 4.496938316430215
3255 3.73361265735081
3256 4.379785488111111
3257 4.464678336142242
3258 3.732768494376347
3259 3.532530591047792
3260 1.8774945013172695
3261 1.686665928236301
3262 0.8801370774291045
3263 1.124169414699582
3264 0.5218284546965508
3265 0.8174081940272144
3266 0.7598759954910334
3267 0.45423565242680225
3268 0.544029508236506
3269 1.422636725392429
3270 3.091150288963593
3271 4.932395075898259
3272 9.026787541217129
3273 15.279103141940492
3274 12.221626504839419
3275 11.756407878245794
3276 8.57061836838559
3277 5.406102744618508
3278 4.3153773380020715
3279 2.3635639648146376
3280 1.5331778954564266
3281 0.6756046016734089
3282 0.9090704678072761
3283 0.9557425271016065
3284 0.6389527174232571
3285 0.3137613410880301
3286 1.2437856651312427
3287 1.3143928360621864
3288 2.475326113547405
3289 2.5595440117295603
3290 2.602984828682892
3291 3.728511579856778
3292 2.554081945932882
3293 2.6510222732314466
3294 3.0392784546264258
3295 2.476781094089696
3296 3.3986268483778495
3297 3.095676616767485
3298 2.538152001838521
3299 1.6270576515504391
3300 0.5065514662805454
3301 0.03296428979566674
3302 0.03950360208370242
3303 0.011925827395199163
3304 0.010062608185770273
3305 0.05238095394406689
3306 0.012580041260129937
3307 0.01864100544685337
3308 0.0793291745699262
3309 0.07636967568253135
3310 0.05451610220762983
3311 0.003240031655804514
3312 0.0027633730381536785
3313 0.0011872493188693214
3314 0.2954746319104443
3315 1.1864342819385632
3316 1.7619043490494646
3317 2.731745380398469
3318 3.7846937857226877
3319 3.585654230071522
3320 6.642247675708764
3321 5.636490326685409
3322 3.8766593243315204
3323 3.8961053660235354
3324 4.742180417973587
3325 2.348772860631894
3326 1.8431073154837145
3327 1.1643986013779304
3328 0.38229382982164034
3329 0.25865772512921825
3330 0.11358932215219894
3331 0.3019381034918164
3332 0.5010263287722727
3333 1.0622498879702795
3334 3.247500745991682
3335 6.787039114269422
3336 9.310937201022002
3337 9.124270153697529
3338 9.941372261603696
3339 11.276074276390071
3340 7.201365022699831
3341 4.347251111807112
3342 3.6724871879568397
3343 1.6298205072679444
3344 0.775394915479992
3345 0.206181709406141
3346 0.07929205408766682
3347 0.2961990972230564
3348 0.4435771020819703
3349 0.8219179020445245
3350 0.49880379380124146
3351 0.5049697386544787
3352 1.3385318668943111
3353 1.2963274490115213
3354 1.3035697472056917
3355 1.875397140277605
3356 1.0403591370458365
3357 2.164595576341491
3358 2.613389298976637
3359 3.193378886055744
3360 2.983457371162113
3361 3.146379875486005
3362 2.608789851654717
3363 2.2216298770565914
3364 0.8686926374413976
3365 0.23065629430640305
3366 0.2662280918041582
3367 0.12302113292285534
3368 0.00673003681630796
3369 0.06957629614314333
3370 0.1420983959919724
3371 0.03624534808300534
3372 0.026462928561324924
3373 0.12919658748899274
3374 0.032198954033559476
3375 0.059689544628375515
3376 0.015934430572027643
3377 0.0018424185183488276
3378 0.0006722515183145256
3379 0.275483481600029
3380 0.9761252975544751
3381 2.200924591094843
3382 2.8147725807568276
3383 3.7060345892165376
3384 6.615345603774208
3385 6.117818718493313
3386 3.9386118659765956
3387 2.494341720470911
3388 3.6565639328173134
3389 3.8228447055213746
3390 4.881254694582919
3391 2.2690298121362993
3392 0.11748538928361477
3393 0.06434302046020396
3394 0.054254443932635496
3395 0.1554136363217206
3396 0.30430642084548337
3397 0.999570517628009
3398 2.3568896564564463
3399 5.706747890136848
3400 4.677938027049634
3401 3.681371882033531
3402 4.571507448112902
3403 6.086962904013424
3404 6.1518152402623585
3405 3.9892119514008977
3406 2.4028232516379684
3407 1.2474204134583087
3408 0.7857916906734546
3409 0.3291461018159477
3410 0.07601423234398721
3411 0.46654487082656837
3412 0.9393984966373269
3413 0.7797161603911515
3414 0.6154236837631134
3415 0.9208340477356721
3416 1.1642296007397248
3417 1.1127346526145667
3418 0.7330638110461628
3419 1.0706022273286913
3420 2.966244320155209
3421 3.5338964006881923
3422 2.555170094761201
3423 1.733008329543198
3424 1.7589135857126315
3425 3.3904061314127976
3426 3.0205439144363524
3427 2.6001804473448784
3428 1.1870412799295336
3429 0.8125597530545486
3430 1.2181164420375317
3431 0.6584761151988224
3432 0.6811596111436277
3433 0.1433567591136854
3434 0.002911390187339465
3435 0.0014147566355434927
3436 0.03776282865823427
3437 0.13459815195389283
3438 0.08097187277210666
3439 0.006030830341280985
3440 0.011019777974362207
3441 0.017270143779185704
3442 0.1817721422060699
3443 0.2466524013727905
3444 1.7830525076498753
3445 3.5337970891293615
3446 4.019964120707128
3447 4.457006346410673
3448 6.017656425876818
3449 6.316393523064301
3450 5.799561722529399
3451 3.773016731877279
3452 3.413533148655261
3453 5.589655250225119
3454 5.774745264433689
3455 3.5036177368030668
3456 0.004413203282063678
3457 1.533556361037043e-05
3458 0.07977627155431719
3459 0.030245123756502172
3460 0.3544261672346392
3461 0.7306044984329217
3462 3.5716441731083663
3463 4.656071743223082
3464 3.6733771057881572
3465 2.3274273845023403
3466 2.365945248337034
3467 3.4557907836837827
3468 3.3894931623132236
3469 2.741342500203504
3470 2.0972723752591107
3471 0.8497752875328105
3472 0.8343052123316185
3473 0.983118204219252
3474 0.34723081913279885
3475 0.5379351749739865
3476 1.1289946051989543
3477 2.465437030061822
3478 1.0768360548095388
3479 2.1210316202421287
3480 2.3466628551567195
3481 2.7537124050387183
3482 2.70852315173383
3483 3.357996458260392
3484 3.83698787000841
3485 2.988989422376979
3486 3.04196241172178
3487 2.1069631383871066
3488 1.6538485307044646
3489 1.7054028606487952
3490 3.3815541295337552
3491 2.8184246360406444
3492 3.104393571915912
3493 2.577112668768717
3494 2.1025123994957604
3495 1.9572932019542724
3496 1.5286635465881417
3497 1.6934355488089514
3498 1.6498634330227457
3499 0.7253127549870704
3500 0.27191661390768784
3501 0.4860796661139485
3502 0.25717475139464807
3503 0.008030570712583594
3504 0.0066075630086061075
3505 0.021840443371444612
3506 0.5805397617844472
3507 0.7888795294969199
3508 3.3745199386410794
3509 4.325681589030185
3510 3.9233778635618557
3511 6.228526333835841
3512 5.7818993132739
3513 6.626039242534502
3514 5.7449935001799135
3515 3.960846570394669
3516 1.9424511713858041
3517 3.5836309544786196
3518 4.490091231148947
3519 2.2333170084369782
3520 0.04969388420040752
3521 0.09220145784810849
3522 0.1568850793426076
3523 0.010218879281981726
3524 0.2679027038536501
3525 1.4885098800838354
3526 3.767426266568839
3527 3.2017373073574413
3528 2.8134206258341288
3529 2.119242143678753
3530 1.8267119920784607
3531 1.6118164180059715
3532 1.9162172157156774
3533 1.304958048258588
3534 1.4215232359098338
3535 1.1601946005510877
3536 0.5401150184334736
3537 0.8399976536511693
3538 0.8785013892067572
3539 0.532618060804184
3540 1.1347783012450958
3541 1.6581595188770584
3542 1.6662849913405025
3543 2.6259422038519062
3544 2.501649598605641
3545 3.2295191775104293
3546 3.2426016381506195
3547 3.2071457588576746
3548 4.038565746067238
3549 3.793111283140282
3550 3.901846830701878
3551 2.425096317865984
3552 1.5635900632942104
3553 1.2978477285991035
3554 2.2364535624195234
3555 2.886586939668678
3556 5.058863539792446
3557 4.990610004058095
3558 5.446838710585956
3559 2.602424380239544
3560 1.8017727873961626
3561 2.1558567933619086
3562 1.737139742258349
3563 1.5730431017423385
3564 0.729792925470342
3565 0.49805313031067466
3566 0.13803345819272006
3567 0.01163380475269919
3568 0.017771720353698745
3569 0.025477572595293606
3570 0.571455691671597
3571 0.8732269475279624
3572 2.627870973346344
3573 4.328747179259993
3574 4.690290208198977
3575 3.4731528040716397
3576 2.9288125215161376
3577 5.2111595918873785
3578 4.874662972623368
3579 3.976291133930521
3580 2.034014054142724
3581 2.0073476701836532
3582 3.0214557439006784
3583 1.5459075974461494
3584 0.034308610780986584
3585 0.32082270624851766
3586 0.2498161424770294
3587 0.06422056580067
3588 0.38348267913820033
3589 2.0996613633173427
3590 3.5717706951118804
3591 2.195153459409849
3592 2.28433517527526
3593 1.5495910383545701
3594 1.4544229165757947
3595 0.8761714730406306
3596 1.2348105966524028
3597 0.47499684920622204
3598 0.5533970635033023
3599 0.8357451102774264
3600 0.7136679489873308
3601 0.5757217085025991
3602 0.5500649263495443
3603 0.39192074621763445
3604 1.0849907203759803
3605 1.678603669225246
3606 1.3363886092086805
3607 1.608852342035809
3608 2.9567896600537895
3609 5.000934623189593
3610 4.811347432300669
3611 5.7031847083536515
3612 6.050045485924509
3613 5.3903080217289725
3614 4.194362577083346
3615 3.04432080359838
3616 1.6557513136656619
3617 1.4570411097129377
3618 2.0636080397159944
3619 3.006494420857258
3620 3.2405739153461974
3621 4.727110071233351
3622 5.2871136274386945
3623 5.446667505894661
3624 4.941817326600557
3625 3.420516022397329
3626 2.689571785264318
3627 1.6648737032542178
3628 1.094512665578501
3629 0.16778950958331632
3630 0.06625283437861662
3631 0.325185496290536
3632 0.33857043236187323
3633 0.8975492589916354
3634 1.5575476216154234
3635 0.9592100413586068
3636 3.4814243220812995
3637 4.916230920364809
3638 3.5097025854390425
3639 2.17073059065363
3640 2.5716413127721145
3641 2.873869976507326
3642 5.181199704557574
3643 3.3613682972281143
3644 2.6670008312963494
3645 2.720901575037131
3646 2.0378649003527554
3647 1.623057680820807
3648 0.0821902189509708
3649 0.1755761228435705
3650 0.0026046518168178637
3651 1.8056968819623248e-05
3652 0.7379633102883029
3653 3.083106846906367
3654 2.815966043802732
3655 1.2990806544689077
3656 1.0637185605741266
3657 0.6102722545099548
3658 0.5068084642613917
3659 0.3781741526871659
3660 1.043311264207326
3661 0.48048680165397106
3662 0.5834666425361367
3663 1.072441470722412
3664 0.9765718976736021
3665 0.8010580255563684
3666 0.33128849147258593
3667 0.2946112468680125
3668 1.1024194045421087
3669 0.9802640080004058
3670 1.4148183933819733
3671 2.7624218773013958
3672 4.301334364749577
3673 7.132784712820179
3674 7.120615832854414
3675 6.477275717410673
3676 5.662627081036705
3677 3.3753121273074993
3678 3.0158009888030213
3679 2.742160333349767
3680 1.6600514367597166
3681 1.3569942271693047
3682 3.407109839802758
3683 4.18441389692152
3684 5.434197847038899
3685 5.606220519436619
3686 5.49793686512746
3687 5.978434527815865
3688 5.612195033237005
3689 4.867160225786834
3690 3.004330595202115
3691 1.6586587820014824
3692 0.5879190574509104
3693 0.00801767161909686
3694 0.06368040171383876
3695 0.4510224818005494
3696 0.6054728298499554
3697 0.8796324723047079
3698 1.4215094629897753
3699 0.8355223984964134
3700 2.2428831247326544
3701 2.2707455327282786
3702 2.3441517971453707
3703 2.304682415800565
3704 1.8939155216128536
3705 2.040047393195475
3706 3.4214867388564465
3707 4.800959720093854
3708 4.2744572926666375
3709 3.142106005523193
3710 2.325282796414825
3711 1.9400034711155012
3712 0.07756398016416574
3713 0.017593397460346733
3714 0.009841833250799676
3715 0.6327287368337442
3716 1.918072924695414
3717 2.8634859416811085
3718 2.077057724246717
3719 1.7812828242326275
3720 0.8335823032239204
3721 0.8195016065389424
3722 0.7043194096388447
3723 0.5687285390316131
3724 0.5680486814536503
3725 0.4553098383810879
3726 0.9863999591717626
3727 1.1228366072181335
3728 1.0654576205098538
3729 1.3809802308271943
3730 0.8733050071685461
3731 1.1685539726090972
3732 2.009266041453024
3733 2.0379164636477984
3734 3.031639964657375
3735 4.7448792307732255
3736 5.918162659071844
3737 6.601288305458197
3738 7.212310760771001
3739 5.74892639857403
3740 4.723033950283684
3741 2.104125552827671
3742 2.1945607675175376
3743 1.2693578149619664
3744 0.7350046017791073
3745 0.7045105131589449
3746 1.792526720032667
3747 2.72572943812368
3748 2.989408271936041
3749 2.152915676162982
3750 2.5840260159754402
3751 3.9008414238764733
3752 3.5274562264724865
3753 2.373380989567295
3754 1.4721330860955417
3755 0.7361972895988882
3756 0.20779955912977896
3757 0.046347602884567095
3758 0.001304139068962084
3759 0.20668926798645773
3760 0.15732174142147817
3761 0.36812840752249076
3762 1.3952929002541856
3763 1.7714860068158527
3764 1.8682555861968313
3765 2.502927981869269
3766 2.3119129620380128
3767 2.9451553156914354
3768 2.898575773842039
3769 2.457595494539607
3770 2.308224460987302
3771 3.946302559148115
3772 4.486439707849975
3773 3.8349247306132273
3774 3.5309456668804624
3775 1.9830885639520075
3776 0.04614091766559578
3777 0.00026701350078583573
3778 0.060708345291224396
3779 1.0328425437506972
3780 2.360536360470835
3781 3.3961711440338145
3782 2.9852385262728016
3783 3.1277289236136965
3784 1.4477636963808171
3785 0.6560301860662975
3786 0.8707272358766244
3787 0.6406797089862776
3788 0.5495439748621577
3789 0.5826344237523167
3790 0.9587181846371198
3791 1.450197156879774
3792 1.1512298969958914
3793 1.584387847877254
3794 0.8562406568639713
3795 0.5313394021428341
3796 0.6170595364234372
3797 2.1334827434141217
3798 2.921187997764663
3799 3.3692078588295775
3800 3.9589767617824694
3801 5.1932483514626755
3802 5.83845520193049
3803 2.599637935481878
3804 2.383603041758197
3805 1.5577407514862196
3806 1.1458887330612328
3807 0.42936582599601064
3808 0.04821013931101328
3809 0.08387862510737433
3810 0.4119462227870892
3811 0.6813058406274035
3812 1.4540361858393418
3813 1.6012563408267553
3814 1.9602792071862514
3815 1.5368307229914209
3816 1.3380150889373656
3817 1.1178550705379322
3818 1.0901730670120018
3819 0.29222257625034814
3820 7.266503432715567e-05
3821 0.0023304967331646857
3822 0.025617168972413475
3823 0.20491026460746423
3824 0.07766310719171862
3825 0.4508292532084169
3826 1.2230211376622084
3827 1.7757042745905256
3828 2.4488381847399783
3829 3.5768155144946903
3830 3.9165389572475764
3831 3.5527027713475148
3832 2.15812732554856
3833 2.646455772924108
3834 4.086150294107561
3835 4.249036111461511
3836 5.099304575970619
3837 5.095967151119462
3838 5.055954940988318
3839 3.2656613333524347
3840 0.06304184655934218
3841 0.0007033837931690029
3842 0.07120592017387035
3843 0.5992988187773881
3844 1.4616550297850912
3845 2.5301313058233585
3846 3.8427822644062672
3847 5.370315394744768
3848 5.326405439421858
3849 5.07852952298343
3850 3.7016543895216576
3851 1.6684248135087758
3852 0.960472499693828
3853 0.31863521769934766
3854 0.059160200254901776
3855 0.5514185616010449
3856 1.1231477962445224
3857 1.0558559823625102
3858 0.9666747773344977
3859 0.5148881566710501
3860 1.151789746665167
3861 3.8303932086400105
3862 4.24972226974371
3863 4.124696583889075
3864 4.102009510492805
3865 3.2280066868769866
3866 2.867919697180659
3867 2.2937335162985577
3868 1.9285615411538926
3869 1.0462006835965088
3870 0.9036270653743218
3871 1.0266826922233803
3872 0.5049529476912136
3873 0.5921070204808889
3874 0.9611399066414389
3875 1.2397923036897553
3876 1.2012257528552142
3877 1.2712848614158383
3878 0.907403114770533
3879 1.2031837461556636
3880 0.39790352211955793
3881 0.6090636064278908
3882 1.0230812553117739
3883 0.8729163584463813
3884 0.011851334707867457
3885 0.11170551883269525
3886 0.08592205932787987
3887 0.10534811451804502
3888 0.16283504975250623
3889 0.14328372912595078
3890 1.1264940863213524
3891 3.1303584529888484
3892 3.0702984037429313
3893 2.8419780719433194
3894 2.8939188101164044
3895 2.3101776205106557
3896 2.3123211011557463
3897 3.3539463742644364
3898 4.208189716801033
3899 3.526302960803103
3900 3.3627945699339037
3901 2.5440227544625973
3902 3.348028592736587
3903 2.2719804051774655
3904 4.745813549018846e-05
3905 0.02330689595092628
3906 0.1736320112785201
3907 0.5616399938953531
3908 0.775287111625024
3909 1.646526856253762
3910 3.5911730307805088
3911 7.158107296243342
3912 11.230318148403011
3913 10.48842574325948
3914 7.037885014952862
3915 3.246662448542545
3916 1.1583918495403913
3917 0.34217092519364684
3918 0.4318754635360418
3919 0.3927931843843812
3920 0.4173767732082123
3921 0.07494814803454798
3922 0.3960183832662821
3923 0.14230026620311956
3924 0.15175295420057555
3925 1.252681132422513
3926 2.27583248017306
3927 2.6544302389315133
3928 2.697465655255289
3929 2.937137650210643
3930 3.753794250292345
3931 3.833207443656329
3932 2.8185506135227416
3933 2.4942745875718435
3934 2.868213598341784
3935 2.6520803482746067
3936 1.493522743517144
3937 1.6124188752267081
3938 2.0147197255639906
3939 1.752723013842664
3940 1.7782265029409727
3941 1.293082639859403
3942 0.8871386953990584
3943 0.30091609916889295
3944 0.14518550407415204
3945 0.17286880195932056
3946 0.48654728823251425
3947 0.3804004546251787
3948 0.005458622719909729
3949 0.03852506151070025
3950 0.03167788672150833
3951 0.24565028455299043
3952 0.3484042264110353
3953 0.49567154357692256
3954 1.3366553851240361
3955 2.020471706189335
3956 3.055649171193207
3957 2.8488851769748327
3958 3.4529229785966105
3959 2.725282417813666
3960 2.942391759523778
3961 3.08324261974487
3962 2.9385321588441653
3963 2.771882485197922
3964 2.968693759846746
3965 3.1157169919440455
3966 3.334836448298178
3967 3.1625925748047314
3968 0.06975571651486209
3969 0.06031657222263775
3970 0.012678325197163052
3971 0.1554151095622836
3972 0.6376636252660477
3973 1.0914139161657868
3974 0.9005802715900803
3975 2.100754094574357
3976 3.372733902272066
3977 4.197906977989552
3978 3.67263186868178
3979 2.2399732251680606
3980 0.7926720558215766
3981 0.31282805943641634
3982 0.23508946673506406
3983 0.13944906700254245
3984 0.10892009255975474
3985 0.17393926274723745
3986 0.162294771241229
3987 0.11089267728341472
3988 0.2667962531565908
3989 0.8566293809783584
3990 1.6372339660792121
3991 2.3294301947329936
3992 2.354425342913723
3993 3.325596764342122
3994 4.2442379259720155
3995 3.924004708943391
3996 3.701029348146259
3997 4.526283496371338
3998 4.018511843659939
3999 3.569261452685725
4000 3.8033557418332533
4001 3.841546919936587
4002 4.586213940845527
4003 2.932851267406357
4004 2.09238455329536
4005 1.6112495637768052
4006 0.8421798370802394
4007 0.4386307487086833
4008 0.36647487602379425
4009 0.5125662399738339
4010 0.25396037316133674
4011 0.6331201648391832
4012 0.134872594853165
4013 0.0025496281378793997
4014 0.053305194973617714
4015 0.2965447565917989
4016 0.7811504823917722
4017 1.1954555510595317
4018 2.2582092723754075
4019 2.83743424087713
4020 2.890246021413312
4021 3.952110524173894
4022 2.8189508453218344
4023 4.048174562833417
4024 4.122799507017971
4025 3.4171585872617642
4026 2.176031500165849
4027 2.577552108618879
4028 3.5044304366919667
4029 4.208450518445206
4030 3.8890682893384128
4031 3.5566013745155267
4032 0.3965856310552175
4033 0.26738895577285277
4034 0.016430141644913198
4035 0.011807012375238958
4036 0.062283246318898526
4037 0.06881073730821995
4038 0.012955752876887657
4039 0.13461730903892682
4040 0.5637583514910123
4041 0.5015399686858432
4042 1.301795666178856
4043 0.9081483976200361
4044 0.19047536708251567
4045 0.3458388539467511
4046 0.6510207279574027
4047 0.7570191940731765
4048 1.0819320902937728
4049 0.8353884879482583
4050 0.5762466461023126
4051 0.33144813952904023
4052 0.27404386569867967
4053 0.38818360238568694
4054 0.7560030227095064
4055 1.2828591642963318
4056 1.9368808117703535
4057 1.8732532669009152
4058 2.8708741333768306
4059 4.1335209008639255
4060 3.257614736470325
4061 3.833757893107201
4062 4.503078305226736
4063 4.3816692280421705
4064 4.74330636642479
4065 5.515602268428499
4066 4.309759964163568
4067 2.3355576544568666
4068 1.4494039681262056
4069 1.5481450768184286
4070 1.193523534117236
4071 0.9433287542465336
4072 0.8325907150704026
4073 0.9166170214194077
4074 0.657751918141604
4075 0.3403241079040081
4076 0.06561455051081462
4077 0.04916973529529475
4078 0.16272381766340183
4079 0.2963417083529807
4080 1.0475659490447153
4081 1.9441199915056548
4082 2.6579707152425103
4083 3.9544393547584105
4084 2.523494063281242
4085 3.309779509310283
4086 2.4278102373898878
4087 3.975532221625466
4088 3.749850199421125
4089 2.9063134353954148
4090 2.4784910317133084
4091 2.357611474930224
4092 2.736808655414334
4093 2.1321563464403765
4094 1.7900803268009706
4095 1.4483586448275392
